1 99
1 191
1 262
1 473
1 493
2 10
2 135
2 217
2 236
2 387
3 109
3 279
3 298
3 366
3 486
4 92
4 335
4 447
4 448
4 482
5 182
5 286
5 386
5 459
5 497
6 433
6 441
6 446
6 479
6 484
7 36
7 145
7 273
7 303
7 386
8 294
8 364
8 371
8 425
8 493
9 49
9 60
9 210
9 248
9 353
10 2
10 260
10 427
10 434
10 467
11 200
11 255
11 393
11 455
11 459
12 216
12 301
12 339
12 466
12 473
13 99
13 399
13 453
13 477
13 482
14 122
14 221
14 372
14 385
14 424
15 116
15 148
15 272
15 341
15 479
16 360
16 387
16 400
16 452
16 500
17 373
17 386
17 453
17 461
17 477
18 22
18 217
18 291
18 424
18 426
19 116
19 142
19 148
19 272
19 424
20 67
20 117
20 231
20 261
20 322
21 196
21 239
21 261
21 369
21 478
22 18
22 141
22 306
22 350
22 419
23 38
23 56
23 125
23 156
23 490
24 258
24 331
24 359
24 427
24 496
25 110
25 253
25 476
25 480
25 490
26 86
26 325
26 329
26 402
26 411
27 67
27 326
27 435
27 451
27 473
28 34
28 289
28 467
28 494
28 500
29 233
29 314
29 414
29 448
29 449
30 315
30 323
30 325
30 382
30 404
31 49
31 105
31 206
31 210
31 454
32 49
32 144
32 305
32 353
32 461
33 73
33 172
33 183
33 274
33 402
34 28
34 222
34 297
34 347
34 500
35 96
35 216
35 284
35 483
35 500
36 7
36 126
36 273
36 303
36 412
37 441
37 450
37 478
37 479
37 491
38 23
38 115
38 156
38 316
38 424
39 117
39 181
39 231
39 322
39 446
40 160
40 175
40 322
40 394
40 444
41 64
41 153
41 229
41 258
41 333
42 61
42 88
42 139
42 317
42 383
43 84
43 153
43 363
43 394
43 492
44 281
44 356
44 373
44 460
44 475
45 58
45 265
45 379
45 435
45 466
46 229
46 414
46 418
46 494
46 500
47 91
47 306
47 380
47 443
47 478
48 111
48 129
48 302
48 409
48 497
49 9
49 31
49 32
49 75
49 305
50 131
50 282
50 327
50 332
50 392
51 186
51 360
51 414
51 448
51 449
52 111
52 326
52 336
52 337
52 364
53 86
53 230
53 254
53 320
53 499
54 170
54 207
54 278
54 334
54 497
55 221
55 345
55 395
55 458
55 463
56 23
56 191
56 204
56 262
56 345
57 242
57 357
57 390
57 399
57 468
58 45
58 461
58 498
58 499
58 500
59 64
59 89
59 152
59 258
59 283
60 9
60 456
60 470
60 489
60 490
61 42
61 88
61 139
61 317
61 325
62 350
62 388
62 440
62 445
62 497
63 73
63 405
63 421
63 478
63 491
64 41
64 59
64 153
64 202
64 413
65 270
65 292
65 297
65 421
65 433
66 222
66 248
66 358
66 415
66 418
67 20
67 27
67 392
67 480
67 490
68 239
68 416
68 424
68 452
68 468
69 70
69 315
69 325
69 411
69 420
70 69
70 269
70 357
70 461
70 499
71 101
71 198
71 300
71 404
71 454
72 199
72 216
72 268
72 319
72 352
73 33
73 63
73 274
73 279
73 449
74 270
74 283
74 335
74 391
74 447
75 49
75 290
75 304
75 393
75 495
76 362
76 365
76 461
76 474
76 498
77 169
77 358
77 415
77 418
77 450
78 218
78 280
78 303
78 417
78 438
79 328
79 345
79 356
79 460
79 472
80 119
80 362
80 405
80 428
80 482
81 259
81 266
81 380
81 442
81 500
82 203
82 443
82 462
82 467
82 485
83 105
83 194
83 202
83 267
83 442
84 43
84 201
84 363
84 384
84 405
85 118
85 122
85 313
85 372
85 424
86 26
86 53
86 92
86 391
86 447
87 378
87 431
87 460
87 475
87 484
88 42
88 61
88 115
88 182
88 317
89 59
89 106
89 419
89 443
89 462
90 390
90 411
90 429
90 455
90 499
91 47
91 218
91 247
91 276
91 457
92 4
92 86
92 143
92 446
92 447
93 314
93 336
93 378
93 421
93 433
94 115
94 421
94 451
94 481
94 492
95 212
95 284
95 349
95 389
95 483
96 35
96 136
96 212
96 381
96 483
97 278
97 292
97 410
97 421
97 433
98 259
98 387
98 409
98 482
98 495
99 1
99 13
99 191
99 262
99 468
100 158
100 165
100 295
100 321
100 329
101 71
101 253
101 396
101 476
101 488
102 251
102 255
102 285
102 401
102 445
103 132
103 326
103 337
103 381
103 391
104 200
104 240
104 408
104 467
104 485
105 31
105 83
105 203
105 329
105 410
106 89
106 109
106 199
106 368
106 419
107 379
107 398
107 415
107 466
107 481
108 436
108 458
108 477
108 498
108 499
109 3
109 106
109 163
109 443
109 444
110 25
110 128
110 198
110 219
110 288
111 48
111 52
111 237
111 326
111 337
112 146
112 219
112 343
112 374
112 496
113 243
113 448
113 449
113 465
113 477
114 134
114 209
114 482
114 495
114 497
115 38
115 88
115 94
115 125
115 156
116 15
116 19
116 272
116 348
116 369
117 20
117 39
117 231
117 322
117 439
118 85
118 171
118 340
118 408
118 485
119 80
119 378
119 416
119 475
119 477
120 227
120 261
120 414
120 448
120 449
121 194
121 344
121 410
121 427
121 442
122 14
122 85
122 239
122 388
122 416
123 215
123 354
123 412
123 458
123 463
124 340
124 368
124 420
124 472
124 484
125 23
125 115
125 156
125 363
125 500
126 36
126 357
126 367
126 484
126 496
127 347
127 480
127 488
127 490
127 496
128 110
128 300
128 404
128 425
128 479
129 48
129 289
129 308
129 459
129 482
130 196
130 263
130 374
130 401
130 497
131 50
131 155
131 282
131 327
131 348
132 103
132 326
132 337
132 430
132 448
133 231
133 346
133 390
133 484
133 496
134 114
134 227
134 324
134 429
134 437
135 2
135 371
135 426
135 457
135 468
136 96
136 252
136 336
136 389
136 483
137 276
137 438
137 441
137 465
137 500
138 163
138 351
138 434
138 438
138 464
139 42
139 61
139 259
139 317
139 486
140 224
140 295
140 329
140 396
140 486
141 22
141 282
141 399
141 419
141 443
142 19
142 148
142 272
142 462
142 474
143 92
143 193
143 405
143 456
143 486
144 32
144 164
144 264
144 459
144 473
145 7
145 147
145 249
145 386
145 410
146 112
146 219
146 263
146 374
146 486
147 145
147 249
147 273
147 386
147 415
148 15
148 19
148 142
148 272
148 419
149 168
149 360
149 429
149 436
149 484
150 216
150 244
150 260
150 336
150 483
151 230
151 372
151 407
151 416
151 424
152 59
152 184
152 202
152 258
152 306
153 41
153 43
153 64
153 184
153 285
154 363
154 394
154 444
154 462
154 489
155 131
155 282
155 291
155 327
155 391
156 23
156 38
156 115
156 125
156 209
157 267
157 271
157 427
157 467
157 485
158 100
158 205
158 310
158 349
158 436
159 187
159 235
159 344
159 452
159 455
160 40
160 176
160 200
160 400
160 443
161 174
161 302
161 308
161 369
161 495
162 203
162 228
162 427
162 467
162 485
163 109
163 138
163 294
163 380
163 419
164 144
164 286
164 359
164 459
164 467
165 100
165 288
165 300
165 404
165 433
166 246
166 427
166 438
166 465
166 497
167 168
167 296
167 382
167 402
167 411
168 149
168 167
168 173
168 301
168 436
169 77
169 383
169 392
169 450
169 458
169 463
170 54
170 388
170 437
170 463
170 495
170 497
171 118
171 179
171 281
171 462
171 476
171 485
172 33
172 183
172 274
172 279
172 374
172 385
173 168
173 310
173 360
173 408
173 436
173 478
174 161
174 196
174 261
174 369
174 412
174 422
175 40
175 210
175 296
175 384
175 465
175 476
176 160
176 333
176 396
176 415
176 452
176 494
177 316
177 378
177 428
177 453
177 464
177 475
178 376
178 418
178 439
178 448
178 470
178 493
179 171
179 188
179 217
179 426
179 452
179 465
180 287
180 434
180 441
180 469
180 487
180 498
181 39
181 211
181 270
181 335
181 391
181 447
182 5
182 88
182 214
182 308
182 430
182 459
183 33
183 172
183 274
183 279
183 431
183 470
184 152
184 153
184 202
184 344
184 379
184 452
185 323
185 339
185 365
185 438
185 459
185 484
186 51
186 392
186 415
186 430
186 480
186 488
187 159
187 312
187 368
187 393
187 406
187 455
188 179
188 200
188 367
188 387
188 396
188 434
189 248
189 358
189 415
189 418
189 432
189 479
190 251
190 364
190 388
190 440
190 445
190 478
191 1
191 56
191 99
191 220
191 249
191 262
192 208
192 250
192 256
192 271
192 338
192 398
193 143
193 306
193 456
193 471
193 486
193 488
194 83
194 121
194 244
194 375
194 442
194 487
195 277
195 388
195 401
195 440
195 445
195 489
196 21
196 130
196 174
196 252
196 261
196 369
197 223
197 230
197 254
197 320
197 472
197 495
198 71
198 110
198 288
198 337
198 404
198 494
199 72
199 106
199 241
199 268
199 352
199 493
200 11
200 104
200 160
200 188
200 333
200 400
201 84
201 307
201 328
201 384
201 394
201 429
202 64
202 83
202 152
202 184
202 258
202 437
203 82
203 105
203 162
203 267
203 410
203 442
204 56
204 220
204 287
204 375
204 469
204 487
205 158
205 310
205 360
205 423
205 436
205 484
206 31
206 210
206 305
206 320
206 353
206 457
207 54
207 304
207 324
207 457
207 467
207 497
208 192
208 250
208 256
208 318
208 355
208 399
209 114
209 156
209 296
209 307
209 363
209 444
210 9
210 31
210 175
210 206
210 353
210 382
211 181
211 290
211 370
211 428
211 431
211 475
212 95
212 96
212 389
212 393
212 426
212 483
213 395
213 413
213 460
213 473
213 494
213 500
214 182
214 264
214 308
214 459
214 474
214 499
215 123
215 223
215 406
215 413
215 494
215 500
216 12
216 35
216 72
216 150
216 284
216 483
217 2
217 18
217 179
217 227
217 397
217 426
218 78
218 91
218 276
218 438
218 465
218 480
219 110
219 112
219 146
219 263
219 374
219 495
220 191
220 204
220 423
220 456
220 471
220 486
221 14
221 55
221 240
221 450
221 458
221 463
222 34
222 66
222 349
222 379
222 395
222 492
223 197
223 215
223 347
223 444
223 494
223 500
224 140
224 280
224 290
224 295
224 321
224 461
225 435
225 473
225 481
225 492
225 494
225 498
226 246
226 247
226 361
226 408
226 432
226 477
227 120
227 134
227 217
227 409
227 466
227 482
228 162
228 353
228 408
228 462
228 480
228 485
229 41
229 46
229 395
229 447
229 494
229 500
230 53
230 151
230 197
230 254
230 320
230 422
231 20
231 39
231 117
231 133
231 322
231 411
232 304
232 409
232 457
232 475
232 488
232 497
233 29
233 305
233 332
233 414
233 448
233 449
234 297
234 334
234 342
234 393
234 396
234 455
235 159
235 314
235 323
235 367
235 420
235 484
236 2
236 268
236 342
236 396
236 426
236 468
237 111
237 250
237 292
237 342
237 430
237 476
238 425
238 437
238 454
238 476
238 489
238 493
239 21
239 68
239 122
239 416
239 424
239 495
240 104
240 221
240 304
240 437
240 445
240 495
241 199
241 268
241 319
241 334
241 352
241 497
242 57
242 282
242 349
242 451
242 473
242 492
243 113
243 298
243 403
243 414
243 448
243 449
244 150
244 194
244 253
244 286
244 410
244 442
245 390
245 399
245 453
245 474
245 485
245 493
246 166
246 226
246 357
246 417
246 446
246 465
247 91
247 226
247 338
247 361
247 458
247 475
248 9
248 66
248 189
248 415
248 418
248 440
249 145
249 147
249 191
249 250
249 303
249 386
250 192
250 208
250 237
250 249
250 271
250 318
251 102
251 190
251 285
251 370
251 445
251 493
252 136
252 196
252 336
252 389
252 406
252 483
253 25
253 101
253 244
253 267
253 342
253 476
254 53
254 197
254 230
254 296
254 320
254 491
255 11
255 102
255 277
255 406
255 456
255 496
256 192
256 208
256 271
256 318
256 473
256 499
257 269
257 281
257 348
257 417
257 467
257 472
258 24
258 41
258 59
258 152
258 202
258 324
259 81
259 98
259 139
259 395
259 494
259 500
260 10
260 150
260 427
260 450
260 462
260 467
261 20
261 21
261 120
261 174
261 196
261 369
262 1
262 56
262 99
262 191
262 330
262 335
263 130
263 146
263 219
263 264
263 374
263 489
264 144
264 214
264 263
264 289
264 308
264 428
265 45
265 266
265 449
265 466
265 481
265 492
266 81
266 265
266 366
266 413
266 494
266 500
267 83
267 157
267 203
267 253
267 271
267 410
267 442
268 72
268 199
268 236
268 241
268 284
268 347
268 352
269 70
269 257
269 307
269 345
269 350
269 460
269 472
270 65
270 74
270 181
270 335
270 355
270 391
270 447
271 157
271 192
271 250
271 256
271 267
271 318
271 357
272 15
272 19
272 116
272 142
272 148
272 298
272 484
273 7
273 36
273 147
273 303
273 330
273 386
273 453
274 33
274 73
274 172
274 183
274 279
274 344
274 436
275 331
275 346
275 359
275 420
275 451
275 469
275 484
276 91
276 137
276 218
276 319
276 338
276 460
276 465
277 195
277 255
277 334
277 344
277 406
277 455
277 477
278 54
278 97
278 311
278 446
278 478
278 479
278 491
279 3
279 73
279 172
279 183
279 274
279 444
279 499
280 78
280 224
280 288
280 295
280 321
280 329
280 483
281 44
281 171
281 257
281 345
281 350
281 460
281 472
282 50
282 131
282 141
282 155
282 242
282 327
282 443
283 59
283 74
283 377
283 456
283 469
283 471
283 486
284 35
284 95
284 216
284 268
284 378
284 389
284 483
285 102
285 153
285 251
285 388
285 401
285 440
285 494
286 5
286 164
286 244
286 289
286 308
286 459
286 488
287 180
287 204
287 323
287 375
287 434
287 464
287 487
288 110
288 165
288 198
288 280
288 300
288 347
288 404
289 28
289 129
289 264
289 286
289 365
289 382
289 459
290 75
290 211
290 224
290 428
290 437
290 482
290 495
291 18
291 155
291 333
291 337
291 387
291 396
291 468
292 65
292 97
292 237
292 297
292 315
292 421
292 433
293 299
293 373
293 398
293 444
293 480
293 490
293 497
294 8
294 163
294 306
294 380
294 443
294 464
294 485
295 100
295 140
295 224
295 280
295 321
295 348
295 472
296 167
296 175
296 209
296 254
296 380
296 384
296 444
297 34
297 65
297 234
297 292
297 314
297 421
297 433
298 3
298 243
298 272
298 355
298 429
298 461
298 499
299 293
299 318
299 392
299 397
299 476
299 480
299 488
300 71
300 128
300 165
300 288
300 404
300 417
300 445
301 12
301 168
301 437
301 466
301 473
301 481
301 492
302 48
302 161
302 437
302 457
302 471
302 482
302 497
303 7
303 36
303 78
303 249
303 273
303 310
303 386
304 75
304 207
304 232
304 240
304 343
304 488
304 495
305 32
305 49
305 206
305 233
305 316
305 353
305 470
306 22
306 47
306 152
306 193
306 294
306 309
306 443
307 201
307 209
307 269
307 361
307 363
307 394
307 444
308 129
308 161
308 182
308 214
308 264
308 286
308 333
309 306
309 386
309 398
309 430
309 473
309 481
309 492
310 158
310 173
310 205
310 303
310 360
310 424
310 436
311 278
311 363
311 423
311 441
311 478
311 479
311 491
312 187
312 315
312 367
312 382
312 402
312 411
312 474
313 85
313 343
313 351
313 381
313 464
313 487
313 494
314 29
314 93
314 235
314 297
314 421
314 433
314 449
315 30
315 69
315 292
315 312
315 370
315 374
315 402
316 38
316 177
316 305
316 378
316 428
316 431
316 475
317 42
317 61
317 88
317 139
317 430
317 432
317 443
318 208
318 250
318 256
318 271
318 299
318 349
318 498
319 72
319 241
319 276
319 352
319 379
319 397
319 483
320 53
320 197
320 206
320 230
320 254
320 322
320 364
321 100
321 224
321 280
321 295
321 329
321 436
321 491
322 20
322 39
322 40
322 117
322 231
322 320
322 421
323 30
323 185
323 235
323 287
323 365
323 381
323 496
324 134
324 207
324 258
324 362
324 482
324 495
324 497
325 26
325 30
325 61
325 69
325 376
325 382
325 402
326 27
326 52
326 103
326 111
326 132
326 337
326 459
327 50
327 131
327 155
327 282
327 389
327 451
327 464
328 79
328 201
328 405
328 478
328 479
328 483
328 491
329 26
329 100
329 105
329 140
329 280
329 321
329 485
330 262
330 273
330 351
330 403
330 464
330 469
330 487
331 24
331 275
331 368
331 442
331 484
331 493
331 496
332 50
332 233
332 346
332 439
332 454
332 470
332 489
332 493
333 41
333 176
333 200
333 291
333 308
333 396
333 452
333 486
334 54
334 234
334 241
334 277
334 393
334 406
334 455
334 461
335 4
335 74
335 181
335 262
335 270
335 391
335 442
335 447
336 52
336 93
336 136
336 150
336 252
336 389
336 483
336 494
337 52
337 103
337 111
337 132
337 198
337 291
337 326
337 487
338 192
338 247
338 276
338 417
338 438
338 465
338 486
338 489
339 12
339 185
339 365
339 381
339 389
339 412
339 484
339 496
340 118
340 124
340 399
340 471
340 474
340 477
340 498
340 499
341 15
341 441
341 446
341 478
341 479
341 487
341 490
341 491
342 234
342 236
342 237
342 253
342 373
342 480
342 488
342 490
343 112
343 304
343 313
343 403
343 464
343 469
343 479
343 487
344 121
344 159
344 184
344 274
344 277
344 393
344 406
344 455
345 55
345 56
345 79
345 269
345 281
345 460
345 470
345 472
346 133
346 275
346 332
346 368
346 381
346 390
346 432
346 496
347 34
347 127
347 223
347 268
347 288
347 413
347 494
347 500
348 116
348 131
348 257
348 295
348 350
348 356
348 460
348 472
349 95
349 158
349 222
349 242
349 318
349 451
349 473
349 492
350 22
350 62
350 269
350 281
350 348
350 447
350 460
350 472
351 138
351 313
351 330
351 354
351 404
351 434
351 464
351 487
352 72
352 199
352 241
352 268
352 319
352 390
352 425
352 484
353 9
353 32
353 206
353 210
353 228
353 305
353 394
353 431
354 123
354 351
354 383
354 401
354 412
354 450
354 458
354 463
355 208
355 270
355 298
355 385
355 429
355 461
355 471
355 477
356 44
356 79
356 348
356 376
356 460
356 472
356 491
356 497
357 57
357 70
357 126
357 246
357 271
357 429
357 474
357 498
358 66
358 77
358 189
358 415
358 418
358 425
358 447
358 496
359 24
359 164
359 275
359 367
359 420
359 435
359 463
359 496
360 16
360 51
360 149
360 173
360 205
360 310
360 374
360 436
361 226
361 247
361 307
361 417
361 434
361 438
361 465
361 481
362 76
362 80
362 324
362 370
362 428
362 431
362 454
362 475
363 43
363 84
363 125
363 154
363 209
363 307
363 311
363 402
364 8
364 52
364 190
364 320
364 422
364 470
364 489
364 493
365 76
365 185
365 289
365 323
365 339
365 381
365 433
365 496
366 3
366 266
366 417
366 423
366 432
366 456
366 471
366 486
367 126
367 188
367 235
367 312
367 359
367 370
367 420
367 484
368 106
368 124
368 187
368 331
368 346
368 379
368 381
368 496
369 21
369 116
369 161
369 174
369 196
369 261
369 481
369 487
370 211
370 251
370 315
370 362
370 367
370 428
370 431
370 475
371 8
371 135
371 387
371 397
371 410
371 452
371 468
371 479
372 14
372 85
372 151
372 388
372 404
372 416
372 424
372 462
373 17
373 44
373 293
373 342
373 378
373 476
373 488
373 490
374 112
374 130
374 146
374 172
374 219
374 263
374 315
374 360
375 194
375 204
375 287
375 397
375 403
375 469
375 471
375 487
376 178
376 325
376 356
376 425
376 439
376 458
376 489
376 493
377 283
377 384
377 407
377 432
377 465
377 470
377 471
377 486
378 87
378 93
378 119
378 177
378 284
378 316
378 373
378 431
378 475
379 45
379 107
379 184
379 222
379 319
379 368
379 435
379 451
379 489
380 47
380 81
380 163
380 294
380 296
380 406
380 419
380 443
380 464
381 96
381 103
381 313
381 323
381 339
381 346
381 365
381 368
381 420
382 30
382 167
382 210
382 289
382 312
382 325
382 395
382 411
382 465
383 42
383 169
383 354
383 385
383 412
383 431
383 450
383 458
383 463
384 84
384 175
384 201
384 296
384 377
384 394
384 398
384 416
384 444
385 14
385 172
385 355
385 383
385 429
385 474
385 477
385 498
385 499
386 5
386 7
386 17
386 145
386 147
386 249
386 273
386 303
386 309
387 2
387 16
387 98
387 188
387 291
387 371
387 397
387 467
387 488
388 62
388 122
388 170
388 190
388 195
388 285
388 372
388 440
388 445
389 95
389 136
389 212
389 252
389 284
389 327
389 336
389 339
389 474
390 57
390 90
390 133
390 245
390 346
390 352
390 477
390 498
390 499
391 74
391 86
391 103
391 155
391 181
391 270
391 335
391 401
391 447
392 50
392 67
392 169
392 186
392 299
392 430
392 448
392 488
392 490
393 11
393 75
393 187
393 212
393 234
393 334
393 344
393 455
393 475
394 40
394 43
394 154
394 201
394 307
394 353
394 384
394 444
394 457
395 55
395 213
395 222
395 229
395 259
395 382
395 413
395 491
395 494
396 101
396 140
396 176
396 188
396 234
396 236
396 291
396 333
396 468
397 217
397 299
397 319
397 371
397 375
397 387
397 400
397 452
397 468
398 107
398 192
398 293
398 309
398 384
398 435
398 466
398 473
398 481
399 13
399 57
399 141
399 208
399 245
399 340
399 447
399 474
399 499
400 16
400 160
400 200
400 397
400 417
400 428
400 451
400 452
400 468
401 102
401 130
401 195
401 285
401 354
401 391
401 440
401 445
401 463
402 26
402 33
402 167
402 312
402 315
402 325
402 363
402 407
402 411
403 243
403 330
403 343
403 375
403 407
403 434
403 464
403 466
403 469
404 30
404 71
404 128
404 165
404 198
404 288
404 300
404 351
404 372
405 63
405 80
405 84
405 143
405 328
405 406
405 446
405 479
405 491
406 187
406 215
406 252
406 255
406 277
406 334
406 344
406 380
406 405
406 455
407 151
407 377
407 402
407 403
407 423
407 432
407 436
407 456
407 471
407 486
408 104
408 118
408 173
408 226
408 228
408 427
408 456
408 462
408 466
408 485
409 48
409 98
409 227
409 232
409 457
409 466
409 482
409 485
409 492
409 497
410 97
410 105
410 121
410 145
410 203
410 244
410 267
410 371
410 433
410 442
411 26
411 69
411 90
411 167
411 231
411 312
411 382
411 402
411 412
411 413
412 36
412 123
412 174
412 339
412 354
412 383
412 411
412 450
412 458
412 463
413 64
413 213
413 215
413 266
413 347
413 395
413 411
413 472
413 494
413 500
414 29
414 46
414 51
414 120
414 233
414 243
414 435
414 448
414 449
414 478
415 66
415 77
415 107
415 147
415 176
415 186
415 189
415 248
415 358
415 418
416 68
416 119
416 122
416 151
416 239
416 372
416 384
416 424
416 466
416 471
417 78
417 246
417 257
417 300
417 338
417 361
417 366
417 400
417 438
417 465
418 46
418 66
418 77
418 178
418 189
418 248
418 358
418 415
418 425
418 455
419 22
419 89
419 106
419 141
419 148
419 163
419 380
419 439
419 443
419 478
420 69
420 124
420 235
420 275
420 359
420 367
420 381
420 435
420 475
420 496
421 63
421 65
421 93
421 94
421 97
421 292
421 297
421 314
421 322
421 433
422 174
422 230
422 364
422 425
422 454
422 469
422 470
422 489
422 493
422 499
423 205
423 220
423 311
423 366
423 407
423 432
423 445
423 456
423 471
423 486
424 14
424 18
424 19
424 38
424 68
424 85
424 151
424 239
424 310
424 372
424 416
425 8
425 128
425 238
425 352
425 358
425 376
425 418
425 422
425 454
425 470
425 493
426 18
426 135
426 179
426 212
426 217
426 236
426 428
426 429
426 452
426 468
426 472
427 10
427 24
427 121
427 157
427 162
427 166
427 260
427 408
427 462
427 467
427 480
428 80
428 177
428 211
428 264
428 290
428 316
428 362
428 370
428 400
428 426
428 475
429 90
429 134
429 149
429 201
429 298
429 355
429 357
429 385
429 426
429 498
429 499
430 132
430 182
430 186
430 237
430 309
430 317
430 392
430 476
430 480
430 488
430 490
431 87
431 183
431 211
431 316
431 353
431 362
431 370
431 378
431 383
431 439
431 475
432 189
432 226
432 317
432 346
432 366
432 377
432 407
432 423
432 456
432 471
432 486
433 6
433 65
433 93
433 97
433 165
433 292
433 297
433 314
433 365
433 410
433 421
434 10
434 138
434 180
434 188
434 287
434 351
434 361
434 403
434 469
434 487
434 495
435 27
435 45
435 225
435 359
435 379
435 398
435 414
435 420
435 442
435 451
435 466
436 108
436 149
436 158
436 168
436 173
436 205
436 274
436 310
436 321
436 360
436 407
437 134
437 170
437 202
437 238
437 240
437 290
437 301
437 302
437 457
437 458
437 495
438 78
438 137
438 138
438 166
438 185
438 218
438 338
438 361
438 417
438 477
438 483
439 117
439 178
439 332
439 376
439 419
439 431
439 454
439 470
439 476
439 489
439 493
440 62
440 190
440 195
440 248
440 285
440 388
440 401
440 445
440 455
440 479
440 480
441 6
441 37
441 137
441 180
441 311
441 341
441 444
441 446
441 478
441 482
441 491
442 81
442 83
442 121
442 194
442 203
442 244
442 267
442 331
442 335
442 410
442 435
442 498
443 47
443 82
443 89
443 109
443 141
443 160
443 282
443 294
443 306
443 317
443 380
443 419
444 40
444 109
444 154
444 209
444 223
444 279
444 293
444 296
444 307
444 384
444 394
444 441
445 62
445 102
445 190
445 195
445 240
445 251
445 300
445 388
445 401
445 423
445 440
445 488
446 6
446 39
446 92
446 246
446 278
446 341
446 405
446 441
446 463
446 478
446 479
446 491
447 4
447 74
447 86
447 92
447 181
447 229
447 270
447 335
447 350
447 358
447 391
447 399
448 4
448 29
448 51
448 113
448 120
448 132
448 178
448 233
448 243
448 392
448 414
448 449
449 29
449 51
449 73
449 113
449 120
449 233
449 243
449 265
449 314
449 414
449 448
449 461
450 37
450 77
450 169
450 221
450 260
450 354
450 383
450 412
450 458
450 463
450 468
450 477
451 27
451 94
451 242
451 275
451 327
451 349
451 379
451 400
451 435
451 481
451 487
451 492
452 16
452 68
452 159
452 176
452 179
452 184
452 333
452 371
452 397
452 400
452 426
452 468
452 480
453 13
453 17
453 177
453 245
453 273
453 454
453 455
453 457
453 461
453 474
453 477
453 498
453 499
454 31
454 71
454 238
454 332
454 362
454 422
454 425
454 439
454 453
454 463
454 470
454 489
454 493
455 11
455 90
455 159
455 187
455 234
455 277
455 334
455 344
455 393
455 406
455 418
455 440
455 453
456 60
456 143
456 193
456 220
456 255
456 283
456 366
456 407
456 408
456 423
456 432
456 471
456 476
457 91
457 135
457 206
457 207
457 232
457 302
457 394
457 409
457 437
457 453
457 482
457 495
457 497
458 55
458 108
458 123
458 169
458 221
458 247
458 354
458 376
458 383
458 412
458 437
458 450
458 463
459 5
459 11
459 129
459 144
459 164
459 182
459 185
459 214
459 286
459 289
459 326
459 483
459 500
460 44
460 79
460 87
460 213
460 269
460 276
460 281
460 345
460 348
460 350
460 356
460 472
460 494
461 17
461 32
461 58
461 70
461 76
461 224
461 298
461 334
461 355
461 449
461 453
461 477
461 498
462 82
462 89
462 142
462 154
462 171
462 228
462 260
462 372
462 408
462 427
462 467
462 485
462 491
463 55
463 123
463 169
463 170
463 221
463 354
463 359
463 383
463 401
463 412
463 446
463 450
463 454
463 458
464 138
464 177
464 287
464 294
464 313
464 327
464 330
464 343
464 351
464 380
464 403
464 469
464 470
464 487
465 113
465 137
465 166
465 175
465 179
465 218
465 246
465 276
465 338
465 361
465 377
465 382
465 417
465 481
466 12
466 45
466 107
466 227
466 265
466 301
466 398
466 403
466 408
466 409
466 416
466 435
466 481
466 492
467 10
467 28
467 82
467 104
467 157
467 162
467 164
467 207
467 257
467 260
467 387
467 427
467 462
467 485
468 57
468 68
468 99
468 135
468 236
468 291
468 371
468 396
468 397
468 400
468 426
468 450
468 452
468 472
469 180
469 204
469 275
469 283
469 330
469 343
469 375
469 403
469 422
469 434
469 464
469 473
469 474
469 487
470 60
470 178
470 183
470 305
470 332
470 345
470 364
470 377
470 422
470 425
470 439
470 454
470 464
470 489
470 493
471 193
471 220
471 283
471 302
471 340
471 355
471 366
471 375
471 377
471 407
471 416
471 423
471 432
471 456
471 486
472 79
472 124
472 197
472 257
472 269
472 281
472 295
472 345
472 348
472 350
472 356
472 413
472 426
472 460
472 468
473 1
473 12
473 27
473 144
473 213
473 225
473 242
473 256
473 301
473 309
473 349
473 398
473 469
473 481
473 492
474 76
474 142
474 214
474 245
474 312
474 340
474 357
474 385
474 389
474 399
474 453
474 469
474 477
474 498
474 499
475 44
475 87
475 119
475 177
475 211
475 232
475 247
475 316
475 362
475 370
475 378
475 393
475 420
475 428
475 431
476 25
476 101
476 171
476 175
476 237
476 238
476 253
476 299
476 373
476 430
476 439
476 456
476 488
476 490
476 498
477 13
477 17
477 108
477 113
477 119
477 226
477 277
477 340
477 355
477 385
477 390
477 438
477 450
477 453
477 461
477 474
478 21
478 37
478 47
478 63
478 173
478 190
478 278
478 311
478 328
478 341
478 414
478 419
478 441
478 446
478 479
478 491
479 6
479 15
479 37
479 128
479 189
479 278
479 311
479 328
479 341
479 343
479 371
479 405
479 440
479 446
479 478
479 491
480 25
480 67
480 127
480 186
480 218
480 228
480 293
480 299
480 342
480 427
480 430
480 440
480 452
480 488
480 490
480 496
481 94
481 107
481 225
481 265
481 301
481 309
481 361
481 369
481 398
481 451
481 465
481 466
481 473
481 492
481 493
481 495
482 4
482 13
482 80
482 98
482 114
482 129
482 227
482 290
482 302
482 324
482 409
482 441
482 457
482 485
482 495
482 497
483 35
483 95
483 96
483 136
483 150
483 212
483 216
483 252
483 280
483 284
483 319
483 328
483 336
483 438
483 459
483 498
484 6
484 87
484 124
484 126
484 133
484 149
484 185
484 205
484 235
484 272
484 275
484 331
484 339
484 352
484 367
484 496
485 82
485 104
485 118
485 157
485 162
485 171
485 228
485 245
485 294
485 329
485 408
485 409
485 462
485 467
485 482
485 492
486 3
486 139
486 140
486 143
486 146
486 193
486 220
486 283
486 333
486 338
486 366
486 377
486 407
486 423
486 432
486 471
487 180
487 194
487 204
487 287
487 313
487 330
487 337
487 341
487 343
487 351
487 369
487 375
487 434
487 451
487 464
487 469
487 492
488 101
488 127
488 186
488 193
488 232
488 286
488 299
488 304
488 342
488 373
488 387
488 392
488 430
488 445
488 476
488 480
488 490
489 60
489 154
489 195
489 238
489 263
489 332
489 338
489 364
489 376
489 379
489 422
489 439
489 454
489 470
489 493
489 495
489 499
490 23
490 25
490 60
490 67
490 127
490 293
490 341
490 342
490 373
490 392
490 430
490 476
490 480
490 488
490 492
490 496
490 498
491 37
491 63
491 254
491 278
491 311
491 321
491 328
491 341
491 356
491 395
491 405
491 441
491 446
491 462
491 478
491 479
491 496
492 43
492 94
492 222
492 225
492 242
492 265
492 301
492 309
492 349
492 409
492 451
492 466
492 473
492 481
492 485
492 487
492 490
492 493
493 1
493 8
493 178
493 199
493 238
493 245
493 251
493 331
493 332
493 364
493 376
493 422
493 425
493 439
493 454
493 470
493 481
493 489
493 492
494 28
494 46
494 176
494 198
494 213
494 215
494 223
494 225
494 229
494 259
494 266
494 285
494 313
494 336
494 347
494 395
494 413
494 460
494 500
495 75
495 98
495 114
495 161
495 170
495 197
495 219
495 239
495 240
495 290
495 304
495 324
495 434
495 437
495 457
495 481
495 482
495 489
495 497
496 24
496 112
496 126
496 127
496 133
496 255
496 323
496 331
496 339
496 346
496 358
496 359
496 365
496 368
496 420
496 480
496 484
496 490
496 491
497 5
497 48
497 54
497 62
497 114
497 130
497 166
497 170
497 207
497 232
497 241
497 293
497 302
497 324
497 356
497 409
497 457
497 482
497 495
498 58
498 76
498 108
498 180
498 225
498 318
498 340
498 357
498 385
498 390
498 429
498 442
498 453
498 461
498 474
498 476
498 483
498 490
498 499
499 53
499 58
499 70
499 90
499 108
499 214
499 256
499 279
499 298
499 340
499 385
499 390
499 399
499 422
499 429
499 453
499 474
499 489
499 498
499 500
500 16
500 28
500 34
500 35
500 46
500 58
500 81
500 125
500 137
500 213
500 215
500 223
500 229
500 259
500 266
500 347
500 413
500 459
500 494
500 499
