1 10
1 96
1 159
1 190
1 201
1 303
1 500
2 5
2 38
2 41
2 61
2 71
3 220
3 237
3 351
3 374
3 379
4 12
4 33
4 79
4 102
4 195
5 2
5 8
5 66
5 193
5 230
5 262
6 84
6 177
6 179
6 180
6 356
6 422
7 12
7 115
7 289
7 431
7 438
7 480
8 5
8 66
8 193
8 230
8 262
9 48
9 110
9 128
9 200
9 205
10 1
10 190
10 263
10 303
11 246
11 258
11 383
11 435
11 453
12 4
12 7
12 33
12 79
12 102
12 195
13 321
13 433
13 450
13 456
13 469
14 60
14 117
14 395
14 457
15 327
15 389
15 391
15 474
15 478
16 53
16 56
16 81
16 206
17 19
17 99
17 210
17 217
17 253
17 259
17 306
17 349
17 377
17 382
17 390
17 401
17 418
17 440
17 452
17 479
17 484
17 491
17 493
18 60
18 117
18 392
18 395
18 457
19 17
19 26
19 80
19 90
19 257
20 21
20 91
20 466
20 470
20 485
21 20
21 109
21 138
21 155
21 172
22 44
22 86
22 98
22 216
22 314
22 464
22 465
23 31
23 86
23 98
23 314
23 343
24 93
24 212
24 333
24 345
24 350
25 184
25 251
25 336
25 428
25 464
25 497
26 19
26 78
26 80
26 90
26 257
27 101
27 133
27 183
27 226
27 254
28 139
28 298
28 393
28 394
28 448
28 477
29 49
29 55
29 73
29 252
29 307
30 40
30 129
30 294
30 412
30 454
31 23
31 50
31 150
31 165
31 373
31 388
32 33
32 177
32 179
32 356
32 422
33 4
33 12
33 32
33 79
33 195
34 39
34 194
34 300
34 396
34 445
34 449
34 459
35 36
35 45
35 198
35 204
35 275
36 35
36 45
36 68
36 198
36 275
37 461
37 466
37 470
37 482
37 485
38 2
38 39
38 41
38 61
38 71
39 34
39 38
39 300
39 423
39 445
39 449
39 459
40 30
40 58
40 129
40 255
40 294
40 454
41 2
41 38
41 42
41 61
41 71
42 41
42 245
42 301
42 425
42 437
43 94
43 185
43 236
43 292
43 318
44 22
44 86
44 216
44 314
44 343
45 35
45 36
45 48
45 198
45 204
46 346
46 366
46 409
46 472
46 488
47 59
47 111
47 203
47 213
47 273
48 9
48 45
48 128
48 143
48 154
48 156
48 205
48 265
48 352
48 420
49 29
49 55
49 252
49 307
49 310
50 31
50 51
50 165
50 191
50 277
50 373
50 406
51 50
51 70
51 97
51 137
51 209
52 63
52 134
52 269
52 348
52 405
53 16
53 54
53 56
53 142
53 206
54 53
54 423
54 445
54 449
54 459
55 29
55 49
55 73
55 252
55 310
56 16
56 53
56 57
56 81
56 142
56 206
57 56
57 70
57 97
57 127
57 137
57 209
58 40
58 431
58 438
58 451
58 480
59 47
59 61
59 111
59 203
59 213
60 14
60 18
60 95
60 117
60 278
60 287
60 392
60 408
60 411
61 2
61 38
61 41
61 59
61 71
62 66
62 94
62 185
62 236
62 318
63 52
63 187
63 241
63 282
63 405
64 130
64 144
64 319
64 346
64 366
64 369
64 409
64 436
64 441
64 488
65 188
65 235
65 256
65 261
65 271
66 5
66 8
66 62
66 193
66 262
67 144
67 361
67 409
67 436
67 472
68 36
68 70
68 198
68 204
68 275
69 118
69 140
69 164
69 189
69 207
70 51
70 57
70 68
70 127
70 209
71 2
71 38
71 41
71 61
71 72
72 71
72 151
72 286
72 375
72 399
73 29
73 55
73 166
73 252
73 310
74 75
74 184
74 251
74 336
74 497
75 74
75 403
75 410
76 85
76 120
76 208
76 248
76 329
77 78
77 197
77 232
77 255
77 299
77 412
77 454
78 26
78 77
78 80
78 90
78 257
79 4
79 12
79 33
79 102
79 352
80 19
80 26
80 78
80 90
80 257
81 16
81 56
81 88
81 142
81 206
82 85
82 120
82 208
82 248
82 329
82 337
83 253
83 349
83 476
83 491
83 493
84 6
84 177
84 180
84 196
84 304
84 356
84 422
85 76
85 82
85 208
85 329
85 337
86 22
86 23
86 44
86 314
86 343
87 321
87 433
87 450
87 456
87 469
88 81
88 147
88 174
88 280
88 347
88 410
89 91
89 147
89 347
89 403
89 410
90 19
90 26
90 78
90 80
90 257
91 20
91 89
91 427
91 461
91 466
91 470
91 473
91 482
91 485
92 95
92 431
92 438
92 451
92 480
93 24
93 212
93 333
93 341
93 345
93 350
94 43
94 62
94 185
94 236
94 292
94 318
95 60
95 92
95 117
95 392
95 395
95 457
96 1
96 190
96 201
96 263
96 303
97 51
97 57
97 101
97 127
97 209
98 22
98 23
98 216
98 314
98 343
99 17
99 259
99 306
99 312
99 377
99 418
99 440
99 476
99 479
99 484
99 493
100 184
100 251
100 336
100 349
100 497
101 27
101 97
101 133
101 183
101 226
102 4
102 12
102 79
102 104
102 195
103 232
103 294
103 299
103 454
104 102
104 112
104 426
104 462
104 489
105 227
105 335
105 339
105 357
105 426
105 462
105 489
106 114
106 192
106 202
106 215
106 313
106 332
107 161
107 297
107 362
107 385
107 402
108 109
108 161
108 362
108 385
108 402
109 21
109 108
109 155
109 172
109 178
110 9
110 111
110 143
110 154
110 156
111 47
111 59
111 110
111 203
111 213
111 273
112 104
112 335
112 339
112 462
112 489
113 126
113 160
113 267
113 285
113 326
113 371
114 106
114 192
114 225
114 332
114 417
115 7
115 289
115 320
115 364
115 431
115 438
115 451
115 480
116 300
116 423
116 445
116 449
116 459
117 14
117 18
117 60
117 95
117 278
117 287
117 408
117 411
117 457
118 69
118 140
118 164
118 189
118 207
119 335
119 339
119 426
119 444
119 462
119 471
119 489
120 76
120 82
120 121
120 329
120 337
121 120
121 321
121 450
121 456
121 469
122 130
122 131
122 148
122 168
122 218
122 242
123 184
123 251
123 336
123 464
123 497
124 212
124 333
124 341
124 345
124 350
125 132
125 186
125 268
125 475
125 487
125 492
125 496
126 113
126 267
126 285
126 308
126 371
127 57
127 70
127 97
127 137
128 9
128 48
128 154
128 156
128 205
128 265
128 420
129 30
129 40
129 214
129 294
129 454
130 64
130 122
130 144
130 361
130 366
130 409
130 436
130 488
131 122
131 148
131 168
131 218
131 242
132 125
132 144
132 361
132 409
132 436
132 472
133 27
133 101
133 138
133 183
133 226
133 254
134 52
134 187
134 241
134 269
134 282
134 317
134 348
134 404
134 405
135 431
135 438
135 451
135 480
136 153
136 221
136 239
136 290
136 338
137 51
137 57
137 127
137 209
137 284
138 21
138 133
138 155
138 172
138 178
139 28
139 200
139 222
139 270
139 279
139 298
139 394
139 402
139 448
140 69
140 118
140 164
140 189
140 207
141 339
141 426
141 430
141 462
141 489
142 53
142 56
142 81
142 143
142 206
143 48
143 110
143 142
143 352
143 420
144 64
144 67
144 130
144 132
144 233
144 316
144 319
144 346
144 354
144 361
144 368
144 369
144 409
144 436
144 486
144 488
144 495
145 146
145 184
145 243
145 251
145 336
145 497
145 498
146 145
146 211
146 430
146 462
146 489
147 88
147 89
147 148
147 280
147 302
147 347
147 403
147 410
148 122
148 131
148 147
148 218
148 242
149 151
149 223
149 260
149 283
149 295
150 31
150 165
150 191
150 266
150 277
150 293
150 388
150 439
151 72
151 149
151 157
151 176
151 281
151 286
151 381
152 220
152 237
152 351
152 374
152 379
153 136
153 221
153 239
153 290
153 309
153 338
154 48
154 110
154 128
154 155
154 265
155 21
155 109
155 138
155 154
155 172
155 178
156 48
156 110
156 128
156 352
156 420
157 151
157 159
157 286
157 375
157 399
158 169
158 223
158 260
158 283
158 295
159 1
159 157
159 201
159 263
159 303
160 113
160 267
160 285
160 308
160 371
161 107
161 108
161 228
161 297
161 311
161 376
161 402
162 246
162 258
162 383
162 435
162 453
163 234
163 327
163 389
163 474
163 478
164 69
164 118
164 140
164 189
164 207
165 31
165 50
165 150
165 169
165 191
165 266
165 277
165 373
165 388
165 406
165 439
166 73
166 171
166 252
166 307
166 310
167 286
167 375
167 399
167 448
167 456
168 122
168 131
168 218
168 242
169 158
169 165
169 171
169 283
169 295
170 353
170 386
170 424
170 427
170 429
170 461
170 466
170 470
170 473
170 482
170 485
171 166
171 169
171 223
171 260
171 283
171 295
172 21
172 109
172 138
172 155
172 178
173 176
173 224
173 279
173 359
173 477
174 88
174 284
174 347
174 403
174 410
175 466
175 470
175 473
175 482
175 485
176 151
176 173
176 286
176 375
176 381
176 399
177 6
177 32
177 84
177 196
177 422
178 109
178 138
178 155
178 172
178 182
179 6
179 32
179 196
179 355
179 356
179 422
180 6
180 84
180 304
180 355
180 356
180 422
181 216
181 314
181 343
182 178
182 246
182 258
182 383
182 435
182 453
183 27
183 101
183 133
183 184
183 226
183 254
184 25
184 74
184 100
184 123
184 145
184 183
184 243
184 244
184 251
184 324
184 342
184 370
184 384
184 428
184 464
184 468
184 498
184 499
184 500
185 43
185 62
185 94
185 236
185 292
185 318
186 125
186 268
186 305
186 315
186 331
186 363
186 446
186 455
186 465
186 471
186 475
186 490
187 63
187 134
187 241
187 282
187 348
187 405
188 65
188 189
188 235
188 256
188 261
188 271
189 69
189 118
189 140
189 164
189 188
189 207
190 1
190 10
190 96
190 263
190 303
190 354
191 50
191 150
191 165
191 355
191 373
191 439
192 106
192 114
192 202
192 215
192 225
192 274
192 313
192 332
192 417
193 5
193 8
193 66
193 194
193 230
193 262
194 34
194 193
194 300
194 445
194 449
194 459
195 4
195 12
195 33
195 102
195 196
196 84
196 177
196 179
196 195
196 304
196 422
197 77
197 199
197 214
197 299
197 412
197 454
198 35
198 36
198 45
198 68
198 204
198 275
199 197
199 200
199 298
199 393
199 448
199 477
200 9
200 139
200 199
200 298
200 393
200 477
201 1
201 96
201 159
201 263
201 303
202 106
202 192
202 204
202 225
202 274
202 417
203 47
203 59
203 111
203 213
203 273
203 299
204 35
204 45
204 68
204 198
204 202
204 275
205 9
205 48
205 128
205 206
205 265
205 352
206 16
206 53
206 56
206 81
206 142
206 205
207 69
207 118
207 140
207 164
207 189
207 208
208 76
208 82
208 85
208 207
208 248
208 329
209 51
209 57
209 70
209 97
209 137
209 212
210 17
210 312
210 479
210 484
210 491
210 493
211 146
211 227
211 335
211 339
211 372
211 426
211 489
212 24
212 93
212 124
212 209
212 345
212 350
213 47
213 59
213 111
213 203
213 214
213 273
214 129
214 197
214 213
214 232
214 454
215 106
215 192
215 216
215 225
215 332
215 417
216 22
216 44
216 98
216 181
216 215
216 314
216 343
217 17
217 349
217 440
217 484
217 491
217 494
218 122
218 131
218 148
218 168
218 224
218 242
219 231
219 246
219 258
219 397
219 432
219 435
219 453
220 3
220 152
220 237
220 351
220 365
220 374
220 379
221 136
221 153
221 239
221 290
221 309
221 338
222 139
222 270
222 419
222 448
222 477
223 149
223 158
223 171
223 247
223 260
223 295
223 308
224 173
224 218
224 279
224 359
224 477
225 114
225 192
225 202
225 215
225 313
225 332
226 27
226 101
226 133
226 183
226 254
226 376
227 105
227 211
227 228
227 335
227 339
227 357
227 372
227 426
227 444
227 489
228 161
228 227
228 297
228 362
228 385
228 402
229 240
229 264
229 291
229 323
229 327
229 330
229 334
229 389
229 391
229 478
229 499
230 5
230 8
230 193
230 232
230 262
231 219
231 246
231 397
231 435
231 453
232 77
232 103
232 214
232 230
232 294
232 454
233 144
233 234
233 361
233 409
233 472
234 163
234 233
234 323
234 327
234 474
234 478
235 65
235 188
235 238
235 256
235 261
235 271
236 43
236 62
236 94
236 185
236 292
236 318
237 3
237 152
237 220
237 351
237 365
237 374
237 379
238 235
238 268
238 475
238 487
238 492
238 496
239 136
239 153
239 221
239 290
239 309
239 338
240 229
240 274
240 431
240 438
240 451
240 480
241 63
241 134
241 187
241 282
241 348
241 405
242 122
242 131
242 148
242 168
242 218
242 244
243 145
243 184
243 251
243 336
243 464
243 468
243 497
244 184
244 242
244 251
244 336
244 468
244 497
245 42
245 246
245 288
245 301
245 322
245 358
245 400
245 413
245 425
245 437
246 11
246 162
246 182
246 219
246 231
246 245
246 258
246 383
246 397
246 421
246 432
247 223
247 260
247 283
247 295
248 76
248 82
248 208
248 329
248 337
248 435
249 463
249 471
249 475
249 487
249 492
249 496
250 285
250 371
250 435
250 441
250 442
250 443
251 25
251 74
251 100
251 123
251 145
251 184
251 243
251 244
251 324
251 336
251 342
251 370
251 384
251 428
251 464
251 468
251 498
251 499
251 500
252 29
252 49
252 55
252 73
252 166
252 253
252 307
252 310
253 17
253 83
253 252
253 382
253 440
253 476
253 479
253 484
253 493
254 27
254 133
254 183
254 226
254 255
255 40
255 77
255 254
255 294
255 412
255 454
256 65
256 188
256 235
256 257
256 261
256 271
257 19
257 26
257 78
257 80
257 90
257 256
258 11
258 162
258 182
258 219
258 246
258 259
258 397
258 421
258 453
259 17
259 99
259 258
259 377
259 440
259 476
259 479
259 484
260 149
260 158
260 171
260 223
260 247
260 283
261 65
261 188
261 235
261 256
261 262
261 271
262 5
262 8
262 66
262 193
262 230
262 261
263 10
263 96
263 159
263 190
263 201
263 265
264 229
264 291
264 323
264 334
264 474
264 478
265 48
265 128
265 154
265 205
265 263
265 352
266 150
266 165
266 373
266 388
266 399
266 406
267 113
267 126
267 160
267 270
267 285
267 326
268 125
268 186
268 238
268 305
268 315
268 325
268 331
268 463
268 465
268 490
268 492
268 496
269 52
269 134
269 282
269 348
269 405
269 416
270 139
270 222
270 267
270 279
270 298
270 359
270 448
270 477
271 65
271 188
271 235
271 256
271 261
271 273
272 285
272 441
272 442
272 443
272 460
273 47
273 111
273 203
273 213
273 271
274 192
274 202
274 240
274 421
275 35
275 36
275 68
275 198
275 204
275 277
276 285
276 326
276 371
276 441
276 442
276 443
277 50
277 150
277 165
277 275
277 293
277 388
278 60
278 117
278 279
278 392
278 395
278 457
279 139
279 173
279 224
279 270
279 278
279 298
279 394
279 419
279 448
279 477
280 88
280 147
280 282
280 284
280 403
280 410
281 151
281 286
281 375
281 399
282 63
282 134
282 187
282 241
282 269
282 280
282 317
282 404
282 416
283 149
283 158
283 169
283 171
283 247
283 260
284 137
284 174
284 280
284 403
284 410
285 113
285 126
285 160
285 250
285 267
285 272
285 276
285 286
285 308
285 371
285 441
285 442
285 443
285 460
285 483
286 72
286 151
286 157
286 167
286 176
286 281
286 285
286 399
287 60
287 117
287 288
287 392
287 395
287 457
288 245
288 287
288 301
288 358
288 414
288 425
288 437
289 7
289 115
289 290
289 320
289 364
289 380
289 387
289 480
290 136
290 153
290 221
290 239
290 289
290 309
290 338
291 229
291 264
291 327
291 330
291 391
291 474
291 478
292 43
292 94
292 185
292 236
292 293
292 318
293 150
293 277
293 292
293 373
293 388
294 30
294 40
294 103
294 129
294 232
294 255
294 295
294 299
294 412
294 454
295 149
295 158
295 169
295 171
295 223
295 247
295 294
296 297
296 321
296 433
296 434
296 450
296 456
296 469
297 107
297 161
297 228
297 296
297 376
297 385
297 402
298 28
298 139
298 199
298 200
298 270
298 279
298 359
298 477
299 77
299 103
299 197
299 203
299 294
299 454
300 34
300 39
300 116
300 194
300 328
300 344
300 445
300 449
300 459
300 489
301 42
301 245
301 288
301 322
301 358
301 400
301 413
301 414
301 425
301 489
302 147
302 347
302 403
302 410
303 1
303 10
303 96
303 159
303 190
303 201
303 304
304 84
304 180
304 196
304 303
304 355
304 356
304 422
305 186
305 268
305 306
305 475
305 487
305 492
305 496
306 17
306 99
306 305
306 377
306 418
306 491
306 493
307 29
307 49
307 166
307 252
307 310
308 126
308 160
308 223
308 285
308 415
308 441
308 460
309 153
309 221
309 239
309 290
309 310
309 338
310 49
310 55
310 73
310 166
310 252
310 307
310 309
311 161
311 313
311 362
311 385
311 402
312 99
312 210
312 401
312 491
312 493
313 106
313 192
313 225
313 311
313 332
313 417
314 22
314 23
314 44
314 86
314 98
314 181
314 216
315 186
315 268
315 471
315 475
315 487
315 492
315 496
316 144
316 361
316 366
316 409
316 436
316 472
317 134
317 282
317 318
317 348
317 404
317 405
317 416
318 43
318 62
318 94
318 185
318 236
318 292
318 317
319 64
319 144
319 320
319 346
319 361
319 368
319 409
319 436
320 115
320 289
320 319
320 431
320 438
320 451
320 480
321 13
321 87
321 121
321 296
321 322
321 340
321 367
321 378
321 407
321 434
321 450
321 481
322 245
322 301
322 321
322 414
322 425
322 437
323 229
323 234
323 264
323 324
323 327
323 474
323 478
324 184
324 251
324 323
324 336
324 468
324 497
325 268
325 327
325 471
325 475
325 487
325 492
325 496
326 113
326 267
326 276
326 330
326 415
326 441
326 442
326 443
326 460
326 483
327 15
327 163
327 229
327 234
327 291
327 323
327 325
327 330
327 334
327 389
327 458
328 300
328 445
328 449
328 459
329 76
329 82
329 85
329 120
329 208
329 248
329 337
330 229
330 291
330 326
330 327
330 389
330 474
330 478
331 186
331 268
331 333
331 475
331 487
331 492
331 496
332 106
332 114
332 192
332 215
332 225
332 313
332 417
333 24
333 93
333 124
333 331
333 341
333 345
333 350
334 229
334 264
334 327
334 337
334 391
334 474
334 478
335 105
335 112
335 119
335 211
335 227
335 462
335 489
336 25
336 74
336 100
336 123
336 145
336 243
336 244
336 251
336 324
336 342
336 370
336 384
336 428
336 464
336 468
336 498
336 499
336 500
337 82
337 85
337 120
337 248
337 329
337 334
338 136
338 153
338 221
338 239
338 290
338 309
338 339
339 105
339 112
339 119
339 141
339 211
339 227
339 338
339 372
339 426
339 430
339 462
339 489
340 321
340 418
340 433
340 434
340 450
340 456
340 469
341 93
341 124
341 333
341 345
341 350
341 419
342 184
342 251
342 336
342 428
342 464
342 468
342 497
343 23
343 44
343 86
343 98
343 181
343 216
343 344
344 300
344 343
344 423
344 445
344 449
344 459
345 24
345 93
345 124
345 212
345 333
345 341
345 347
345 350
346 46
346 64
346 144
346 319
346 361
346 436
346 488
346 495
347 88
347 89
347 147
347 174
347 302
347 345
347 403
347 410
348 52
348 134
348 187
348 241
348 269
348 317
348 404
348 416
349 17
349 83
349 100
349 217
349 440
349 484
349 491
349 493
350 24
350 93
350 124
350 212
350 333
350 341
350 345
350 351
351 3
351 152
351 220
351 237
351 350
351 365
351 374
351 379
352 48
352 79
352 143
352 156
352 205
352 265
353 170
353 427
353 429
353 447
353 461
353 470
353 473
353 485
354 144
354 190
354 361
354 409
354 472
355 179
355 180
355 191
355 304
355 356
355 422
356 6
356 32
356 84
356 179
356 180
356 304
356 355
356 357
357 105
357 227
357 356
357 426
357 462
357 489
358 245
358 288
358 301
358 360
358 400
358 414
358 425
358 437
359 173
359 224
359 270
359 298
359 394
359 419
359 448
359 477
360 358
360 375
360 381
360 399
361 67
361 130
361 132
361 144
361 233
361 316
361 319
361 346
361 354
361 366
361 368
361 369
361 472
361 486
361 488
362 107
362 108
362 228
362 311
362 363
362 376
362 385
362 402
363 186
363 362
363 463
363 471
363 475
363 487
363 492
363 496
364 115
364 289
364 365
364 380
364 387
364 431
364 451
364 480
365 220
365 237
365 351
365 364
365 379
366 46
366 64
366 130
366 316
366 361
366 368
366 369
366 472
367 321
367 368
367 378
367 407
367 434
367 450
367 456
367 469
368 144
368 319
368 361
368 366
368 367
368 409
368 436
368 472
369 64
369 144
369 361
369 366
369 409
369 436
369 472
369 483
370 184
370 251
370 336
370 428
370 464
370 468
370 483
370 497
371 113
371 126
371 160
371 250
371 276
371 285
371 372
371 415
371 441
371 442
371 443
371 460
371 483
372 211
372 227
372 339
372 371
372 426
372 462
372 489
373 31
373 50
373 165
373 191
373 266
373 293
373 388
373 406
374 3
374 152
374 220
374 237
374 351
374 375
374 379
375 72
375 157
375 167
375 176
375 281
375 360
375 374
375 381
376 161
376 226
376 297
376 362
376 385
376 402
377 17
377 99
377 259
377 306
377 440
377 484
377 491
377 493
378 321
378 367
378 379
378 407
378 433
378 434
378 450
378 469
379 3
379 152
379 220
379 237
379 351
379 365
379 374
379 378
380 289
380 364
380 431
380 438
380 451
380 480
380 497
381 151
381 176
381 360
381 375
381 399
381 497
382 17
382 253
382 384
382 418
382 440
382 479
382 491
382 493
383 11
383 162
383 182
383 246
383 421
383 432
383 435
383 453
384 184
384 251
384 336
384 382
384 428
384 464
384 497
385 107
385 108
385 228
385 297
385 311
385 362
385 376
385 442
386 170
386 429
386 461
386 466
386 470
386 473
386 482
386 485
387 289
387 364
387 431
387 438
387 442
387 480
388 31
388 150
388 165
388 266
388 277
388 293
388 373
388 389
388 439
389 15
389 163
389 229
389 327
389 330
389 388
389 458
389 474
389 478
390 17
390 401
390 447
390 484
390 491
390 493
391 15
391 229
391 291
391 334
391 474
391 478
392 18
392 60
392 95
392 278
392 287
392 393
392 408
392 411
392 457
393 28
393 199
393 200
393 392
393 448
393 477
394 28
394 139
394 279
394 359
394 396
394 477
395 14
395 18
395 95
395 278
395 287
395 408
395 411
395 457
396 34
396 394
396 423
396 445
396 449
396 459
397 219
397 231
397 246
397 258
397 398
397 435
397 453
398 397
398 424
398 466
398 482
398 485
399 72
399 157
399 167
399 176
399 266
399 281
399 286
399 360
399 381
400 245
400 301
400 358
400 401
400 414
400 425
400 437
401 17
401 312
401 390
401 400
401 440
401 476
401 479
401 484
401 493
402 107
402 108
402 139
402 161
402 228
402 297
402 311
402 362
402 376
403 75
403 89
403 147
403 174
403 280
403 284
403 302
403 347
403 404
404 134
404 282
404 317
404 348
404 403
404 405
405 52
405 63
405 134
405 187
405 241
405 269
405 317
405 404
405 416
406 50
406 165
406 266
406 373
406 407
407 321
407 367
407 378
407 406
407 434
407 450
407 469
408 60
408 117
408 392
408 395
408 409
408 457
409 46
409 64
409 67
409 130
409 132
409 144
409 233
409 316
409 319
409 354
409 368
409 369
409 408
409 486
409 488
409 495
410 75
410 88
410 89
410 147
410 174
410 280
410 284
410 302
410 347
410 411
411 60
411 117
411 392
411 395
411 410
411 457
412 30
412 77
412 197
412 255
412 294
412 413
412 454
413 245
413 301
413 412
413 414
413 425
413 437
414 288
414 301
414 322
414 358
414 400
414 413
414 415
414 437
415 308
415 326
415 371
415 414
415 441
415 442
415 443
416 269
416 282
416 317
416 348
416 405
416 417
417 114
417 192
417 202
417 215
417 313
417 332
417 416
418 17
418 99
418 306
418 340
418 382
418 440
418 476
418 479
418 484
418 491
418 493
419 222
419 279
419 341
419 359
419 448
419 477
420 48
420 128
420 143
420 156
420 422
421 246
421 258
421 274
421 383
421 430
421 435
421 453
422 6
422 32
422 84
422 177
422 179
422 180
422 196
422 304
422 355
422 420
423 39
423 54
423 116
423 344
423 396
423 424
423 449
423 459
424 170
424 398
424 423
424 427
424 461
424 466
424 470
424 473
424 482
424 485
425 42
425 245
425 288
425 301
425 322
425 358
425 400
425 413
425 426
425 437
426 104
426 105
426 119
426 141
426 211
426 227
426 339
426 357
426 372
426 425
426 489
427 91
427 170
427 353
427 424
427 428
427 429
427 466
427 470
427 473
427 482
427 485
428 25
428 184
428 251
428 336
428 342
428 370
428 384
428 427
428 464
428 497
428 498
429 170
429 353
429 386
429 427
429 431
429 447
429 461
429 470
429 473
429 482
429 485
430 141
430 146
430 339
430 421
430 437
430 462
430 489
431 7
431 58
431 92
431 115
431 135
431 240
431 320
431 364
431 380
431 387
431 429
432 219
432 246
432 383
432 433
432 435
432 453
433 13
433 87
433 296
433 340
433 378
433 432
433 434
433 450
433 456
433 469
433 481
434 296
434 321
434 340
434 367
434 378
434 407
434 433
434 438
434 450
434 469
434 481
435 11
435 162
435 182
435 219
435 231
435 248
435 250
435 383
435 397
435 421
435 432
436 64
436 67
436 130
436 132
436 144
436 316
436 319
436 346
436 368
436 369
436 495
437 42
437 245
437 288
437 322
437 358
437 400
437 413
437 414
437 425
437 430
437 445
438 7
438 58
438 92
438 115
438 135
438 240
438 320
438 380
438 387
438 434
438 451
438 480
439 150
439 165
439 191
439 388
439 440
440 17
440 99
440 217
440 253
440 259
440 349
440 377
440 382
440 401
440 418
440 439
440 476
440 479
440 491
441 64
441 250
441 272
441 276
441 285
441 308
441 326
441 371
441 415
441 443
441 483
442 250
442 272
442 276
442 285
442 326
442 371
442 385
442 387
442 415
442 443
442 460
443 250
443 272
443 276
443 285
443 326
443 371
443 415
443 441
443 442
443 444
443 460
443 483
444 119
444 227
444 443
444 462
444 489
445 34
445 39
445 54
445 116
445 194
445 300
445 328
445 344
445 396
445 437
445 446
445 459
446 186
446 445
446 448
446 455
446 463
446 465
446 471
446 475
446 487
446 492
446 496
447 353
447 390
447 429
447 466
447 482
447 485
448 28
448 139
448 167
448 199
448 222
448 270
448 279
448 359
448 393
448 419
448 446
448 477
449 34
449 39
449 54
449 116
449 194
449 300
449 328
449 344
449 396
449 423
449 472
449 473
450 13
450 87
450 121
450 296
450 321
450 340
450 367
450 378
450 407
450 433
450 434
450 451
450 456
450 481
451 58
451 92
451 115
451 135
451 240
451 320
451 364
451 380
451 438
451 450
451 480
452 17
452 476
452 482
452 491
452 493
452 494
453 11
453 162
453 182
453 219
453 231
453 258
453 383
453 397
453 421
453 432
453 457
453 475
454 30
454 40
454 77
454 103
454 129
454 197
454 214
454 232
454 255
454 294
454 299
454 412
455 186
455 446
455 463
455 465
455 471
455 475
455 482
455 487
455 492
455 496
456 13
456 87
456 121
456 167
456 296
456 340
456 367
456 433
456 450
456 458
456 469
456 481
457 14
457 18
457 95
457 117
457 278
457 287
457 392
457 395
457 408
457 411
457 453
457 478
458 327
458 389
458 456
458 459
458 474
458 478
459 34
459 39
459 54
459 116
459 194
459 300
459 328
459 344
459 396
459 423
459 445
459 458
459 464
460 272
460 285
460 308
460 326
460 371
460 442
460 443
460 461
461 37
461 91
461 170
461 353
461 386
461 424
461 429
461 460
461 466
461 470
461 473
461 482
461 485
462 104
462 105
462 112
462 119
462 141
462 146
462 335
462 339
462 357
462 372
462 430
462 444
462 463
463 249
463 268
463 363
463 446
463 455
463 462
463 465
463 471
463 475
463 487
463 492
463 496
464 22
464 25
464 123
464 184
464 243
464 251
464 336
464 342
464 370
464 384
464 428
464 459
464 497
465 22
465 186
465 268
465 446
465 455
465 463
465 468
465 471
465 475
465 487
465 492
465 496
466 20
466 37
466 91
466 170
466 175
466 386
466 398
466 424
466 427
466 447
466 461
466 467
466 482
467 466
467 475
467 487
467 492
467 496
468 184
468 243
468 244
468 251
468 324
468 336
468 342
468 370
468 465
468 475
468 497
468 498
468 500
469 13
469 87
469 121
469 296
469 340
469 367
469 378
469 407
469 433
469 434
469 456
469 470
469 481
470 20
470 37
470 91
470 170
470 175
470 353
470 386
470 424
470 427
470 429
470 461
470 469
470 473
471 119
471 186
471 249
471 315
471 325
471 363
471 446
471 455
471 463
471 465
471 487
471 496
472 46
472 67
472 132
472 233
472 316
472 354
472 361
472 366
472 368
472 369
472 449
472 486
472 488
472 495
473 91
473 170
473 175
473 353
473 386
473 424
473 427
473 429
473 449
473 461
473 470
473 474
473 482
473 485
474 15
474 163
474 234
474 264
474 291
474 323
474 330
474 334
474 389
474 391
474 458
474 473
474 476
474 478
475 125
475 186
475 238
475 249
475 305
475 315
475 325
475 331
475 363
475 446
475 453
475 455
475 463
475 465
475 467
475 468
475 490
475 492
476 83
476 99
476 253
476 259
476 401
476 418
476 440
476 452
476 474
476 479
477 28
477 173
477 199
477 200
477 222
477 224
477 270
477 279
477 298
477 359
477 393
477 394
477 419
477 448
477 494
478 15
478 163
478 229
478 234
478 264
478 291
478 323
478 330
478 334
478 389
478 391
478 457
478 458
478 474
478 479
479 17
479 99
479 210
479 253
479 259
479 382
479 401
479 418
479 440
479 476
479 478
479 480
479 484
479 491
479 493
480 7
480 58
480 92
480 115
480 135
480 240
480 289
480 320
480 364
480 380
480 387
480 438
480 451
480 479
480 481
481 321
481 433
481 434
481 450
481 456
481 469
481 480
481 484
482 37
482 91
482 170
482 175
482 386
482 398
482 424
482 427
482 429
482 447
482 452
482 455
482 461
482 466
482 473
482 485
483 285
483 326
483 369
483 370
483 371
483 441
483 443
484 17
484 99
484 210
484 217
484 253
484 259
484 349
484 377
484 390
484 401
484 418
484 479
484 481
484 485
484 491
484 493
485 20
485 37
485 91
485 170
485 175
485 353
485 386
485 398
485 424
485 427
485 429
485 447
485 461
485 473
485 482
485 484
485 486
486 144
486 361
486 409
486 472
486 485
486 487
487 125
487 238
487 249
487 305
487 315
487 325
487 331
487 363
487 446
487 455
487 463
487 465
487 467
487 471
487 486
487 488
487 490
488 46
488 64
488 130
488 144
488 346
488 361
488 409
488 472
488 487
488 490
489 104
489 105
489 112
489 119
489 141
489 146
489 211
489 227
489 300
489 301
489 335
489 339
489 357
489 372
489 426
489 430
489 444
490 186
490 268
490 475
490 487
490 488
490 491
490 492
490 496
491 17
491 83
491 210
491 217
491 306
491 312
491 349
491 377
491 382
491 390
491 418
491 440
491 452
491 479
491 484
491 490
491 492
491 494
492 125
492 238
492 249
492 268
492 305
492 315
492 325
492 331
492 363
492 446
492 455
492 463
492 465
492 467
492 475
492 490
492 491
492 493
492 496
493 17
493 83
493 99
493 210
493 253
493 306
493 312
493 349
493 377
493 382
493 390
493 401
493 418
493 452
493 479
493 484
493 492
493 494
493 495
494 217
494 452
494 477
494 491
494 493
495 144
495 346
495 409
495 436
495 472
495 493
495 498
496 125
496 238
496 249
496 268
496 305
496 315
496 325
496 331
496 363
496 446
496 455
496 463
496 465
496 467
496 471
496 490
496 492
496 498
496 500
497 25
497 74
497 100
497 123
497 145
497 243
497 244
497 324
497 342
497 370
497 380
497 381
497 384
497 428
497 464
497 468
497 498
497 499
497 500
498 145
498 184
498 251
498 336
498 428
498 468
498 495
498 496
498 497
499 184
499 229
499 251
499 336
499 497
500 1
500 184
500 251
500 336
500 468
500 496
500 497
