1 69
1 193
1 222
1 257
1 362
1 403
2 46
2 73
2 88
2 92
2 122
2 256
3 50
3 102
3 213
3 283
3 290
3 377
4 86
4 139
4 150
4 180
4 232
4 254
5 97
5 123
5 204
5 231
5 235
6 111
6 140
6 155
6 233
6 240
6 261
7 96
7 104
7 119
7 388
7 427
8 76
8 93
8 133
8 157
8 273
9 197
9 226
9 314
9 332
9 393
10 33
10 48
10 72
10 112
10 114
11 13
11 22
11 38
11 101
11 138
12 50
12 102
12 172
12 213
12 283
12 290
12 361
12 377
13 11
13 22
13 38
13 101
13 138
14 431
14 435
14 445
14 450
14 471
15 32
15 67
15 159
15 215
15 218
15 242
16 55
16 87
16 191
16 243
16 297
17 84
17 389
17 476
17 482
17 488
18 27
18 28
18 65
18 103
18 146
19 20
19 238
19 264
19 333
19 369
19 374
19 385
19 401
20 19
20 53
20 121
20 142
20 162
20 266
20 295
20 351
20 395
20 414
20 443
21 25
21 60
21 124
21 145
21 287
22 11
22 13
22 38
22 101
22 138
23 473
23 477
23 479
23 489
23 495
24 237
24 452
24 494
24 496
24 497
24 500
25 21
25 272
25 381
25 458
25 467
26 81
26 181
26 190
26 207
26 209
27 18
27 28
27 65
27 103
27 146
28 18
28 27
28 65
28 103
28 146
29 174
29 214
29 258
29 384
29 387
29 391
29 426
29 459
29 465
30 36
30 52
30 144
30 153
30 164
31 44
31 74
31 95
31 106
31 205
31 359
31 378
31 392
32 15
32 67
32 215
32 218
32 242
33 10
33 48
33 72
33 112
33 114
34 37
34 61
34 187
34 217
34 279
35 147
35 199
35 245
35 251
35 304
36 30
36 52
36 144
36 153
36 164
37 34
37 56
37 61
37 186
37 217
38 11
38 13
38 22
38 101
38 138
39 199
39 201
39 245
39 251
39 260
40 167
40 177
40 225
40 246
40 360
41 104
41 169
41 364
41 388
41 424
42 49
42 120
42 250
42 286
42 293
43 86
43 139
43 150
43 232
43 254
43 301
44 31
44 106
44 221
44 270
44 378
45 300
45 431
45 445
45 450
45 471
46 2
46 54
46 88
46 92
46 122
47 185
47 244
47 284
47 328
48 10
48 33
48 57
48 72
48 112
49 42
49 179
49 269
49 286
49 293
49 310
50 3
50 12
50 213
50 283
50 377
51 165
51 199
51 245
51 251
51 260
51 365
52 30
52 36
52 144
52 153
52 164
53 20
53 142
53 351
53 414
53 443
54 46
54 109
54 177
54 225
54 246
54 360
55 16
55 87
55 134
55 166
55 191
55 243
55 297
56 37
56 186
56 187
56 217
56 279
57 48
57 72
57 112
57 114
58 72
58 109
58 177
58 225
58 360
59 151
59 267
59 288
59 348
59 402
60 21
60 124
60 127
60 202
60 287
61 34
61 37
61 187
61 217
61 279
62 96
62 104
62 119
62 388
62 427
63 313
63 368
63 412
63 448
63 469
64 91
64 98
64 149
64 241
64 302
64 318
64 352
64 423
65 18
65 27
65 28
65 103
65 146
66 192
66 263
66 408
66 446
66 475
67 15
67 32
67 215
67 218
67 242
68 83
68 89
68 108
68 163
68 265
68 330
68 433
69 1
69 222
69 362
69 386
69 403
70 193
70 222
70 362
70 386
70 403
71 99
71 171
71 289
71 347
71 475
72 10
72 33
72 48
72 57
72 58
72 114
73 2
73 88
73 92
73 122
74 31
74 106
74 221
74 270
74 378
75 477
75 479
75 484
75 489
75 495
76 8
76 93
76 117
76 273
76 315
77 115
77 136
77 263
77 446
77 475
78 93
78 273
78 331
78 367
79 294
79 416
79 421
79 468
79 483
80 81
80 181
80 190
80 207
80 209
81 26
81 80
81 181
81 190
81 207
82 110
82 184
82 336
82 396
82 415
82 456
82 460
82 462
82 470
82 472
82 490
83 68
83 108
83 163
83 175
83 330
84 17
84 160
84 183
84 195
84 271
84 276
84 296
84 316
84 366
84 410
84 440
84 455
84 461
84 476
84 480
84 491
85 342
85 417
85 425
85 429
85 436
86 4
86 43
86 180
86 252
86 301
87 16
87 55
87 191
87 243
87 297
88 2
88 46
88 73
88 92
88 256
89 68
89 95
89 163
89 175
89 330
90 96
90 104
90 119
90 388
90 427
91 64
91 149
91 397
91 400
91 423
92 2
92 46
92 73
92 88
92 122
93 8
93 76
93 78
93 133
93 273
93 315
93 367
94 267
94 288
94 292
94 317
94 402
95 31
95 89
95 106
95 270
95 378
96 7
96 62
96 90
96 104
96 169
96 307
96 364
96 427
97 5
97 123
97 161
97 204
97 231
97 235
98 64
98 318
98 397
98 400
98 423
99 71
99 171
99 192
99 263
99 475
100 196
100 291
100 398
100 468
100 483
101 11
101 13
101 22
101 38
101 138
102 3
102 12
102 283
102 290
102 377
103 18
103 27
103 28
103 65
103 146
104 7
104 41
104 62
104 90
104 96
104 119
104 169
104 307
104 364
104 424
105 294
105 372
105 421
105 468
105 483
106 31
106 44
106 74
106 95
106 205
106 221
106 270
106 359
106 392
107 238
107 264
107 322
107 333
107 369
107 374
107 385
107 401
108 68
108 83
108 163
108 175
108 330
109 54
109 58
109 167
109 177
109 225
109 246
109 303
110 82
110 141
110 184
110 223
110 249
110 336
110 345
110 415
110 432
110 434
110 464
110 470
110 472
111 6
111 155
111 233
111 240
111 261
112 10
112 33
112 48
112 57
112 114
113 131
113 133
113 157
113 315
113 367
114 10
114 33
114 57
114 72
114 112
115 77
115 132
115 136
115 446
115 475
116 170
116 313
116 320
116 335
116 368
116 420
116 430
116 444
116 448
117 76
117 131
117 133
117 273
117 367
118 473
118 477
118 479
118 489
118 495
119 7
119 62
119 90
119 104
119 134
119 388
119 424
119 427
120 42
120 129
120 154
120 179
120 293
121 20
121 142
121 255
121 414
121 443
122 2
122 46
122 73
122 92
122 256
123 5
123 97
123 161
123 204
123 231
123 235
124 21
124 60
124 127
124 145
124 202
124 287
124 298
125 185
125 211
125 244
125 284
125 328
126 267
126 288
126 292
126 317
126 402
127 60
127 124
127 202
127 287
127 298
128 312
128 339
128 375
128 376
128 380
129 120
129 250
129 269
129 286
129 293
130 193
130 222
130 257
130 309
130 403
131 113
131 117
131 157
131 315
131 367
132 115
132 289
132 349
132 446
132 475
133 8
133 93
133 113
133 117
133 315
134 55
134 119
134 191
134 243
134 297
135 300
135 445
135 449
135 450
135 471
136 77
136 115
136 171
136 408
136 475
137 325
137 329
137 370
137 406
137 428
138 11
138 13
138 22
138 38
138 101
139 4
139 43
139 232
139 252
139 301
140 6
140 155
140 233
140 240
140 261
141 110
141 336
141 434
141 460
141 472
142 20
142 53
142 121
142 162
142 255
142 266
142 295
142 351
142 395
143 452
143 494
143 496
143 497
143 500
144 30
144 36
144 52
144 153
144 164
145 21
145 124
145 202
145 287
145 298
146 18
146 27
146 28
146 65
146 103
147 35
147 199
147 245
147 251
147 304
147 365
148 312
148 339
148 375
148 376
148 380
149 64
149 91
149 241
149 285
149 302
149 318
149 400
150 4
150 43
150 180
150 252
150 301
151 59
151 288
151 292
151 348
151 402
152 178
152 208
152 212
152 229
152 300
152 409
152 431
152 445
152 449
152 450
152 471
153 30
153 36
153 52
153 144
153 164
154 120
154 250
154 269
154 286
154 293
155 6
155 111
155 140
155 233
155 240
156 219
156 278
156 343
156 429
156 436
157 8
157 113
157 131
157 273
157 315
158 342
158 343
158 429
158 436
158 441
159 15
159 215
159 218
159 275
160 84
160 296
160 389
160 455
160 476
160 482
160 488
161 97
161 123
161 204
161 231
161 235
162 20
162 142
162 351
162 414
162 443
163 68
163 83
163 89
163 108
163 265
163 330
164 30
164 36
164 52
164 144
164 153
165 51
165 245
165 251
165 304
165 365
166 55
166 186
166 191
166 243
166 297
167 40
167 109
167 177
167 246
167 360
168 198
168 253
168 337
168 340
168 373
169 41
169 96
169 104
169 388
169 427
170 116
170 182
170 313
170 320
170 334
170 358
170 412
170 420
170 430
170 444
170 448
170 469
171 71
171 99
171 136
171 349
171 475
172 12
172 283
172 290
172 361
172 377
173 198
173 234
173 337
173 340
173 373
174 29
174 214
174 258
174 282
174 326
174 355
174 384
174 387
174 391
174 394
174 399
174 404
174 405
174 426
174 459
174 465
174 474
174 492
175 83
175 89
175 108
175 265
175 330
176 194
176 342
176 417
176 429
176 436
176 441
177 40
177 54
177 58
177 109
177 167
177 225
177 246
177 303
178 152
178 300
178 437
178 445
178 450
178 471
179 49
179 120
179 250
179 269
179 286
179 293
180 4
180 86
180 150
180 252
180 254
180 301
181 26
181 80
181 81
181 190
181 207
181 209
182 170
182 313
182 334
182 412
182 420
182 448
183 84
183 389
183 476
183 482
183 488
184 82
184 110
184 336
184 415
184 434
184 456
184 460
184 462
184 472
184 490
185 47
185 125
185 211
185 244
185 284
185 328
185 346
186 37
186 56
186 166
186 187
186 217
186 279
187 34
187 56
187 61
187 186
187 217
187 279
188 190
188 207
188 209
189 433
189 473
189 477
189 479
189 484
189 489
189 495
190 26
190 80
190 81
190 181
190 188
190 209
191 16
191 55
191 87
191 134
191 166
191 243
192 66
192 99
192 347
192 349
192 408
192 446
192 475
193 1
193 70
193 130
193 222
193 257
193 403
194 176
194 219
194 230
194 278
194 342
194 343
194 417
194 425
194 429
194 441
195 84
195 200
195 296
195 389
195 440
195 476
195 482
195 488
196 100
196 323
196 413
196 416
196 419
196 421
196 438
196 439
196 468
196 483
197 9
197 227
197 236
197 306
197 311
197 332
197 393
198 168
198 173
198 253
198 337
198 340
198 373
199 35
199 39
199 51
199 147
199 245
199 365
200 195
200 272
200 353
200 381
200 458
200 467
201 39
201 245
201 251
201 260
201 365
202 60
202 124
202 127
202 145
202 287
202 298
203 473
203 477
203 479
203 484
203 489
203 495
204 5
204 97
204 123
204 161
204 235
205 31
205 106
205 270
205 378
206 272
206 353
206 381
206 443
206 458
206 467
207 26
207 80
207 81
207 181
207 188
207 209
208 152
208 212
208 229
208 300
208 344
208 409
208 431
208 435
208 445
208 449
208 471
208 487
209 26
209 80
209 181
209 188
209 190
209 207
209 220
210 312
210 339
210 356
210 375
210 376
210 380
211 125
211 185
211 244
211 328
211 346
212 152
212 208
212 229
212 344
212 445
212 449
212 450
212 471
213 3
213 12
213 50
213 290
213 377
214 29
214 174
214 282
214 387
214 405
214 426
214 459
214 474
214 486
215 15
215 32
215 67
215 159
215 218
215 242
216 274
216 325
216 329
216 370
216 406
216 428
217 34
217 37
217 56
217 61
217 186
217 187
217 279
218 15
218 32
218 67
218 159
218 215
218 242
219 156
219 194
219 417
219 429
219 436
219 441
220 209
220 234
220 253
220 337
220 340
220 373
221 44
221 74
221 106
221 359
221 378
221 392
222 1
222 69
222 70
222 130
222 193
222 227
222 257
222 309
222 362
222 386
223 110
223 336
223 434
223 456
223 460
223 472
224 335
224 358
224 430
224 448
224 469
225 40
225 54
225 58
225 109
225 177
225 303
226 9
226 227
226 236
226 248
226 311
226 393
227 197
227 222
227 226
227 248
227 314
227 332
227 393
228 237
228 288
228 292
228 317
228 348
228 402
229 152
229 208
229 212
229 300
229 383
229 409
229 431
229 445
229 450
229 471
229 487
230 194
230 343
230 417
230 429
230 436
230 441
231 5
231 97
231 123
231 161
231 235
232 4
232 43
232 139
232 252
232 301
233 6
233 111
233 140
233 155
233 240
233 261
234 173
234 220
234 253
234 337
234 340
234 373
235 5
235 97
235 123
235 161
235 204
235 231
236 197
236 226
236 248
236 314
236 332
236 393
237 24
237 228
237 275
237 308
237 327
237 379
237 382
237 390
237 418
237 422
237 451
237 452
237 454
237 466
237 485
237 494
237 496
237 498
237 500
238 19
238 107
238 264
238 322
238 333
238 401
239 278
239 300
239 431
239 435
239 450
239 471
240 6
240 111
240 140
240 155
240 233
240 261
241 64
241 149
241 397
241 400
241 423
242 15
242 32
242 67
242 215
242 218
243 16
243 55
243 87
243 134
243 166
243 191
244 47
244 125
244 185
244 211
244 284
244 328
244 346
245 35
245 39
245 51
245 147
245 165
245 199
245 201
245 304
246 40
246 54
246 109
246 167
246 177
246 360
247 272
247 338
247 353
247 381
247 453
247 458
248 226
248 227
248 236
248 311
248 332
248 393
249 110
249 336
249 434
249 456
249 460
249 472
250 42
250 129
250 154
250 179
250 269
250 286
251 35
251 39
251 51
251 147
251 165
251 201
251 260
252 86
252 139
252 150
252 180
252 232
252 254
253 168
253 198
253 220
253 234
253 340
253 373
254 4
254 43
254 180
254 252
254 301
255 121
255 142
255 266
255 295
255 443
256 2
256 88
256 122
257 1
257 130
257 193
257 222
257 362
257 403
258 29
258 174
258 384
258 387
258 391
258 394
258 426
258 465
258 474
259 433
259 473
259 477
259 479
259 489
259 495
260 39
260 51
260 201
260 251
260 304
260 365
261 6
261 111
261 140
261 233
261 240
262 274
262 325
262 329
262 370
262 406
262 428
263 66
263 77
263 99
263 347
263 408
263 475
264 19
264 107
264 238
264 322
264 333
264 374
264 385
264 401
265 68
265 163
265 175
265 330
266 20
266 142
266 255
266 295
266 351
266 443
267 59
267 94
267 126
267 288
267 317
267 348
267 402
268 473
268 477
268 479
268 484
268 489
268 495
269 49
269 129
269 154
269 179
269 250
269 286
269 310
270 44
270 74
270 95
270 106
270 205
270 359
270 392
271 84
271 389
271 410
271 455
271 476
271 482
271 488
272 25
272 200
272 206
272 247
272 280
272 281
272 319
272 321
272 371
272 381
272 442
272 467
273 8
273 76
273 78
273 93
273 117
273 157
273 331
274 216
274 262
274 305
274 325
274 329
274 357
274 428
275 159
275 237
275 308
275 452
275 485
275 494
275 496
275 497
275 500
276 84
276 296
276 389
276 440
276 476
276 482
276 488
277 473
277 477
277 479
277 484
277 489
277 495
278 156
278 194
278 239
278 342
278 417
278 429
278 436
279 34
279 56
279 61
279 186
279 187
279 217
280 272
280 338
280 371
280 381
280 453
280 458
280 467
281 272
281 338
281 353
281 371
281 381
281 453
281 458
282 174
282 214
282 387
282 405
282 426
282 474
282 486
283 3
283 12
283 50
283 102
283 172
283 361
283 377
284 47
284 125
284 185
284 244
284 328
284 346
285 149
285 318
285 352
285 397
285 400
285 423
286 42
286 49
286 129
286 154
286 179
286 250
286 269
287 21
287 60
287 124
287 127
287 145
287 202
287 298
288 59
288 94
288 126
288 151
288 228
288 267
288 402
289 71
289 132
289 347
289 408
289 446
289 475
290 3
290 12
290 102
290 172
290 213
290 361
290 377
291 100
291 323
291 413
291 419
291 438
291 468
291 483
292 94
292 126
292 151
292 228
292 317
292 348
292 402
293 42
293 49
293 120
293 129
293 154
293 179
293 310
294 79
294 105
294 323
294 398
294 416
294 419
294 421
294 438
294 468
294 483
295 20
295 142
295 255
295 266
295 351
295 414
295 443
296 84
296 160
296 195
296 276
296 316
296 389
296 410
296 440
296 455
296 461
296 480
296 482
296 488
297 16
297 55
297 87
297 134
297 166
298 124
298 127
298 145
298 202
298 287
299 433
299 457
299 477
299 479
299 484
299 489
299 495
300 45
300 135
300 152
300 178
300 208
300 229
300 239
300 383
300 409
300 450
300 471
300 487
301 43
301 86
301 139
301 150
301 180
301 232
301 254
302 64
302 149
302 397
302 400
302 423
303 109
303 177
303 225
303 360
304 35
304 147
304 165
304 245
304 260
305 274
305 325
305 329
305 370
305 406
305 407
305 428
306 197
306 314
306 332
306 393
307 96
307 104
307 388
307 427
308 237
308 275
308 309
308 327
308 379
308 382
308 390
308 418
308 422
308 451
308 452
308 454
308 466
308 485
308 494
308 496
308 497
308 498
308 500
309 130
309 222
309 308
309 362
309 386
309 403
310 49
310 269
310 293
310 313
311 197
311 226
311 248
311 314
311 393
312 128
312 148
312 210
312 324
312 356
312 376
312 380
313 63
313 116
313 170
313 182
313 310
313 334
313 335
313 358
313 368
313 412
313 420
313 430
314 9
314 227
314 236
314 306
314 311
314 332
314 393
315 76
315 93
315 113
315 131
315 133
315 157
315 331
315 367
316 84
316 296
316 389
316 440
316 455
316 476
316 482
316 488
317 94
317 126
317 228
317 267
317 292
317 348
317 402
318 64
318 98
318 149
318 285
318 352
318 397
318 400
319 272
319 338
319 353
319 381
319 453
319 458
319 467
320 116
320 170
320 368
320 444
320 448
320 469
321 272
321 338
321 353
321 371
321 381
321 453
321 458
322 107
322 238
322 264
322 333
322 369
322 374
322 385
322 401
323 196
323 291
323 294
323 372
323 398
323 416
323 421
323 468
323 483
324 312
324 339
324 356
324 375
324 376
324 380
325 137
325 216
325 262
325 274
325 305
325 357
325 406
325 407
326 174
326 387
326 394
326 426
326 459
326 474
326 486
327 237
327 308
327 452
327 494
327 496
327 497
327 500
328 47
328 125
328 185
328 211
328 244
328 284
328 346
329 137
329 216
329 262
329 274
329 305
329 357
329 370
329 407
330 68
330 83
330 89
330 108
330 163
330 175
330 265
331 78
331 273
331 315
331 367
332 9
332 197
332 227
332 236
332 248
332 306
332 314
333 19
333 107
333 238
333 264
333 322
333 385
333 401
334 170
334 182
334 313
334 358
334 368
334 420
334 430
334 444
335 116
335 224
335 313
335 358
335 412
335 420
335 463
335 469
336 82
336 110
336 141
336 184
336 223
336 249
336 396
336 415
336 432
336 434
336 460
336 462
336 464
336 472
336 478
336 490
337 168
337 173
337 198
337 220
337 234
337 339
337 340
337 373
338 247
338 280
338 281
338 319
338 321
338 442
338 458
338 467
339 128
339 148
339 210
339 324
339 337
339 375
339 376
339 380
340 168
340 173
340 198
340 220
340 234
340 253
340 337
340 373
341 452
341 494
341 496
341 497
341 500
342 85
342 158
342 176
342 194
342 278
342 343
342 417
342 425
342 429
342 441
343 156
343 158
343 194
343 230
343 342
343 417
343 425
343 436
344 208
344 212
344 346
344 431
344 445
344 450
344 471
344 487
345 110
345 415
345 434
345 456
345 460
345 462
345 472
345 490
346 185
346 211
346 244
346 284
346 328
346 344
347 71
347 192
347 263
347 289
347 349
347 408
347 446
347 475
348 59
348 151
348 228
348 267
348 292
348 317
348 349
349 132
349 171
349 192
349 347
349 348
349 408
349 446
349 475
350 433
350 457
350 473
350 477
350 479
350 484
350 489
350 495
351 20
351 53
351 142
351 162
351 266
351 295
351 395
351 443
352 64
352 285
352 318
352 397
352 400
352 423
353 200
353 206
353 247
353 281
353 319
353 321
353 381
353 442
353 467
354 363
354 433
354 457
354 477
354 479
354 484
354 489
354 495
355 174
355 384
355 426
355 459
355 465
355 474
355 486
355 492
356 210
356 312
356 324
356 362
356 375
356 376
356 380
357 274
357 325
357 329
357 370
357 406
357 407
357 428
358 170
358 224
358 313
358 334
358 335
358 412
358 430
358 444
358 448
358 463
359 31
359 106
359 221
359 270
359 378
360 40
360 54
360 58
360 167
360 246
360 303
361 12
361 172
361 283
361 290
361 377
362 1
362 69
362 70
362 222
362 257
362 309
362 356
362 403
363 354
363 411
363 433
363 447
363 457
363 477
363 484
363 489
364 41
364 96
364 104
364 388
364 427
365 51
365 147
365 165
365 199
365 201
365 260
366 84
366 389
366 476
366 482
366 488
367 78
367 93
367 113
367 117
367 131
367 315
367 331
368 63
368 116
368 313
368 320
368 334
368 430
368 448
368 463
369 19
369 107
369 322
369 401
370 137
370 216
370 262
370 305
370 329
370 357
370 406
370 407
370 428
371 272
371 280
371 281
371 321
371 442
371 458
371 467
372 105
372 323
372 419
372 421
372 439
372 468
372 481
372 483
373 168
373 173
373 198
373 220
373 234
373 253
373 337
373 340
374 19
374 107
374 264
374 322
374 401
375 128
375 148
375 210
375 324
375 339
375 356
375 376
375 378
375 380
376 128
376 148
376 210
376 312
376 324
376 339
376 356
376 375
376 380
377 3
377 12
377 50
377 102
377 172
377 213
377 283
377 290
377 361
378 31
378 44
378 74
378 95
378 205
378 221
378 359
378 375
378 392
379 237
379 308
379 451
379 452
379 485
379 494
379 496
379 497
379 500
380 128
380 148
380 210
380 312
380 324
380 339
380 356
380 375
380 376
381 25
381 200
381 206
381 247
381 272
381 280
381 281
381 319
381 321
381 353
381 467
382 237
382 308
382 451
382 452
382 485
382 494
382 496
382 497
382 500
383 229
383 300
383 385
383 431
383 449
383 450
383 471
384 29
384 174
384 258
384 355
384 387
384 399
384 426
384 459
384 474
385 19
385 107
385 264
385 322
385 333
385 383
385 401
386 69
386 70
386 222
386 309
386 403
387 29
387 174
387 214
387 258
387 282
387 326
387 384
387 391
387 405
387 426
387 459
387 474
387 486
388 7
388 41
388 62
388 90
388 119
388 169
388 307
388 364
388 424
389 17
389 160
389 183
389 195
389 271
389 276
389 296
389 316
389 366
389 410
389 440
389 455
389 461
389 476
389 480
389 482
389 488
389 491
390 237
390 308
390 418
390 422
390 451
390 452
390 454
390 485
390 494
390 496
390 497
390 500
391 29
391 174
391 258
391 387
391 399
391 405
391 426
391 459
391 486
392 31
392 106
392 221
392 270
392 378
393 9
393 197
393 226
393 227
393 236
393 248
393 306
393 311
393 314
394 174
394 258
394 326
394 426
394 474
394 486
395 20
395 142
395 351
395 443
396 82
396 336
396 415
396 434
396 456
396 462
396 472
396 490
397 91
397 98
397 241
397 285
397 302
397 318
397 352
397 400
397 423
398 100
398 294
398 323
398 419
398 421
398 438
398 439
398 468
398 483
399 174
399 384
399 391
399 426
399 465
399 486
400 91
400 98
400 149
400 241
400 285
400 302
400 318
400 352
400 397
400 423
401 19
401 107
401 238
401 264
401 322
401 333
401 369
401 374
401 385
402 59
402 94
402 126
402 151
402 228
402 267
402 288
402 292
402 317
403 1
403 69
403 70
403 130
403 193
403 257
403 309
403 362
403 386
404 174
404 426
404 465
404 474
404 486
405 174
405 214
405 282
405 387
405 391
405 413
405 426
405 474
405 486
406 137
406 216
406 262
406 305
406 325
406 357
406 370
406 407
406 428
407 305
407 325
407 329
407 357
407 370
407 406
407 428
408 66
408 136
408 192
408 263
408 289
408 347
408 349
408 446
408 475
409 152
409 208
409 229
409 300
409 416
409 431
409 450
409 487
410 84
410 271
410 296
410 389
410 440
410 455
410 461
410 482
410 488
411 363
411 433
411 447
411 457
411 473
411 477
411 489
412 63
412 170
412 182
412 313
412 335
412 358
412 430
412 444
412 448
413 196
413 291
413 405
413 419
413 421
413 468
413 481
413 483
414 20
414 53
414 121
414 162
414 295
414 443
415 82
415 110
415 184
415 336
415 345
415 396
415 434
415 460
415 462
415 470
415 472
415 490
416 79
416 196
416 294
416 323
416 409
416 419
416 421
416 438
416 468
416 483
417 85
417 176
417 194
417 219
417 230
417 278
417 342
417 343
417 429
417 441
418 237
418 308
418 390
418 422
418 452
418 485
418 494
418 496
418 497
418 500
419 196
419 291
419 294
419 372
419 398
419 413
419 416
419 438
419 468
419 483
420 116
420 170
420 182
420 313
420 334
420 335
420 427
420 448
421 79
421 105
421 196
421 294
421 323
421 372
421 398
421 413
421 416
421 438
421 439
421 468
421 481
421 483
422 237
422 308
422 390
422 418
422 452
422 454
422 466
422 485
422 494
422 496
422 497
422 500
423 64
423 91
423 98
423 241
423 285
423 302
423 352
423 397
423 400
424 41
424 104
424 119
424 388
424 427
425 85
425 194
425 342
425 343
425 429
425 436
426 29
426 174
426 214
426 258
426 282
426 326
426 355
426 384
426 387
426 391
426 394
426 399
426 404
426 405
426 459
426 492
427 7
427 62
427 90
427 96
427 119
427 169
427 307
427 364
427 420
427 424
428 137
428 216
428 262
428 274
428 305
428 357
428 370
428 406
428 407
428 430
429 85
429 156
429 158
429 176
429 194
429 219
429 230
429 278
429 342
429 417
429 425
430 116
430 170
430 224
430 313
430 334
430 358
430 368
430 412
430 428
430 444
430 448
430 463
431 14
431 45
431 152
431 208
431 229
431 239
431 344
431 383
431 409
431 435
431 450
432 110
432 336
432 456
432 460
432 472
433 68
433 189
433 259
433 299
433 350
433 354
433 363
433 411
433 447
433 457
434 110
434 141
434 184
434 223
434 249
434 336
434 345
434 396
434 415
434 460
434 462
434 464
434 470
434 472
435 14
435 208
435 239
435 431
435 450
435 471
436 85
436 156
436 158
436 176
436 219
436 230
436 278
436 343
436 425
436 439
436 441
437 178
437 445
437 450
437 471
437 487
438 196
438 291
438 294
438 398
438 416
438 419
438 421
438 439
438 468
438 481
438 483
439 196
439 372
439 398
439 421
439 436
439 438
439 468
439 483
440 84
440 195
440 276
440 296
440 316
440 389
440 410
440 455
440 461
440 482
440 488
441 158
441 176
441 194
441 219
441 230
441 342
441 417
441 436
442 272
442 338
442 353
442 371
442 453
442 458
443 20
443 53
443 121
443 162
443 206
443 255
443 266
443 295
443 351
443 395
443 414
444 116
444 170
444 320
444 334
444 358
444 412
444 430
444 448
445 14
445 45
445 135
445 152
445 178
445 208
445 212
445 229
445 344
445 437
445 487
446 66
446 77
446 115
446 132
446 192
446 289
446 347
446 349
446 408
446 448
446 475
447 363
447 411
447 433
447 457
447 473
447 477
447 484
447 489
448 63
448 116
448 170
448 182
448 224
448 320
448 358
448 368
448 412
448 420
448 430
448 444
448 446
448 463
448 469
449 135
449 152
449 208
449 212
449 383
449 450
450 14
450 45
450 135
450 152
450 178
450 212
450 229
450 239
450 300
450 344
450 383
450 409
450 431
450 435
450 437
450 449
450 487
451 237
451 308
451 379
451 382
451 390
451 454
451 466
451 485
451 494
451 496
451 498
451 500
452 24
452 143
452 237
452 275
452 308
452 327
452 341
452 379
452 382
452 390
452 418
452 422
452 454
452 466
452 485
452 493
452 494
452 496
452 498
452 499
453 247
453 280
453 281
453 319
453 321
453 442
453 458
453 463
453 467
454 237
454 308
454 390
454 422
454 451
454 452
454 485
454 494
454 496
454 497
454 500
455 84
455 160
455 271
455 296
455 316
455 389
455 410
455 440
455 461
455 476
455 482
455 488
456 82
456 184
456 223
456 249
456 345
456 396
456 432
456 460
456 464
456 470
456 472
456 478
457 299
457 350
457 354
457 363
457 411
457 433
457 447
457 477
457 479
457 484
458 25
458 200
458 206
458 247
458 280
458 281
458 319
458 321
458 338
458 371
458 442
458 453
459 29
459 174
459 214
459 326
459 355
459 384
459 387
459 391
459 426
459 465
460 82
460 141
460 184
460 223
460 249
460 336
460 345
460 415
460 432
460 434
460 456
460 462
460 478
461 84
461 296
461 389
461 410
461 440
461 455
461 476
461 482
461 488
462 82
462 184
462 336
462 345
462 396
462 415
462 434
462 460
462 470
462 472
462 478
462 490
463 335
463 358
463 368
463 430
463 448
463 453
464 110
464 336
464 434
464 456
464 472
465 29
465 174
465 258
465 355
465 399
465 404
465 459
465 474
465 486
466 237
466 308
466 422
466 451
466 452
466 467
466 485
466 494
466 496
466 497
466 500
467 25
467 200
467 206
467 272
467 280
467 319
467 338
467 353
467 371
467 381
467 453
467 466
468 79
468 100
468 105
468 196
468 291
468 294
468 323
468 372
468 398
468 413
468 416
468 419
468 421
468 438
468 439
468 481
469 63
469 170
469 224
469 320
469 335
469 448
470 82
470 110
470 415
470 434
470 456
470 462
470 472
470 473
470 490
471 14
471 45
471 135
471 152
471 178
471 208
471 212
471 229
471 239
471 300
471 344
471 383
471 435
471 437
472 82
472 110
472 141
472 184
472 223
472 249
472 336
472 345
472 396
472 415
472 432
472 434
472 456
472 462
472 464
472 470
472 478
472 490
473 23
473 118
473 189
473 203
473 259
473 268
473 277
473 350
473 411
473 447
473 470
473 477
473 484
473 489
473 495
474 174
474 214
474 258
474 282
474 326
474 355
474 384
474 387
474 394
474 404
474 405
474 465
474 479
474 486
474 492
475 66
475 71
475 77
475 99
475 115
475 132
475 136
475 171
475 192
475 263
475 289
475 347
475 349
475 408
475 446
476 17
476 84
476 160
476 183
476 195
476 271
476 276
476 316
476 366
476 389
476 455
476 461
476 480
476 488
476 491
477 23
477 75
477 118
477 189
477 203
477 259
477 268
477 277
477 299
477 350
477 354
477 363
477 411
477 447
477 457
477 473
477 479
477 489
477 495
478 336
478 456
478 460
478 462
478 472
478 490
479 23
479 75
479 118
479 189
479 203
479 259
479 268
479 277
479 299
479 350
479 354
479 457
479 474
479 477
479 484
479 495
480 84
480 296
480 389
480 476
480 482
480 488
481 372
481 413
481 421
481 438
481 468
481 483
482 17
482 160
482 183
482 195
482 271
482 276
482 296
482 316
482 366
482 389
482 410
482 440
482 455
482 461
482 480
482 491
483 79
483 100
483 105
483 196
483 291
483 294
483 323
483 372
483 398
483 413
483 416
483 419
483 421
483 438
483 439
483 481
484 75
484 189
484 203
484 268
484 277
484 299
484 350
484 354
484 363
484 447
484 457
484 473
484 479
484 486
484 489
484 495
485 237
485 275
485 308
485 379
485 382
485 390
485 418
485 422
485 451
485 452
485 454
485 466
485 494
485 497
485 498
485 500
486 214
486 282
486 326
486 355
486 387
486 391
486 394
486 399
486 404
486 405
486 465
486 474
486 484
486 492
487 208
487 229
487 300
487 344
487 409
487 437
487 445
487 450
487 488
488 17
488 160
488 183
488 195
488 271
488 276
488 296
488 316
488 366
488 389
488 410
488 440
488 455
488 461
488 476
488 480
488 487
488 491
489 23
489 75
489 118
489 189
489 203
489 259
489 268
489 277
489 299
489 350
489 354
489 363
489 411
489 447
489 473
489 477
489 484
489 495
490 82
490 184
490 336
490 345
490 396
490 415
490 462
490 470
490 472
490 478
491 84
491 389
491 476
491 482
491 488
492 174
492 355
492 426
492 474
492 486
493 452
493 494
493 496
493 497
493 500
494 24
494 143
494 237
494 275
494 308
494 327
494 341
494 379
494 382
494 390
494 418
494 422
494 451
494 452
494 454
494 466
494 485
494 493
494 497
494 498
494 499
495 23
495 75
495 118
495 189
495 203
495 259
495 268
495 277
495 299
495 350
495 354
495 473
495 477
495 479
495 484
495 489
495 500
496 24
496 143
496 237
496 275
496 308
496 327
496 341
496 379
496 382
496 390
496 418
496 422
496 451
496 452
496 454
496 466
496 493
496 497
496 498
496 499
497 24
497 143
497 275
497 308
497 327
497 341
497 379
497 382
497 390
497 418
497 422
497 454
497 466
497 485
497 493
497 494
497 496
497 498
497 499
497 500
498 237
498 308
498 451
498 452
498 485
498 494
498 496
498 497
498 500
499 452
499 494
499 496
499 497
499 500
500 24
500 143
500 237
500 275
500 308
500 327
500 341
500 379
500 382
500 390
500 418
500 422
500 451
500 454
500 466
500 485
500 493
500 495
500 497
500 498
500 499
