1 23
2 3
3 45
4 29
5 44
6 25
7 24
8 31
9 43
10 16
11 21
12 40
13 41
14 32
15 18
16 3
17 41
18 3
19 18
20 9
21 10
22 6
23 14
24 33
25 7
26 5
27 40
28 1
29 36
30 5
31 43
32 43
33 20
34 1
35 27
36 24
37 25
38 14
39 9
40 11
41 42
42 46
43 11
44 26
45 40
46 1
47 6
48 28
49 43
50 12
51 36
52 4
53 38
54 28
55 34
56 23
57 41
58 41
59 42
60 31
61 46
62 47
63 25
64 42
65 39
66 17
67 7
68 32
69 5
70 41
71 48
72 8
73 20
74 29
75 28
76 41
77 17
78 35
79 26
80 22
81 1
82 16
83 2
84 11
85 32
86 29
87 22
88 46
89 6
90 41
91 35
92 29
93 39
94 40
95 27
96 27
97 39
98 28
99 23
100 15
101 7
102 47
103 4
104 16
105 2
106 6
107 40
108 41
109 6
110 48
111 4
112 19
113 36
114 28
115 14
116 18
117 9
118 16
119 22
120 36
121 2
122 32
123 34
124 33
125 14
126 33
127 7
128 48
129 44
130 19
131 12
132 4
133 33
134 28
135 3
136 27
137 35
138 30
139 46
140 15
141 6
142 18
143 45
144 44
145 24
146 19
147 24
148 18
149 13
150 27
151 32
152 42
153 42
154 11
155 12
156 14
157 16
158 13
159 21
160 3
161 10
162 16
163 6
164 44
165 48
166 35
167 5
168 13
169 34
170 28
171 16
172 20
173 13
174 10
175 11
176 3
177 22
178 31
179 3
180 30
181 29
182 44
183 20
184 42
185 33
186 7
187 21
188 3
189 17
190 47
191 23
192 37
193 45
194 2
195 47
196 10
197 38
198 48
199 8
200 3
201 11
202 42
203 2
204 30
205 13
206 43
207 28
208 37
209 11
210 43
211 22
212 27
213 1
214 44
215 1
216 27
217 3
218 35
219 19
220 45
221 34
222 40
223 1
224 15
225 40
226 35
227 28
228 16
229 1
230 38
231 9
232 28
233 36
234 21
235 33
236 3
237 7
238 31
239 32
240 28
241 8
242 40
243 36
244 2
245 41
246 35
247 35
248 17
249 24
250 37
251 47
252 27
253 7
254 38
255 21
256 37
257 26
258 42
259 1
260 16
261 10
262 23
263 19
264 44
265 40
266 1
267 2
268 8
269 26
270 29
271 37
272 18
273 24
274 20
275 33
276 35
277 21
278 25
279 20
280 15
281 26
282 12
283 45
284 27
285 47
286 44
287 30
288 48
289 44
290 28
291 3
292 39
293 7
294 6
295 15
296 11
297 39
298 41
299 7
300 48
301 40
302 28
303 24
304 28
305 43
306 6
307 11
308 44
309 40
310 13
311 25
312 5
313 30
314 39
315 5
316 22
317 46
318 37
319 8
320 38
321 15
322 9
323 33
324 28
325 5
326 4
327 12
328 25
329 15
330 30
331 33
332 31
333 3
334 21
335 29
336 27
337 4
338 35
339 33
340 41
341 25
342 7
343 30
344 21
345 26
346 33
347 1
348 26
349 40
350 26
351 30
352 8
353 43
354 34
355 41
356 26
357 41
358 17
359 33
360 13
361 35
362 22
363 11
364 31
365 33
366 45
367 33
368 33
369 10
370 22
371 3
372 32
373 7
374 19
375 30
376 31
377 45
378 22
379 40
380 6
381 33
382 5
383 34
384 11
385 41
386 24
387 3
388 47
389 27
390 41
391 29
392 7
393 21
394 11
395 1
396 3
397 3
398 40
399 41
400 3
401 47
402 5
403 30
404 48
405 25
406 21
407 45
408 16
409 28
410 2
411 5
412 34
413 1
414 36
415 17
416 32
417 35
418 17
419 6
420 33
421 39
422 31
423 45
424 32
425 31
426 3
427 16
428 22
429 41
430 7
431 22
432 45
433 39
434 30
435 40
436 13
437 28
438 35
439 31
440 47
441 25
442 2
443 6
444 11
445 47
446 25
447 29
448 36
449 36
450 34
451 40
452 3
453 41
454 31
455 21
456 45
457 28
458 34
459 44
460 26
461 41
462 16
463 34
464 30
465 35
466 40
467 16
468 3
469 30
470 31
471 45
472 26
473 40
474 41
475 22
476 7
477 41
478 25
479 25
480 7
481 40
482 28
483 27
484 33
485 16
486 45
487 30
488 7
489 31
490 7
491 25
492 40
493 31
494 1
495 28
496 33
497 28
498 41
499 41
500 1
