1 9
2 5
3 9
4 28
5 2
6 19
7 32
8 15
9 9
10 24
11 45
12 39
13 25
14 1
15 24
16 37
17 32
18 43
19 42
20 18
21 20
22 28
23 38
24 42
25 15
26 20
27 20
28 2
29 7
30 25
31 47
32 22
33 21
34 13
35 13
36 29
37 47
38 16
39 23
40 28
41 26
42 23
43 16
44 30
45 27
46 28
47 2
48 41
49 33
50 42
51 14
52 20
53 28
54 11
55 20
56 11
57 5
58 23
59 38
60 1
61 23
62 42
63 37
64 26
65 42
66 8
67 12
68 35
69 30
70 12
71 46
72 42
73 12
74 4
75 14
76 20
77 37
78 7
79 20
80 5
81 41
82 17
83 38
84 16
85 15
86 8
87 24
88 44
89 44
90 13
91 34
92 44
93 40
94 37
95 21
96 18
97 28
98 5
99 29
100 22
101 5
102 31
103 1
104 38
105 46
106 48
107 47
108 4
109 29
110 44
111 25
112 4
113 42
114 1
115 34
116 3
117 14
118 29
119 11
120 7
121 23
122 24
123 42
124 3
125 41
126 35
127 35
128 42
129 10
130 33
131 20
132 26
133 29
134 29
135 7
136 29
137 23
138 1
139 31
140 7
141 25
142 32
143 32
144 7
145 5
146 10
147 20
148 15
149 47
150 8
151 9
152 13
153 35
154 33
155 45
156 36
157 11
158 12
159 26
160 22
161 26
162 35
163 10
164 28
165 12
166 9
167 28
168 19
169 37
170 8
171 20
172 22
173 1
174 28
175 26
176 6
177 17
178 46
179 7
180 29
181 19
182 22
183 38
184 40
185 30
186 18
187 47
188 13
189 34
190 24
191 45
192 24
193 17
194 25
195 21
196 45
197 46
198 31
199 47
200 10
201 37
202 27
203 19
204 38
205 47
206 35
207 15
208 45
209 4
210 19
211 18
212 25
213 18
214 48
215 16
216 18
217 23
218 10
219 20
220 47
221 9
222 15
223 24
224 24
225 15
226 9
227 15
228 24
229 2
230 35
231 20
232 42
233 26
234 37
235 48
236 31
237 26
238 20
239 22
240 34
241 21
242 48
243 15
244 13
245 26
246 25
247 32
248 24
249 35
250 38
251 43
252 37
253 3
254 19
255 41
256 6
257 37
258 46
259 35
260 46
261 22
262 3
263 13
264 43
265 46
266 23
267 18
268 24
269 33
270 28
271 44
272 19
273 38
274 39
275 34
276 9
277 44
278 24
279 25
280 46
281 10
282 6
283 23
284 35
285 28
286 6
287 46
288 43
289 42
290 7
291 34
292 30
293 39
294 17
295 29
296 15
297 38
298 9
299 28
300 39
301 29
302 5
303 21
304 26
305 16
306 29
307 15
308 18
309 23
310 24
311 29
312 22
313 41
314 47
315 2
316 30
317 15
318 1
319 38
320 15
321 3
322 11
323 5
324 46
325 14
326 37
327 25
328 43
329 27
330 40
331 16
332 23
333 20
334 31
335 38
336 40
337 28
338 29
339 12
340 35
341 35
342 42
343 23
344 17
345 40
346 47
347 27
348 26
349 8
350 23
351 7
352 18
353 14
354 39
355 36
356 36
357 29
358 36
359 46
360 48
361 15
362 27
363 11
364 1
365 33
366 41
367 39
368 13
369 16
370 17
371 37
372 5
373 17
374 1
375 44
376 10
377 7
378 28
379 4
380 18
381 15
382 36
383 20
384 10
385 3
386 31
387 18
388 17
389 48
390 5
391 40
392 1
393 25
394 5
395 24
396 6
397 1
398 12
399 11
400 39
401 12
402 10
403 4
404 28
405 19
406 24
407 42
408 23
409 13
410 17
411 29
412 6
413 29
414 38
415 31
416 7
417 42
418 38
419 24
420 29
421 27
422 26
423 36
424 12
425 9
426 6
427 14
428 15
429 18
430 15
431 36
432 23
433 29
434 28
435 35
436 15
437 1
438 42
439 3
440 44
441 12
442 38
443 9
444 18
445 24
446 42
447 16
448 46
449 11
450 40
451 28
452 20
453 18
454 6
455 29
456 19
457 26
458 29
459 5
460 16
461 36
462 13
463 35
464 46
465 22
466 28
467 31
468 46
469 15
470 46
471 37
472 42
473 26
474 9
475 24
476 47
477 46
478 15
479 13
480 26
481 24
482 26
483 23
484 26
485 15
486 35
487 37
488 16
489 28
490 20
491 15
492 9
493 37
494 18
495 28
496 35
497 38
498 23
499 38
500 1
