1 338
1 345
1 407
1 436
1 477
2 31
2 193
2 198
2 430
2 449
3 138
3 275
3 398
3 438
3 488
4 24
4 70
4 316
4 350
4 367
5 125
5 179
5 334
5 364
5 455
6 134
6 203
6 380
6 395
6 445
7 126
7 333
7 380
7 384
7 440
8 330
8 344
8 426
8 440
8 498
9 136
9 208
9 232
9 297
9 396
10 19
10 102
10 327
10 333
10 384
11 178
11 252
11 272
11 298
11 433
12 200
12 204
12 282
12 309
12 388
13 38
13 420
13 439
13 455
13 496
14 127
14 261
14 267
14 306
14 494
15 297
15 459
15 470
15 471
15 497
16 120
16 192
16 208
16 340
16 396
17 379
17 469
17 473
17 481
17 498
18 187
18 358
18 410
18 480
18 489
19 10
19 156
19 343
19 361
19 466
20 47
20 252
20 298
20 431
20 499
21 197
21 254
21 327
21 385
21 456
22 143
22 383
22 389
22 394
22 495
23 43
23 79
23 105
23 347
23 385
24 4
24 46
24 229
24 232
24 367
25 39
25 44
25 225
25 434
25 447
26 157
26 221
26 283
26 402
26 471
27 29
27 66
27 145
27 158
27 489
28 141
28 250
28 280
28 281
28 394
29 27
29 211
29 287
29 386
29 464
30 99
30 333
30 403
30 410
30 463
31 2
31 81
31 290
31 486
31 494
32 338
32 389
32 400
32 418
32 422
33 358
33 367
33 373
33 423
33 461
34 91
34 341
34 409
34 438
34 485
35 57
35 164
35 193
35 246
35 304
36 307
36 338
36 465
36 484
36 492
37 339
37 429
37 436
37 482
37 499
38 13
38 174
38 190
38 221
38 359
39 25
39 179
39 235
39 261
39 482
40 291
40 354
40 397
40 468
40 488
41 246
41 291
41 363
41 458
41 469
42 123
42 139
42 265
42 406
43 23
43 257
43 377
43 395
43 449
44 25
44 345
44 451
44 475
44 484
45 363
45 379
45 481
45 488
45 490
46 24
46 200
46 366
46 411
46 460
47 20
47 147
47 298
47 309
47 470
48 126
48 311
48 335
48 368
48 399
49 340
49 430
49 433
49 466
49 467
50 157
50 181
50 191
50 323
50 373
51 202
51 237
51 264
51 478
51 500
52 353
52 360
52 429
52 470
52 497
53 200
53 365
53 417
53 467
53 496
54 150
54 243
54 343
54 450
54 452
55 56
55 214
55 226
55 254
55 458
56 55
56 346
56 440
56 458
56 460
57 35
57 438
57 454
57 456
57 491
58 386
58 402
58 477
58 497
58 500
59 60
59 300
59 364
59 379
59 482
60 59
60 133
60 424
60 455
60 482
61 227
61 448
61 457
61 484
61 486
62 239
62 317
62 327
62 374
62 455
63 217
63 372
63 410
63 427
63 463
64 94
64 176
64 234
64 354
64 437
65 85
65 205
65 336
65 419
65 423
66 27
66 298
66 432
66 473
66 480
67 390
67 448
67 457
67 491
67 494
68 293
68 447
68 451
68 491
68 500
69 269
69 337
69 376
69 468
69 476
70 4
70 232
70 367
70 425
70 478
71 84
71 247
71 394
71 408
71 467
72 76
72 142
72 400
72 480
72 489
73 203
73 302
73 314
73 386
73 395
74 216
74 252
74 365
74 411
74 417
75 77
75 246
75 291
75 363
75 473
76 72
76 112
76 129
76 198
76 485
77 75
77 246
77 291
77 435
77 476
78 92
78 202
78 237
78 264
78 320
79 23
79 101
79 247
79 311
79 498
80 338
80 356
80 397
80 465
80 470
81 31
81 293
81 306
81 312
81 412
82 236
82 338
82 366
82 382
82 455
83 228
83 345
83 432
83 465
83 484
84 71
84 133
84 222
84 453
84 494
85 65
85 91
85 273
85 307
85 476
86 209
86 350
86 375
86 446
86 495
87 143
87 230
87 301
87 321
87 479
88 283
88 291
88 331
88 339
88 442
89 107
89 174
89 190
89 221
89 467
90 95
90 164
90 193
90 283
90 304
91 34
91 85
91 160
91 273
91 307
92 78
92 398
92 462
92 468
92 472
93 136
93 391
93 396
93 425
93 496
94 64
94 320
94 403
94 463
94 489
95 90
95 140
95 167
95 324
95 421
96 234
96 255
96 304
96 409
96 458
97 167
97 177
97 407
97 475
97 493
98 148
98 152
98 168
98 399
98 476
99 30
99 459
99 461
99 480
99 489
100 340
100 433
100 446
100 476
100 496
101 79
101 105
101 247
101 348
101 437
102 10
102 124
102 207
102 405
102 441
103 165
103 331
103 364
103 443
103 486
104 192
104 250
104 305
104 462
104 479
105 23
105 101
105 139
105 247
105 386
106 230
106 301
106 321
106 477
106 494
107 89
107 176
107 437
107 449
107 463
108 371
108 390
108 483
108 498
108 499
109 206
109 317
109 349
109 422
109 473
110 223
110 253
110 349
110 415
110 473
111 279
111 321
111 357
111 447
111 474
112 76
112 302
112 328
112 360
112 485
113 235
113 296
113 364
113 369
113 499
114 220
114 240
114 336
114 371
114 448
115 119
115 181
115 191
115 212
115 323
116 196
116 313
116 348
116 459
116 461
117 209
117 240
117 279
117 444
117 478
118 147
118 178
118 298
118 432
118 472
119 115
119 283
119 390
119 448
119 457
120 16
120 169
120 274
120 437
120 466
121 173
121 425
121 433
121 480
121 496
122 175
122 272
122 289
122 370
122 408
123 42
123 138
123 406
123 452
123 474
124 102
124 158
124 183
124 203
124 302
125 5
125 300
125 332
125 431
125 486
126 7
126 48
126 335
126 399
126 466
127 14
127 358
127 392
127 411
127 415
128 129
128 146
128 151
128 222
128 223
129 76
129 128
129 292
129 409
129 485
130 311
130 335
130 399
130 468
130 499
131 263
131 305
131 309
131 360
131 431
132 241
132 362
132 430
132 481
132 483
133 60
133 84
133 306
133 448
133 467
134 6
134 278
134 302
134 412
134 464
135 156
135 273
135 307
135 353
135 459
136 9
136 93
136 208
136 396
136 487
137 187
137 247
137 265
137 293
137 496
138 3
138 123
138 265
138 406
138 461
139 42
139 105
139 265
139 384
139 406
140 95
140 188
140 324
140 373
140 383
141 28
141 146
141 151
141 222
141 317
142 72
142 216
142 339
142 482
142 500
143 22
143 87
143 271
143 493
143 495
144 315
144 316
144 425
144 470
144 500
145 27
145 269
145 376
145 435
145 476
146 128
146 141
146 222
146 411
146 414
147 47
147 118
147 252
147 382
147 478
148 98
148 242
148 337
148 476
148 484
149 226
149 257
149 450
149 452
149 464
150 54
150 199
150 201
150 209
150 416
151 128
151 141
151 194
151 222
151 460
152 98
152 376
152 474
152 476
152 496
153 356
153 357
153 360
153 422
153 469
154 182
154 428
154 462
154 479
154 493
155 332
155 375
155 434
155 459
155 492
156 19
156 135
156 273
156 307
156 369
157 26
157 50
157 315
157 369
157 497
158 27
158 124
158 480
158 487
158 489
159 342
159 374
159 463
159 473
159 498
160 91
160 378
160 380
160 445
160 487
161 285
161 335
161 389
161 441
161 487
162 375
162 423
162 458
162 460
162 486
163 220
163 336
163 358
163 419
163 443
164 35
164 90
164 299
164 304
164 470
165 103
165 300
165 388
165 447
165 476
166 184
166 213
166 297
166 311
166 392
167 95
167 97
167 188
167 324
167 441
168 98
168 231
168 381
168 401
168 477
169 120
169 310
169 430
169 466
169 482
170 276
170 342
170 454
170 491
170 500
171 238
171 308
171 325
171 388
171 475
172 185
172 268
172 400
172 423
172 433
173 121
173 215
173 332
173 409
173 477
173 485
174 38
174 89
174 190
174 221
174 441
174 499
175 122
175 370
175 400
175 411
175 424
175 478
176 64
176 107
176 249
176 444
176 463
176 478
177 97
177 214
177 266
177 407
177 465
177 475
178 11
178 118
178 193
178 241
178 298
178 315
179 5
179 39
179 186
179 304
179 305
179 364
180 260
180 295
180 296
180 308
180 369
180 489
181 50
181 115
181 191
181 323
181 428
181 460
182 154
182 263
182 342
182 388
182 447
182 486
183 124
183 189
183 203
183 302
183 418
183 466
184 166
184 214
184 234
184 316
184 458
184 460
185 172
185 240
185 268
185 336
185 423
185 497
186 179
186 212
186 378
186 404
186 482
186 493
187 18
187 137
187 262
187 284
187 293
187 393
188 140
188 167
188 243
188 324
188 336
188 461
189 183
189 197
189 288
189 456
189 491
189 500
190 38
190 89
190 174
190 221
190 434
190 493
191 50
191 115
191 181
191 323
191 436
191 446
192 16
192 104
192 208
192 396
192 490
192 494
193 2
193 35
193 90
193 178
193 251
193 304
194 151
194 205
194 348
194 394
194 415
194 467
195 213
195 269
195 281
195 376
195 436
195 476
196 116
196 244
196 313
196 348
196 471
196 485
197 21
197 189
197 287
197 292
197 317
197 385
198 2
198 76
198 387
198 408
198 444
198 478
199 150
199 337
199 405
199 435
199 450
199 452
200 12
200 46
200 53
200 201
200 411
200 417
201 150
201 200
201 314
201 420
201 435
201 450
202 51
202 78
202 237
202 264
202 420
202 446
203 6
203 73
203 124
203 183
203 302
203 419
204 12
204 408
204 444
204 449
204 478
204 489
205 65
205 194
205 297
205 412
205 415
205 447
206 109
206 218
206 342
206 374
206 392
206 473
207 102
207 244
207 313
207 348
207 428
207 475
208 9
208 16
208 136
208 192
208 396
208 465
209 86
209 117
209 150
209 392
209 415
209 467
210 280
210 429
210 431
210 436
210 442
210 461
211 29
211 219
211 378
211 445
211 456
211 467
212 115
212 186
212 328
212 382
212 404
212 482
213 166
213 195
213 290
213 319
213 452
213 467
214 55
214 177
214 184
214 255
214 381
214 460
215 173
215 299
215 341
215 349
215 384
215 485
216 74
216 142
216 242
216 261
216 373
216 480
217 63
217 377
217 410
217 437
217 463
217 500
218 206
218 257
218 293
218 446
218 448
218 496
219 211
219 234
219 352
219 402
219 458
219 460
220 114
220 163
220 417
220 419
220 426
220 479
221 26
221 38
221 89
221 174
221 190
221 467
222 84
222 128
222 141
222 146
222 151
222 466
223 110
223 128
223 320
223 356
223 374
223 473
224 227
224 349
224 390
224 448
224 457
224 495
225 25
225 421
225 429
225 459
225 474
225 488
226 55
226 149
226 314
226 435
226 450
226 452
227 61
227 224
227 376
227 448
227 457
227 473
228 83
228 257
228 413
228 425
228 446
228 485
229 24
229 395
229 398
229 405
229 487
229 495
230 87
230 106
230 301
230 321
230 410
230 433
231 168
231 276
231 358
231 473
231 489
231 492
232 9
232 24
232 70
232 272
232 367
232 489
233 336
233 425
233 433
233 446
233 454
233 472
234 64
234 96
234 184
234 219
234 343
234 460
235 39
235 113
235 250
235 260
235 296
235 369
236 82
236 257
236 404
236 415
236 455
236 482
237 51
237 78
237 202
237 264
237 365
237 483
238 171
238 289
238 308
238 325
238 361
238 474
239 62
239 317
239 327
239 371
239 385
239 451
240 114
240 117
240 185
240 387
240 419
240 496
241 132
241 178
241 274
241 275
241 286
241 312
242 148
242 216
242 276
242 432
242 439
242 461
243 54
243 188
243 347
243 349
243 475
243 484
244 196
244 207
244 313
244 348
244 357
244 430
245 330
245 335
245 401
245 470
245 471
245 497
246 35
246 41
246 75
246 77
246 363
246 452
247 71
247 79
247 101
247 105
247 137
247 325
248 255
248 285
248 399
248 428
248 472
248 488
249 176
249 281
249 322
249 403
249 410
249 497
250 28
250 104
250 235
250 258
250 280
250 281
251 193
251 285
251 296
251 468
251 484
251 498
252 11
252 20
252 74
252 147
252 363
252 475
253 110
253 346
253 351
253 391
253 413
253 479
254 21
254 55
254 303
254 384
254 440
254 446
255 96
255 214
255 248
255 340
255 458
255 460
256 270
256 300
256 425
256 453
256 481
256 490
257 43
257 149
257 218
257 228
257 236
257 496
258 250
258 280
258 281
258 374
258 401
258 408
259 270
259 451
259 456
259 469
259 491
259 500
260 180
260 235
260 292
260 295
260 465
260 499
261 14
261 39
261 216
261 297
261 382
261 482
262 187
262 284
262 293
262 404
262 456
263 131
263 182
263 321
263 387
263 431
263 486
264 51
264 78
264 202
264 237
264 274
264 480
265 42
265 137
265 138
265 139
265 343
265 406
266 177
266 372
266 398
266 444
266 449
266 478
266 480
267 14
267 270
267 305
267 326
267 351
267 428
267 479
268 172
268 185
268 353
268 389
268 419
268 423
268 466
269 69
269 145
269 195
269 277
269 332
269 337
269 476
270 256
270 259
270 267
270 356
270 447
270 492
270 493
271 143
271 303
271 396
271 425
271 440
271 457
271 487
272 11
272 122
272 232
272 400
272 418
272 424
272 474
273 85
273 91
273 135
273 156
273 319
273 366
273 489
274 120
274 241
274 264
274 299
274 318
274 362
274 430
275 3
275 241
275 281
275 322
275 428
275 462
275 479
276 170
276 231
276 242
276 422
276 432
276 461
276 480
277 269
277 363
277 380
277 386
277 445
277 464
277 490
278 134
278 325
278 378
278 386
278 402
278 464
278 495
279 111
279 117
279 372
279 406
279 408
279 446
279 478
280 28
280 210
280 250
280 258
280 281
280 400
280 487
281 28
281 195
281 249
281 250
281 258
281 275
281 280
282 12
282 331
282 356
282 431
282 448
282 460
282 486
283 26
283 88
283 90
283 119
283 329
283 429
283 436
284 187
284 262
284 293
284 483
284 484
284 490
285 161
285 248
285 251
285 330
285 438
285 479
285 483
286 241
286 287
286 307
286 312
286 329
286 361
286 466
287 29
287 197
287 286
287 364
287 382
287 404
287 455
288 189
288 320
288 383
288 387
288 422
288 493
288 497
289 122
289 238
289 308
289 325
289 388
289 499
290 31
290 213
290 325
290 467
290 486
290 494
290 495
291 40
291 41
291 75
291 77
291 88
291 363
291 413
292 129
292 197
292 260
292 355
292 453
292 469
292 490
293 68
293 81
293 137
293 187
293 218
293 262
293 284
294 310
294 341
294 370
294 400
294 418
294 424
294 437
295 180
295 260
295 296
295 326
295 369
295 435
295 474
296 113
296 180
296 235
296 251
296 295
296 369
296 406
297 9
297 15
297 166
297 205
297 261
297 412
297 494
298 11
298 20
298 47
298 66
298 118
298 178
298 352
299 164
299 215
299 274
299 332
299 341
299 409
299 485
300 59
300 125
300 165
300 256
300 331
300 427
300 486
301 87
301 106
301 230
301 321
301 451
301 465
301 488
302 73
302 112
302 124
302 134
302 183
302 203
302 442
303 254
303 271
303 350
303 386
303 395
303 487
303 500
304 35
304 90
304 96
304 164
304 179
304 193
304 308
305 104
305 131
305 179
305 267
305 322
305 326
305 479
306 14
306 81
306 133
306 308
306 435
306 465
306 494
307 36
307 85
307 91
307 135
307 156
307 286
307 381
308 171
308 180
308 238
308 289
308 304
308 306
308 325
309 12
309 47
309 131
309 348
309 431
309 486
309 491
310 169
310 294
310 312
310 352
310 393
310 491
310 500
311 48
311 79
311 130
311 166
311 335
311 399
311 403
312 81
312 241
312 286
312 310
312 340
312 361
312 474
313 116
313 196
313 207
313 244
313 348
313 380
313 488
314 73
314 201
314 226
314 435
314 452
314 464
314 490
315 144
315 157
315 178
315 443
315 459
315 471
315 488
316 4
316 144
316 184
316 345
316 371
316 471
316 477
317 62
317 109
317 141
317 197
317 239
317 327
317 385
318 274
318 324
318 351
318 451
318 454
318 491
318 500
319 213
319 273
319 371
319 394
319 412
319 494
319 497
320 78
320 94
320 223
320 288
320 349
320 374
320 473
321 87
321 106
321 111
321 230
321 263
321 301
321 416
322 249
322 275
322 305
322 428
322 462
322 464
322 479
323 50
323 115
323 181
323 191
323 399
323 415
323 481
324 95
324 140
324 167
324 188
324 318
324 394
324 437
325 171
325 238
325 247
325 278
325 289
325 290
325 308
326 267
326 295
326 305
326 416
326 421
326 462
326 479
327 10
327 21
327 62
327 239
327 317
327 385
327 423
328 112
328 212
328 402
328 443
328 470
328 477
328 497
329 283
329 286
329 339
329 429
329 436
329 442
329 452
329 500
330 8
330 245
330 285
330 366
330 453
330 469
330 481
330 490
331 88
331 103
331 282
331 300
331 388
331 412
331 432
331 486
332 125
332 155
332 173
332 269
332 299
332 360
332 409
332 485
333 7
333 10
333 30
333 375
333 441
333 442
333 468
333 487
334 5
334 382
334 398
334 456
334 468
334 472
334 483
334 499
335 48
335 126
335 130
335 161
335 245
335 311
335 399
335 495
336 65
336 114
336 163
336 185
336 188
336 233
336 354
336 423
337 69
337 148
337 199
337 269
337 350
337 370
337 376
337 476
338 1
338 32
338 36
338 80
338 82
338 358
338 465
338 475
339 37
339 88
339 142
339 329
339 341
339 436
339 442
339 444
340 16
340 49
340 100
340 255
340 312
340 362
340 385
340 430
341 34
341 215
341 294
341 299
341 339
341 360
341 407
341 485
342 159
342 170
342 182
342 206
342 349
342 374
342 378
342 473
343 19
343 54
343 234
343 265
343 361
343 362
343 391
343 466
344 8
344 354
344 413
344 464
344 478
344 488
344 498
344 499
345 1
345 44
345 83
345 316
345 378
345 475
345 484
345 495
346 56
346 253
346 375
346 377
346 413
346 433
346 468
346 492
347 23
347 243
347 376
347 387
347 397
347 407
347 475
347 484
348 101
348 116
348 194
348 196
348 207
348 244
348 309
348 313
349 109
349 110
349 215
349 224
349 243
349 320
349 342
349 473
350 4
350 86
350 303
350 337
350 355
350 440
350 487
350 495
351 253
351 267
351 318
351 355
351 453
351 469
351 481
351 490
352 219
352 298
352 310
352 393
352 451
352 456
352 496
352 500
353 52
353 135
353 268
353 368
353 381
353 443
353 452
353 462
354 40
354 64
354 336
354 344
354 445
354 488
354 498
354 499
355 292
355 350
355 351
355 357
355 445
355 469
355 481
355 490
356 80
356 153
356 223
356 270
356 282
356 416
356 434
356 493
357 111
357 153
357 244
357 355
357 383
357 421
357 450
357 492
358 18
358 33
358 127
358 163
358 231
358 338
358 373
358 489
359 38
359 371
359 379
359 380
359 441
359 470
359 477
359 497
360 52
360 112
360 131
360 153
360 332
360 341
360 409
360 485
361 19
361 238
361 286
361 312
361 343
361 463
361 466
361 485
362 132
362 274
362 340
362 343
362 368
362 414
362 434
362 466
363 41
363 45
363 75
363 246
363 252
363 277
363 291
363 367
364 5
364 59
364 103
364 113
364 179
364 287
364 409
364 435
365 53
365 74
365 237
365 366
365 404
365 411
365 417
365 456
366 46
366 82
366 273
366 330
366 365
366 411
366 417
366 485
367 4
367 24
367 33
367 70
367 232
367 363
367 471
367 477
368 48
368 353
368 362
368 381
368 401
368 466
368 470
368 497
369 113
369 156
369 157
369 180
369 235
369 295
369 296
369 495
370 122
370 175
370 294
370 337
370 411
370 418
370 424
370 476
371 108
371 114
371 239
371 316
371 319
371 359
371 401
371 477
372 63
372 266
372 279
372 406
372 414
372 442
372 449
372 478
373 33
373 50
373 140
373 216
373 358
373 461
373 489
373 494
374 62
374 159
374 206
374 223
374 258
374 320
374 342
374 450
375 86
375 155
375 162
375 333
375 346
375 405
375 423
375 434
375 441
376 69
376 145
376 152
376 195
376 227
376 337
376 347
376 458
376 476
377 43
377 217
377 346
377 389
377 420
377 433
377 439
377 467
377 496
378 160
378 186
378 211
378 278
378 342
378 345
378 380
378 464
378 483
379 17
379 45
379 59
379 359
379 453
379 457
379 481
379 486
379 490
380 6
380 7
380 160
380 277
380 313
380 359
380 378
380 445
380 487
381 168
381 214
381 307
381 353
381 368
381 421
381 443
381 457
381 477
382 82
382 147
382 212
382 261
382 287
382 334
382 455
382 482
382 488
383 22
383 140
383 288
383 357
383 421
383 424
383 459
383 474
383 493
384 7
384 10
384 139
384 215
384 254
384 441
384 477
384 487
384 495
385 21
385 23
385 197
385 239
385 317
385 327
385 340
385 454
385 472
386 29
386 58
386 73
386 105
386 277
386 278
386 303
386 445
386 464
387 198
387 240
387 263
387 288
387 347
387 434
387 447
387 492
387 493
388 12
388 165
388 171
388 182
388 289
388 331
388 390
388 454
388 486
389 22
389 32
389 161
389 268
389 377
389 395
389 440
389 487
389 495
390 67
390 108
390 119
390 224
390 388
390 448
390 450
390 457
390 495
391 93
391 253
391 343
391 413
391 425
391 439
391 457
391 493
391 496
392 127
392 166
392 206
392 209
392 394
392 396
392 454
392 471
392 494
393 187
393 310
393 352
393 451
393 454
393 487
393 491
393 498
393 500
394 22
394 28
394 71
394 194
394 319
394 324
394 392
394 415
394 438
395 6
395 43
395 73
395 229
395 303
395 389
395 412
395 441
395 495
396 9
396 16
396 93
396 136
396 192
396 208
396 271
396 392
396 424
397 40
397 80
397 347
397 465
397 475
397 477
397 484
397 486
397 499
398 3
398 92
398 229
398 266
398 334
398 401
398 471
398 472
398 499
399 48
399 98
399 126
399 130
399 248
399 311
399 323
399 335
399 471
400 32
400 72
400 172
400 175
400 272
400 280
400 294
400 418
400 424
401 168
401 245
401 258
401 368
401 371
401 398
401 405
401 431
401 471
402 26
402 58
402 219
402 278
402 328
402 420
402 443
402 445
402 477
403 30
403 94
403 249
403 311
403 410
403 419
403 437
403 463
403 494
404 186
404 212
404 236
404 262
404 287
404 365
404 455
404 482
404 494
405 102
405 199
405 229
405 375
405 401
405 432
405 487
405 489
405 495
406 42
406 123
406 138
406 139
406 265
406 279
406 296
406 372
406 407
407 1
407 97
407 177
407 341
407 347
407 406
407 427
407 449
407 465
407 484
408 71
408 122
408 198
408 204
408 258
408 279
408 410
408 444
408 449
408 478
409 34
409 96
409 129
409 173
409 299
409 332
409 360
409 364
409 414
409 491
410 18
410 30
410 63
410 217
410 230
410 249
410 403
410 408
410 437
410 462
411 46
411 74
411 127
411 146
411 175
411 200
411 365
411 366
411 370
411 417
412 81
412 134
412 205
412 297
412 319
412 331
412 395
412 467
412 480
412 494
413 228
413 253
413 291
413 344
413 346
413 391
413 436
413 439
413 493
413 496
414 146
414 362
414 372
414 409
414 426
414 468
414 472
414 483
414 488
414 498
415 110
415 127
415 194
415 205
415 209
415 236
415 323
415 394
415 494
415 497
416 150
416 321
416 326
416 356
416 427
416 434
416 459
416 474
416 492
416 493
417 53
417 74
417 200
417 220
417 365
417 366
417 411
417 439
417 463
417 481
418 32
418 183
418 272
418 294
418 370
418 400
418 424
418 426
418 429
418 471
419 65
419 163
419 203
419 220
419 240
419 268
419 403
419 423
419 448
419 490
420 13
420 201
420 202
420 377
420 402
420 425
420 433
420 446
420 483
420 496
421 95
421 225
421 326
421 357
421 381
421 383
421 434
421 469
421 492
421 493
422 32
422 109
422 153
422 276
422 288
422 426
422 427
422 447
422 474
422 492
423 33
423 65
423 162
423 172
423 185
423 268
423 327
423 336
423 375
423 419
424 60
424 175
424 272
424 294
424 370
424 383
424 396
424 400
424 418
424 491
425 70
425 93
425 121
425 144
425 228
425 233
425 256
425 271
425 391
425 420
426 8
426 220
426 414
426 418
426 422
426 464
426 472
426 488
426 498
426 499
427 63
427 300
427 407
427 416
427 422
427 430
427 459
427 474
427 492
427 493
428 154
428 181
428 207
428 248
428 267
428 275
428 322
428 431
428 462
428 479
429 37
429 52
429 210
429 225
429 283
429 329
429 418
429 436
429 442
429 469
430 2
430 49
430 132
430 169
430 244
430 274
430 340
430 427
430 460
430 466
431 20
431 125
431 131
431 210
431 263
431 282
431 309
431 401
431 428
431 486
432 66
432 83
432 118
432 242
432 276
432 331
432 405
432 461
432 480
432 489
432 497
433 11
433 49
433 100
433 121
433 172
433 230
433 233
433 346
433 377
433 420
433 496
434 25
434 155
434 190
434 356
434 362
434 375
434 387
434 416
434 421
434 455
434 474
435 77
435 145
435 199
435 201
435 226
435 295
435 306
435 314
435 364
435 450
435 452
436 1
436 37
436 191
436 195
436 210
436 283
436 329
436 339
436 413
436 429
436 442
437 64
437 101
437 107
437 120
437 217
437 294
437 324
437 403
437 410
437 439
437 463
438 3
438 34
438 57
438 285
438 394
438 454
438 472
438 473
438 483
438 498
438 499
439 13
439 242
439 377
439 391
439 413
439 417
439 437
439 446
439 482
439 483
439 496
440 7
440 8
440 56
440 254
440 271
440 350
440 389
440 443
440 487
440 492
440 495
441 102
441 161
441 167
441 174
441 333
441 359
441 375
441 384
441 395
441 470
441 472
442 88
442 210
442 302
442 329
442 333
442 339
442 372
442 429
442 436
442 447
442 479
443 103
443 163
443 315
443 328
443 353
443 381
443 402
443 440
443 471
443 481
443 497
444 117
444 176
444 198
444 204
444 266
444 339
444 408
444 449
444 450
444 453
444 478
445 6
445 160
445 211
445 277
445 354
445 355
445 380
445 386
445 402
445 464
445 500
446 86
446 100
446 191
446 202
446 218
446 228
446 233
446 254
446 279
446 420
446 439
447 25
447 68
447 111
447 165
447 182
447 205
447 270
447 387
447 422
447 442
447 492
447 493
448 61
448 67
448 114
448 119
448 133
448 218
448 224
448 227
448 282
448 390
448 419
448 457
449 2
449 43
449 107
449 204
449 266
449 372
449 407
449 408
449 444
449 451
449 478
449 495
450 54
450 149
450 199
450 201
450 226
450 357
450 374
450 390
450 435
450 444
450 452
450 492
451 44
451 68
451 239
451 259
451 301
451 318
451 352
451 393
451 449
451 456
451 463
451 500
452 54
452 123
452 149
452 199
452 213
452 226
452 246
452 314
452 329
452 353
452 435
452 450
453 84
453 256
453 292
453 330
453 351
453 379
453 444
453 469
453 481
453 484
453 488
453 490
454 57
454 170
454 233
454 318
454 385
454 388
454 392
454 393
454 438
454 456
454 491
454 500
455 5
455 13
455 60
455 62
455 82
455 236
455 287
455 382
455 404
455 434
455 482
455 496
456 21
456 57
456 189
456 211
456 259
456 262
456 334
456 352
456 365
456 451
456 454
456 491
456 500
457 61
457 67
457 119
457 224
457 227
457 271
457 379
457 381
457 390
457 391
457 448
457 470
457 483
458 41
458 55
458 56
458 96
458 162
458 184
458 219
458 255
458 376
458 460
458 463
458 490
458 499
459 15
459 99
459 116
459 135
459 155
459 225
459 315
459 383
459 416
459 427
459 464
459 474
459 492
460 46
460 56
460 151
460 162
460 181
460 184
460 214
460 219
460 234
460 255
460 282
460 430
460 458
461 33
461 99
461 116
461 138
461 188
461 210
461 242
461 276
461 373
461 432
461 476
461 480
461 489
462 92
462 104
462 154
462 275
462 322
462 326
462 353
462 410
462 428
462 479
462 491
462 497
462 500
463 30
463 63
463 94
463 107
463 159
463 176
463 217
463 361
463 403
463 417
463 437
463 451
463 458
464 29
464 134
464 149
464 277
464 278
464 314
464 322
464 344
464 378
464 386
464 426
464 445
464 459
465 36
465 80
465 83
465 177
465 208
465 260
465 301
465 306
465 338
465 397
465 407
465 484
465 490
465 497
466 19
466 49
466 120
466 126
466 169
466 183
466 222
466 268
466 286
466 343
466 361
466 362
466 368
466 430
467 49
467 53
467 71
467 89
467 133
467 194
467 209
467 211
467 213
467 221
467 290
467 377
467 412
467 494
468 40
468 69
468 92
468 130
468 251
468 333
468 334
468 346
468 414
468 469
468 475
468 483
468 498
468 499
469 17
469 41
469 153
469 259
469 292
469 330
469 351
469 355
469 421
469 429
469 453
469 468
469 481
469 490
470 15
470 47
470 52
470 80
470 144
470 164
470 245
470 328
470 359
470 368
470 441
470 457
470 496
470 497
471 15
471 26
471 196
471 245
471 315
471 316
471 367
471 392
471 398
471 399
471 401
471 418
471 443
471 497
472 92
472 118
472 233
472 248
472 334
472 385
472 398
472 414
472 426
472 438
472 441
472 485
472 498
472 499
473 17
473 66
473 75
473 109
473 110
473 159
473 206
473 223
473 227
473 231
473 320
473 342
473 349
473 438
473 479
474 111
474 123
474 152
474 225
474 238
474 272
474 295
474 312
474 383
474 416
474 422
474 427
474 434
474 459
474 493
475 44
475 97
475 171
475 177
475 207
475 243
475 252
475 338
475 345
475 347
475 397
475 468
475 480
475 484
475 493
476 69
476 77
476 85
476 98
476 100
476 145
476 148
476 152
476 165
476 195
476 269
476 337
476 370
476 376
476 461
477 1
477 58
477 106
477 168
477 173
477 316
477 328
477 359
477 367
477 371
477 381
477 384
477 397
477 402
477 497
478 51
478 70
478 117
478 147
478 175
478 176
478 198
478 204
478 266
478 279
478 344
478 372
478 408
478 444
478 449
479 87
479 104
479 154
479 220
479 253
479 267
479 275
479 285
479 305
479 322
479 326
479 428
479 442
479 462
479 473
480 18
480 66
480 72
480 99
480 121
480 158
480 216
480 264
480 266
480 276
480 412
480 432
480 461
480 475
480 481
480 489
481 17
481 45
481 132
481 256
481 323
481 330
481 351
481 355
481 379
481 417
481 443
481 453
481 469
481 480
481 490
481 492
482 37
482 39
482 59
482 60
482 142
482 169
482 186
482 212
482 236
482 261
482 382
482 404
482 439
482 455
482 491
482 492
483 108
483 132
483 237
483 284
483 285
483 334
483 378
483 414
483 420
483 438
483 439
483 457
483 468
483 488
483 498
483 499
484 36
484 44
484 61
484 83
484 148
484 243
484 251
484 284
484 345
484 347
484 397
484 407
484 453
484 465
484 475
484 494
485 34
485 76
485 112
485 129
485 173
485 196
485 215
485 228
485 299
485 332
485 341
485 360
485 361
485 366
485 472
485 490
485 498
486 31
486 61
486 103
486 125
486 162
486 182
486 263
486 282
486 290
486 300
486 309
486 331
486 379
486 388
486 397
486 431
486 498
487 136
487 158
487 160
487 161
487 229
487 271
487 280
487 303
487 333
487 350
487 380
487 384
487 389
487 393
487 405
487 440
487 495
488 3
488 40
488 45
488 225
488 248
488 301
488 313
488 315
488 344
488 354
488 382
488 414
488 426
488 453
488 483
488 498
488 499
489 18
489 27
489 72
489 94
489 99
489 158
489 180
489 204
489 231
489 232
489 273
489 358
489 373
489 405
489 432
489 461
489 480
489 498
490 45
490 192
490 256
490 277
490 284
490 292
490 314
490 330
490 351
490 355
490 379
490 419
490 453
490 458
490 465
490 469
490 481
490 485
491 57
491 67
491 68
491 170
491 189
491 259
491 309
491 310
491 318
491 393
491 409
491 424
491 454
491 456
491 462
491 482
491 498
491 500
492 36
492 155
492 231
492 270
492 346
492 357
492 387
492 416
492 421
492 422
492 427
492 440
492 447
492 450
492 459
492 481
492 482
492 493
493 97
493 143
493 154
493 186
493 190
493 270
493 288
493 356
493 383
493 387
493 391
493 413
493 416
493 421
493 427
493 447
493 474
493 475
493 492
494 14
494 31
494 67
494 84
494 106
494 192
494 290
494 297
494 306
494 319
494 373
494 392
494 403
494 404
494 412
494 415
494 467
494 484
494 496
495 22
495 86
495 143
495 224
495 229
495 278
495 290
495 335
495 345
495 350
495 369
495 384
495 389
495 390
495 395
495 405
495 440
495 449
495 487
496 13
496 53
496 93
496 100
496 121
496 137
496 152
496 218
496 240
496 257
496 352
496 377
496 391
496 413
496 420
496 433
496 439
496 455
496 470
496 494
497 15
497 52
497 58
497 157
497 185
497 245
497 249
497 288
497 319
497 328
497 359
497 368
497 415
497 432
497 443
497 462
497 465
497 470
497 471
497 477
498 8
498 17
498 79
498 108
498 159
498 251
498 344
498 354
498 393
498 414
498 426
498 438
498 468
498 472
498 483
498 485
498 486
498 488
498 489
498 491
498 499
499 20
499 37
499 108
499 113
499 130
499 174
499 260
499 289
499 334
499 344
499 354
499 397
499 398
499 426
499 438
499 458
499 468
499 472
499 483
499 488
499 498
500 51
500 58
500 68
500 142
500 144
500 170
500 189
500 217
500 259
500 303
500 310
500 318
500 329
500 352
500 393
500 445
500 451
500 454
500 456
500 462
500 491
