1 3
1 159
1 319
1 439
1 464
2 93
2 95
2 97
2 379
2 466
3 1
3 218
3 339
3 439
3 498
4 231
4 272
4 273
4 290
4 413
5 84
5 234
5 418
5 492
5 495
6 7
6 79
6 477
6 481
6 496
7 6
7 8
7 50
7 179
7 258
8 7
8 10
8 340
8 344
8 416
8 443
9 14
9 17
9 23
9 388
9 439
10 8
10 11
10 466
10 468
10 478
11 10
11 15
11 56
11 95
11 144
12 24
12 25
12 26
12 224
12 335
13 71
13 185
13 286
13 312
13 407
14 9
14 17
14 218
14 339
14 450
15 11
15 39
15 199
15 206
15 312
15 346
15 483
16 19
16 143
16 200
16 312
16 454
17 9
17 14
17 439
17 484
17 495
18 23
18 210
18 343
18 429
18 492
19 16
19 23
19 188
19 246
19 248
20 22
20 148
20 418
20 485
20 494
21 75
21 183
21 184
21 194
21 293
22 20
22 418
22 434
22 498
22 500
23 9
23 18
23 19
23 150
23 388
24 12
24 163
24 170
24 438
24 485
25 12
25 29
25 232
25 322
25 414
26 12
26 170
26 213
26 427
26 499
27 191
27 239
27 353
27 479
27 483
28 35
28 67
28 350
28 418
28 435
29 25
29 30
29 138
29 427
29 499
30 29
30 31
30 253
30 325
30 358
31 30
31 32
31 292
31 415
32 31
32 36
32 261
32 330
32 336
33 38
33 124
33 201
33 462
33 477
34 241
34 285
34 320
34 397
34 483
35 28
35 57
35 67
35 330
35 336
36 32
36 38
36 89
36 167
36 171
36 393
37 186
37 194
37 259
37 293
37 356
38 33
38 36
38 367
38 422
38 432
39 15
39 40
39 282
39 346
39 475
39 483
40 39
40 41
40 45
40 94
40 112
40 115
40 145
40 431
41 40
41 42
41 377
41 459
41 499
42 41
42 43
42 146
42 169
42 352
43 42
43 104
43 118
43 319
43 338
43 371
43 389
43 401
43 457
44 210
44 211
44 212
44 290
44 413
45 40
45 46
45 47
45 76
45 361
46 45
46 47
46 481
46 482
46 496
47 45
47 46
47 156
47 448
47 470
47 491
48 50
48 252
48 350
48 368
48 392
48 396
48 433
48 487
48 497
49 50
49 111
49 215
49 236
49 252
50 7
50 48
50 49
50 179
50 258
51 52
51 93
51 143
51 415
51 442
52 51
52 123
52 215
52 232
52 288
52 322
53 54
53 347
53 488
53 498
53 500
54 53
54 183
54 215
54 275
54 308
55 56
55 58
55 132
55 222
56 11
56 55
56 58
56 90
56 300
57 35
57 67
57 369
57 386
57 418
58 55
58 56
58 74
58 290
58 413
59 278
59 329
59 375
59 383
59 478
60 61
60 169
60 266
60 352
60 425
61 60
61 63
61 149
61 314
61 465
62 65
62 311
62 329
62 481
62 496
63 61
63 64
63 276
63 349
63 433
64 63
64 289
64 386
64 484
64 495
65 62
65 71
65 102
65 286
65 379
66 69
66 70
66 289
66 484
66 495
67 28
67 35
67 57
67 277
67 429
68 72
68 77
68 121
68 272
68 494
69 66
69 70
69 274
69 278
69 383
70 66
70 69
70 488
70 498
70 500
71 13
71 65
71 78
71 185
71 486
72 68
72 77
72 440
72 447
72 463
73 78
73 153
73 181
73 197
73 437
74 58
74 190
74 287
74 406
74 413
75 21
75 94
75 183
75 184
75 275
76 45
76 108
76 111
76 361
76 486
77 68
77 72
77 463
77 498
77 500
78 71
78 73
78 93
78 200
78 254
78 331
78 332
78 363
78 454
78 471
79 6
79 181
79 205
79 257
79 446
80 81
80 392
80 394
80 436
80 439
81 80
81 380
81 392
81 409
81 449
81 473
81 476
82 85
82 88
82 405
82 463
82 485
83 86
83 376
83 410
83 412
83 425
84 5
84 234
84 244
84 259
84 269
85 82
85 88
85 255
85 424
85 470
86 83
86 392
86 488
86 498
86 500
87 89
87 92
87 119
87 147
87 281
87 366
87 424
88 82
88 85
88 463
88 467
88 489
89 36
89 87
89 92
89 167
89 365
89 387
89 406
90 56
90 95
90 115
90 116
90 390
91 94
91 96
91 386
91 461
91 462
92 87
92 89
92 376
92 410
92 412
93 2
93 51
93 78
93 143
93 331
93 332
93 363
93 392
93 442
94 40
94 75
94 91
94 96
94 461
95 2
95 11
95 90
95 144
95 322
96 91
96 94
96 440
96 447
96 461
97 2
97 237
97 267
97 399
97 485
98 101
98 109
98 461
98 473
98 476
99 175
99 198
99 288
99 337
99 421
100 290
100 333
100 394
100 438
100 493
101 98
101 107
101 277
101 429
101 482
102 65
102 208
102 311
102 398
102 415
103 210
103 267
103 300
103 418
103 492
104 43
104 105
104 267
104 389
104 401
105 104
105 106
105 253
105 325
105 358
105 434
105 451
105 494
106 105
106 178
106 276
106 388
107 101
107 109
107 112
107 238
107 303
108 76
108 118
108 272
108 321
108 329
108 362
109 98
109 107
109 112
109 277
109 429
110 115
110 250
110 397
110 404
110 493
111 49
111 76
111 118
111 305
111 378
112 40
112 107
112 109
112 404
112 431
113 115
113 151
113 203
113 397
113 404
114 173
114 349
114 452
114 480
114 482
115 40
115 90
115 110
115 113
115 361
116 90
116 140
116 372
116 390
116 492
117 127
117 140
117 264
117 368
117 377
118 43
118 108
118 111
118 389
118 401
119 87
119 120
119 121
119 366
119 424
120 119
120 121
120 244
120 251
120 259
120 269
121 68
121 119
121 120
121 329
121 362
122 123
122 124
122 318
122 444
122 474
123 52
123 122
123 124
123 263
123 414
124 33
124 122
124 123
124 201
124 369
125 260
125 261
125 355
125 498
125 500
126 130
126 162
126 305
126 378
126 476
127 117
127 140
127 208
127 377
127 415
128 130
128 311
128 369
128 386
128 462
129 131
129 132
129 377
129 467
129 489
130 126
130 128
130 153
130 395
130 430
131 129
131 132
131 133
131 451
131 494
132 55
132 129
132 131
132 133
132 247
133 131
133 132
133 332
133 365
133 406
134 180
134 245
134 340
134 409
134 446
135 148
135 321
135 329
135 332
135 474
136 274
136 277
136 340
136 481
136 496
137 139
137 142
137 224
137 304
137 335
138 29
138 213
138 251
138 255
138 283
139 137
139 142
139 151
139 203
139 494
140 116
140 117
140 127
140 247
140 390
141 245
141 248
141 330
141 467
141 489
142 137
142 139
142 461
142 488
142 498
143 16
143 51
143 93
143 145
143 352
144 11
144 95
144 145
144 300
144 352
145 40
145 143
145 144
145 361
145 431
146 42
146 151
146 266
146 352
146 420
147 87
147 148
147 281
147 332
147 462
148 20
148 135
148 147
148 152
148 485
149 61
149 155
149 267
149 268
149 294
149 465
150 23
150 152
150 354
150 388
150 500
151 113
151 139
151 146
151 155
151 494
152 148
152 150
152 324
152 354
152 426
153 73
153 130
153 154
153 354
153 382
154 153
154 157
154 159
154 394
154 439
155 149
155 151
155 372
155 418
155 492
156 47
156 158
156 448
156 451
156 491
157 154
157 159
157 354
157 444
157 474
158 156
158 243
158 429
158 497
159 1
159 154
159 157
159 160
159 464
160 159
160 161
160 265
160 373
160 408
161 160
161 162
161 265
161 369
161 462
162 126
162 161
162 256
162 265
162 324
163 24
163 164
163 324
163 374
163 404
163 421
164 163
164 344
164 416
164 433
164 443
164 493
165 169
165 171
165 172
165 477
165 482
165 496
166 167
166 229
166 270
166 317
166 374
166 399
166 438
166 453
167 36
167 89
167 166
167 171
167 187
167 189
167 257
167 365
167 387
167 393
168 179
168 220
168 258
168 266
168 279
168 424
169 42
169 60
169 165
169 171
169 172
169 352
170 24
170 26
170 410
170 477
170 481
170 496
171 36
171 165
171 167
171 169
171 172
171 387
172 165
172 169
172 171
172 464
172 470
172 491
173 114
173 175
173 287
173 349
173 373
173 408
174 176
174 310
174 402
174 428
174 461
174 480
175 99
175 173
175 176
175 349
175 382
175 421
176 174
176 175
176 340
176 349
176 443
177 374
177 376
177 410
177 411
177 412
177 452
178 106
178 374
178 388
178 455
178 461
179 7
179 50
179 168
179 181
179 275
179 374
180 134
180 277
180 343
180 372
180 471
180 492
181 73
181 79
181 179
181 182
181 275
181 426
182 181
182 275
182 349
182 392
182 463
182 487
183 21
183 54
183 75
183 185
183 230
183 308
184 21
184 75
184 185
184 402
184 452
184 480
185 13
185 71
185 183
185 184
185 186
185 286
186 37
186 185
186 187
186 188
186 194
186 293
187 167
187 186
187 188
187 192
187 406
187 463
188 19
188 186
188 187
188 192
188 347
188 425
189 167
189 318
189 437
189 441
189 450
189 474
190 74
190 287
190 289
190 367
190 422
190 432
191 27
191 194
191 342
191 420
191 425
192 187
192 188
192 193
192 306
192 341
192 403
193 192
193 195
193 196
193 477
193 482
193 496
194 21
194 37
194 186
194 191
194 198
194 293
195 193
195 196
195 267
195 448
195 449
195 491
196 193
196 195
196 200
196 212
196 238
196 303
197 73
197 231
197 278
197 379
197 426
197 430
198 99
198 194
198 337
198 382
198 407
198 421
199 15
199 200
199 380
199 397
199 454
199 483
200 16
200 78
200 196
200 199
200 332
200 380
201 33
201 124
201 208
201 234
201 391
201 462
202 203
202 296
202 380
202 452
202 480
202 499
203 113
203 139
203 202
203 205
203 207
203 494
204 223
204 225
204 227
204 376
204 410
204 456
205 79
205 203
205 207
205 380
205 395
205 426
206 15
206 208
206 282
206 346
206 463
206 483
207 203
207 205
207 347
207 420
207 425
207 496
208 102
208 127
208 201
208 206
208 292
208 415
209 210
209 211
209 234
209 448
209 469
209 479
210 18
210 44
210 103
210 209
210 211
210 343
211 44
211 209
211 210
211 289
211 484
211 495
212 44
212 196
212 213
212 238
212 303
212 317
213 26
213 138
213 212
213 219
213 317
213 499
214 218
214 219
214 295
214 453
214 467
214 489
215 49
215 52
215 54
215 311
215 320
215 421
216 217
216 233
216 409
216 449
216 473
216 476
217 216
217 233
217 370
217 468
217 472
217 499
218 3
218 14
218 214
218 295
218 339
218 495
219 213
219 214
219 295
219 306
219 341
219 403
220 168
220 266
220 279
220 316
220 479
220 498
221 222
221 223
221 236
221 295
221 320
221 378
222 55
222 221
222 223
222 247
222 500
223 204
223 221
223 222
223 262
223 315
223 408
224 12
224 137
224 251
224 255
224 335
224 476
225 204
225 226
225 260
225 375
225 452
225 465
226 225
226 227
226 228
226 344
226 416
226 443
227 204
227 226
227 228
227 434
227 475
227 494
228 226
228 227
228 229
228 235
228 422
228 432
229 166
229 228
229 232
229 236
229 317
229 374
230 183
230 275
230 305
230 308
230 395
230 476
231 4
231 197
231 278
231 339
232 25
232 52
232 229
232 236
232 237
232 414
233 216
233 217
233 270
233 399
233 405
233 485
234 5
234 84
234 201
234 209
234 469
234 479
235 228
235 238
235 411
235 422
235 432
235 499
236 49
236 221
236 229
236 232
236 237
236 320
237 97
237 232
237 236
237 320
237 404
237 485
238 107
238 196
238 212
238 235
238 240
238 303
239 27
239 241
239 320
239 348
239 427
239 479
240 238
240 384
240 398
240 453
240 467
240 489
241 34
241 239
241 318
241 320
241 441
241 474
242 244
242 285
242 299
242 339
242 402
242 452
243 158
243 288
243 429
243 441
243 495
244 84
244 120
244 242
244 259
244 285
244 339
245 134
245 141
245 330
245 339
245 446
245 497
246 19
246 247
246 249
246 420
246 425
246 449
247 132
247 140
247 222
247 246
247 249
247 330
248 19
248 141
248 249
248 330
248 420
248 425
249 246
249 247
249 248
249 453
249 467
249 489
250 110
250 253
250 254
250 423
250 481
250 493
251 120
251 138
251 224
251 259
251 269
252 48
252 49
252 328
252 372
252 448
252 470
253 30
253 105
253 250
253 254
253 478
253 494
254 78
254 250
254 253
254 258
254 331
254 363
255 85
255 138
255 224
255 470
255 491
256 162
256 258
256 260
256 311
256 355
256 407
257 79
257 167
257 406
257 407
257 410
257 463
258 7
258 50
258 168
258 254
258 256
258 260
259 37
259 84
259 120
259 244
259 251
259 283
260 125
260 225
260 256
260 258
260 375
260 465
261 32
261 125
261 262
261 330
261 336
261 473
262 223
262 261
262 287
262 315
262 355
262 420
263 123
263 322
263 341
263 414
263 439
263 441
264 117
264 341
264 368
264 420
264 487
264 491
264 497
265 160
265 161
265 162
265 324
265 394
265 436
265 439
266 60
266 146
266 168
266 220
266 279
266 352
266 442
267 97
267 103
267 104
267 149
267 195
267 464
267 491
268 149
268 271
268 294
268 304
268 314
268 341
268 355
269 84
269 120
269 251
269 280
269 368
269 372
269 469
270 166
270 233
270 317
270 350
270 371
270 399
270 410
270 485
271 268
271 273
271 400
271 419
271 420
271 423
271 493
272 4
272 68
272 108
272 273
272 362
272 439
273 4
273 271
273 272
273 466
273 468
273 478
273 499
274 69
274 136
274 278
274 340
274 344
274 351
274 383
275 54
275 75
275 179
275 181
275 182
275 230
275 308
276 63
276 106
276 301
276 329
276 375
276 396
276 433
277 67
277 101
277 109
277 136
277 180
277 429
277 471
278 59
278 69
278 197
278 231
278 274
278 379
278 383
279 168
279 220
279 266
279 312
279 442
279 475
279 494
280 269
280 348
280 350
280 353
280 366
280 469
280 479
281 87
281 147
281 294
281 309
281 323
281 424
281 455
282 39
282 206
282 284
282 379
282 455
282 483
283 138
283 259
283 449
283 473
283 476
284 282
284 287
284 348
284 353
284 379
284 469
284 479
285 34
285 242
285 244
285 289
285 339
285 484
285 490
286 13
286 65
286 185
286 328
286 331
286 334
286 337
287 74
287 173
287 190
287 262
287 284
287 373
287 408
288 52
288 99
288 243
288 321
288 322
288 359
288 414
289 64
289 66
289 190
289 211
289 285
289 406
289 450
289 458
289 460
289 476
289 490
289 495
290 4
290 44
290 58
290 100
290 292
290 413
290 435
291 306
291 341
291 403
291 432
291 444
291 450
291 462
292 31
292 208
292 290
292 293
292 415
292 476
293 21
293 37
293 186
293 194
293 292
293 296
293 297
294 149
294 268
294 281
294 309
294 323
294 455
294 465
295 214
295 218
295 219
295 221
295 400
295 419
295 493
296 202
296 293
296 297
296 299
296 307
296 310
296 480
297 293
297 296
297 307
297 344
297 416
297 443
298 299
298 302
298 303
298 380
298 449
298 473
298 476
299 242
299 296
299 298
299 303
299 307
299 310
299 480
300 56
300 103
300 144
300 370
300 415
300 425
300 429
301 276
301 322
301 326
301 358
301 375
301 381
301 451
302 298
302 303
302 307
302 351
302 384
302 453
302 489
303 107
303 196
303 212
303 238
303 298
303 299
303 302
304 137
304 268
304 335
304 441
304 448
304 467
304 477
305 111
305 126
305 230
305 306
305 333
305 378
305 407
306 192
306 219
306 291
306 305
306 313
306 333
306 403
307 296
307 297
307 299
307 302
307 334
307 354
307 456
308 54
308 183
308 230
308 275
308 310
308 333
308 416
309 281
309 294
309 323
309 455
309 461
309 488
309 498
310 174
310 296
310 299
310 308
310 313
310 416
310 452
311 62
311 102
311 128
311 215
311 256
311 329
311 407
312 13
312 15
312 16
312 279
312 451
312 475
312 494
313 306
313 310
313 400
313 416
313 419
313 423
313 493
314 61
314 268
314 318
314 344
314 375
314 416
315 223
315 262
315 338
315 342
315 343
315 348
315 373
316 220
316 325
316 326
316 327
316 453
316 469
316 479
317 166
317 212
317 213
317 229
317 270
317 430
317 462
317 485
318 122
318 189
318 241
318 314
318 344
318 364
318 385
318 474
319 1
319 43
319 338
319 358
319 378
319 401
319 434
319 457
320 34
320 215
320 221
320 236
320 237
320 239
320 241
320 407
321 108
321 135
321 288
321 329
321 359
321 362
321 398
321 436
322 25
322 52
322 95
322 263
322 288
322 301
322 366
322 386
323 281
323 294
323 309
323 327
323 345
323 440
323 447
323 455
324 152
324 162
324 163
324 265
324 395
324 426
324 430
324 445
325 30
325 105
325 316
325 326
325 327
325 453
325 455
325 475
326 301
326 316
326 325
326 327
326 451
326 453
326 475
326 489
327 316
327 323
327 325
327 326
327 328
327 345
327 440
327 447
328 252
328 286
328 327
328 331
328 334
328 448
328 470
328 491
329 59
329 62
329 108
329 121
329 135
329 276
329 311
329 321
330 32
330 35
330 141
330 245
330 247
330 248
330 261
330 336
331 78
331 93
331 254
331 286
331 328
331 334
331 336
331 442
332 78
332 93
332 133
332 135
332 147
332 200
332 471
332 498
333 100
333 305
333 306
333 308
333 355
333 400
333 423
333 493
334 286
334 307
334 328
334 331
334 336
334 376
334 412
334 456
335 12
335 137
335 224
335 304
335 345
335 346
335 353
335 422
336 32
336 35
336 261
336 330
336 331
336 334
336 337
336 348
337 99
337 198
337 286
337 336
337 348
337 382
337 421
337 493
338 43
338 315
338 319
338 342
338 343
338 389
338 401
338 445
339 3
339 14
339 218
339 231
339 242
339 244
339 245
339 285
340 8
340 134
340 136
340 176
340 274
340 416
340 443
341 192
341 219
341 263
341 264
341 268
341 291
341 403
341 420
342 191
342 315
342 338
342 343
342 347
342 420
342 445
343 18
343 180
343 210
343 315
343 338
343 342
343 445
343 492
344 8
344 164
344 226
344 274
344 297
344 314
344 318
344 416
345 323
345 327
345 335
345 346
345 353
345 422
345 440
345 447
346 15
346 39
346 206
346 335
346 345
346 353
346 422
346 483
347 53
347 188
347 207
347 342
347 366
347 381
347 399
347 420
348 239
348 280
348 284
348 315
348 336
348 337
348 445
348 469
349 63
349 114
349 173
349 175
349 176
349 182
349 435
349 497
350 28
350 48
350 270
350 280
350 371
350 407
350 433
350 435
351 274
351 302
351 359
351 384
351 453
351 467
351 489
351 494
352 42
352 60
352 143
352 144
352 146
352 169
352 266
352 406
353 27
353 280
353 284
353 335
353 345
353 346
353 422
353 469
354 150
354 152
354 153
354 157
354 307
354 410
354 412
354 456
355 125
355 256
355 262
355 268
355 333
355 375
355 465
355 488
356 37
356 360
356 398
356 402
356 419
356 423
356 476
356 493
357 360
357 361
357 362
357 384
357 453
357 467
357 479
357 489
358 30
358 105
358 301
358 319
358 400
358 434
358 435
358 454
359 288
359 321
359 351
359 371
359 417
359 461
359 486
359 488
360 356
360 357
360 361
360 362
360 363
360 419
360 423
360 493
361 45
361 76
361 115
361 145
361 357
361 360
361 362
361 363
362 108
362 121
362 272
362 321
362 357
362 360
362 361
362 363
363 78
363 93
363 254
363 360
363 361
363 362
363 364
363 442
364 318
364 363
364 367
364 369
364 437
364 441
364 444
364 451
364 474
365 89
365 133
365 167
365 426
365 431
365 436
365 447
365 460
365 463
366 87
366 119
366 280
366 322
366 347
366 386
366 424
367 38
367 190
367 364
367 369
367 376
367 411
367 422
367 432
367 451
368 48
368 117
368 264
368 269
368 370
368 372
368 484
368 487
368 497
369 57
369 124
369 128
369 161
369 364
369 367
369 376
369 391
369 451
370 217
370 300
370 368
370 402
370 429
370 446
370 468
370 478
370 499
371 43
371 270
371 350
371 359
371 372
371 417
371 461
371 486
371 500
372 116
372 155
372 180
372 252
372 269
372 368
372 371
372 418
372 492
373 160
373 173
373 287
373 315
373 384
373 387
373 408
373 484
373 490
374 163
374 166
374 177
374 178
374 179
374 229
374 399
374 405
374 487
375 59
375 225
375 260
375 276
375 301
375 314
375 355
375 381
375 465
376 83
376 92
376 177
376 204
376 334
376 367
376 369
376 384
376 451
377 41
377 117
377 127
377 129
377 390
377 459
377 466
377 472
377 478
378 111
378 126
378 221
378 305
378 319
378 400
378 407
378 434
378 435
379 2
379 65
379 197
379 278
379 282
379 284
379 472
379 478
379 499
380 81
380 199
380 200
380 202
380 205
380 298
380 449
380 473
380 476
381 301
381 347
381 375
381 398
381 399
381 445
381 455
381 482
382 153
382 175
382 198
382 337
382 393
382 405
382 421
382 454
382 492
383 59
383 69
383 274
383 278
383 391
383 396
383 456
383 487
383 493
384 240
384 302
384 351
384 357
384 373
384 376
384 387
384 388
384 453
385 318
385 394
385 395
385 402
385 409
385 436
385 438
385 439
386 57
386 64
386 91
386 128
386 322
386 366
386 391
386 399
386 462
387 89
387 167
387 171
387 373
387 384
387 388
387 393
387 406
387 451
388 9
388 23
388 106
388 150
388 178
388 384
388 387
388 415
388 425
389 43
389 104
389 118
389 338
389 393
389 412
389 421
389 433
389 457
390 90
390 116
390 140
390 377
390 461
390 486
390 488
390 498
390 500
391 201
391 369
391 383
391 386
391 396
391 401
391 403
391 462
391 493
392 48
392 80
392 81
392 86
392 93
392 182
392 396
392 435
392 497
393 36
393 167
393 382
393 387
393 389
393 412
393 454
394 80
394 100
394 154
394 265
394 385
394 406
394 439
394 447
394 476
395 130
395 205
395 230
395 324
395 385
395 430
395 438
395 448
395 458
396 48
396 276
396 383
396 391
396 392
396 401
396 403
396 487
396 492
397 34
397 110
397 113
397 199
397 404
397 412
397 483
398 102
398 240
398 321
398 356
398 381
398 445
398 477
398 481
398 482
399 97
399 166
399 233
399 270
399 347
399 374
399 381
399 386
399 404
399 418
399 438
400 271
400 295
400 313
400 333
400 358
400 378
400 405
400 419
400 435
400 454
401 43
401 104
401 118
401 319
401 338
401 391
401 396
401 403
401 413
401 492
402 174
402 184
402 242
402 356
402 370
402 385
402 409
402 446
402 452
402 480
403 192
403 219
403 291
403 306
403 341
403 391
403 396
403 401
403 413
403 492
404 110
404 112
404 113
404 163
404 237
404 397
404 399
404 405
405 82
405 233
405 374
405 382
405 400
405 404
405 412
405 434
405 438
405 454
406 74
406 89
406 133
406 187
406 257
406 289
406 352
406 387
406 394
406 476
407 13
407 198
407 256
407 257
407 305
407 311
407 320
407 350
407 378
407 410
408 160
408 173
408 223
408 287
408 373
408 427
408 444
408 449
408 452
408 462
409 81
409 134
409 216
409 385
409 402
409 438
409 449
409 456
409 473
409 476
410 83
410 92
410 170
410 177
410 204
410 257
410 270
410 354
410 407
410 456
411 177
411 235
411 367
411 422
411 430
411 432
411 447
411 471
411 482
411 494
412 83
412 92
412 177
412 334
412 354
412 389
412 393
412 397
412 405
412 421
413 4
413 44
413 58
413 74
413 290
413 401
413 403
413 414
413 417
413 492
414 25
414 123
414 232
414 263
414 288
414 413
414 417
414 419
414 423
414 492
415 31
415 51
415 102
415 127
415 208
415 292
415 300
415 388
415 425
415 429
416 8
416 164
416 226
416 297
416 308
416 310
416 313
416 314
416 340
416 344
417 359
417 371
417 413
417 414
417 419
417 423
417 461
417 486
417 492
417 500
418 5
418 20
418 22
418 28
418 57
418 103
418 155
418 372
418 399
418 492
419 271
419 295
419 313
419 356
419 360
419 400
419 414
419 417
419 426
419 431
419 460
420 146
420 191
420 207
420 246
420 248
420 262
420 264
420 271
420 341
420 342
420 347
421 99
421 163
421 175
421 198
421 215
421 337
421 382
421 389
421 412
421 428
421 433
422 38
422 190
422 228
422 235
422 335
422 345
422 346
422 353
422 367
422 411
422 445
423 250
423 271
423 313
423 333
423 356
423 360
423 414
423 417
423 426
423 431
423 460
424 85
424 87
424 119
424 168
424 281
424 366
424 442
424 482
424 486
424 494
424 495
425 60
425 83
425 188
425 191
425 207
425 246
425 248
425 300
425 388
425 415
425 429
426 152
426 181
426 197
426 205
426 324
426 365
426 419
426 423
426 430
426 431
426 460
427 26
427 29
427 239
427 408
427 444
427 459
427 462
427 468
427 470
427 472
427 499
428 174
428 421
428 433
428 434
428 449
428 452
428 475
428 494
429 18
429 67
429 101
429 109
429 158
429 243
429 277
429 300
429 370
429 415
429 425
430 130
430 197
430 317
430 324
430 395
430 411
430 426
430 436
430 437
430 447
430 471
431 40
431 112
431 145
431 365
431 419
431 423
431 426
431 460
432 38
432 190
432 228
432 235
432 291
432 367
432 411
432 441
432 444
432 450
432 486
433 48
433 63
433 164
433 276
433 350
433 389
433 421
433 428
433 452
433 487
433 497
434 22
434 105
434 227
434 319
434 358
434 378
434 405
434 428
434 435
434 451
434 475
435 28
435 290
435 349
435 350
435 358
435 378
435 392
435 400
435 434
435 487
435 497
436 80
436 265
436 321
436 365
436 385
436 430
436 437
436 439
436 471
436 472
437 73
437 189
437 364
437 430
437 436
437 441
437 444
437 471
437 474
437 493
437 500
438 24
438 100
438 166
438 385
438 395
438 399
438 405
438 409
438 448
439 1
439 3
439 9
439 17
439 80
439 154
439 263
439 265
439 272
439 385
439 394
439 436
440 72
440 96
440 323
440 327
440 345
440 443
440 447
440 459
440 472
440 489
440 491
440 500
441 189
441 241
441 243
441 263
441 304
441 364
441 432
441 437
441 444
441 448
441 450
441 474
442 51
442 93
442 266
442 279
442 331
442 363
442 424
442 453
442 454
442 471
442 486
442 495
443 8
443 164
443 176
443 226
443 297
443 340
443 440
443 457
443 459
443 469
443 483
443 500
444 122
444 157
444 291
444 364
444 408
444 427
444 432
444 437
444 441
444 449
444 452
444 474
445 324
445 338
445 342
445 343
445 348
445 381
445 398
445 422
445 455
445 477
445 482
446 79
446 134
446 245
446 370
446 402
446 465
446 487
446 495
447 72
447 96
447 323
447 327
447 345
447 365
447 394
447 411
447 430
447 440
447 460
447 471
448 47
448 156
448 195
448 209
448 252
448 304
448 328
448 395
448 438
448 441
448 450
448 464
449 81
449 195
449 216
449 246
449 283
449 298
449 380
449 408
449 409
449 428
449 444
449 462
449 473
450 14
450 189
450 289
450 291
450 432
450 441
450 448
450 458
450 462
450 484
450 490
450 495
451 105
451 131
451 156
451 301
451 312
451 326
451 364
451 367
451 369
451 376
451 387
451 434
451 475
452 114
452 177
452 184
452 202
452 225
452 242
452 310
452 402
452 408
452 428
452 433
452 444
452 480
453 166
453 214
453 240
453 249
453 302
453 316
453 325
453 326
453 351
453 357
453 384
453 442
453 492
454 16
454 78
454 199
454 358
454 382
454 393
454 400
454 405
454 442
455 178
455 281
455 282
455 294
455 309
455 323
455 325
455 381
455 445
455 477
455 481
455 482
455 496
456 204
456 307
456 334
456 354
456 383
456 409
456 410
456 465
456 479
456 484
456 487
456 493
456 495
457 43
457 319
457 389
457 443
457 459
457 469
457 473
457 478
457 483
458 289
458 395
458 450
458 465
458 467
458 470
458 475
458 477
458 484
458 490
458 495
458 498
459 41
459 377
459 427
459 440
459 443
459 457
459 466
459 468
459 469
459 472
459 478
459 483
459 500
460 289
460 365
460 419
460 423
460 426
460 431
460 447
460 484
460 490
460 495
461 91
461 94
461 96
461 98
461 142
461 174
461 178
461 309
461 359
461 371
461 390
461 417
461 488
461 500
462 33
462 91
462 128
462 147
462 161
462 201
462 291
462 317
462 386
462 391
462 408
462 427
462 449
462 450
463 72
463 77
463 82
463 88
463 182
463 187
463 206
463 257
463 365
464 1
464 159
464 172
464 267
464 448
464 466
464 468
464 470
464 480
464 485
464 488
464 491
464 496
464 499
465 61
465 149
465 225
465 260
465 294
465 355
465 375
465 446
465 456
465 458
465 479
465 484
465 487
465 498
466 2
466 10
466 273
466 377
466 459
466 464
466 468
466 472
466 480
466 485
466 496
466 499
467 88
467 129
467 141
467 214
467 240
467 249
467 304
467 351
467 357
467 458
467 470
467 474
467 475
467 477
467 498
468 10
468 217
468 273
468 370
468 427
468 459
468 464
468 466
468 472
468 481
468 485
468 488
468 490
468 496
468 497
469 209
469 234
469 269
469 280
469 284
469 316
469 348
469 353
469 443
469 457
469 459
469 473
469 478
469 479
469 483
470 47
470 85
470 172
470 252
470 255
470 328
470 427
470 458
470 464
470 467
470 474
470 475
470 477
470 491
470 498
471 78
471 180
471 277
471 332
471 411
471 430
471 436
471 437
471 442
471 447
472 217
472 377
472 379
472 427
472 436
472 440
472 459
472 466
472 468
472 478
472 481
472 489
472 490
472 491
472 497
472 500
473 81
473 98
473 216
473 261
473 283
473 298
473 380
473 409
473 449
473 457
473 469
473 474
473 475
473 476
473 478
473 483
474 122
474 135
474 157
474 189
474 241
474 318
474 364
474 437
474 441
474 444
474 467
474 470
474 473
474 475
474 477
474 478
475 39
475 227
475 279
475 312
475 325
475 326
475 428
475 434
475 451
475 458
475 467
475 470
475 473
475 474
475 477
475 478
476 81
476 98
476 126
476 216
476 224
476 230
476 283
476 289
476 292
476 298
476 356
476 380
476 394
476 406
476 409
476 473
477 6
477 33
477 165
477 170
477 193
477 304
477 398
477 445
477 455
477 458
477 467
477 470
477 474
477 475
477 482
477 498
478 10
478 59
478 253
478 273
478 370
478 377
478 379
478 457
478 459
478 469
478 472
478 473
478 474
478 475
478 483
478 499
479 27
479 209
479 220
479 234
479 239
479 280
479 284
479 316
479 357
479 456
479 465
479 469
479 484
479 487
479 493
479 498
480 114
480 174
480 184
480 202
480 296
480 299
480 402
480 452
480 464
480 466
480 485
480 496
480 499
481 6
481 46
481 62
481 136
481 170
481 250
481 398
481 455
481 468
481 472
481 488
481 489
481 490
481 491
481 496
481 497
482 46
482 101
482 114
482 165
482 193
482 381
482 398
482 411
482 424
482 445
482 455
482 477
482 492
482 494
482 495
482 496
483 15
483 27
483 34
483 39
483 199
483 206
483 282
483 346
483 397
483 443
483 457
483 459
483 469
483 473
483 478
483 497
484 17
484 64
484 66
484 211
484 285
484 368
484 373
484 450
484 456
484 458
484 460
484 465
484 479
484 487
484 490
484 493
484 498
485 20
485 24
485 82
485 97
485 148
485 233
485 237
485 270
485 317
485 464
485 466
485 468
485 480
485 488
485 496
485 499
486 71
486 76
486 359
486 371
486 390
486 417
486 424
486 432
486 442
486 487
486 488
486 494
486 495
486 498
486 500
487 48
487 182
487 264
487 368
487 374
487 383
487 396
487 433
487 435
487 446
487 456
487 465
487 479
487 484
487 486
487 493
487 497
488 53
488 70
488 86
488 142
488 309
488 355
488 359
488 390
488 461
488 464
488 468
488 481
488 485
488 486
488 490
488 496
488 497
489 88
489 129
489 141
489 214
489 240
489 249
489 302
489 326
489 351
489 357
489 440
489 472
489 481
489 490
489 491
489 497
489 500
490 285
490 289
490 373
490 450
490 458
490 460
490 468
490 472
490 481
490 484
490 488
490 489
490 491
490 495
490 497
491 47
491 156
491 172
491 195
491 255
491 264
491 267
491 328
491 440
491 464
491 470
491 472
491 481
491 489
491 490
491 494
491 497
491 500
492 5
492 18
492 103
492 116
492 155
492 180
492 343
492 372
492 382
492 396
492 401
492 403
492 413
492 414
492 417
492 418
492 453
492 482
493 100
493 110
493 164
493 250
493 271
493 295
493 313
493 333
493 337
493 356
493 360
493 383
493 391
493 437
493 456
493 479
493 484
493 487
494 20
494 68
494 105
494 131
494 139
494 151
494 203
494 227
494 253
494 279
494 312
494 351
494 411
494 424
494 428
494 482
494 486
494 491
495 5
495 17
495 64
495 66
495 211
495 218
495 243
495 289
495 424
495 442
495 446
495 450
495 456
495 458
495 460
495 482
495 486
495 490
496 6
496 46
496 62
496 136
496 165
496 170
496 193
496 207
496 455
496 464
496 466
496 468
496 480
496 481
496 482
496 485
496 488
496 499
497 48
497 158
497 245
497 264
497 349
497 368
497 392
497 433
497 435
497 468
497 472
497 481
497 483
497 487
497 488
497 489
497 490
497 491
497 500
498 3
498 22
498 53
498 70
498 77
498 86
498 125
498 142
498 220
498 309
498 332
498 390
498 458
498 465
498 467
498 470
498 477
498 479
498 484
498 486
499 26
499 29
499 41
499 202
499 213
499 217
499 235
499 273
499 370
499 379
499 427
499 464
499 466
499 478
499 480
499 485
499 496
500 22
500 53
500 70
500 77
500 86
500 125
500 150
500 222
500 371
500 390
500 417
500 437
500 440
500 443
500 459
500 461
500 472
500 486
500 489
500 491
500 497
