1 110
1 249
1 253
1 261
1 295
2 101
2 290
2 380
2 384
2 426
3 179
3 181
3 235
3 331
3 368
4 37
4 38
4 42
4 279
4 437
5 7
5 25
5 426
5 487
5 493
6 89
6 90
6 119
6 234
6 442
7 5
7 330
7 468
7 472
7 488
7 489
8 214
8 320
8 345
8 448
8 491
9 345
9 384
9 391
9 415
9 482
10 11
10 223
10 328
10 345
10 413
10 449
11 10
11 13
11 297
11 369
11 379
12 307
12 324
12 374
12 410
12 419
13 11
13 112
13 213
13 357
13 410
14 16
14 230
14 436
14 477
14 494
15 17
15 318
15 339
15 470
15 496
16 14
16 200
16 339
16 389
16 410
17 15
17 58
17 339
17 476
17 477
18 19
18 139
18 322
18 341
18 422
19 18
19 108
19 175
19 339
19 359
20 87
20 204
20 264
20 265
20 319
21 22
21 23
21 223
21 328
21 413
22 21
22 23
22 287
22 382
22 405
23 21
23 22
23 481
23 489
23 496
24 27
24 81
24 125
24 219
24 378
24 397
24 437
25 5
25 41
25 64
25 65
25 487
26 48
26 423
26 445
26 479
26 497
27 24
27 230
27 436
27 437
27 494
28 185
28 316
28 322
28 462
28 471
29 30
29 437
29 470
29 489
29 496
30 29
30 441
30 449
30 455
30 500
31 32
31 267
31 276
31 330
31 390
31 488
32 31
32 126
32 276
32 424
32 447
33 34
33 276
33 391
33 401
33 482
34 33
34 35
34 313
34 395
34 471
35 34
35 36
35 231
35 343
35 422
36 35
36 37
36 371
36 421
36 428
37 4
37 36
37 439
37 478
37 485
38 4
38 95
38 244
38 279
38 409
39 40
39 50
39 79
39 93
39 334
39 342
39 343
40 39
40 343
40 408
40 439
40 485
41 25
41 42
41 343
41 450
41 487
42 4
42 41
42 43
42 70
42 73
42 208
42 256
42 293
42 411
42 467
43 42
43 44
43 297
43 369
43 379
44 43
44 416
44 481
44 489
44 496
45 46
45 234
45 356
45 453
45 466
46 45
46 47
46 223
46 328
46 413
47 46
47 326
47 340
47 394
47 402
47 456
48 26
48 98
48 158
48 298
48 423
49 96
49 292
49 314
49 450
49 493
50 39
50 51
50 79
50 93
50 334
50 342
50 482
51 50
51 470
51 481
51 495
51 496
52 54
52 172
52 238
52 312
52 458
52 488
53 80
53 418
53 453
53 466
53 488
54 52
54 80
54 159
54 165
54 306
55 59
55 140
55 187
55 287
55 388
56 116
56 221
56 287
56 455
56 500
57 58
57 86
57 87
57 204
57 205
57 221
57 429
58 17
58 57
58 221
58 476
58 477
59 55
59 62
59 140
59 173
59 345
60 61
60 62
60 382
60 405
60 430
61 60
61 230
61 432
61 436
61 460
61 494
62 59
62 60
62 230
62 436
62 494
63 64
63 169
63 466
63 476
63 477
64 25
64 63
64 124
64 339
64 389
65 25
65 66
65 406
65 460
65 490
66 65
66 67
66 242
66 248
66 261
66 268
67 66
67 68
67 275
68 67
68 69
68 470
68 489
68 496
69 68
69 193
69 301
69 315
69 483
70 42
70 113
70 411
70 437
71 72
71 73
71 481
71 489
71 496
72 71
72 73
72 83
72 96
72 229
72 251
73 42
73 71
73 72
73 293
74 75
74 84
74 250
74 451
74 469
75 74
75 123
75 233
75 250
75 491
76 79
76 200
76 339
76 359
76 389
77 81
77 98
77 279
77 403
77 445
78 79
78 132
78 143
78 250
78 264
78 385
79 39
79 50
79 76
79 78
79 334
80 53
80 54
80 193
80 287
80 315
81 24
81 77
81 98
81 99
81 378
82 83
82 291
82 353
82 387
82 443
83 72
83 82
83 228
83 255
83 450
84 74
84 228
84 232
84 451
84 454
85 86
85 126
85 232
85 424
85 447
86 57
86 85
86 87
86 204
86 367
87 20
87 57
87 86
87 204
87 205
87 238
87 367
87 384
87 429
88 89
88 159
88 165
88 238
88 306
89 6
89 88
89 112
89 144
89 213
90 6
90 91
90 142
90 151
90 333
91 90
91 93
91 401
91 452
91 482
92 94
92 157
92 323
92 340
92 490
93 39
93 50
93 91
93 94
93 342
94 92
94 93
94 117
94 189
94 227
94 269
95 38
95 96
95 216
95 409
95 465
96 49
96 72
96 95
96 229
96 309
97 101
97 170
97 278
97 309
97 474
98 48
98 77
98 81
98 479
98 497
99 81
99 122
99 130
99 185
99 458
100 294
100 431
100 439
100 478
100 485
101 2
101 97
101 132
101 290
101 294
102 103
102 273
102 294
102 393
102 405
103 102
103 481
103 489
103 494
103 496
104 106
104 107
104 175
104 222
104 359
105 237
105 263
105 299
105 380
105 405
106 104
106 107
106 167
106 183
106 320
106 361
106 448
107 104
107 106
107 110
107 249
107 295
108 19
108 109
108 110
108 175
108 359
109 108
109 110
109 142
109 233
109 446
110 1
110 107
110 108
110 109
110 249
110 295
111 144
111 150
111 153
111 213
111 321
111 338
111 370
111 404
111 426
111 489
112 13
112 89
112 114
112 308
112 404
113 70
113 180
113 186
113 239
113 332
113 394
114 112
114 281
114 335
114 364
114 469
115 116
115 150
115 426
115 437
115 459
116 56
116 115
116 117
116 455
116 500
117 94
117 116
117 189
117 227
117 497
118 160
118 395
118 431
118 494
118 500
119 6
119 123
119 303
119 349
119 442
120 314
120 351
120 398
120 434
120 493
121 123
121 229
121 255
121 349
121 377
122 99
122 130
122 219
122 444
122 497
123 75
123 119
123 121
123 151
123 491
124 64
124 125
124 232
124 333
124 389
125 24
125 124
125 333
125 378
125 397
126 32
126 85
126 129
126 243
126 333
127 156
127 157
127 409
128 129
128 134
128 260
128 420
128 447
129 126
129 128
129 217
129 273
129 287
129 382
129 393
129 405
130 99
130 122
130 145
130 219
130 442
131 133
131 134
131 250
131 421
131 428
132 78
132 101
132 138
132 143
132 288
133 131
133 134
133 441
133 498
133 500
134 128
134 131
134 133
134 424
134 447
135 259
135 318
135 401
135 415
135 452
135 482
136 259
136 318
136 435
136 479
136 497
137 138
137 275
137 288
137 346
137 363
138 132
138 137
138 209
138 251
138 350
139 18
139 140
139 141
139 272
139 322
139 341
139 358
140 55
140 59
140 139
140 141
140 173
140 187
141 139
141 140
141 230
141 436
141 494
142 90
142 109
142 143
142 233
142 280
142 292
142 333
142 387
142 437
142 443
142 446
142 491
143 78
143 132
143 142
143 385
143 482
144 89
144 111
144 146
144 150
144 153
144 357
144 484
145 130
145 148
145 303
145 442
145 493
146 144
146 148
146 223
146 328
146 413
147 219
147 404
147 406
147 478
147 485
148 145
148 146
148 395
148 462
148 471
149 224
149 304
149 369
149 441
149 498
150 111
150 115
150 144
150 153
150 357
150 421
150 459
150 464
151 90
151 123
151 155
151 231
151 491
152 186
152 216
152 409
152 468
152 500
153 111
153 144
153 150
153 165
153 166
153 213
153 321
153 357
153 404
154 155
154 231
154 475
154 484
154 486
155 151
155 154
155 170
155 335
155 469
156 127
156 158
156 415
156 452
156 482
157 92
157 127
157 158
157 259
157 490
158 48
158 156
158 157
158 199
158 276
158 298
159 54
159 88
159 161
159 165
159 196
159 492
160 118
160 179
160 180
160 331
160 498
161 159
161 163
161 461
161 473
161 480
162 188
162 425
162 470
162 489
162 496
163 161
163 188
163 351
163 398
163 434
164 165
164 188
164 415
164 452
164 482
165 54
165 88
165 153
165 159
165 164
165 196
166 153
166 167
166 275
166 346
166 363
167 106
167 166
167 214
167 361
167 378
167 448
168 169
168 444
168 479
168 496
168 497
169 63
169 168
169 170
169 476
169 477
170 97
170 155
170 169
170 171
170 474
171 170
171 326
171 415
171 452
171 482
172 52
172 185
172 223
172 228
172 246
173 59
173 140
173 187
173 326
173 367
174 175
174 181
174 258
174 414
174 442
175 19
175 104
175 108
175 174
175 176
175 222
176 175
176 177
176 311
176 375
176 477
177 176
177 178
177 223
177 449
177 457
178 177
178 366
178 368
178 470
178 489
179 3
179 160
179 225
179 468
179 472
180 113
180 160
180 181
181 3
181 174
181 180
181 303
181 442
182 183
182 226
182 264
182 385
182 427
182 499
183 106
183 182
183 187
183 320
183 361
183 448
184 251
184 253
184 277
184 439
184 478
184 485
185 28
185 99
185 172
185 322
185 376
185 458
186 113
186 152
186 190
186 332
186 394
186 404
187 55
187 140
187 173
187 183
187 189
188 162
188 163
188 164
188 319
188 462
188 471
189 94
189 117
189 187
189 227
189 269
189 358
190 186
190 195
190 404
190 418
190 453
190 466
191 194
191 266
191 355
191 468
191 472
191 488
192 242
192 251
192 259
192 277
192 323
192 420
193 69
193 80
193 194
193 301
193 315
193 337
194 191
194 193
194 435
194 444
194 479
194 497
195 190
195 199
195 203
195 340
195 402
195 456
196 159
196 165
196 197
196 198
196 306
197 196
197 198
197 309
197 408
197 414
197 485
198 196
198 197
198 202
198 294
198 421
198 428
199 158
199 195
199 203
199 205
199 276
199 298
200 16
200 76
200 349
200 386
200 395
200 447
201 346
201 363
201 381
201 388
201 394
201 416
202 198
202 204
202 215
202 241
202 313
202 428
203 195
203 199
203 205
203 313
203 462
203 471
204 20
204 57
204 86
204 87
204 202
204 205
204 313
204 425
205 57
205 87
205 199
205 203
205 204
205 207
206 212
206 309
206 313
206 408
206 414
206 478
207 205
207 208
207 209
207 307
207 324
207 374
208 42
208 207
208 209
208 411
208 437
208 449
209 138
209 207
209 208
209 251
209 350
209 449
210 215
210 218
210 449
210 461
210 473
210 480
211 337
211 351
211 407
211 420
211 484
211 490
212 206
212 326
212 351
212 402
212 456
213 13
213 89
213 111
213 153
213 214
213 351
214 8
214 167
214 213
214 328
214 361
215 202
215 210
215 218
215 371
215 428
215 449
216 95
216 152
216 222
216 244
216 328
216 409
217 129
217 224
217 242
217 393
217 421
217 433
218 210
218 215
218 233
218 418
218 453
218 466
219 24
219 122
219 130
219 147
219 378
219 406
220 222
220 328
220 370
220 410
220 484
220 486
221 56
221 57
221 58
221 461
221 473
221 480
222 104
222 175
222 216
222 220
222 359
223 10
223 21
223 46
223 146
223 172
223 177
223 265
223 270
224 149
224 217
224 330
224 382
224 430
224 451
225 179
225 226
225 235
225 468
225 472
225 500
226 182
226 225
226 233
226 235
226 264
226 427
227 94
227 117
227 189
227 230
227 269
227 305
228 83
228 84
228 172
228 232
228 312
228 458
229 72
229 96
229 121
229 230
229 251
229 255
229 305
229 362
229 377
229 423
229 450
229 493
230 14
230 27
230 61
230 62
230 141
230 227
230 229
230 236
230 245
230 277
230 289
230 416
230 417
230 494
231 35
231 151
231 154
231 343
231 454
231 479
232 84
232 85
232 124
232 228
232 339
232 389
233 75
233 109
233 142
233 218
233 226
233 235
234 6
234 45
234 258
234 381
234 416
234 442
235 3
235 225
235 226
235 233
235 302
235 498
236 230
236 239
236 436
236 480
236 494
236 500
237 105
237 240
237 247
237 263
237 264
238 52
238 87
238 88
238 246
238 367
238 458
239 113
239 236
239 241
239 243
239 332
239 394
240 237
240 310
240 337
240 347
240 478
240 490
241 202
241 239
241 243
241 294
241 421
241 480
242 66
242 192
242 217
242 248
242 261
242 268
243 126
243 239
243 241
243 390
243 424
243 447
244 38
244 216
244 246
244 390
244 409
244 478
245 230
245 246
245 249
245 254
245 436
245 494
246 172
246 238
246 244
246 245
246 390
246 458
247 237
247 277
247 310
247 396
247 406
247 407
248 66
248 242
248 274
248 310
248 311
248 396
249 1
249 107
249 110
249 245
249 252
249 258
250 74
250 75
250 78
250 131
250 421
250 428
251 72
251 138
251 184
251 192
251 209
251 229
251 350
251 362
251 377
251 392
251 423
251 450
252 249
252 258
252 307
252 324
252 374
252 498
253 1
253 184
253 279
253 308
253 327
253 336
254 245
254 258
254 297
254 369
254 379
254 390
255 83
255 121
255 229
255 302
255 315
255 417
256 42
256 273
256 278
256 411
256 437
256 441
257 261
257 288
257 346
257 465
257 475
257 484
257 486
258 174
258 234
258 249
258 252
258 254
258 303
259 135
259 136
259 157
259 192
259 318
259 490
260 128
260 262
260 268
260 271
260 424
260 447
261 1
261 66
261 242
261 257
261 274
262 260
262 268
262 271
262 475
262 484
262 486
263 105
263 237
263 264
263 319
263 329
263 376
264 20
264 78
264 182
264 226
264 237
264 263
264 265
264 290
264 376
264 380
264 385
264 427
264 495
265 20
265 223
265 264
265 449
265 457
266 191
266 269
266 330
266 416
266 468
266 472
267 31
267 269
267 330
267 390
267 448
268 66
268 242
268 260
268 262
268 271
268 274
269 94
269 189
269 227
269 266
269 267
270 223
270 320
270 321
270 323
270 328
270 413
271 260
271 262
271 268
271 468
271 472
271 488
272 139
272 292
272 341
272 382
273 102
273 129
273 256
273 275
273 278
273 433
274 248
274 261
274 268
274 286
274 302
274 317
275 67
275 137
275 166
275 273
275 278
275 363
275 466
276 31
276 32
276 33
276 158
276 199
276 298
277 184
277 192
277 230
277 247
277 432
277 494
278 97
278 256
278 273
278 275
278 419
278 469
278 474
279 4
279 38
279 77
279 253
279 308
279 327
279 336
279 403
279 450
280 142
280 281
280 283
280 284
280 443
280 491
280 492
281 114
281 280
281 283
281 284
281 422
281 454
281 474
282 283
282 380
282 389
282 445
282 476
282 480
282 483
283 280
283 281
283 282
283 284
283 364
283 375
283 412
283 445
283 476
283 483
284 280
284 281
284 283
284 316
284 367
284 373
284 383
285 289
285 293
285 297
285 408
285 414
285 439
285 478
286 274
286 401
286 417
286 447
286 452
286 482
287 22
287 55
287 56
287 80
287 129
287 393
287 405
288 132
288 137
288 257
288 299
288 475
288 484
288 486
289 230
289 285
289 293
289 297
289 416
289 432
289 494
290 2
290 101
290 264
290 291
290 335
290 374
290 482
291 82
291 290
291 335
291 374
291 443
291 482
291 491
292 49
292 142
292 272
292 333
292 387
292 443
292 491
293 42
293 73
293 285
293 289
293 297
294 100
294 101
294 102
294 198
294 241
294 371
294 421
295 1
295 107
295 110
295 353
295 359
295 399
296 319
296 341
296 342
296 429
296 462
296 471
297 11
297 43
297 254
297 285
297 289
297 293
297 354
297 360
297 369
298 48
298 158
298 199
298 276
298 300
298 303
298 400
299 105
299 288
299 400
299 415
299 418
299 453
299 466
300 298
300 303
300 400
300 402
300 456
301 69
301 193
301 307
301 315
301 436
301 490
302 235
302 255
302 274
302 417
302 431
302 498
302 500
303 119
303 145
303 181
303 258
303 298
303 300
303 400
304 149
304 306
304 331
304 396
304 400
304 455
304 498
305 227
305 229
305 373
305 381
305 383
305 425
305 464
306 54
306 88
306 196
306 304
306 310
306 396
307 12
307 207
307 252
307 301
307 324
307 344
307 436
308 112
308 253
308 279
308 327
308 336
308 364
308 370
309 96
309 97
309 197
309 206
309 408
309 443
309 478
310 240
310 247
310 248
310 306
310 347
310 373
310 396
311 176
311 248
311 312
311 315
311 412
311 477
311 483
312 52
312 228
312 311
312 315
312 458
312 485
313 34
313 202
313 203
313 204
313 206
313 349
313 471
314 49
314 120
314 324
314 351
314 352
314 398
314 434
315 69
315 80
315 193
315 255
315 301
315 311
315 312
316 28
316 284
316 322
316 363
316 381
316 383
316 464
317 274
317 320
317 447
317 468
317 472
317 488
318 15
318 135
318 136
318 259
318 366
318 481
318 489
319 20
319 188
319 263
319 296
319 329
319 349
319 462
320 8
320 106
320 183
320 270
320 317
320 321
320 448
321 111
321 153
321 270
321 320
321 338
321 447
321 459
322 18
322 28
322 139
322 185
322 316
322 341
322 358
323 92
323 192
323 270
323 325
323 327
323 347
323 460
324 12
324 207
324 252
324 307
324 314
324 330
324 374
325 323
325 327
325 435
325 444
325 479
325 493
325 497
326 47
326 171
326 173
326 212
326 402
326 410
326 456
327 253
327 279
327 308
327 323
327 325
327 332
327 403
328 10
328 21
328 46
328 146
328 214
328 216
328 220
328 270
328 413
328 449
328 457
329 263
329 319
329 438
329 463
329 473
329 480
329 494
330 7
330 31
330 224
330 266
330 267
330 324
330 390
331 3
331 160
331 304
331 369
331 417
331 431
331 498
332 113
332 186
332 239
332 327
332 334
332 338
332 394
333 90
333 124
333 125
333 126
333 142
333 292
333 387
333 446
334 39
334 50
334 79
334 332
334 338
334 379
335 114
335 155
335 290
335 291
335 374
335 454
335 474
335 482
336 253
336 279
336 308
336 352
336 357
336 403
336 465
336 474
337 193
337 211
337 240
337 355
337 358
337 407
337 460
337 490
338 111
338 321
338 332
338 334
338 379
338 426
339 15
339 16
339 17
339 19
339 64
339 76
339 232
339 389
340 47
340 92
340 195
340 393
340 395
340 397
340 402
340 456
341 18
341 139
341 272
341 296
341 322
341 342
341 358
341 379
342 39
342 50
342 93
342 296
342 341
342 379
343 35
343 39
343 40
343 41
343 231
343 451
343 469
343 474
344 307
344 345
344 354
344 380
344 402
344 455
344 498
344 500
345 8
345 9
345 10
345 59
345 344
345 441
345 455
345 500
346 137
346 166
346 201
346 257
346 354
346 363
346 378
346 382
347 240
347 310
347 323
347 348
347 420
347 429
347 460
347 468
348 347
348 364
348 375
348 412
348 429
348 476
348 483
348 484
349 119
349 121
349 200
349 313
349 319
349 395
349 462
350 138
350 209
350 251
350 356
350 360
350 361
351 120
351 163
351 211
351 212
351 213
351 314
351 352
351 434
352 314
352 336
352 351
352 357
352 398
352 434
352 465
352 482
353 82
353 295
353 397
353 399
353 410
353 465
353 484
353 486
354 297
354 344
354 346
354 360
354 369
354 379
354 382
355 191
355 337
355 358
355 368
355 435
355 444
355 497
356 45
356 350
356 361
356 400
356 418
356 453
356 466
356 496
357 13
357 144
357 150
357 153
357 336
357 352
357 365
357 465
358 139
358 189
358 322
358 337
358 341
358 355
359 19
359 76
359 104
359 108
359 222
359 295
359 381
359 457
360 297
360 350
360 354
360 361
360 379
360 429
361 106
361 167
361 183
361 214
361 350
361 356
361 360
361 448
362 229
362 251
362 363
362 376
362 383
362 392
362 423
362 487
363 137
363 166
363 201
363 275
363 316
363 346
363 362
363 383
364 114
364 283
364 308
364 348
364 370
364 412
364 445
364 483
365 357
365 366
365 435
365 444
365 452
365 465
365 479
365 497
366 178
366 318
366 365
366 372
366 375
366 452
366 470
366 496
367 86
367 87
367 173
367 238
367 284
367 381
367 383
367 464
368 3
368 178
368 355
368 435
368 444
368 486
368 497
369 11
369 43
369 149
369 254
369 297
369 331
369 354
370 111
370 220
370 308
370 364
370 410
370 465
370 484
370 486
371 36
371 215
371 294
371 407
371 408
371 427
371 428
371 444
371 464
372 366
372 375
372 452
372 465
372 475
372 477
372 484
372 486
373 284
373 305
373 310
373 383
373 412
373 441
373 464
373 485
373 496
374 12
374 207
374 252
374 290
374 291
374 324
374 335
374 474
374 500
375 176
375 283
375 348
375 366
375 372
375 398
375 452
375 477
375 483
376 185
376 263
376 264
376 362
376 380
376 383
376 385
376 427
376 495
377 121
377 229
377 251
377 392
377 420
377 423
377 439
377 448
377 451
378 24
378 81
378 125
378 167
378 219
378 346
378 397
378 425
378 433
379 11
379 43
379 254
379 334
379 338
379 341
379 342
379 354
379 360
380 2
380 105
380 264
380 282
380 344
380 376
380 389
380 402
380 427
381 201
381 234
381 305
381 316
381 359
381 367
381 383
381 399
381 464
382 22
382 60
382 129
382 224
382 272
382 346
382 354
382 433
382 436
383 284
383 305
383 316
383 362
383 363
383 367
383 373
383 376
383 381
383 464
384 2
384 9
384 87
384 425
384 426
384 433
385 78
385 143
385 182
385 264
385 376
385 398
385 452
385 465
385 477
386 200
386 393
386 405
386 415
386 438
386 461
386 463
386 473
386 480
387 82
387 142
387 292
387 333
387 428
387 435
387 438
387 443
387 446
387 451
387 491
388 55
388 201
388 394
388 399
388 448
389 16
389 64
389 76
389 124
389 232
389 282
389 339
389 380
389 402
390 31
390 243
390 244
390 246
390 254
390 267
390 330
390 468
390 488
391 9
391 33
391 392
391 401
391 403
391 408
391 415
391 452
391 464
392 251
392 362
392 377
392 391
392 398
392 403
392 423
392 477
392 493
393 102
393 129
393 217
393 287
393 340
393 386
393 395
393 397
393 433
394 47
394 113
394 186
394 201
394 239
394 332
394 388
394 423
395 34
395 118
395 148
395 200
395 340
395 349
395 393
395 462
395 471
396 247
396 248
396 304
396 306
396 310
396 406
396 407
396 454
396 460
397 24
397 125
397 340
397 353
397 378
397 393
397 480
398 120
398 163
398 314
398 352
398 375
398 385
398 392
398 434
398 477
399 295
399 353
399 381
399 388
399 438
399 461
399 463
399 473
399 480
400 298
400 299
400 300
400 303
400 304
400 356
400 418
400 453
400 466
401 33
401 91
401 135
401 286
401 391
401 424
401 467
401 490
401 492
401 497
402 47
402 195
402 212
402 300
402 326
402 340
402 344
402 380
402 389
402 456
403 77
403 279
403 327
403 336
403 391
403 392
403 407
403 477
404 111
404 112
404 147
404 153
404 186
404 190
404 406
405 22
405 60
405 102
405 105
405 129
405 287
405 386
405 415
405 421
405 433
406 65
406 147
406 219
406 247
406 396
406 404
406 420
406 432
406 460
406 490
407 211
407 247
407 337
407 371
407 396
407 403
407 408
407 460
407 464
407 490
408 40
408 197
408 206
408 285
408 309
408 371
408 391
408 407
408 464
408 485
409 38
409 95
409 127
409 152
409 216
409 244
409 411
409 427
409 444
409 490
410 12
410 13
410 16
410 220
410 326
410 353
410 370
410 465
410 475
410 486
411 42
411 70
411 208
411 256
411 409
411 427
411 437
411 444
411 467
411 493
412 283
412 311
412 348
412 364
412 373
412 441
412 446
412 477
412 483
412 484
413 10
413 21
413 46
413 146
413 270
413 328
413 418
413 435
413 438
413 493
414 174
414 197
414 206
414 285
414 420
414 439
414 443
414 448
414 485
414 492
415 9
415 135
415 156
415 164
415 171
415 299
415 386
415 391
415 405
415 433
416 44
416 201
416 230
416 234
416 266
416 289
416 417
416 432
416 499
417 230
417 255
417 286
417 302
417 331
417 416
417 432
417 447
417 499
418 53
418 190
418 218
418 299
418 356
418 400
418 413
418 428
418 435
418 466
418 493
419 12
419 278
419 422
419 431
419 443
419 451
419 454
419 469
419 470
419 474
419 479
420 128
420 192
420 211
420 347
420 377
420 406
420 414
420 443
420 448
420 460
420 490
421 36
421 131
421 150
421 198
421 217
421 241
421 250
421 294
421 405
421 433
421 442
422 18
422 35
422 281
422 419
422 440
422 450
422 451
422 454
422 460
422 469
422 479
423 26
423 48
423 229
423 251
423 362
423 377
423 392
423 394
423 432
423 445
423 450
424 32
424 85
424 134
424 243
424 260
424 401
424 434
424 447
424 467
424 490
424 492
425 162
425 204
425 305
425 378
425 384
425 429
425 433
425 446
426 2
426 5
426 111
426 115
426 338
426 384
426 479
427 182
427 226
427 264
427 371
427 376
427 380
427 409
427 411
427 444
427 493
427 495
428 36
428 131
428 198
428 202
428 215
428 250
428 371
428 387
428 418
428 435
428 438
429 57
429 87
429 296
429 347
429 348
429 360
429 425
430 60
430 224
430 433
430 470
430 474
430 485
430 496
430 500
431 100
431 118
431 302
431 331
431 419
431 440
431 441
431 443
431 460
431 498
431 500
432 61
432 277
432 289
432 406
432 416
432 417
432 423
432 445
432 468
432 478
432 499
433 217
433 273
433 378
433 382
433 384
433 393
433 405
433 415
433 421
433 425
433 430
434 120
434 163
434 314
434 351
434 352
434 398
434 424
434 459
434 461
434 462
434 467
435 136
435 194
435 325
435 355
435 365
435 368
435 387
435 413
435 418
435 428
435 479
436 14
436 27
436 61
436 62
436 141
436 236
436 245
436 301
436 307
436 382
436 499
437 4
437 24
437 27
437 29
437 70
437 115
437 142
437 208
437 256
437 411
437 467
438 329
438 386
438 387
438 399
438 413
438 428
438 439
438 440
438 463
438 480
438 493
439 37
439 40
439 100
439 184
439 285
439 377
439 414
439 438
439 451
439 478
439 500
440 422
440 431
440 438
440 450
440 460
440 463
440 473
440 479
440 480
441 30
441 133
441 149
441 256
441 345
441 373
441 412
441 431
441 466
441 494
441 498
441 500
442 6
442 119
442 130
442 145
442 174
442 181
442 234
442 421
442 446
442 457
442 481
442 484
443 82
443 142
443 280
443 291
443 292
443 309
443 387
443 414
443 419
443 420
443 431
443 492
444 122
444 168
444 194
444 325
444 355
444 365
444 368
444 371
444 409
444 411
444 427
444 464
445 26
445 77
445 282
445 283
445 364
445 423
445 432
445 468
445 483
446 109
446 142
446 333
446 387
446 412
446 425
446 442
446 457
446 484
446 491
447 32
447 85
447 128
447 134
447 200
447 243
447 260
447 286
447 317
447 321
447 417
447 424
448 8
448 106
448 167
448 183
448 267
448 320
448 361
448 377
448 388
448 414
448 420
448 451
449 10
449 30
449 177
449 208
449 209
449 210
449 215
449 265
449 328
449 457
450 41
450 49
450 83
450 229
450 251
450 279
450 422
450 423
450 440
450 460
450 493
450 497
451 74
451 84
451 224
451 343
451 377
451 387
451 419
451 422
451 439
451 448
451 454
451 469
451 474
452 91
452 135
452 156
452 164
452 171
452 286
452 365
452 366
452 372
452 375
452 385
452 391
452 482
453 45
453 53
453 190
453 218
453 299
453 356
453 400
453 458
453 459
453 461
453 462
453 469
453 472
454 84
454 231
454 281
454 335
454 396
454 419
454 422
454 451
454 458
454 471
454 476
454 486
454 488
455 30
455 56
455 116
455 304
455 344
455 345
455 456
455 463
455 473
455 489
455 491
455 498
455 499
456 47
456 195
456 212
456 300
456 326
456 340
456 402
456 455
456 463
456 473
456 491
456 498
456 499
457 177
457 265
457 328
457 359
457 442
457 446
457 449
457 479
457 484
458 52
458 99
458 185
458 228
458 238
458 246
458 312
458 453
458 454
458 469
458 472
458 486
458 488
459 115
459 150
459 321
459 434
459 453
459 461
459 462
459 467
460 61
460 65
460 323
460 337
460 347
460 396
460 406
460 407
460 420
460 422
460 431
460 440
460 450
461 161
461 210
461 221
461 386
461 399
461 434
461 453
461 459
461 462
461 463
461 472
461 473
461 480
462 28
462 148
462 188
462 203
462 296
462 319
462 349
462 395
462 434
462 453
462 459
462 461
462 472
463 329
463 386
463 399
463 438
463 440
463 455
463 456
463 461
463 480
463 483
463 491
463 498
463 499
464 150
464 305
464 316
464 367
464 371
464 373
464 381
464 383
464 391
464 407
464 408
464 444
465 95
465 257
465 336
465 352
465 353
465 357
465 365
465 370
465 372
465 385
465 410
465 475
465 482
465 486
466 45
466 53
466 63
466 190
466 218
466 275
466 299
466 356
466 400
466 418
466 441
466 478
466 487
466 494
467 42
467 401
467 411
467 424
467 434
467 437
467 459
467 490
467 492
468 7
468 152
468 179
468 191
468 225
468 266
468 271
468 317
468 347
468 390
468 432
468 445
468 472
468 478
468 488
468 495
469 74
469 114
469 155
469 278
469 343
469 419
469 422
469 451
469 453
469 458
469 472
469 474
469 486
469 488
470 15
470 29
470 51
470 68
470 162
470 178
470 366
470 419
470 430
470 471
470 474
470 481
470 485
470 500
471 28
471 34
471 148
471 188
471 203
471 296
471 313
471 395
471 454
471 470
471 476
471 485
471 494
471 496
472 7
472 179
472 191
472 225
472 266
472 271
472 317
472 453
472 458
472 461
472 462
472 468
472 469
472 488
473 161
473 210
473 221
473 329
473 386
473 399
473 440
473 455
473 456
473 461
473 483
473 487
473 489
473 495
474 97
474 170
474 278
474 281
474 335
474 336
474 343
474 374
474 419
474 430
474 451
474 469
474 470
474 496
474 500
475 154
475 257
475 262
475 288
475 372
475 410
475 465
475 484
475 491
475 498
475 499
476 17
476 58
476 63
476 169
476 282
476 283
476 348
476 454
476 471
476 477
476 480
476 483
476 485
476 486
476 488
477 14
477 17
477 58
477 63
477 169
477 176
477 311
477 372
477 375
477 385
477 392
477 398
477 403
477 412
477 476
478 37
478 100
478 147
478 184
478 206
478 240
478 244
478 285
478 309
478 432
478 439
478 466
478 468
478 485
478 494
479 26
479 98
479 136
479 168
479 194
479 231
479 325
479 365
479 419
479 422
479 426
479 435
479 440
479 457
479 497
480 161
480 210
480 221
480 236
480 241
480 282
480 329
480 386
480 397
480 399
480 438
480 440
480 461
480 463
480 476
480 494
481 23
481 44
481 51
481 71
481 103
481 318
481 442
481 470
481 483
481 487
481 489
481 490
481 492
481 495
481 496
481 497
482 9
482 33
482 50
482 91
482 135
482 143
482 156
482 164
482 171
482 286
482 290
482 291
482 335
482 352
482 452
482 465
483 69
483 282
483 283
483 311
483 348
483 364
483 375
483 412
483 445
483 463
483 473
483 476
483 481
483 487
483 489
483 495
484 144
484 154
484 211
484 220
484 257
484 262
484 288
484 348
484 353
484 370
484 372
484 412
484 442
484 446
484 457
484 475
485 37
485 40
485 100
485 147
485 184
485 197
485 312
485 373
485 408
485 414
485 430
485 470
485 471
485 476
485 478
485 496
486 154
486 220
486 257
486 262
486 288
486 353
486 368
486 370
486 372
486 410
486 454
486 458
486 465
486 469
486 476
486 488
487 5
487 25
487 41
487 362
487 466
487 473
487 481
487 483
487 489
487 495
487 497
488 7
488 31
488 52
488 53
488 191
488 271
488 317
488 390
488 454
488 458
488 468
488 469
488 472
488 476
488 486
489 7
489 23
489 29
489 44
489 68
489 71
489 103
489 111
489 162
489 178
489 318
489 455
489 473
489 481
489 483
489 487
489 495
489 498
490 65
490 92
490 157
490 211
490 240
490 259
490 301
490 337
490 401
490 406
490 407
490 409
490 420
490 424
490 467
490 481
490 492
490 497
491 8
491 75
491 123
491 142
491 151
491 280
491 291
491 292
491 387
491 446
491 455
491 456
491 463
491 475
491 492
491 498
491 499
492 159
492 280
492 401
492 414
492 424
492 443
492 467
492 481
492 490
492 491
492 497
493 5
493 49
493 120
493 145
493 229
493 325
493 392
493 411
493 413
493 418
493 427
493 438
493 450
494 14
494 27
494 61
494 62
494 103
494 118
494 141
494 230
494 236
494 245
494 277
494 289
494 329
494 441
494 466
494 471
494 478
494 480
495 51
495 264
495 376
495 427
495 468
495 473
495 481
495 483
495 487
495 489
495 497
496 15
496 23
496 29
496 44
496 51
496 68
496 71
496 103
496 162
496 168
496 356
496 366
496 373
496 430
496 471
496 474
496 481
496 485
496 500
497 26
497 98
497 117
497 122
497 136
497 168
497 194
497 325
497 355
497 365
497 368
497 401
497 450
497 479
497 481
497 487
497 490
497 492
497 495
498 133
498 149
498 160
498 235
498 252
498 302
498 304
498 331
498 344
498 431
498 441
498 455
498 456
498 463
498 475
498 489
498 491
498 499
498 500
499 182
499 416
499 417
499 432
499 436
499 455
499 456
499 463
499 475
499 491
499 498
500 30
500 56
500 116
500 118
500 133
500 152
500 225
500 236
500 302
500 344
500 345
500 374
500 430
500 431
500 439
500 441
500 470
500 474
500 496
500 498
