1 4
2 14
3 36
4 37
5 39
6 36
7 9
8 5
9 27
10 6
11 31
12 30
13 28
14 1
15 29
16 21
17 16
18 40
19 4
20 25
21 28
22 3
23 43
24 36
25 10
26 25
27 2
28 8
29 11
30 3
31 28
32 26
33 32
34 24
35 26
36 15
37 30
38 26
39 17
40 37
41 23
42 44
43 26
44 35
45 37
46 34
47 31
48 32
49 10
50 25
51 38
52 30
53 42
54 37
55 17
56 35
57 33
58 20
59 8
60 23
61 41
62 21
63 40
64 14
65 12
66 9
67 39
68 16
69 3
70 14
71 10
72 15
73 28
74 36
75 6
76 1
77 40
78 13
79 36
80 22
81 7
82 37
83 23
84 2
85 21
86 2
87 5
88 13
89 30
90 32
91 19
92 25
93 21
94 7
95 9
96 1
97 42
98 33
99 16
100 10
101 32
102 32
103 33
104 12
105 24
106 23
107 36
108 28
109 23
110 18
111 10
112 39
113 2
114 6
115 16
116 9
117 24
118 5
119 19
120 2
121 18
122 43
123 36
124 34
125 35
126 10
127 4
128 38
129 5
130 11
131 22
132 41
133 6
134 17
135 33
136 37
137 12
138 38
139 9
140 1
141 33
142 18
143 20
144 38
145 11
146 41
147 35
148 24
149 28
150 36
151 18
152 37
153 1
154 4
155 17
156 30
157 17
158 34
159 24
160 27
161 24
162 20
163 37
164 12
165 41
166 37
167 20
168 27
169 36
170 44
171 11
172 12
173 37
174 24
175 27
176 2
177 28
178 6
179 29
180 2
181 36
182 35
183 44
184 33
185 28
186 32
187 27
188 18
189 36
190 21
191 39
192 41
193 36
194 21
195 40
196 42
197 24
198 40
199 24
200 4
201 27
202 16
203 25
204 17
205 3
206 42
207 27
208 12
209 17
210 28
211 2
212 25
213 8
214 36
215 20
216 31
217 20
218 22
219 14
220 1
221 23
222 6
223 1
224 14
225 41
226 15
227 20
228 36
229 44
230 14
231 32
232 15
233 20
234 28
235 9
236 43
237 38
238 36
239 43
240 8
241 19
242 11
243 7
244 3
245 26
246 43
247 38
248 28
249 4
250 4
251 32
252 17
253 30
254 4
255 29
256 7
257 19
258 32
259 15
260 5
261 15
262 27
263 6
264 24
265 29
266 35
267 39
268 25
269 28
270 32
271 20
272 25
273 31
274 22
275 23
276 1
277 2
278 28
279 15
280 12
281 23
282 1
283 1
284 12
285 4
286 22
287 8
288 24
289 12
290 2
291 7
292 13
293 17
294 35
295 31
296 29
297 41
298 42
299 33
300 29
301 12
302 31
303 42
304 3
305 37
306 32
307 17
308 19
309 19
310 39
311 32
312 40
313 34
314 19
315 14
316 17
317 8
318 27
319 13
320 38
321 21
322 21
323 24
324 42
325 44
326 38
327 20
328 6
329 7
330 5
331 30
332 35
333 22
334 25
335 36
336 33
337 13
338 5
339 44
340 23
341 23
342 12
343 13
344 24
345 22
346 22
347 27
348 44
349 39
350 1
351 42
352 7
353 15
354 13
355 1
356 41
357 44
358 4
359 38
360 41
361 23
362 27
363 21
364 8
365 39
366 25
367 29
368 24
369 34
370 42
371 32
372 34
373 27
374 5
375 44
376 13
377 39
378 34
379 17
380 24
381 35
382 41
383 37
384 39
385 24
386 22
387 12
388 36
389 1
390 38
391 39
392 29
393 23
394 8
395 8
396 22
397 32
398 25
399 28
400 17
401 39
402 39
403 33
404 32
405 25
406 17
407 36
408 42
409 28
410 29
411 35
412 6
413 37
414 25
415 25
416 34
417 13
418 36
419 1
420 32
421 28
422 12
423 1
424 25
425 23
426 17
427 5
428 39
429 14
430 25
431 13
432 5
433 17
434 20
435 28
436 34
437 36
438 37
439 5
440 28
441 35
442 12
443 22
444 2
445 34
446 21
447 14
448 35
449 25
450 2
451 24
452 6
453 32
454 42
455 4
456 8
457 28
458 20
459 36
460 42
461 21
462 27
463 24
464 32
465 32
466 32
467 2
468 27
469 23
470 27
471 37
472 35
473 24
474 21
475 39
476 28
477 27
478 32
479 21
480 36
481 2
482 2
483 28
484 21
485 39
486 17
487 32
488 28
489 39
490 25
491 25
492 27
493 24
494 21
495 27
496 36
497 27
498 1
499 21
500 1
