1 22
2 3
3 19
4 45
5 47
6 10
7 30
8 15
9 20
10 3
11 34
12 52
13 17
14 19
15 6
16 1
17 25
18 47
19 23
20 27
21 18
22 41
23 20
24 27
25 12
26 3
27 44
28 48
29 3
30 4
31 9
32 36
33 26
34 6
35 36
36 31
37 18
38 40
39 6
40 24
41 3
42 5
43 11
44 45
45 24
46 10
47 22
48 48
49 42
50 30
51 1
52 12
53 41
54 16
55 21
56 34
57 26
58 45
59 53
60 5
61 7
62 10
63 48
64 25
65 17
66 25
67 29
68 39
69 53
70 41
71 17
72 2
73 28
74 45
75 24
76 24
77 41
78 1
79 28
80 46
81 37
82 27
83 50
84 38
85 22
86 41
87 32
88 8
89 31
90 34
91 26
92 50
93 1
94 24
95 34
96 2
97 27
98 37
99 51
100 43
101 29
102 9
103 47
104 11
105 4
106 20
107 13
108 39
109 29
110 43
111 42
112 24
113 4
114 14
115 24
116 47
117 48
118 11
119 32
120 38
121 39
122 33
123 12
124 26
125 41
126 42
127 9
128 26
129 8
130 28
131 4
132 21
133 31
134 48
135 39
136 10
137 52
138 3
139 4
140 21
141 8
142 41
143 1
144 34
145 24
146 5
147 32
148 27
149 7
150 20
151 4
152 28
153 28
154 46
155 47
156 22
157 33
158 29
159 22
160 35
161 26
162 42
163 27
164 15
165 10
166 27
167 31
168 30
169 5
170 10
171 31
172 22
173 35
174 14
175 51
176 15
177 50
178 20
179 30
180 47
181 28
182 48
183 16
184 14
185 17
186 18
187 31
188 23
189 33
190 40
191 23
192 49
193 10
194 18
195 22
196 13
197 28
198 51
199 6
200 1
201 26
202 14
203 4
204 50
205 28
206 6
207 23
208 9
209 44
210 47
211 25
212 13
213 3
214 8
215 42
216 37
217 3
218 19
219 49
220 44
221 42
222 21
223 35
224 52
225 7
226 15
227 4
228 40
229 27
230 16
231 19
232 12
233 27
234 44
235 40
236 42
237 27
238 13
239 44
240 8
241 33
242 14
243 29
244 38
245 48
246 23
247 21
248 23
249 8
250 43
251 38
252 22
253 4
254 1
255 22
256 42
257 31
258 30
259 38
260 7
261 36
262 35
263 12
264 48
265 46
266 5
267 22
268 7
269 38
270 27
271 43
272 39
273 3
274 53
275 16
276 48
277 29
278 53
279 4
280 44
281 32
282 6
283 37
284 44
285 25
286 17
287 35
288 12
289 25
290 45
291 49
292 9
293 18
294 7
295 43
296 14
297 15
298 37
299 14
300 34
301 4
302 8
303 13
304 52
305 42
306 49
307 50
308 16
309 41
310 14
311 42
312 4
313 43
314 7
315 35
316 44
317 27
318 33
319 11
320 42
321 39
322 12
323 2
324 28
325 4
326 4
327 2
328 22
329 39
330 36
331 1
332 1
333 43
334 50
335 52
336 36
337 51
338 11
339 19
340 15
341 49
342 23
343 47
344 15
345 2
346 6
347 23
348 44
349 48
350 48
351 8
352 5
353 44
354 50
355 7
356 43
357 8
358 4
359 41
360 43
361 24
362 39
363 1
364 33
365 31
366 32
367 40
368 48
369 26
370 3
371 41
372 47
373 35
374 27
375 7
376 50
377 3
378 42
379 3
380 37
381 10
382 51
383 53
384 8
385 46
386 26
387 31
388 20
389 11
390 41
391 26
392 48
393 31
394 46
395 28
396 48
397 6
398 10
399 27
400 43
401 11
402 14
403 49
404 27
405 27
406 31
407 42
408 35
409 37
410 50
411 40
412 50
413 45
414 12
415 9
416 15
417 41
418 47
419 43
420 23
421 51
422 40
423 43
424 32
425 23
426 28
427 3
428 4
429 29
430 28
431 24
432 40
433 48
434 4
435 48
436 46
437 33
438 27
439 46
440 2
441 33
442 1
443 15
444 33
445 10
446 48
447 2
448 22
449 37
450 25
451 4
452 14
453 8
454 1
455 10
456 50
457 11
458 25
459 3
460 25
461 41
462 26
463 31
464 22
465 7
466 3
467 8
468 3
469 44
470 22
471 1
472 3
473 37
474 33
475 4
476 37
477 10
478 3
479 44
480 14
481 10
482 10
483 6
484 25
485 27
486 41
487 48
488 41
489 8
490 25
491 22
492 47
493 43
494 4
495 25
496 10
497 48
498 41
499 3
500 41
