1 4
1 10
1 14
1 115
1 138
2 449
2 496
2 497
2 498
2 499
3 61
3 178
3 280
3 319
3 329
4 1
4 10
4 14
4 115
4 138
5 162
5 197
5 230
5 392
5 442
6 288
6 390
6 441
6 463
6 467
7 370
7 417
7 468
7 477
7 478
8 23
8 30
8 63
8 124
8 140
9 264
9 271
9 351
9 410
9 443
10 1
10 4
10 14
10 115
10 138
11 129
11 382
11 400
11 419
12 278
12 364
12 480
12 483
12 488
13 231
13 294
13 414
13 463
13 467
14 1
14 4
14 10
14 115
14 138
15 323
15 486
15 487
15 500
16 370
16 417
16 468
16 477
16 478
17 87
17 169
17 254
17 268
17 279
18 40
18 187
18 351
18 393
18 443
19 52
19 69
19 137
19 172
19 191
20 111
20 336
20 382
20 400
20 419
21 94
21 291
21 295
21 325
21 333
22 133
22 338
22 349
22 367
22 379
23 8
23 30
23 63
23 124
23 140
24 54
24 106
24 292
24 447
24 469
25 79
25 234
25 393
25 410
25 443
26 173
26 315
26 342
26 429
26 432
27 152
27 235
27 247
27 277
27 311
28 51
28 70
28 221
28 260
28 402
29 317
29 381
29 450
29 457
29 466
30 8
30 23
30 63
30 124
30 140
31 89
31 243
31 295
31 325
31 333
32 219
32 341
32 414
32 463
32 467
33 380
33 426
33 448
33 481
33 482
34 346
34 446
34 454
34 459
34 462
35 223
35 262
35 304
35 335
35 356
36 51
36 70
36 188
36 259
36 402
37 209
37 253
37 372
37 395
37 398
38 455
38 458
38 461
38 485
38 495
39 148
39 255
39 262
39 304
39 335
40 18
40 187
40 351
40 393
40 443
41 143
41 168
41 276
41 391
41 399
42 131
42 281
42 298
42 304
42 356
43 274
43 322
43 406
43 451
43 500
44 90
44 305
44 460
44 487
44 500
45 126
45 250
45 345
45 348
45 404
46 458
46 461
46 474
46 485
46 495
47 297
47 455
47 474
47 485
47 495
48 56
48 318
48 321
48 378
48 453
49 52
49 76
49 137
49 191
49 265
50 108
50 362
50 461
50 485
50 495
51 28
51 36
51 221
51 259
51 402
52 19
52 49
52 172
52 191
52 265
53 103
53 149
53 177
53 186
53 225
54 24
54 153
54 233
54 447
54 465
55 492
55 493
55 497
55 498
55 499
56 48
56 97
56 99
56 359
56 453
57 70
57 188
57 221
57 260
57 402
58 169
58 180
58 254
58 268
58 279
59 65
59 338
59 349
59 367
59 379
60 114
60 214
60 338
60 349
60 379
61 3
61 224
61 280
61 319
61 329
62 287
62 435
62 450
62 457
62 466
63 8
63 23
63 30
63 124
63 140
64 159
64 314
64 354
64 407
64 416
65 59
65 114
65 338
65 349
65 379
66 106
66 275
66 447
66 465
66 469
67 118
67 134
67 139
67 145
67 151
68 390
68 414
68 441
68 463
68 467
69 19
69 76
69 137
69 172
69 265
70 28
70 36
70 57
70 259
70 402
71 111
71 129
71 176
71 382
71 400
72 396
72 440
72 452
72 482
72 484
73 111
73 129
73 336
73 400
73 419
74 113
74 347
74 407
74 416
74 418
75 365
75 431
75 486
75 494
75 500
76 49
76 69
76 137
76 191
76 265
77 236
77 384
77 411
77 459
77 462
78 130
78 269
78 480
78 483
78 488
79 25
79 187
79 271
79 410
79 443
80 220
80 422
80 436
80 451
80 470
81 405
81 438
81 440
81 482
81 484
82 249
82 381
82 435
82 450
82 466
83 479
83 492
83 496
83 497
83 499
84 389
84 394
84 444
84 464
84 472
85 220
85 263
85 422
85 445
85 470
86 310
86 383
86 424
86 429
86 432
87 17
87 180
87 254
87 268
87 279
88 339
88 369
88 385
88 420
88 433
89 31
89 291
89 295
89 325
89 333
90 44
90 460
90 487
90 494
90 500
91 234
91 264
91 351
91 410
91 443
92 190
92 314
92 347
92 354
92 418
93 170
93 182
93 242
93 245
94 21
94 243
94 291
94 295
94 333
95 154
95 406
95 436
95 451
95 470
96 179
96 339
96 360
96 385
96 420
97 56
97 199
97 201
97 359
97 374
98 192
98 345
98 348
98 357
98 415
99 56
99 201
99 282
99 374
99 453
100 206
100 473
100 475
100 489
100 491
101 235
101 238
101 247
101 277
101 311
102 371
102 471
102 473
102 476
102 491
103 53
103 156
103 177
103 186
103 225
104 161
104 240
104 252
104 331
104 334
105 250
105 348
105 357
105 404
105 415
106 24
106 66
106 153
106 337
106 469
107 209
107 229
107 372
107 395
107 398
108 50
108 210
108 296
108 353
108 495
109 490
109 496
109 497
109 498
109 499
110 183
110 197
110 328
110 392
110 412
111 20
111 71
111 73
111 176
111 419
112 155
112 227
112 417
112 477
112 478
113 74
113 251
113 354
113 407
113 418
114 60
114 65
114 214
114 367
114 379
115 1
115 4
115 10
115 14
115 138
116 194
116 316
116 447
116 465
116 469
117 204
117 302
117 360
117 420
117 433
118 67
118 134
118 139
118 145
118 151
119 212
119 252
119 331
119 334
120 226
120 318
120 359
120 378
120 453
121 174
121 310
121 383
121 429
121 432
122 123
122 170
122 182
122 242
122 245
123 122
123 170
123 182
123 242
123 245
124 8
124 23
124 30
124 63
124 140
125 157
125 230
125 392
125 412
125 442
126 45
126 192
126 345
126 404
126 415
127 365
127 388
127 486
127 494
127 500
128 273
128 353
128 375
128 458
128 485
129 11
129 71
129 73
129 336
129 419
130 78
130 401
130 480
130 483
130 488
131 42
131 262
131 281
131 304
131 335
132 373
132 409
132 437
132 444
132 456
133 22
133 214
133 338
133 349
133 367
134 67
134 118
134 139
134 145
134 151
135 350
135 388
135 431
135 486
135 500
136 287
136 435
136 450
136 457
136 466
137 19
137 49
137 69
137 76
137 172
138 1
138 4
138 10
138 14
138 115
139 67
139 118
139 134
139 145
139 151
140 8
140 23
140 30
140 63
140 124
141 286
141 352
141 468
141 477
141 478
142 390
142 414
142 441
142 463
142 467
143 41
143 150
143 222
143 276
143 399
144 317
144 435
144 450
144 457
144 466
145 67
145 118
145 134
145 139
145 151
146 282
146 318
146 359
146 374
146 378
147 362
147 375
147 461
147 485
147 495
148 39
148 223
148 255
148 281
148 356
149 53
149 156
149 177
149 186
149 225
150 143
150 168
150 276
150 391
150 399
151 67
151 118
151 134
151 139
151 145
152 27
152 235
152 238
152 277
152 311
153 54
153 106
153 343
153 465
153 469
154 95
154 436
154 445
154 451
154 470
155 112
155 289
155 421
155 468
155 477
156 103
156 149
156 177
156 186
156 225
157 125
157 197
157 392
157 412
157 442
158 272
158 373
158 428
158 444
158 456
159 64
159 354
159 407
159 416
159 418
160 289
160 352
160 421
160 468
160 478
161 104
161 212
161 240
161 331
161 334
162 5
162 183
162 206
162 328
162 442
163 479
163 490
163 493
163 497
163 498
164 286
164 417
164 468
164 477
164 478
165 176
165 336
165 382
165 400
165 419
166 366
166 411
166 427
166 459
166 462
167 178
167 224
167 280
167 319
167 329
168 41
168 150
168 208
168 228
168 391
168 399
169 17
169 58
169 180
169 254
169 268
169 279
170 93
170 122
170 123
170 182
170 242
170 245
171 193
171 198
171 200
171 258
171 266
171 267
172 19
172 52
172 69
172 137
172 191
172 265
173 26
173 310
173 342
173 424
173 429
173 432
174 121
174 306
174 342
174 383
174 424
174 429
175 218
175 381
175 435
175 450
175 457
175 466
176 71
176 111
176 165
176 382
176 400
176 419
177 53
177 103
177 149
177 156
177 186
177 225
178 3
178 167
178 224
178 280
178 319
178 329
179 96
179 302
179 339
179 385
179 420
179 433
180 58
180 87
180 169
180 254
180 268
180 279
181 278
181 309
181 413
181 439
181 480
181 483
182 93
182 122
182 123
182 170
182 242
182 245
183 110
183 162
183 230
183 328
183 412
183 442
184 216
184 257
184 312
184 332
184 358
184 368
185 363
185 377
185 473
185 476
185 489
185 491
186 53
186 103
186 149
186 156
186 177
186 225
187 18
187 40
187 79
187 234
187 271
187 393
188 36
188 57
188 221
188 259
188 260
188 402
189 406
189 422
189 436
189 445
189 451
189 470
190 92
190 347
190 354
190 407
190 416
190 418
191 19
191 49
191 52
191 76
191 172
191 265
192 98
192 126
192 348
192 357
192 404
192 415
193 171
193 198
193 200
193 258
193 266
193 267
194 116
194 239
194 337
194 343
194 465
194 469
195 430
195 479
195 490
195 492
195 496
195 497
196 386
196 401
196 403
196 413
196 483
196 488
197 5
197 110
197 157
197 206
197 412
197 442
198 171
198 193
198 200
198 258
198 266
198 267
199 97
199 282
199 321
199 344
199 374
199 453
200 171
200 193
200 198
200 258
200 266
200 267
201 97
201 99
201 226
201 318
201 321
201 378
202 409
202 428
202 444
202 456
202 464
202 472
203 272
203 394
203 428
203 456
203 464
203 472
204 117
204 369
204 385
204 420
204 433
205 209
205 253
205 324
205 372
205 395
205 398
206 100
206 162
206 197
206 392
206 412
206 442
207 215
207 257
207 284
207 332
207 358
207 368
208 168
208 222
208 248
208 276
208 391
208 399
209 37
209 107
209 205
209 324
209 395
209 398
210 108
210 361
210 375
210 455
210 485
210 495
211 323
211 388
211 460
211 487
211 494
211 500
212 119
212 161
212 240
212 252
212 331
212 334
213 217
213 305
213 387
213 388
213 487
213 500
214 60
214 114
214 133
214 349
214 367
214 379
215 207
215 284
215 312
215 332
215 358
215 368
216 184
216 257
216 284
216 312
216 358
216 368
217 213
217 305
217 350
217 486
217 494
217 500
218 175
218 249
218 435
218 450
218 457
218 466
219 32
219 341
219 414
219 441
219 463
219 467
220 80
220 85
220 274
220 445
220 451
220 470
221 28
221 51
221 57
221 188
221 260
221 402
222 143
222 208
222 228
222 248
222 391
222 399
223 35
223 148
223 262
223 298
223 304
223 335
224 61
224 167
224 178
224 280
224 319
224 329
225 53
225 103
225 149
225 156
225 177
225 186
226 120
226 201
226 318
226 321
226 344
227 112
227 289
227 421
227 468
227 477
227 478
228 168
228 222
228 248
228 276
228 391
228 399
229 107
229 253
229 324
229 372
229 395
229 398
230 5
230 125
230 183
230 328
230 392
230 442
231 13
231 288
231 294
231 414
231 463
231 467
232 244
232 396
232 452
232 481
232 482
232 484
233 54
233 275
233 343
233 447
233 465
233 469
234 25
234 91
234 187
234 271
234 393
234 443
235 27
235 101
235 152
235 247
235 277
235 311
236 77
236 340
236 427
236 446
236 454
236 462
237 241
237 434
237 475
237 476
237 489
237 491
238 101
238 152
238 247
238 275
238 277
238 311
239 194
239 275
239 292
239 343
239 447
239 465
240 104
240 161
240 212
240 252
240 331
240 334
241 237
241 371
241 434
241 471
241 475
241 489
242 93
242 122
242 123
242 170
242 182
242 245
243 31
243 94
243 291
243 295
243 325
243 333
244 232
244 440
244 448
244 452
244 481
244 484
245 93
245 122
245 123
245 170
245 182
245 242
246 405
246 438
246 448
246 481
246 482
246 484
247 27
247 101
247 235
247 238
247 277
247 311
248 208
248 222
248 228
248 276
248 391
248 399
249 82
249 218
249 256
249 317
249 450
249 466
250 45
250 105
250 345
250 357
250 404
250 415
251 113
251 314
251 347
251 407
251 416
251 418
252 104
252 119
252 212
252 240
252 331
252 334
253 37
253 205
253 229
253 372
253 395
253 398
254 17
254 58
254 87
254 169
254 180
254 279
255 39
255 148
255 281
255 298
255 335
255 356
256 249
256 287
256 381
256 435
256 457
256 466
257 184
257 207
257 216
257 312
257 332
257 358
258 171
258 193
258 198
258 200
258 266
258 267
259 36
259 51
259 70
259 188
259 260
259 402
260 28
260 57
260 188
260 221
260 259
260 402
261 434
261 471
261 475
261 476
261 489
261 491
262 35
262 39
262 131
262 223
262 281
262 335
263 85
263 322
263 406
263 422
263 445
263 470
264 9
264 91
264 351
264 393
264 410
264 443
265 49
265 52
265 69
265 76
265 172
265 191
266 171
266 193
266 198
266 200
266 258
266 267
267 171
267 193
267 198
267 200
267 258
267 266
268 17
268 58
268 87
268 169
268 180
268 279
269 78
269 309
269 480
269 483
269 488
270 290
270 471
270 473
270 475
270 476
270 489
270 491
271 9
271 79
271 187
271 234
271 351
271 393
271 410
272 158
272 203
272 394
272 409
272 456
272 464
272 472
273 128
273 301
273 375
273 455
273 474
273 485
273 495
274 43
274 220
274 422
274 436
274 445
274 451
274 470
275 66
275 233
275 238
275 239
275 337
275 447
275 469
276 41
276 143
276 150
276 208
276 228
276 248
276 391
277 27
277 101
277 152
277 235
277 238
277 247
277 311
278 12
278 181
278 386
278 403
278 480
278 483
278 488
279 17
279 58
279 87
279 169
279 180
279 254
279 268
280 3
280 61
280 167
280 178
280 224
280 319
280 329
281 42
281 131
281 148
281 255
281 262
281 298
281 356
282 99
282 146
282 199
282 321
282 344
282 378
282 453
283 387
283 388
283 431
283 486
283 487
283 494
283 500
284 207
284 215
284 216
284 312
284 332
284 368
285 340
285 346
285 411
285 446
285 454
285 459
285 462
286 141
286 164
286 313
286 421
286 468
286 477
286 478
287 62
287 136
287 256
287 435
287 450
287 457
287 466
288 6
288 231
288 341
288 414
288 441
288 463
288 467
289 155
289 160
289 227
289 313
289 352
289 370
289 421
290 270
290 371
290 471
290 475
290 476
290 489
290 491
291 21
291 89
291 94
291 243
291 295
291 325
291 333
292 24
292 239
292 316
292 337
292 343
292 465
292 469
293 408
293 423
293 490
293 493
293 496
293 498
293 499
294 13
294 231
294 341
294 390
294 441
294 463
294 467
295 21
295 31
295 89
295 94
295 243
295 291
295 325
296 108
296 301
296 327
296 458
296 461
296 474
296 495
297 47
297 361
297 362
297 461
297 474
297 485
297 495
298 42
298 223
298 255
298 281
298 304
298 356
299 377
299 434
299 473
299 475
299 476
299 489
299 491
300 365
300 388
300 431
300 460
300 486
300 494
300 500
301 273
301 296
301 327
301 353
301 362
301 474
301 495
302 117
302 179
302 339
302 360
302 369
302 420
302 433
303 364
303 403
303 413
303 439
303 480
303 483
303 488
304 35
304 39
304 42
304 131
304 223
304 298
304 356
305 44
305 213
305 217
305 486
305 487
305 494
305 500
306 174
306 310
306 315
306 342
306 424
306 429
306 432
307 355
307 492
307 493
307 496
307 497
307 498
307 499
308 364
308 386
308 401
308 403
308 413
308 439
308 480
309 181
309 269
309 364
309 413
309 439
309 483
309 488
310 86
310 121
310 173
310 306
310 315
310 424
310 432
311 27
311 101
311 152
311 235
311 238
311 247
311 277
312 184
312 215
312 216
312 257
312 284
312 358
312 368
313 286
313 289
313 417
313 421
313 468
313 477
313 478
314 64
314 92
314 251
314 347
314 407
314 416
314 418
315 26
315 306
315 310
315 342
315 383
315 424
315 432
316 116
316 292
316 337
316 343
316 447
316 465
316 469
317 29
317 144
317 249
317 381
317 450
317 457
317 466
318 48
318 120
318 146
318 201
318 226
318 344
318 453
319 3
319 61
319 167
319 178
319 224
319 280
319 329
320 425
320 492
320 493
320 496
320 497
320 498
320 499
321 48
321 199
321 201
321 226
321 282
321 359
321 453
322 43
322 263
322 406
322 422
322 445
322 451
322 470
323 15
323 211
323 350
323 387
323 487
323 494
323 500
324 205
324 209
324 229
324 372
324 395
324 398
324 409
325 21
325 31
325 89
325 243
325 291
325 295
325 333
326 363
326 371
326 377
326 471
326 473
326 476
326 489
327 296
327 301
327 455
327 458
327 461
327 474
327 495
328 110
328 162
328 183
328 230
328 392
328 412
328 442
329 3
329 61
329 167
329 178
329 224
329 280
329 319
330 365
330 387
330 388
330 460
330 487
330 494
330 500
331 104
331 119
331 161
331 212
331 240
331 252
331 334
332 184
332 207
332 215
332 257
332 284
332 358
332 368
333 21
333 31
333 89
333 94
333 243
333 291
333 325
334 104
334 119
334 161
334 212
334 240
334 252
334 331
335 35
335 39
335 131
335 223
335 255
335 262
335 356
336 20
336 73
336 129
336 165
336 382
336 400
336 419
337 106
337 194
337 275
337 292
337 316
337 447
337 465
337 469
338 22
338 59
338 60
338 65
338 133
338 349
338 367
338 379
339 88
339 96
339 179
339 302
339 360
339 369
339 385
339 433
340 236
340 285
340 366
340 384
340 411
340 446
340 454
340 459
341 32
341 219
341 288
341 294
341 390
341 441
341 463
341 467
342 26
342 173
342 174
342 306
342 315
342 383
342 424
342 429
343 153
343 194
343 233
343 239
343 292
343 316
343 465
343 469
344 199
344 226
344 282
344 318
344 359
344 374
344 378
344 453
345 45
345 98
345 126
345 250
345 348
345 357
345 404
345 415
346 34
346 285
346 384
346 427
346 446
346 454
346 459
346 462
347 74
347 92
347 190
347 251
347 314
347 407
347 416
347 418
348 45
348 98
348 105
348 192
348 345
348 357
348 404
348 415
349 22
349 59
349 60
349 65
349 133
349 214
349 338
349 367
350 135
350 217
350 323
350 460
350 486
350 487
350 494
350 500
351 9
351 18
351 40
351 91
351 264
351 271
351 410
351 443
352 141
352 160
352 289
352 370
352 421
352 468
352 477
352 478
353 108
353 128
353 301
353 361
353 455
353 458
353 474
353 485
354 64
354 92
354 113
354 159
354 190
354 407
354 416
354 418
355 307
355 490
355 492
355 493
355 496
355 497
355 498
355 499
356 35
356 42
356 148
356 255
356 281
356 298
356 304
356 335
357 98
357 105
357 192
357 250
357 345
357 348
357 404
357 415
358 184
358 207
358 215
358 216
358 257
358 312
358 332
358 368
359 56
359 97
359 120
359 146
359 321
359 344
359 374
359 453
360 96
360 117
360 302
360 339
360 369
360 385
360 420
360 433
361 210
361 297
361 353
361 455
361 461
361 474
361 485
361 495
362 50
362 147
362 297
362 301
362 455
362 458
362 461
362 495
363 185
363 326
363 377
363 471
363 473
363 475
363 489
363 491
364 12
364 303
364 308
364 309
364 439
364 480
364 483
364 488
365 75
365 127
365 300
365 330
365 460
365 486
365 487
365 494
366 166
366 340
366 411
366 427
366 446
366 454
366 459
366 462
367 22
367 59
367 114
367 133
367 214
367 338
367 349
367 379
368 184
368 207
368 215
368 216
368 284
368 312
368 332
368 358
369 88
369 204
369 302
369 339
369 360
369 385
369 420
369 433
370 7
370 16
370 289
370 352
370 417
370 468
370 477
370 478
371 102
371 241
371 290
371 326
371 471
371 473
371 476
371 491
372 37
372 107
372 205
372 229
372 253
372 324
372 395
372 398
373 132
373 158
373 389
373 428
373 437
373 444
373 456
373 472
374 97
374 99
374 146
374 199
374 344
374 359
374 378
374 453
375 128
375 147
375 210
375 273
375 458
375 461
375 474
375 485
376 394
376 409
376 428
376 437
376 444
376 456
376 464
376 472
377 185
377 299
377 326
377 363
377 475
377 476
377 489
377 491
378 48
378 120
378 146
378 201
378 282
378 344
378 374
378 453
379 22
379 59
379 60
379 65
379 114
379 214
379 338
379 367
380 33
380 397
380 438
380 440
380 448
380 481
380 482
380 484
381 29
381 82
381 175
381 256
381 317
381 435
381 457
381 466
382 11
382 20
382 71
382 165
382 176
382 336
382 400
382 419
383 86
383 121
383 174
383 315
383 342
383 424
383 429
383 432
384 77
384 340
384 346
384 427
384 446
384 454
384 459
384 462
385 88
385 96
385 179
385 204
385 339
385 360
385 369
385 420
385 433
386 196
386 278
386 308
386 403
386 413
386 439
386 480
386 483
386 488
387 213
387 283
387 323
387 330
387 431
387 460
387 486
387 494
387 500
388 127
388 135
388 211
388 213
388 283
388 300
388 330
388 487
388 500
389 84
389 373
389 409
389 428
389 437
389 444
389 456
389 464
389 472
390 6
390 68
390 142
390 294
390 341
390 414
390 441
390 463
390 467
391 41
391 150
391 168
391 208
391 222
391 228
391 248
391 276
391 399
392 5
392 110
392 125
392 157
392 206
392 230
392 328
392 412
392 442
393 18
393 25
393 40
393 187
393 234
393 264
393 271
393 410
393 443
394 84
394 203
394 272
394 376
394 428
394 437
394 456
394 464
394 472
395 37
395 107
395 205
395 209
395 229
395 253
395 324
395 372
395 398
396 72
396 232
396 405
396 438
396 448
396 452
396 481
396 482
396 484
397 380
397 426
397 438
397 440
397 448
397 452
397 481
397 482
397 484
398 37
398 107
398 205
398 209
398 229
398 253
398 324
398 372
398 395
399 41
399 143
399 150
399 168
399 208
399 222
399 228
399 248
399 391
400 11
400 20
400 71
400 73
400 165
400 176
400 336
400 382
400 419
401 130
401 196
401 308
401 403
401 413
401 439
401 480
401 483
401 488
402 28
402 36
402 51
402 57
402 70
402 188
402 221
402 259
402 260
403 196
403 278
403 303
403 308
403 386
403 401
403 439
403 483
403 488
404 45
404 105
404 126
404 192
404 250
404 345
404 348
404 357
404 415
405 81
405 246
405 396
405 426
405 440
405 452
405 481
405 482
405 484
406 43
406 95
406 189
406 263
406 322
406 422
406 436
406 451
406 470
407 64
407 74
407 113
407 159
407 190
407 251
407 314
407 347
407 354
408 293
408 430
408 479
408 490
408 492
408 493
408 497
408 498
408 499
409 132
409 202
409 272
409 324
409 376
409 389
409 437
409 464
409 472
410 9
410 25
410 79
410 91
410 264
410 271
410 351
410 393
410 443
411 77
411 166
411 285
411 340
411 366
411 427
411 454
411 459
411 462
412 110
412 125
412 157
412 183
412 197
412 206
412 328
412 392
412 442
413 181
413 196
413 303
413 308
413 309
413 386
413 401
413 480
413 488
414 13
414 32
414 68
414 142
414 219
414 231
414 288
414 390
414 441
415 98
415 105
415 126
415 192
415 250
415 345
415 348
415 357
415 404
416 64
416 74
416 159
416 190
416 251
416 314
416 347
416 354
416 418
417 7
417 16
417 112
417 164
417 313
417 370
417 421
417 468
417 477
417 478
418 74
418 92
418 113
418 159
418 190
418 251
418 314
418 347
418 354
418 416
419 11
419 20
419 73
419 111
419 129
419 165
419 176
419 336
419 382
419 400
420 88
420 96
420 117
420 179
420 204
420 302
420 360
420 369
420 385
420 433
421 155
421 160
421 227
421 286
421 289
421 313
421 352
421 417
421 477
421 478
422 80
422 85
422 189
422 263
422 274
422 322
422 406
422 436
422 445
422 470
423 293
423 449
423 479
423 490
423 492
423 493
423 496
423 497
423 498
423 499
424 86
424 173
424 174
424 306
424 310
424 315
424 342
424 383
424 429
424 432
425 320
425 430
425 479
425 490
425 492
425 493
425 496
425 497
425 498
425 499
426 33
426 397
426 405
426 438
426 440
426 448
426 452
426 481
426 482
426 484
427 166
427 236
427 346
427 366
427 384
427 411
427 446
427 454
427 459
427 462
428 158
428 202
428 203
428 373
428 376
428 389
428 394
428 444
428 464
428 472
429 26
429 86
429 121
429 173
429 174
429 306
429 342
429 383
429 424
429 432
430 195
430 408
430 425
430 449
430 479
430 490
430 493
430 496
430 498
430 499
431 75
431 135
431 283
431 300
431 387
431 460
431 486
431 487
431 494
431 500
432 26
432 86
432 121
432 173
432 306
432 310
432 315
432 383
432 424
432 429
433 88
433 117
433 179
433 204
433 302
433 339
433 360
433 369
433 385
433 420
434 237
434 241
434 261
434 299
434 471
434 473
434 475
434 476
434 489
434 491
435 62
435 82
435 136
435 144
435 175
435 218
435 256
435 287
435 381
435 457
436 80
436 95
436 154
436 189
436 274
436 406
436 422
436 445
436 451
436 470
437 132
437 373
437 376
437 389
437 394
437 409
437 444
437 456
437 464
437 472
438 81
438 246
438 380
438 396
438 397
438 426
438 448
438 452
438 481
438 482
438 484
439 181
439 303
439 308
439 309
439 364
439 386
439 401
439 403
439 480
439 483
439 488
440 72
440 81
440 244
440 380
440 397
440 405
440 426
440 452
440 481
440 482
440 484
441 6
441 68
441 142
441 219
441 288
441 294
441 341
441 390
441 414
441 463
441 467
442 5
442 125
442 157
442 162
442 183
442 197
442 206
442 230
442 328
442 392
442 412
443 9
443 18
443 25
443 40
443 79
443 91
443 234
443 264
443 351
443 393
443 410
444 84
444 132
444 158
444 202
444 373
444 376
444 389
444 428
444 437
444 464
444 472
445 85
445 154
445 189
445 220
445 263
445 274
445 322
445 422
445 436
445 451
445 470
446 34
446 236
446 285
446 340
446 346
446 366
446 384
446 427
446 454
446 459
446 462
447 24
447 54
447 66
447 116
447 233
447 239
447 275
447 316
447 337
447 465
447 469
448 33
448 244
448 246
448 380
448 396
448 397
448 426
448 438
448 481
448 482
448 484
449 2
449 423
449 430
449 479
449 490
449 492
449 493
449 496
449 497
449 498
449 499
450 29
450 62
450 82
450 136
450 144
450 175
450 218
450 249
450 287
450 317
450 457
450 466
451 43
451 80
451 95
451 154
451 189
451 220
451 274
451 322
451 406
451 436
451 445
451 470
452 72
452 232
452 244
452 396
452 397
452 405
452 426
452 438
452 440
452 481
452 482
452 484
453 48
453 56
453 99
453 120
453 199
453 282
453 318
453 321
453 344
453 359
453 374
453 378
454 34
454 236
454 285
454 340
454 346
454 366
454 384
454 411
454 427
454 446
454 459
454 462
455 38
455 47
455 210
455 273
455 327
455 353
455 361
455 362
455 458
455 474
455 485
455 495
456 132
456 158
456 202
456 203
456 272
456 373
456 376
456 389
456 394
456 437
456 464
456 472
457 29
457 62
457 136
457 144
457 175
457 218
457 256
457 287
457 317
457 381
457 435
457 450
458 38
458 46
458 128
458 296
458 327
458 353
458 362
458 375
458 455
458 474
458 485
458 495
459 34
459 77
459 166
459 285
459 340
459 346
459 366
459 384
459 411
459 427
459 446
459 454
459 462
460 44
460 90
460 211
460 300
460 330
460 350
460 365
460 387
460 431
460 486
460 487
460 494
460 500
461 38
461 46
461 50
461 147
461 296
461 297
461 327
461 361
461 362
461 375
461 474
461 485
461 495
462 34
462 77
462 166
462 236
462 285
462 346
462 366
462 384
462 411
462 427
462 446
462 454
462 459
463 6
463 13
463 32
463 68
463 142
463 219
463 231
463 288
463 294
463 341
463 390
463 441
463 467
464 84
464 202
464 203
464 272
464 376
464 389
464 394
464 409
464 428
464 437
464 444
464 456
464 472
465 54
465 66
465 116
465 153
465 194
465 233
465 239
465 292
465 316
465 337
465 343
465 447
465 469
466 29
466 62
466 82
466 136
466 144
466 175
466 218
466 249
466 256
466 287
466 317
466 381
466 450
467 6
467 13
467 32
467 68
467 142
467 219
467 231
467 288
467 294
467 341
467 390
467 441
467 463
468 7
468 16
468 141
468 155
468 160
468 164
468 227
468 286
468 313
468 352
468 370
468 417
468 477
468 478
469 24
469 66
469 106
469 116
469 153
469 194
469 233
469 275
469 292
469 316
469 337
469 343
469 447
469 465
470 80
470 85
470 95
470 154
470 189
470 220
470 263
470 274
470 322
470 406
470 422
470 436
470 445
470 451
471 102
471 241
471 261
471 270
471 290
471 326
471 363
471 371
471 434
471 473
471 475
471 476
471 489
471 491
472 84
472 202
472 203
472 272
472 373
472 376
472 389
472 394
472 409
472 428
472 437
472 444
472 456
472 464
473 100
473 102
473 185
473 270
473 299
473 326
473 363
473 371
473 434
473 471
473 475
473 476
473 489
473 491
474 46
474 47
474 273
474 296
474 297
474 301
474 327
474 353
474 361
474 375
474 455
474 458
474 461
474 495
475 100
475 237
475 241
475 261
475 270
475 290
475 299
475 363
475 377
475 434
475 471
475 473
475 489
475 491
476 102
476 185
476 237
476 261
476 270
476 290
476 299
476 326
476 371
476 377
476 434
476 471
476 473
476 489
476 491
477 7
477 16
477 112
477 141
477 155
477 164
477 227
477 286
477 313
477 352
477 370
477 417
477 421
477 468
477 478
478 7
478 16
478 112
478 141
478 160
478 164
478 227
478 286
478 313
478 352
478 370
478 417
478 421
478 468
478 477
479 83
479 163
479 195
479 408
479 423
479 425
479 430
479 449
479 490
479 492
479 493
479 496
479 497
479 498
479 499
480 12
480 78
480 130
480 181
480 269
480 278
480 303
480 308
480 364
480 386
480 401
480 413
480 439
480 483
480 488
481 33
481 232
481 244
481 246
481 380
481 396
481 397
481 405
481 426
481 438
481 440
481 448
481 452
481 482
481 484
482 33
482 72
482 81
482 232
482 246
482 380
482 396
482 397
482 405
482 426
482 438
482 440
482 448
482 452
482 481
482 484
483 12
483 78
483 130
483 181
483 196
483 269
483 278
483 303
483 309
483 364
483 386
483 401
483 403
483 439
483 480
483 488
484 72
484 81
484 232
484 244
484 246
484 380
484 396
484 397
484 405
484 426
484 438
484 440
484 448
484 452
484 481
484 482
485 38
485 46
485 47
485 50
485 128
485 147
485 210
485 273
485 297
485 353
485 361
485 375
485 455
485 458
485 461
485 495
486 15
486 75
486 127
486 135
486 217
486 283
486 300
486 305
486 350
486 365
486 387
486 431
486 460
486 487
486 494
486 500
487 15
487 44
487 90
487 211
487 213
487 283
487 305
487 323
487 330
487 350
487 365
487 388
487 431
487 460
487 486
487 494
488 12
488 78
488 130
488 196
488 269
488 278
488 303
488 309
488 364
488 386
488 401
488 403
488 413
488 439
488 480
488 483
489 100
489 185
489 237
489 241
489 261
489 270
489 290
489 299
489 326
489 363
489 377
489 434
489 471
489 473
489 475
489 476
489 491
490 109
490 163
490 195
490 293
490 355
490 408
490 423
490 425
490 430
490 449
490 479
490 492
490 493
490 496
490 497
490 498
490 499
491 100
491 102
491 185
491 237
491 261
491 270
491 290
491 299
491 363
491 371
491 377
491 434
491 471
491 473
491 475
491 476
491 489
492 55
492 83
492 195
492 307
492 320
492 355
492 408
492 423
492 425
492 449
492 479
492 490
492 493
492 496
492 497
492 498
492 499
493 55
493 163
493 293
493 307
493 320
493 355
493 408
493 423
493 425
493 430
493 449
493 479
493 490
493 492
493 496
493 497
493 498
493 499
494 75
494 90
494 127
494 211
494 217
494 283
494 300
494 305
494 323
494 330
494 350
494 365
494 387
494 431
494 460
494 486
494 487
494 500
495 38
495 46
495 47
495 50
495 108
495 147
495 210
495 273
495 296
495 297
495 301
495 327
495 361
495 362
495 455
495 458
495 461
495 474
495 485
496 2
496 83
496 109
496 195
496 293
496 307
496 320
496 355
496 423
496 425
496 430
496 449
496 479
496 490
496 492
496 493
496 497
496 498
496 499
497 2
497 55
497 83
497 109
497 163
497 195
497 307
497 320
497 355
497 408
497 423
497 425
497 449
497 479
497 490
497 492
497 493
497 496
497 498
497 499
498 2
498 55
498 109
498 163
498 293
498 307
498 320
498 355
498 408
498 423
498 425
498 430
498 449
498 479
498 490
498 492
498 493
498 496
498 497
498 499
499 2
499 55
499 83
499 109
499 293
499 307
499 320
499 355
499 408
499 423
499 425
499 430
499 449
499 479
499 490
499 492
499 493
499 496
499 497
499 498
500 15
500 43
500 44
500 75
500 90
500 127
500 135
500 211
500 213
500 217
500 283
500 300
500 305
500 323
500 330
500 350
500 387
500 388
500 431
500 460
500 486
500 494
