1 38
2 25
3 17
4 9
5 30
6 29
7 35
8 6
9 14
10 46
11 2
12 21
13 25
14 9
15 38
16 21
17 42
18 26
19 45
20 12
21 7
22 45
23 19
24 11
25 44
26 12
27 9
28 41
29 26
30 1
31 40
32 36
33 12
34 31
35 5
36 20
37 44
38 20
39 30
40 40
41 1
42 33
43 6
44 5
45 4
46 16
47 33
48 39
49 16
50 2
51 40
52 19
53 17
54 46
55 27
56 15
57 16
58 32
59 14
60 1
61 8
62 16
63 14
64 29
65 6
66 27
67 13
68 4
69 42
70 24
71 33
72 41
73 7
74 34
75 13
76 19
77 33
78 21
79 23
80 31
81 10
82 45
83 35
84 36
85 45
86 41
87 34
88 36
89 41
90 3
91 7
92 8
93 23
94 26
95 25
96 19
97 43
98 30
99 18
100 7
101 34
102 41
103 9
104 46
105 7
106 11
107 16
108 37
109 41
110 24
111 11
112 29
113 46
114 23
115 25
116 39
117 27
118 41
119 22
120 10
121 5
122 7
123 43
124 45
125 3
126 5
127 33
128 43
129 25
130 30
131 14
132 25
133 43
134 31
135 7
136 26
137 20
138 1
139 36
140 38
141 38
142 6
143 17
144 43
145 12
146 33
147 9
148 16
149 46
150 35
151 34
152 42
153 10
154 15
155 7
156 11
157 46
158 12
159 34
160 24
161 14
162 30
163 13
164 18
165 26
166 41
167 19
168 22
169 40
170 5
171 17
172 30
173 25
174 46
175 15
176 25
177 19
178 8
179 36
180 3
181 8
182 41
183 39
184 38
185 38
186 29
187 28
188 5
189 6
190 24
191 24
192 29
193 44
194 10
195 6
196 28
197 32
198 41
199 21
200 12
201 6
202 5
203 46
204 10
205 20
206 28
207 40
208 22
209 21
210 30
211 4
212 28
213 3
214 22
215 35
216 15
217 11
218 18
219 45
220 38
221 21
222 37
223 11
224 37
225 21
226 31
227 37
228 30
229 29
230 47
231 25
232 45
233 13
234 21
235 7
236 37
237 26
238 33
239 40
240 46
241 23
242 29
243 13
244 4
245 26
246 26
247 42
248 5
249 25
250 9
251 31
252 32
253 39
254 37
255 2
256 9
257 47
258 31
259 17
260 30
261 47
262 41
263 28
264 18
265 7
266 11
267 25
268 11
269 42
270 47
271 36
272 32
273 32
274 28
275 2
276 34
277 3
278 32
279 40
280 1
281 1
282 1
283 20
284 26
285 36
286 33
287 29
288 36
289 22
290 27
291 17
292 8
293 38
294 30
295 28
296 9
297 22
298 32
299 42
300 4
301 34
302 15
303 15
304 23
305 5
306 38
307 16
308 36
309 11
310 8
311 28
312 3
313 44
314 35
315 23
316 28
317 27
318 21
319 4
320 46
321 27
322 26
323 22
324 22
325 32
326 25
327 39
328 15
329 22
330 46
331 47
332 10
333 2
334 18
335 40
336 28
337 47
338 26
339 44
340 41
341 21
342 26
343 1
344 23
345 18
346 1
347 22
348 39
349 5
350 16
351 4
352 32
353 28
354 34
355 7
356 21
357 16
358 1
359 4
360 16
361 30
362 25
363 11
364 2
365 2
366 6
367 26
368 32
369 44
370 10
371 10
372 21
373 29
374 41
375 40
376 44
377 29
378 11
379 2
380 9
381 22
382 28
383 21
384 39
385 28
386 46
387 39
388 31
389 42
390 44
391 23
392 2
393 45
394 44
395 22
396 5
397 41
398 41
399 28
400 34
401 7
402 28
403 1
404 33
405 5
406 28
407 40
408 25
409 28
410 32
411 1
412 6
413 7
414 2
415 29
416 32
417 28
418 23
419 33
420 4
421 21
422 22
423 42
424 4
425 4
426 46
427 32
428 22
429 40
430 34
431 32
432 40
433 32
434 36
435 1
436 16
437 5
438 22
439 39
440 36
441 16
442 11
443 2
444 42
445 34
446 38
447 46
448 34
449 26
450 7
451 16
452 1
453 40
454 28
455 22
456 11
457 10
458 44
459 41
460 29
461 10
462 39
463 38
464 42
465 33
466 5
467 41
468 1
469 42
470 42
471 46
472 5
473 5
474 34
475 22
476 41
477 26
478 34
479 2
480 2
481 28
482 34
483 46
484 1
485 5
486 5
487 34
488 7
489 46
490 2
491 41
492 28
493 2
494 41
495 46
496 46
497 32
498 46
499 46
500 1
