1 107
1 110
1 261
1 295
1 332
2 237
2 263
2 462
2 474
2 495
3 181
3 330
3 345
3 368
3 431
4 38
4 147
4 270
4 437
4 467
5 350
5 377
5 426
5 467
5 493
6 45
6 90
6 181
6 258
6 442
7 68
7 225
7 271
7 390
7 489
8 106
8 167
8 448
8 461
8 491
9 171
9 384
9 401
9 475
9 482
10 265
10 270
10 308
10 345
10 457
11 318
11 360
11 369
11 379
11 438
12 307
12 324
12 374
12 419
12 434
13 144
13 150
13 199
13 213
13 451
14 245
14 416
14 431
14 477
14 499
15 162
15 350
15 453
15 481
15 489
16 64
16 76
16 232
16 410
16 431
17 282
17 292
17 375
17 462
17 477
18 322
18 341
18 358
18 422
18 449
19 22
19 104
19 222
19 339
19 359
20 204
20 265
20 319
20 332
20 429
21 46
21 214
21 413
21 449
21 493
22 19
22 60
22 102
22 273
22 463
23 168
23 196
23 481
23 489
23 496
24 125
24 221
24 264
24 378
24 397
25 65
25 93
25 350
25 423
25 487
26 113
26 251
26 435
26 442
26 479
27 203
27 416
27 436
27 490
27 494
28 313
28 316
28 327
28 395
28 432
29 291
29 437
29 470
29 489
29 496
30 97
30 441
30 449
30 498
30 500
31 343
31 378
31 468
31 472
31 488
32 134
32 380
32 424
32 447
32 455
33 156
33 276
33 286
33 334
33 415
34 296
34 408
34 462
34 471
34 477
35 77
35 161
35 419
35 451
35 474
36 37
36 111
36 250
36 371
36 428
37 36
37 273
37 439
37 478
37 485
38 4
38 95
38 216
38 279
38 409
39 93
39 169
39 334
39 342
39 434
40 206
40 207
40 303
40 414
40 439
41 209
41 275
41 343
41 392
41 487
42 289
42 411
42 437
42 467
42 499
43 254
43 347
43 360
43 369
43 445
44 178
44 195
44 466
44 470
44 496
45 6
45 234
45 400
45 418
45 466
46 21
46 258
46 321
46 449
46 457
47 195
47 394
47 402
47 456
47 465
48 276
48 298
48 310
48 423
48 463
49 83
49 314
49 395
49 450
49 493
50 79
50 83
50 334
50 342
50 482
51 383
51 481
51 489
51 495
51 496
52 172
52 228
52 432
52 458
52 488
53 190
53 418
53 453
53 455
53 488
54 88
54 165
54 207
54 306
54 495
55 140
55 173
55 187
55 371
55 388
56 287
56 344
56 345
56 483
56 500
57 161
57 235
57 384
57 425
57 429
58 221
58 364
58 412
58 445
58 467
59 140
59 173
59 187
59 195
59 345
60 22
60 109
60 393
60 430
60 482
61 141
61 282
61 417
61 432
61 460
62 249
62 434
62 436
62 494
62 499
63 364
63 445
63 453
63 466
63 483
64 16
64 165
64 285
64 339
64 389
65 25
65 396
65 407
65 460
65 494
66 89
66 248
66 268
66 274
66 424
67 268
67 275
67 346
67 363
67 487
68 7
68 366
68 409
68 481
68 496
69 193
69 301
69 315
69 483
69 492
70 293
70 411
70 437
70 467
71 344
71 443
71 470
71 481
71 489
72 96
72 229
72 350
72 387
72 498
73 144
73 200
73 208
73 411
73 467
74 84
74 411
74 451
74 469
74 488
75 333
75 387
75 421
75 490
75 491
76 16
76 339
76 359
76 389
76 465
77 35
77 327
77 343
77 403
77 445
78 101
78 228
78 250
78 427
78 495
79 50
79 334
79 342
79 406
79 459
80 163
80 193
80 287
80 315
80 443
81 99
81 192
81 272
81 378
81 397
82 292
82 353
82 443
82 455
82 492
83 49
83 50
83 96
83 338
83 450
84 74
84 419
84 451
84 475
84 492
85 134
85 232
85 243
85 365
85 447
86 205
86 328
86 389
86 425
86 429
87 384
87 425
87 429
87 468
87 484
88 54
88 159
88 196
88 238
88 243
89 66
89 213
89 345
89 426
89 459
90 6
90 151
90 484
90 491
90 492
91 382
91 415
91 452
91 456
91 482
92 157
92 211
92 290
92 340
92 460
93 25
93 39
93 334
93 342
93 408
94 189
94 227
94 269
94 464
94 486
95 38
95 216
95 409
95 444
95 465
96 72
96 83
96 392
96 456
96 464
97 30
97 155
97 309
97 419
97 474
98 263
98 334
98 412
98 444
98 497
99 81
99 312
99 434
99 441
99 458
100 112
100 431
100 439
100 478
100 485
101 78
101 121
101 264
101 376
101 457
102 22
102 287
102 294
102 367
102 382
103 318
103 372
103 489
103 494
103 496
104 19
104 108
104 175
104 216
104 424
105 263
105 290
105 299
105 385
105 405
106 8
106 214
106 295
106 448
106 461
107 1
107 249
107 277
107 295
107 480
108 104
108 222
108 332
108 359
108 361
109 60
109 123
109 446
109 448
109 491
110 1
110 249
110 295
110 344
110 471
111 36
111 357
111 426
111 459
111 489
112 100
112 308
112 321
112 404
112 459
113 26
113 180
113 186
113 332
113 394
114 278
114 281
114 364
114 460
114 474
115 150
115 404
115 426
115 437
115 442
116 219
116 304
116 447
116 455
116 498
117 189
117 227
117 269
117 451
117 497
118 395
118 441
118 494
118 498
118 500
119 145
119 303
119 349
119 405
119 442
120 314
120 351
120 398
120 434
120 493
121 101
121 229
121 349
121 377
121 450
122 198
122 424
122 444
122 479
122 499
123 109
123 250
123 468
123 491
123 492
124 232
124 339
124 389
124 473
124 497
125 24
125 287
125 303
125 378
125 397
126 260
126 333
126 419
126 424
126 447
127 156
127 216
127 244
127 409
127 486
128 260
128 297
128 420
128 424
128 447
129 273
129 393
129 433
129 440
129 458
130 267
130 303
130 311
130 442
130 476
131 198
131 215
131 374
131 401
131 428
132 138
132 143
132 376
132 402
132 495
133 200
133 414
133 431
133 441
133 500
134 32
134 85
134 447
134 476
134 491
135 340
135 382
135 391
135 452
135 482
136 168
136 259
136 318
136 355
136 497
137 166
137 275
137 288
137 363
137 418
138 132
138 362
138 392
138 443
138 487
139 272
139 341
139 358
139 454
139 459
140 55
140 59
140 187
140 205
140 487
141 61
141 246
141 421
141 494
141 499
142 352
142 437
142 446
142 491
142 492
143 132
143 237
143 283
143 482
143 495
144 13
144 73
144 321
144 459
144 484
145 119
145 303
145 417
145 442
145 493
146 270
146 281
146 443
146 449
146 457
147 4
147 219
147 414
147 446
147 478
148 155
148 313
148 349
148 462
148 497
149 160
149 224
149 331
149 369
149 441
150 13
150 115
150 404
150 421
150 464
151 90
151 171
151 231
151 491
151 492
152 157
152 244
152 409
152 468
152 500
153 166
153 338
153 404
153 448
153 459
154 362
154 372
154 465
154 484
154 488
155 97
155 148
155 170
155 297
155 469
156 33
156 127
156 286
156 452
156 489
157 92
157 152
157 240
157 420
157 479
158 199
158 276
158 298
158 342
158 467
159 88
159 196
159 306
159 492
159 495
160 149
160 180
160 333
160 431
160 498
161 35
161 57
161 386
161 440
161 461
162 15
162 319
162 425
162 489
162 496
163 80
163 314
163 352
163 434
163 486
164 171
164 188
164 445
164 452
164 482
165 54
165 64
165 196
165 259
165 306
166 137
166 153
166 275
166 346
166 355
167 8
167 300
167 361
167 378
167 448
168 23
168 136
168 435
168 496
168 497
169 39
169 348
169 412
169 430
169 477
170 155
170 226
170 233
170 335
170 474
171 9
171 151
171 164
171 201
171 401
172 52
172 185
172 312
172 358
172 458
173 55
173 59
173 187
173 326
173 367
174 181
174 207
174 234
174 414
174 442
175 104
175 222
175 306
175 359
175 456
176 364
176 391
176 412
176 433
176 445
177 328
177 334
177 381
177 413
177 449
178 44
178 285
178 373
178 470
178 496
179 189
179 225
179 260
179 468
179 472
180 113
180 160
180 239
180 320
180 394
181 3
181 6
181 174
181 303
181 376
182 263
182 376
182 385
182 398
182 499
183 320
183 361
183 388
183 408
183 448
183 492
184 197
184 253
184 277
184 408
184 473
184 485
185 172
185 231
185 246
185 376
185 458
185 460
186 113
186 332
186 362
186 381
186 394
186 465
187 55
187 59
187 140
187 173
187 219
187 440
188 164
188 288
188 293
188 319
188 462
188 471
189 94
189 117
189 179
189 227
189 269
189 317
190 53
190 271
190 305
190 404
190 453
190 466
191 225
191 317
191 330
191 355
191 488
191 498
192 81
192 221
192 251
192 420
192 460
192 490
193 69
193 80
193 301
193 315
193 337
193 452
194 325
194 409
194 444
194 479
194 492
194 497
195 44
195 47
195 59
195 277
195 402
195 456
196 23
196 88
196 159
196 165
196 293
196 306
197 184
197 285
197 309
197 322
197 478
197 489
198 122
198 131
198 215
198 250
198 428
198 496
199 13
199 158
199 276
199 298
199 445
199 473
200 73
200 133
200 339
200 349
200 389
200 447
201 171
201 229
201 346
201 363
201 365
201 416
202 209
202 294
202 371
202 385
202 421
202 428
203 27
203 259
203 296
203 462
203 471
203 472
204 20
204 208
204 384
204 425
204 429
204 481
205 86
205 140
205 246
205 425
205 429
205 466
206 40
206 285
206 313
206 324
206 478
206 485
207 40
207 54
207 174
207 252
207 307
207 324
208 73
208 204
208 293
208 418
208 467
208 481
209 41
209 202
209 377
209 454
209 475
209 493
210 422
210 437
210 440
210 449
210 473
210 480
211 92
211 323
211 347
211 420
211 430
211 484
212 300
212 323
212 326
212 375
212 402
212 456
213 13
213 89
213 273
213 351
213 426
213 459
214 21
214 106
214 262
214 320
214 388
214 448
215 131
215 198
215 393
215 400
215 407
215 421
216 38
216 95
216 104
216 127
216 328
216 409
217 224
217 242
217 382
217 405
217 421
217 433
218 238
218 327
218 374
218 418
218 453
218 466
219 116
219 147
219 187
219 378
219 397
219 456
220 257
220 368
220 458
220 465
220 475
220 486
221 24
221 58
221 192
221 438
221 473
221 480
222 19
222 108
222 175
222 335
222 359
222 500
223 265
223 328
223 413
223 449
223 457
223 498
224 149
224 217
224 315
224 405
224 433
224 451
225 7
225 179
225 191
225 350
225 476
225 500
226 170
226 380
226 419
226 427
226 470
226 495
227 94
227 117
227 189
227 269
227 305
227 329
228 52
228 78
228 232
228 312
228 458
228 489
229 72
229 121
229 201
229 392
229 446
229 493
230 277
230 289
230 474
230 490
230 494
230 499
231 151
231 185
231 343
231 451
231 469
231 479
232 16
232 85
232 124
232 228
232 346
232 389
233 170
233 241
233 280
233 427
233 443
233 446
234 45
234 174
234 258
234 381
234 416
234 442
235 57
235 236
235 455
235 470
235 498
235 500
236 235
236 417
236 440
236 494
236 499
236 500
237 2
237 143
237 371
237 407
237 427
237 495
238 88
238 218
238 246
238 312
238 367
238 458
239 180
239 332
239 394
239 441
239 471
239 495
240 157
240 259
240 415
240 460
240 478
240 490
241 233
241 250
241 421
241 428
241 480
241 494
242 217
242 248
242 261
242 268
242 274
242 489
243 85
243 88
243 424
243 447
243 461
243 497
244 127
244 152
244 351
244 409
244 440
244 478
245 14
245 249
245 382
245 432
245 484
245 499
246 141
246 185
246 205
246 238
246 366
246 458
247 259
247 375
247 401
247 406
247 420
247 490
248 66
248 242
248 261
248 311
248 396
248 467
249 62
249 107
249 110
249 245
249 295
249 428
250 36
250 78
250 123
250 198
250 241
250 435
251 26
251 192
251 255
251 350
251 362
251 493
252 207
252 254
252 324
252 330
252 374
252 498
253 184
253 279
253 308
253 336
253 403
253 407
254 43
254 252
254 279
254 297
254 354
254 390
255 251
255 302
255 423
255 459
255 482
255 487
256 278
256 411
256 437
256 441
256 467
256 496
257 220
257 346
257 442
257 475
257 484
257 486
258 6
258 46
258 234
258 262
258 378
258 442
259 136
259 165
259 203
259 240
259 247
259 337
260 126
260 128
260 179
260 306
260 396
260 424
261 1
261 242
261 248
261 268
261 274
261 488
262 214
262 258
262 268
262 372
262 465
262 486
263 2
263 98
263 105
263 182
263 376
263 472
264 24
264 101
264 290
264 380
264 412
264 427
265 10
265 20
265 223
265 413
265 415
265 457
266 390
266 416
266 468
266 472
266 488
266 491
267 130
267 271
267 448
267 468
267 472
267 488
268 66
268 67
268 242
268 261
268 262
268 423
269 94
269 117
269 189
269 227
269 390
269 429
270 4
270 10
270 146
270 323
270 457
270 462
271 7
271 190
271 267
271 312
271 430
271 488
272 81
272 139
272 322
272 341
272 358
272 382
273 22
273 37
273 129
273 213
273 356
273 430
274 66
274 242
274 261
274 302
274 317
274 435
275 41
275 67
275 137
275 166
275 363
275 466
275 470
276 33
276 48
276 158
276 199
276 298
276 392
276 405
277 107
277 184
277 195
277 230
277 432
277 494
277 499
278 114
278 256
278 419
278 462
278 469
278 474
278 476
279 38
279 253
279 254
279 308
279 327
279 403
279 450
280 233
280 283
280 291
280 292
280 443
280 475
280 495
281 114
281 146
281 343
281 422
281 428
281 469
281 485
282 17
282 61
282 389
282 412
282 476
282 480
282 483
283 143
283 280
283 321
283 348
283 476
283 477
283 483
284 316
284 367
284 383
284 464
284 475
284 478
284 499
285 64
285 178
285 197
285 206
285 353
285 414
285 485
286 33
286 156
286 447
286 452
286 466
286 482
286 485
287 56
287 80
287 102
287 125
287 405
287 430
287 433
288 137
288 188
288 299
288 410
288 465
288 484
288 486
289 42
289 230
289 348
289 371
289 436
289 494
289 499
290 92
290 105
290 264
290 325
290 335
290 374
290 495
291 29
291 280
291 422
291 425
291 429
291 443
291 446
292 17
292 82
292 280
292 333
292 443
292 483
292 492
293 70
293 188
293 196
293 208
293 377
293 411
293 437
294 102
294 202
294 302
294 371
294 421
294 424
294 428
295 1
295 106
295 107
295 110
295 249
295 359
295 464
296 34
296 203
296 319
296 429
296 471
296 478
296 489
297 128
297 155
297 254
297 354
297 369
297 379
297 408
298 48
298 158
298 199
298 276
298 338
298 340
298 435
299 105
299 288
299 356
299 400
299 415
299 418
299 466
300 167
300 212
300 340
300 378
300 402
300 413
300 456
301 69
301 193
301 315
301 357
301 436
301 490
302 255
302 274
302 294
302 331
302 441
302 498
302 500
303 40
303 119
303 125
303 130
303 145
303 181
303 325
304 116
304 311
304 400
304 431
304 457
304 498
304 500
305 190
305 227
305 316
305 381
305 383
305 425
305 464
306 54
306 159
306 165
306 175
306 196
306 260
306 433
307 12
307 207
307 324
307 357
307 374
307 436
307 497
308 10
308 112
308 253
308 279
308 336
308 370
308 403
309 97
309 197
309 313
309 408
309 439
309 443
309 478
310 48
310 337
310 373
310 406
310 407
310 413
310 490
311 130
311 248
311 304
311 348
311 375
311 476
311 477
312 99
312 172
312 228
312 238
312 271
312 315
312 485
313 28
313 148
313 206
313 309
313 375
313 395
313 462
314 49
314 120
314 163
314 351
314 398
314 434
314 498
315 69
315 80
315 193
315 224
315 301
315 312
315 362
316 28
316 284
316 305
316 322
316 363
316 381
316 464
317 189
317 191
317 274
317 418
317 468
317 472
317 488
318 11
318 103
318 136
318 412
318 470
318 481
318 489
319 20
319 162
319 188
319 296
319 329
319 349
319 471
320 180
320 183
320 214
320 361
320 388
320 481
320 498
321 46
321 112
321 144
321 283
321 357
321 426
321 447
322 18
322 197
322 272
322 316
322 341
322 358
322 381
323 211
323 212
323 270
323 337
323 386
323 396
323 490
324 12
324 206
324 207
324 252
324 307
324 374
324 403
325 194
325 290
325 303
325 368
325 435
325 493
325 497
326 173
326 212
326 340
326 372
326 402
326 410
326 456
327 28
327 77
327 218
327 279
327 336
327 403
327 474
328 86
328 177
328 216
328 223
328 413
328 457
328 493
329 227
329 319
329 461
329 463
329 473
329 480
329 494
330 3
330 191
330 252
330 390
330 468
330 472
330 488
331 149
331 302
331 352
331 417
331 455
331 498
331 500
332 1
332 20
332 108
332 113
332 186
332 239
332 394
333 75
333 126
333 160
333 292
333 387
333 446
333 452
333 491
334 33
334 39
334 50
334 79
334 93
334 98
334 177
334 342
335 170
335 222
335 290
335 384
335 422
335 430
335 454
335 469
336 253
336 308
336 327
336 340
336 403
336 434
336 474
336 482
337 193
337 259
337 310
337 323
337 347
337 358
337 364
337 406
338 83
338 153
338 298
338 357
338 391
338 404
338 426
338 459
339 19
339 64
339 76
339 124
339 200
339 389
339 401
339 418
340 92
340 135
340 298
340 300
340 326
340 336
340 402
340 456
341 18
341 139
341 272
341 322
341 358
341 379
341 414
341 487
342 39
342 50
342 79
342 93
342 158
342 334
342 399
342 500
343 31
343 41
343 77
343 231
343 281
343 422
343 454
343 474
344 56
344 71
344 110
344 354
344 380
344 441
344 455
344 498
345 3
345 10
345 56
345 59
345 89
345 463
345 498
345 500
346 67
346 166
346 201
346 232
346 257
346 352
346 354
346 363
347 43
347 211
347 337
347 407
347 460
347 468
347 490
347 499
348 169
348 283
348 289
348 311
348 401
348 477
348 483
348 484
349 119
349 121
349 148
349 200
349 319
349 395
349 462
349 471
350 5
350 15
350 25
350 72
350 225
350 251
350 457
350 487
351 120
351 213
351 244
351 314
351 352
351 369
351 398
351 434
352 142
352 163
352 331
352 346
352 351
352 398
352 434
352 500
353 82
353 285
353 365
353 397
353 410
353 475
353 484
353 486
354 254
354 297
354 344
354 346
354 360
354 369
354 379
354 420
355 136
355 166
355 191
355 365
355 444
355 479
355 488
355 497
356 273
356 299
356 372
356 400
356 418
356 453
356 466
356 496
357 111
357 301
357 307
357 321
357 338
357 379
357 403
357 426
358 18
358 139
358 172
358 272
358 322
358 337
358 341
358 371
359 19
359 76
359 108
359 175
359 222
359 295
359 394
359 457
360 11
360 43
360 354
360 369
360 379
360 417
360 429
360 453
361 108
361 167
361 183
361 320
361 388
361 448
361 483
361 491
362 138
362 154
362 186
362 251
362 315
362 423
362 487
362 493
363 67
363 137
363 201
363 275
363 316
363 346
363 370
363 495
364 58
364 63
364 114
364 176
364 337
364 367
364 445
364 476
365 85
365 201
365 353
365 355
365 368
365 465
365 479
365 497
366 68
366 246
366 377
366 439
366 481
366 489
366 491
366 496
367 102
367 173
367 238
367 284
367 364
367 373
367 383
367 464
368 3
368 220
368 325
368 365
368 435
368 479
368 486
368 497
369 11
369 43
369 149
369 297
369 351
369 354
369 360
369 379
370 308
370 363
370 372
370 379
370 410
370 465
370 475
370 486
371 36
371 55
371 202
371 237
371 289
371 294
371 358
371 421
371 427
372 103
372 154
372 262
372 326
372 356
372 370
372 483
372 484
372 486
373 178
373 310
373 367
373 381
373 383
373 464
373 479
373 485
373 496
374 12
374 131
374 218
374 252
374 290
374 307
374 324
374 403
374 455
375 17
375 212
375 247
375 311
375 313
375 380
375 476
375 477
375 483
376 101
376 132
376 181
376 182
376 185
376 263
376 380
376 495
376 498
377 5
377 121
377 209
377 293
377 366
377 420
377 450
377 475
377 487
378 24
378 31
378 81
378 125
378 167
378 219
378 258
378 300
378 397
379 11
379 297
379 341
379 354
379 357
379 360
379 369
379 370
379 405
380 32
380 226
380 264
380 344
380 375
380 376
380 385
380 453
380 495
381 177
381 186
381 234
381 305
381 316
381 322
381 373
381 383
381 464
382 91
382 102
382 135
382 217
382 245
382 272
382 393
382 430
382 433
383 51
383 284
383 305
383 367
383 373
383 381
383 464
383 471
383 488
384 9
384 57
384 87
384 204
384 335
384 387
384 425
384 429
384 433
385 105
385 182
385 202
385 380
385 400
385 427
385 452
385 465
385 495
386 161
386 323
386 388
386 393
386 440
386 461
386 463
386 469
386 480
387 72
387 75
387 333
387 384
387 402
387 446
387 451
387 491
387 492
388 55
388 183
388 214
388 320
388 361
388 386
388 399
388 448
388 463
389 64
389 76
389 86
389 124
389 200
389 232
389 282
389 339
389 448
390 7
390 254
390 266
390 269
390 330
390 394
390 398
390 472
390 488
391 135
391 176
391 338
391 392
391 401
391 415
391 452
391 464
391 482
392 41
392 96
392 138
392 229
392 276
392 391
392 433
392 471
392 493
393 60
393 129
393 215
393 382
393 386
393 397
393 405
393 413
393 430
394 47
394 113
394 180
394 186
394 239
394 332
394 359
394 390
394 423
395 28
395 49
395 118
395 313
395 349
395 398
395 401
395 462
395 471
396 65
396 248
396 260
396 323
396 406
396 454
396 456
396 460
396 490
397 24
397 81
397 125
397 219
397 353
397 378
397 393
397 463
397 480
398 120
398 182
398 314
398 351
398 352
398 390
398 395
398 434
398 454
399 342
399 388
399 438
399 461
399 463
399 472
399 473
399 480
399 481
400 45
400 215
400 299
400 304
400 356
400 385
400 453
400 466
400 487
401 9
401 131
401 171
401 247
401 339
401 348
401 391
401 395
401 415
401 482
402 47
402 132
402 195
402 212
402 300
402 326
402 340
402 387
402 456
402 490
403 77
403 253
403 279
403 308
403 324
403 327
403 336
403 357
403 374
403 477
404 112
404 115
404 150
404 153
404 190
404 338
404 406
404 435
404 459
404 493
405 105
405 119
405 217
405 224
405 276
405 287
405 379
405 393
405 430
405 433
406 79
406 247
406 310
406 337
406 396
406 404
406 407
406 420
406 432
406 485
407 65
407 215
407 237
407 253
407 310
407 347
407 406
407 458
407 460
407 490
408 34
408 93
408 183
408 184
408 297
408 309
408 414
408 439
408 478
408 485
409 38
409 68
409 95
409 127
409 152
409 194
409 216
409 244
409 411
409 490
410 16
410 288
410 326
410 353
410 370
410 411
410 474
410 475
410 484
410 486
411 42
411 70
411 73
411 74
411 256
411 293
411 409
411 410
411 444
411 467
412 58
412 98
412 169
412 176
412 264
412 282
412 318
412 441
412 476
412 483
413 21
413 177
413 223
413 265
413 300
413 310
413 328
413 393
413 438
413 449
414 40
414 133
414 147
414 174
414 285
414 341
414 408
414 483
414 485
414 492
415 33
415 91
415 240
415 265
415 299
415 391
415 401
415 433
415 452
415 482
416 14
416 27
416 201
416 234
416 266
416 432
416 436
416 472
416 494
416 499
417 61
417 145
417 236
417 331
417 360
417 436
417 447
417 456
417 494
417 499
418 45
418 53
418 137
418 208
418 218
418 299
418 317
418 339
418 356
418 453
418 466
419 12
419 35
419 84
419 97
419 126
419 226
419 278
419 446
419 451
419 454
419 470
420 128
420 157
420 192
420 211
420 247
420 354
420 377
420 406
420 426
420 490
420 494
421 75
421 141
421 150
421 202
421 215
421 217
421 241
421 294
421 371
421 428
421 442
422 18
422 210
422 281
422 291
422 335
422 343
422 438
422 451
422 454
422 474
422 477
423 25
423 48
423 255
423 268
423 362
423 394
423 439
423 450
423 487
423 493
423 496
424 32
424 66
424 104
424 122
424 126
424 128
424 243
424 260
424 294
424 447
424 497
425 57
425 86
425 87
425 162
425 204
425 205
425 291
425 305
425 384
425 446
425 496
426 5
426 89
426 111
426 115
426 213
426 321
426 338
426 357
426 420
426 479
426 492
427 78
427 226
427 233
427 237
427 264
427 371
427 385
427 450
427 473
427 493
427 495
428 36
428 131
428 198
428 202
428 241
428 249
428 281
428 294
428 421
428 452
428 484
429 20
429 57
429 86
429 87
429 204
429 205
429 269
429 291
429 296
429 360
429 384
430 60
430 169
430 211
430 271
430 273
430 287
430 335
430 382
430 393
430 405
430 500
431 3
431 14
431 16
431 100
431 133
431 160
431 304
431 432
431 455
431 460
431 498
432 28
432 52
432 61
432 245
432 277
432 406
432 416
432 431
432 436
432 471
432 499
433 129
433 176
433 217
433 224
433 287
433 306
433 382
433 384
433 392
433 405
433 415
434 12
434 39
434 62
434 99
434 120
434 163
434 314
434 336
434 351
434 352
434 398
435 26
435 168
435 250
435 274
435 298
435 325
435 368
435 404
435 444
435 479
435 497
436 27
436 62
436 289
436 301
436 307
436 416
436 417
436 432
436 451
436 494
436 499
437 4
437 29
437 42
437 70
437 115
437 142
437 210
437 256
437 293
437 461
437 467
438 11
438 221
438 399
438 413
438 422
438 439
438 440
438 463
438 473
438 480
438 493
439 37
439 40
439 100
439 309
439 366
439 408
439 423
439 438
439 478
439 485
439 500
440 129
440 161
440 187
440 210
440 236
440 244
440 386
440 438
440 461
440 479
440 480
441 30
441 99
441 118
441 133
441 149
441 239
441 256
441 302
441 344
441 412
441 450
441 455
442 6
442 26
442 115
442 119
442 130
442 145
442 174
442 234
442 257
442 258
442 421
442 481
443 71
443 80
443 82
443 138
443 146
443 233
443 280
443 291
443 292
443 309
443 491
443 492
444 95
444 98
444 122
444 194
444 355
444 411
444 435
444 464
444 470
444 474
444 479
444 497
445 43
445 58
445 63
445 77
445 164
445 176
445 199
445 364
445 469
445 476
445 477
445 483
446 109
446 142
446 147
446 229
446 233
446 291
446 333
446 387
446 419
446 425
446 449
446 492
447 32
447 85
447 116
447 126
447 128
447 134
447 200
447 243
447 286
447 321
447 417
447 424
448 8
448 106
448 109
448 153
448 167
448 183
448 214
448 267
448 361
448 388
448 389
448 470
449 18
449 21
449 30
449 46
449 146
449 177
449 210
449 223
449 413
449 446
449 457
449 499
450 49
450 83
450 121
450 279
450 377
450 423
450 427
450 441
450 460
450 487
450 493
450 497
451 13
451 35
451 74
451 84
451 117
451 224
451 231
451 387
451 419
451 422
451 436
451 454
451 469
452 91
452 135
452 156
452 164
452 193
452 286
452 333
452 385
452 391
452 415
452 428
452 482
452 492
453 15
453 53
453 63
453 190
453 218
453 356
453 360
453 380
453 400
453 418
453 458
453 466
453 479
454 139
454 209
454 335
454 343
454 396
454 398
454 419
454 422
454 451
454 458
454 469
454 474
454 490
455 32
455 53
455 82
455 116
455 235
455 331
455 344
455 374
455 431
455 441
455 463
455 496
455 500
456 47
456 91
456 96
456 175
456 195
456 212
456 219
456 300
456 326
456 340
456 396
456 402
456 417
457 10
457 46
457 101
457 146
457 223
457 265
457 270
457 304
457 328
457 350
457 359
457 449
457 491
458 52
458 99
458 129
458 172
458 185
458 220
458 228
458 238
458 246
458 407
458 453
458 454
458 473
459 79
459 89
459 111
459 112
459 139
459 144
459 153
459 213
459 255
459 338
459 404
459 467
459 472
460 61
460 65
460 92
460 114
460 185
460 192
460 240
460 347
460 396
460 407
460 431
460 450
460 490
461 8
461 106
461 161
461 243
461 329
461 386
461 399
461 437
461 440
461 462
461 463
461 473
461 480
462 2
462 17
462 34
462 148
462 188
462 203
462 270
462 278
462 313
462 349
462 395
462 461
462 471
463 22
463 48
463 329
463 345
463 386
463 388
463 397
463 399
463 438
463 455
463 461
463 473
463 480
464 94
464 96
464 150
464 284
464 295
464 305
464 316
464 367
464 373
464 381
464 383
464 391
464 444
465 47
465 76
465 95
465 154
465 186
465 220
465 262
465 288
465 365
465 370
465 385
465 475
465 482
465 484
466 44
466 45
466 63
466 190
466 205
466 218
466 275
466 286
466 299
466 356
466 400
466 418
466 453
466 487
467 4
467 5
467 42
467 58
467 70
467 73
467 158
467 208
467 248
467 256
467 411
467 437
467 459
467 499
468 31
468 87
468 123
468 152
468 179
468 266
468 267
468 317
468 330
468 347
468 472
468 485
468 488
468 495
469 74
469 155
469 231
469 278
469 281
469 335
469 386
469 445
469 451
469 454
469 474
469 478
469 485
469 486
470 29
470 44
470 71
470 178
470 226
470 235
470 275
470 318
470 419
470 444
470 448
470 481
470 489
470 496
471 34
471 110
471 188
471 203
471 239
471 296
471 319
471 349
471 383
471 392
471 395
471 432
471 462
471 494
472 31
472 179
472 203
472 263
472 266
472 267
472 317
472 330
472 390
472 399
472 416
472 459
472 468
472 488
473 124
473 184
473 199
473 210
473 221
473 329
473 399
473 427
473 438
473 458
473 461
473 463
473 477
473 480
474 2
474 35
474 97
474 114
474 170
474 230
474 278
474 327
474 336
474 343
474 410
474 422
474 444
474 454
474 469
475 9
475 84
475 209
475 220
475 257
475 280
475 284
475 353
475 370
475 377
475 410
475 465
475 482
475 484
475 486
476 130
476 134
476 225
476 278
476 282
476 283
476 311
476 364
476 375
476 412
476 445
476 477
476 480
476 483
476 497
477 14
477 17
477 34
477 169
477 283
477 311
477 348
477 375
477 403
477 422
477 445
477 473
477 476
477 483
477 491
478 37
478 100
478 147
478 197
478 206
478 240
478 244
478 284
478 296
478 309
478 408
478 439
478 469
478 485
478 491
479 26
479 122
479 157
479 194
479 231
479 355
479 365
479 368
479 373
479 426
479 435
479 440
479 444
479 453
479 497
480 107
480 210
480 221
480 241
480 282
480 329
480 386
480 397
480 399
480 438
480 440
480 461
480 463
480 473
480 476
480 494
481 15
481 23
481 51
481 68
481 71
481 204
481 208
481 318
481 320
481 366
481 399
481 442
481 470
481 486
481 487
481 496
482 9
482 50
482 60
482 91
482 135
482 143
482 164
482 255
482 286
482 336
482 391
482 401
482 415
482 452
482 465
482 475
483 56
483 63
483 69
483 282
483 283
483 292
483 348
483 361
483 372
483 375
483 412
483 414
483 445
483 476
483 477
483 487
484 87
484 90
484 144
484 154
484 211
484 245
484 257
484 288
484 348
484 353
484 372
484 410
484 428
484 465
484 475
484 486
485 37
485 100
485 184
485 206
485 281
485 285
485 286
485 312
485 373
485 406
485 408
485 414
485 439
485 468
485 469
485 478
486 94
486 127
486 163
486 220
486 257
486 262
486 288
486 353
486 368
486 370
486 372
486 410
486 469
486 475
486 481
486 484
487 25
487 41
487 67
487 138
487 140
487 255
487 341
487 350
487 362
487 377
487 400
487 423
487 450
487 466
487 481
487 483
487 493
488 31
488 52
488 53
488 74
488 154
488 191
488 261
488 266
488 267
488 271
488 317
488 330
488 355
488 383
488 390
488 468
488 472
489 7
489 15
489 23
489 29
489 51
489 71
489 103
489 111
489 156
489 162
489 197
489 228
489 242
489 296
489 318
489 366
489 470
489 498
490 27
490 75
490 192
490 230
490 240
490 247
490 301
490 310
490 323
490 347
490 396
490 402
490 407
490 409
490 420
490 454
490 460
490 495
491 8
491 75
491 90
491 109
491 123
491 134
491 142
491 151
491 266
491 333
491 361
491 366
491 387
491 443
491 457
491 477
491 478
491 492
492 69
492 82
492 84
492 90
492 123
492 142
492 151
492 159
492 183
492 194
492 292
492 387
492 414
492 426
492 443
492 446
492 452
492 491
493 5
493 21
493 49
493 120
493 145
493 209
493 229
493 251
493 325
493 328
493 362
493 392
493 404
493 423
493 427
493 438
493 450
493 487
494 27
494 62
494 65
494 103
494 118
494 141
494 230
494 236
494 241
494 277
494 289
494 329
494 416
494 417
494 420
494 436
494 471
494 480
495 2
495 51
495 54
495 78
495 132
495 143
495 159
495 226
495 237
495 239
495 280
495 290
495 363
495 376
495 380
495 385
495 427
495 468
495 490
496 23
496 29
496 44
496 51
496 68
496 103
496 162
496 168
496 178
496 198
496 256
496 356
496 366
496 373
496 423
496 425
496 455
496 470
496 481
497 98
497 117
497 124
497 136
497 148
497 168
497 194
497 243
497 307
497 325
497 355
497 365
497 368
497 424
497 435
497 444
497 450
497 476
497 479
498 30
498 72
498 116
498 118
498 160
498 191
498 223
498 235
498 252
498 302
498 304
498 314
498 320
498 331
498 344
498 345
498 376
498 431
498 489
498 500
499 14
499 42
499 62
499 122
499 141
499 182
499 230
499 236
499 245
499 277
499 284
499 289
499 347
499 416
499 417
499 432
499 436
499 449
499 467
499 500
500 30
500 56
500 118
500 133
500 152
500 222
500 225
500 235
500 236
500 302
500 304
500 331
500 342
500 345
500 352
500 430
500 439
500 455
500 498
500 499
