1 3
1 276
1 425
1 439
1 443
1 463
1 474
1 492
2 5
2 101
2 325
2 394
2 422
3 1
3 9
3 298
3 439
3 443
3 499
4 270
4 318
4 434
4 439
4 489
5 2
5 6
5 47
5 315
5 422
6 5
6 7
6 203
6 422
6 456
7 6
7 13
7 17
7 22
7 143
8 148
8 162
8 186
8 430
8 498
9 3
9 11
9 318
9 474
9 492
10 214
10 215
10 217
10 475
10 481
11 9
11 155
11 191
11 196
11 208
11 318
12 14
12 16
12 274
12 293
12 367
12 400
13 7
13 22
13 194
13 393
13 422
14 12
14 16
14 397
14 437
14 500
15 87
15 100
15 150
15 406
15 419
16 12
16 14
16 77
16 252
16 487
16 493
17 7
17 18
17 142
17 143
17 247
17 400
18 17
18 251
18 264
18 328
18 404
19 20
19 62
19 282
19 342
19 417
20 19
20 282
20 387
20 444
20 453
21 26
21 256
21 258
21 263
21 333
22 7
22 13
22 34
22 489
22 495
23 33
23 35
23 288
23 497
23 499
24 25
24 289
24 296
24 417
24 472
25 24
25 74
25 207
25 222
25 428
25 469
25 485
25 491
26 21
26 121
26 126
26 221
26 333
27 29
27 76
27 79
27 452
27 495
28 47
28 85
28 229
28 347
28 353
29 27
29 290
29 377
29 416
29 472
30 148
30 153
30 194
30 393
30 467
31 32
31 314
31 346
31 417
31 476
32 31
32 36
32 100
32 160
32 465
33 23
33 34
33 35
33 95
33 241
34 22
34 33
34 244
34 368
34 464
35 23
35 33
35 46
35 244
35 368
36 32
36 37
36 99
36 357
36 413
37 36
37 314
37 346
37 378
37 476
38 84
38 267
38 447
38 460
38 488
39 40
39 343
39 432
39 483
39 484
40 39
40 42
40 404
40 451
40 466
41 43
41 81
41 257
41 480
41 482
42 40
42 45
42 137
42 309
42 483
43 41
43 81
43 422
43 447
43 488
44 47
44 69
44 185
44 292
44 301
44 316
45 42
45 47
45 329
45 362
45 421
46 35
46 60
46 429
46 489
46 495
47 5
47 28
47 44
47 45
47 229
47 315
48 49
48 125
48 273
48 313
48 366
49 48
49 130
49 269
49 365
49 460
50 54
50 93
50 123
50 322
50 472
51 164
51 353
51 382
51 427
51 453
52 56
52 76
52 147
52 383
52 482
53 62
53 429
53 486
53 489
53 495
54 50
54 93
54 119
54 157
54 322
54 363
55 56
55 76
55 79
55 238
55 322
55 490
56 52
56 55
56 157
56 363
56 399
57 65
57 145
57 323
57 390
57 494
58 65
58 283
58 432
58 483
58 499
59 201
59 387
59 419
59 497
59 499
60 46
60 62
60 429
60 437
60 500
61 239
61 262
61 352
61 483
61 498
62 19
62 53
62 60
62 341
62 472
63 71
63 341
63 485
63 487
63 493
64 303
64 366
64 377
64 473
64 480
65 57
65 58
65 232
65 407
65 438
66 68
66 70
66 150
66 170
66 349
67 69
67 306
67 339
67 341
67 401
68 66
68 70
68 463
68 486
68 496
69 44
69 67
69 292
69 306
69 461
70 66
70 68
70 398
70 424
70 441
71 63
71 306
71 341
71 448
71 468
72 73
72 75
72 438
72 446
72 472
73 72
73 75
73 158
73 339
73 401
74 25
74 296
74 379
74 403
74 420
75 72
75 73
75 325
75 353
75 427
76 27
76 52
76 55
76 79
76 131
76 147
76 219
76 231
76 238
76 265
76 267
76 333
77 16
77 79
77 80
77 471
77 493
78 98
78 290
78 306
78 351
78 427
79 27
79 55
79 76
79 77
79 80
79 131
79 147
79 383
79 490
80 77
80 79
80 302
80 372
80 459
81 41
81 43
81 125
81 255
81 313
82 177
82 193
82 257
82 294
82 388
82 410
82 439
83 84
83 257
83 442
83 497
83 499
84 38
84 83
84 460
84 477
84 488
85 28
85 320
85 339
85 342
85 428
86 87
86 88
86 150
86 170
86 349
87 15
87 86
87 88
87 268
87 481
88 86
88 87
88 89
88 271
88 440
89 88
89 90
89 277
89 440
89 482
90 89
90 244
90 368
90 409
90 470
91 94
91 115
91 240
91 275
91 291
91 495
92 280
92 283
92 375
92 406
92 440
93 50
93 54
93 322
93 336
93 450
94 91
94 95
94 371
94 471
94 493
95 33
95 94
95 195
95 241
95 303
95 324
96 97
96 186
96 213
96 216
96 267
96 308
96 324
96 352
96 380
96 387
96 429
96 453
96 494
97 96
97 101
97 434
97 451
97 466
98 78
98 101
98 110
98 394
98 495
99 36
99 165
99 295
99 357
99 478
100 15
100 32
100 152
100 160
100 172
100 182
100 239
100 261
100 312
101 2
101 97
101 98
101 279
101 459
102 236
102 279
102 386
102 415
102 467
102 472
103 182
103 184
103 374
103 433
103 500
104 117
104 249
104 319
104 497
104 499
105 108
105 280
105 324
105 448
105 493
106 140
106 389
106 461
106 466
106 477
107 108
107 205
107 314
107 476
107 485
108 105
108 107
108 209
108 379
108 403
109 136
109 220
109 411
109 418
109 496
110 98
110 114
110 375
110 440
110 463
111 112
111 201
111 246
111 279
111 393
112 111
112 113
112 209
112 379
112 403
113 112
113 240
113 342
113 446
113 472
114 110
114 129
114 437
114 463
114 500
115 91
115 116
115 189
115 275
115 370
116 115
116 118
116 321
116 385
116 439
117 104
117 124
117 245
117 353
117 427
118 116
118 119
118 180
118 413
118 433
119 54
119 118
119 120
119 157
119 399
120 119
120 135
120 377
120 389
121 26
121 217
121 332
121 494
121 498
122 171
122 223
122 224
122 340
122 378
123 50
123 127
123 221
123 407
123 438
124 117
124 244
124 245
124 385
124 439
125 48
125 81
125 127
125 221
125 366
126 26
126 127
126 340
126 467
126 496
127 123
127 125
127 126
127 206
127 249
127 284
127 340
127 341
127 486
128 130
128 342
128 417
128 435
128 472
129 114
129 384
129 401
129 402
129 463
130 49
130 128
130 154
130 192
130 365
131 76
131 79
131 135
131 403
131 452
132 164
132 351
132 480
132 482
132 484
133 169
133 170
133 311
133 338
133 357
133 433
133 455
133 458
134 164
134 295
134 351
134 420
134 433
135 120
135 131
135 192
135 351
136 109
136 301
136 383
136 401
136 466
137 42
137 198
137 309
137 418
137 498
138 198
138 351
138 374
138 397
138 500
139 142
139 383
139 415
139 467
139 491
140 106
140 272
140 294
140 351
140 461
141 198
141 246
141 279
141 327
141 402
142 17
142 139
142 143
142 148
142 383
143 7
143 17
143 142
143 155
144 162
144 163
144 168
144 351
144 416
145 57
145 146
145 185
145 323
145 372
145 390
145 459
146 145
146 185
146 281
146 376
146 402
147 52
147 76
147 79
147 183
147 308
148 8
148 30
148 142
148 243
148 383
149 187
149 201
149 240
149 391
149 476
150 15
150 66
150 86
150 183
150 349
151 208
151 209
151 213
151 474
151 492
152 100
152 154
152 244
152 368
152 409
153 30
153 384
153 478
153 486
153 496
154 130
154 152
154 269
154 365
154 436
155 11
155 143
155 196
155 208
156 157
156 423
156 431
156 461
156 462
157 54
157 56
157 119
157 156
157 291
157 322
157 363
157 399
157 449
158 73
158 160
158 291
158 401
158 441
159 166
159 384
159 480
159 482
159 499
160 32
160 100
160 158
160 291
160 465
161 166
161 384
161 468
161 480
161 484
162 8
162 144
162 230
162 486
162 496
163 144
163 186
163 281
163 376
163 402
164 51
164 132
164 134
164 489
164 495
165 99
165 168
165 339
165 424
165 441
166 159
166 161
166 443
166 478
166 492
167 172
167 337
167 421
167 482
167 489
168 144
168 165
168 181
168 272
168 405
169 133
169 371
169 434
169 471
169 493
170 66
170 86
170 133
170 174
170 349
171 122
171 238
171 340
171 404
171 452
172 100
172 167
172 173
172 453
172 465
173 172
173 179
173 180
173 437
173 500
174 170
174 175
174 270
174 434
174 495
175 174
175 202
175 473
175 482
175 484
176 178
176 202
176 282
176 286
176 412
177 82
177 308
177 338
177 343
177 373
178 176
178 188
178 197
178 260
178 287
178 470
179 173
179 180
179 181
179 290
179 377
179 416
180 118
180 173
180 179
180 181
180 413
180 458
181 168
181 179
181 180
181 182
181 254
181 456
182 100
182 103
182 181
182 239
182 261
182 492
183 147
183 150
183 185
183 335
183 497
183 499
184 103
184 187
184 191
184 336
184 391
184 450
185 44
185 145
185 146
185 183
185 292
185 316
186 8
186 96
186 163
186 211
186 396
186 429
187 149
187 184
187 190
187 191
187 205
187 476
188 178
188 189
188 244
188 263
188 368
188 462
188 479
189 115
189 188
189 240
189 275
189 291
189 317
190 187
190 191
190 196
190 223
190 228
190 395
191 11
191 184
191 187
191 190
191 196
191 208
192 130
192 135
192 224
192 268
192 409
192 481
193 82
193 194
193 373
193 388
193 410
193 451
194 13
194 30
194 193
194 205
194 212
194 327
195 95
195 241
195 270
195 271
195 274
195 474
196 11
196 155
196 190
196 191
196 197
196 443
197 178
197 196
197 200
197 361
197 448
197 468
198 137
198 138
198 141
198 386
198 415
198 467
199 233
199 314
199 319
199 346
199 369
199 476
200 197
200 203
200 281
200 361
200 384
200 402
201 59
201 111
201 149
201 387
201 487
201 493
202 175
202 176
202 329
202 347
202 421
202 442
203 6
203 200
203 206
203 361
203 405
203 456
204 206
204 207
204 361
204 414
204 497
204 499
205 107
205 187
205 194
205 211
205 220
205 346
206 127
206 203
206 204
206 207
206 435
206 496
207 25
207 204
207 206
207 208
207 222
207 436
208 11
208 151
208 155
208 191
208 207
208 209
209 108
209 112
209 151
209 208
209 213
209 403
210 254
210 278
210 280
210 405
210 456
210 473
211 186
211 205
211 429
211 444
211 453
211 496
212 194
212 225
212 279
212 327
212 372
212 393
213 96
213 151
213 209
213 267
213 444
213 497
214 10
214 215
214 217
214 242
214 360
214 389
215 10
215 214
215 217
215 447
215 460
215 488
216 96
216 310
216 336
216 337
216 352
216 380
217 10
217 121
217 214
217 215
217 408
217 432
218 222
218 224
218 376
218 451
219 76
219 225
219 227
219 231
219 383
220 109
220 205
220 290
220 292
220 418
220 476
221 26
221 123
221 125
221 298
221 474
221 492
222 25
222 207
222 218
222 224
222 436
222 447
223 122
223 190
223 398
223 442
223 445
223 496
224 122
224 192
224 218
224 222
224 398
224 481
225 212
225 219
225 243
225 296
225 469
225 478
226 228
226 235
226 276
226 442
226 474
226 492
227 219
227 229
227 307
227 381
227 469
227 485
228 190
228 226
228 234
228 235
228 406
228 445
229 28
229 47
229 227
229 236
229 315
230 162
230 320
230 359
230 369
230 486
230 496
231 76
231 219
231 301
231 383
231 419
231 479
232 65
232 238
232 284
232 393
232 407
232 438
233 199
233 319
233 380
233 457
233 473
233 482
234 228
234 235
234 398
234 471
234 487
234 493
235 226
235 228
235 234
235 242
235 360
235 389
236 102
236 229
236 242
236 386
236 415
236 467
237 241
237 243
237 247
237 480
237 482
237 484
238 55
238 76
238 171
238 232
238 393
238 406
239 61
239 100
239 182
239 264
239 312
239 352
240 91
240 113
240 149
240 189
240 389
240 391
241 33
241 95
241 195
241 237
241 243
241 247
242 214
242 235
242 236
242 244
242 360
242 389
243 148
243 225
243 237
243 241
243 247
243 478
244 34
244 35
244 90
244 124
244 152
244 188
244 242
244 263
244 479
245 117
245 124
245 304
245 348
245 457
245 473
246 111
246 141
246 248
246 250
246 327
246 379
247 17
247 237
247 241
247 243
248 246
248 250
248 278
248 330
248 395
248 475
249 104
249 127
249 252
249 284
249 341
249 435
250 246
250 248
250 330
250 418
250 497
250 499
251 18
251 253
251 264
251 328
251 381
251 428
252 16
252 249
252 254
252 371
252 487
252 493
253 251
253 321
253 385
253 392
253 428
253 439
254 181
254 210
254 252
254 405
254 410
254 456
255 81
255 313
255 366
255 381
255 392
255 428
256 21
256 258
256 282
256 286
256 396
256 412
256 426
257 41
257 82
257 83
257 471
257 487
257 493
258 21
258 256
258 265
258 287
258 470
258 477
259 260
259 261
259 428
259 435
259 486
259 496
260 178
260 259
260 261
260 448
260 463
260 477
261 100
261 182
261 259
261 260
261 312
261 449
262 61
262 321
262 352
262 385
262 439
262 477
263 21
263 188
263 244
263 265
263 368
263 409
264 18
264 239
264 251
264 268
264 270
264 288
265 76
265 258
265 263
265 464
265 468
265 470
266 275
266 276
266 277
266 350
266 483
266 498
267 38
267 76
267 96
267 213
267 429
267 444
268 87
268 192
268 264
268 270
268 352
268 475
269 49
269 154
269 365
269 372
269 376
269 423
270 4
270 174
270 195
270 264
270 268
270 466
271 88
271 195
271 274
271 277
271 285
271 440
272 140
272 168
272 294
272 312
272 405
272 456
272 485
273 48
273 301
273 419
273 442
273 495
273 497
273 499
274 12
274 195
274 271
274 285
274 300
274 400
275 91
275 115
275 189
275 266
275 276
275 285
275 291
276 1
276 226
276 266
276 275
276 277
276 474
276 492
277 89
277 266
277 271
277 276
277 278
277 375
277 440
278 210
278 248
278 277
278 280
278 419
278 475
278 481
279 101
279 102
279 111
279 141
279 212
279 393
279 474
280 92
280 105
280 210
280 278
280 464
280 468
280 470
281 146
281 163
281 200
281 283
281 384
281 406
281 470
282 19
282 20
282 176
282 256
282 286
282 296
282 396
282 412
282 426
282 454
283 58
283 92
283 281
283 332
283 406
283 408
283 432
284 127
284 232
284 249
284 286
284 340
284 393
284 496
285 271
285 274
285 275
285 378
285 486
285 489
285 495
286 176
286 256
286 282
286 284
286 287
286 393
286 412
286 426
286 454
287 178
287 258
287 286
287 290
287 292
287 464
287 477
288 23
288 264
288 325
288 328
288 427
288 464
288 467
289 24
289 411
289 415
289 416
289 417
289 426
289 472
290 29
290 78
290 179
290 220
290 287
290 292
290 416
291 91
291 157
291 158
291 160
291 189
291 275
292 44
292 69
292 185
292 220
292 287
292 290
292 316
293 12
293 300
293 354
293 372
293 396
293 400
293 423
294 82
294 140
294 272
294 312
294 373
294 388
294 485
295 99
295 134
295 297
295 412
295 418
295 420
295 455
296 24
296 74
296 225
296 282
296 361
296 469
296 491
297 295
297 298
297 299
297 335
297 418
297 497
297 499
298 3
298 221
298 297
298 299
298 418
298 492
299 297
299 298
299 300
299 434
299 451
299 466
299 495
300 274
300 293
300 299
300 302
300 354
300 367
300 497
301 44
301 136
301 231
301 273
301 306
301 378
301 458
302 80
302 300
302 303
302 323
302 377
302 390
302 459
303 64
303 95
303 302
303 377
304 245
304 305
304 307
304 348
304 366
304 422
304 457
305 304
305 307
305 366
305 369
305 447
305 460
305 488
306 67
306 69
306 71
306 78
306 301
306 411
306 455
307 227
307 304
307 305
307 311
307 430
307 478
307 485
308 96
308 147
308 177
308 338
308 402
308 444
308 494
309 42
309 137
309 311
309 332
309 354
309 456
309 498
310 216
310 334
310 336
310 395
310 445
310 475
310 481
311 133
311 307
311 309
311 338
311 354
311 433
311 455
312 100
312 239
312 261
312 272
312 294
312 315
312 485
313 48
313 81
313 255
313 314
313 354
313 366
313 380
314 31
314 37
314 107
314 199
314 313
314 380
314 392
315 5
315 47
315 229
315 312
315 323
315 333
315 485
316 44
316 185
316 292
316 321
316 327
316 359
317 189
317 326
317 372
317 381
317 396
317 428
317 478
318 4
318 9
318 11
318 364
318 392
318 500
319 104
319 199
319 233
319 320
319 418
319 442
319 497
320 85
320 230
320 319
320 361
320 369
320 478
320 491
321 116
321 253
321 262
321 316
321 359
321 369
321 439
322 50
322 54
322 55
322 93
322 157
322 449
323 57
323 145
323 302
323 315
323 328
323 333
323 335
324 95
324 96
324 105
324 448
324 464
324 477
324 497
325 2
325 75
325 288
325 353
325 427
325 464
325 485
326 317
326 343
326 396
326 471
326 487
326 493
327 141
327 194
327 212
327 246
327 316
327 329
327 332
328 18
328 251
328 288
328 323
328 333
328 335
328 485
329 45
329 202
329 327
329 332
329 347
329 359
329 362
329 421
330 248
330 250
330 336
330 379
330 391
330 392
330 450
331 407
331 412
331 437
331 447
331 451
331 460
331 488
332 121
332 283
332 309
332 327
332 329
332 334
332 408
333 21
333 26
333 76
333 315
333 323
333 328
333 335
334 310
334 332
334 336
334 386
334 415
334 467
335 183
335 297
335 323
335 328
335 333
335 345
335 418
335 442
336 93
336 184
336 216
336 310
336 330
336 334
336 391
336 450
337 167
337 216
337 339
337 342
337 451
337 466
337 489
337 495
338 133
338 177
338 308
338 311
338 402
338 433
338 436
338 458
339 67
339 73
339 85
339 165
339 337
339 342
339 398
339 441
340 122
340 126
340 127
340 171
340 284
340 378
340 400
340 496
341 62
341 63
341 67
341 71
341 127
341 249
341 435
341 496
342 19
342 85
342 113
342 128
342 337
342 339
342 407
342 446
343 39
343 177
343 326
343 384
343 402
343 408
343 483
343 498
344 373
344 410
344 445
344 465
344 470
344 473
345 335
345 346
345 355
345 391
345 450
345 474
346 31
346 37
346 199
346 205
346 345
346 355
346 356
346 474
347 28
347 202
347 329
347 348
347 362
347 421
347 458
348 245
348 304
348 347
348 353
348 364
348 457
348 473
348 484
349 66
349 86
349 150
349 170
349 355
349 356
349 358
349 474
350 266
350 424
350 430
350 476
350 480
350 483
350 487
350 498
351 78
351 132
351 134
351 135
351 138
351 140
351 144
351 416
352 61
352 96
352 216
352 239
352 262
352 268
352 380
352 387
353 28
353 51
353 75
353 117
353 325
353 348
353 364
353 427
354 293
354 300
354 309
354 311
354 313
354 367
354 400
354 457
355 345
355 346
355 349
355 382
355 423
355 431
355 461
355 474
356 346
356 349
356 360
356 382
356 423
356 431
356 461
356 474
357 36
357 99
357 133
357 358
357 360
357 362
357 363
357 413
358 349
358 357
358 360
358 362
358 382
358 423
358 431
358 461
359 230
359 316
359 321
359 329
359 464
359 468
359 470
359 477
360 214
360 235
360 242
360 356
360 357
360 358
360 362
360 389
361 197
361 200
361 203
361 204
361 296
361 320
361 478
361 491
362 45
362 329
362 347
362 357
362 358
362 360
362 363
362 421
363 54
363 56
363 157
363 357
363 362
363 367
363 399
363 435
364 318
364 348
364 353
364 374
364 397
364 478
364 500
365 49
365 130
365 154
365 269
365 410
365 426
365 440
365 444
366 48
366 64
366 125
366 255
366 304
366 305
366 313
366 377
367 12
367 300
367 354
367 363
367 375
367 385
367 400
367 435
368 34
368 35
368 90
368 152
368 188
368 263
368 371
368 373
368 374
368 409
368 462
368 479
369 199
369 230
369 305
369 320
369 321
369 447
369 460
369 488
370 115
370 373
370 388
370 391
370 410
370 487
371 94
371 169
371 252
371 368
371 373
371 374
371 487
371 493
372 80
372 145
372 212
372 269
372 293
372 317
372 390
372 459
373 177
373 193
373 294
373 344
373 368
373 370
373 371
373 374
374 103
374 138
374 364
374 368
374 371
374 373
374 392
374 397
375 92
375 110
375 277
375 367
375 385
375 435
375 440
375 487
376 146
376 163
376 218
376 269
376 384
376 402
376 423
376 468
377 29
377 64
377 120
377 179
377 302
377 303
377 366
377 416
378 37
378 122
378 285
378 301
378 340
378 466
378 489
378 495
379 74
379 108
379 112
379 246
379 330
379 381
379 403
379 414
380 96
380 216
380 233
380 313
380 314
380 352
380 429
380 453
380 478
381 227
381 251
381 255
381 317
381 379
381 392
381 436
381 485
381 491
382 51
382 355
382 356
382 358
382 403
382 423
382 436
382 456
382 461
383 52
383 79
383 136
383 139
383 142
383 148
383 219
383 231
383 490
384 129
384 153
384 159
384 161
384 200
384 281
384 343
384 376
384 478
385 116
385 124
385 253
385 262
385 367
385 375
385 390
385 435
385 439
386 102
386 198
386 236
386 334
386 410
386 434
386 444
386 467
386 472
387 20
387 59
387 96
387 201
387 352
387 413
387 419
387 429
387 453
388 82
388 193
388 294
388 370
388 390
388 397
388 399
388 410
388 435
389 106
389 120
389 214
389 235
389 240
389 242
389 360
389 391
389 436
390 57
390 145
390 302
390 372
390 385
390 388
390 397
390 399
390 459
391 149
391 184
391 240
391 330
391 336
391 345
391 370
391 389
391 450
392 253
392 255
392 314
392 318
392 330
392 374
392 381
392 437
392 500
393 13
393 30
393 111
393 212
393 232
393 238
393 279
393 284
393 286
394 2
394 98
394 425
394 449
394 459
394 483
394 495
395 190
395 248
395 310
395 397
395 399
395 411
395 415
395 445
395 481
396 186
396 256
396 282
396 293
396 317
396 326
396 426
396 454
397 14
397 138
397 364
397 374
397 388
397 390
397 395
397 399
397 500
398 70
398 223
398 224
398 234
398 339
398 401
398 424
398 441
398 442
399 56
399 119
399 157
399 363
399 388
399 390
399 395
399 397
399 449
400 12
400 17
400 274
400 293
400 340
400 354
400 367
400 404
400 439
401 67
401 73
401 129
401 136
401 158
401 398
401 424
401 463
401 476
402 129
402 141
402 146
402 163
402 200
402 308
402 338
402 343
402 376
403 74
403 108
403 112
403 131
403 209
403 379
403 382
403 436
403 464
404 18
404 40
404 171
404 400
404 434
404 451
404 473
404 489
404 495
405 168
405 203
405 210
405 254
405 272
405 421
405 453
405 468
405 482
406 15
406 92
406 228
406 238
406 281
406 283
406 419
406 445
406 475
407 65
407 123
407 232
407 331
407 342
407 443
407 446
407 447
407 451
408 217
408 283
408 332
408 343
408 414
408 437
408 451
408 455
408 495
408 498
409 90
409 152
409 192
409 263
409 368
409 413
409 420
409 434
409 472
409 479
410 82
410 193
410 254
410 344
410 365
410 370
410 386
410 388
410 434
410 444
411 109
411 289
411 306
411 395
411 415
411 416
411 455
412 176
412 256
412 282
412 286
412 295
412 331
412 433
412 443
412 447
412 454
413 36
413 118
413 180
413 357
413 387
413 409
413 420
413 456
413 457
413 472
414 204
414 379
414 408
414 418
414 425
414 442
414 455
414 495
414 497
414 499
415 102
415 139
415 198
415 236
415 289
415 334
415 395
415 411
415 416
415 467
416 29
416 144
416 179
416 289
416 290
416 351
416 377
416 411
416 415
416 440
417 19
417 24
417 31
417 128
417 289
417 421
417 433
417 438
417 453
417 484
418 109
418 137
418 220
418 250
418 295
418 297
418 298
418 319
418 335
418 414
419 15
419 59
419 231
419 273
419 278
419 387
419 406
419 445
419 475
419 481
420 74
420 134
420 295
420 409
420 413
420 434
420 455
420 457
420 458
420 472
421 45
421 167
421 202
421 329
421 347
421 362
421 405
421 417
421 453
421 482
422 2
422 5
422 6
422 13
422 43
422 304
422 457
422 473
422 480
422 484
423 156
423 269
423 293
423 355
423 356
423 358
423 376
423 382
423 431
423 461
424 70
424 165
424 350
424 398
424 401
424 430
424 441
424 487
424 492
424 496
425 1
425 394
425 414
425 443
425 449
425 455
425 492
426 256
426 282
426 286
426 289
426 365
426 396
426 440
426 444
427 51
427 75
427 78
427 117
427 288
427 325
427 353
427 464
427 467
427 468
428 25
428 85
428 251
428 253
428 255
428 259
428 317
428 469
428 485
428 491
429 46
429 53
429 60
429 96
429 186
429 211
429 267
429 380
429 387
429 453
429 484
430 8
430 307
430 350
430 424
430 431
430 432
430 487
430 491
431 156
431 355
431 356
431 358
431 423
431 430
431 432
431 438
431 441
431 448
431 461
432 39
432 58
432 217
432 283
432 430
432 431
432 438
432 441
432 448
432 483
432 498
433 103
433 118
433 133
433 134
433 311
433 338
433 412
433 417
433 443
433 458
433 484
434 4
434 97
434 169
434 174
434 299
434 386
434 404
434 409
434 410
434 420
434 451
435 128
435 206
435 249
435 259
435 341
435 363
435 367
435 375
435 385
435 388
435 486
436 154
436 207
436 222
436 338
436 381
436 382
436 389
436 403
436 469
436 485
436 491
437 14
437 60
437 114
437 173
437 331
437 392
437 408
437 442
437 455
437 495
437 500
438 65
438 72
438 123
438 232
438 417
438 431
438 432
438 441
438 446
438 448
438 479
439 1
439 3
439 4
439 82
439 116
439 124
439 253
439 262
439 321
439 385
439 400
440 88
440 89
440 92
440 110
440 271
440 277
440 365
440 375
440 416
440 426
440 444
441 70
441 158
441 165
441 339
441 398
441 424
441 431
441 432
441 438
441 448
441 479
442 83
442 202
442 223
442 226
442 273
442 319
442 335
442 398
442 414
442 437
442 499
443 1
443 3
443 166
443 196
443 407
443 412
443 425
443 433
443 447
443 474
443 492
444 20
444 211
444 213
444 267
444 308
444 365
444 386
444 410
444 426
444 440
444 494
445 223
445 228
445 310
445 344
445 395
445 406
445 419
445 449
445 456
445 465
445 470
446 72
446 113
446 342
446 407
446 438
446 459
446 472
446 483
446 486
446 489
446 492
446 497
447 38
447 43
447 215
447 222
447 305
447 331
447 369
447 407
447 412
447 443
447 451
447 488
448 71
448 105
448 197
448 260
448 324
448 431
448 432
448 438
448 441
448 470
448 477
448 479
449 157
449 261
449 322
449 394
449 399
449 425
449 445
449 473
450 93
450 184
450 330
450 336
450 345
450 391
450 452
450 454
450 458
450 462
450 475
450 479
451 40
451 97
451 193
451 218
451 299
451 331
451 337
451 404
451 407
451 408
451 434
451 447
452 27
452 131
452 171
452 450
452 454
452 462
452 475
452 479
453 20
453 51
453 96
453 172
453 211
453 380
453 387
453 405
453 417
453 421
453 429
453 482
454 282
454 286
454 396
454 412
454 450
454 452
454 462
454 475
454 479
455 133
455 295
455 306
455 311
455 408
455 411
455 414
455 420
455 425
455 437
455 458
455 495
456 6
456 181
456 203
456 210
456 254
456 272
456 309
456 382
456 413
456 445
456 457
456 465
457 233
457 245
457 304
457 348
457 354
457 413
457 420
457 422
457 456
457 465
457 482
457 484
458 133
458 180
458 301
458 338
458 347
458 420
458 433
458 450
458 455
458 460
458 462
458 475
458 477
459 80
459 101
459 145
459 302
459 372
459 390
459 394
459 446
459 483
459 486
459 489
459 492
459 497
460 38
460 49
460 84
460 215
460 305
460 331
460 369
460 458
460 461
460 466
460 475
460 477
460 488
461 69
461 106
461 140
461 156
461 355
461 356
461 358
461 382
461 423
461 431
461 460
461 466
461 477
462 156
462 188
462 368
462 450
462 452
462 454
462 458
462 475
463 1
463 68
463 110
463 114
463 129
463 260
463 401
463 486
463 496
464 34
464 265
464 280
464 287
464 288
464 324
464 325
464 359
464 403
464 427
464 467
464 468
464 477
465 32
465 160
465 172
465 344
465 445
465 456
465 457
465 470
465 473
466 40
466 97
466 106
466 136
466 270
466 299
466 337
466 378
466 460
466 461
466 477
466 490
466 495
467 30
467 102
467 126
467 139
467 198
467 236
467 288
467 334
467 386
467 415
467 427
467 464
467 484
468 71
468 161
468 197
468 265
468 280
468 359
468 376
468 405
468 427
468 464
468 470
468 482
468 484
469 25
469 225
469 227
469 296
469 428
469 436
469 471
469 481
469 485
469 488
469 490
469 493
469 498
469 500
470 90
470 178
470 258
470 265
470 280
470 281
470 344
470 359
470 445
470 448
470 465
470 468
470 473
470 477
471 77
471 94
471 169
471 234
471 257
471 326
471 469
471 481
471 487
471 488
471 490
471 491
471 498
471 500
472 24
472 29
472 50
472 62
472 72
472 102
472 113
472 128
472 289
472 386
472 409
472 413
472 420
472 446
473 64
473 175
473 210
473 233
473 245
473 344
473 348
473 404
473 422
473 449
473 465
473 470
473 480
473 482
474 1
474 9
474 151
474 195
474 221
474 226
474 276
474 279
474 345
474 346
474 349
474 355
474 356
474 443
475 10
475 248
475 268
475 278
475 310
475 406
475 419
475 450
475 452
475 454
475 458
475 460
475 462
475 481
476 31
476 37
476 107
476 149
476 187
476 199
476 220
476 350
476 401
476 480
476 483
476 487
476 496
476 497
477 84
477 106
477 258
477 260
477 262
477 287
477 324
477 359
477 448
477 458
477 460
477 461
477 464
477 466
477 470
478 99
478 153
478 166
478 225
478 243
478 307
478 317
478 320
478 361
478 364
478 380
478 384
478 480
478 485
478 491
479 188
479 231
479 244
479 368
479 409
479 438
479 441
479 448
479 450
479 452
479 454
480 41
480 64
480 132
480 159
480 161
480 237
480 350
480 422
480 473
480 476
480 478
480 483
480 484
480 487
480 496
480 497
481 10
481 87
481 192
481 224
481 278
481 310
481 395
481 419
481 469
481 471
481 475
481 490
481 491
481 493
481 498
481 499
482 41
482 52
482 89
482 132
482 159
482 167
482 175
482 233
482 237
482 405
482 421
482 453
482 457
482 468
482 473
482 484
483 39
483 42
483 58
483 61
483 266
483 343
483 350
483 394
483 432
483 446
483 459
483 476
483 480
483 496
483 497
483 498
484 39
484 132
484 161
484 175
484 237
484 348
484 417
484 422
484 429
484 433
484 457
484 467
484 468
484 480
484 482
484 489
485 25
485 63
485 107
485 227
485 272
485 294
485 307
485 312
485 315
485 325
485 328
485 381
485 428
485 436
485 469
485 478
485 491
486 53
486 68
486 127
486 153
486 162
486 230
486 259
486 285
486 435
486 446
486 459
486 463
486 489
486 491
486 492
486 494
486 499
487 16
487 63
487 201
487 234
487 252
487 257
487 326
487 350
487 370
487 371
487 375
487 424
487 430
487 471
487 476
487 480
487 496
488 38
488 43
488 84
488 215
488 305
488 331
488 369
488 447
488 460
488 469
488 471
488 490
488 498
488 500
489 4
489 22
489 46
489 53
489 164
489 167
489 285
489 337
489 378
489 404
489 446
489 459
489 484
489 486
489 491
489 492
489 494
489 499
490 55
490 79
490 383
490 466
490 469
490 471
490 481
490 488
490 493
490 498
490 500
491 25
491 139
491 296
491 320
491 361
491 381
491 428
491 430
491 436
491 471
491 478
491 481
491 485
491 486
491 489
491 492
491 493
491 494
491 499
492 1
492 9
492 151
492 166
492 182
492 221
492 226
492 276
492 298
492 424
492 425
492 443
492 446
492 459
492 486
492 489
492 491
492 494
492 499
493 16
493 63
493 77
493 94
493 105
493 169
493 201
493 234
493 252
493 257
493 326
493 371
493 469
493 481
493 490
493 491
493 494
493 498
493 499
494 57
494 96
494 121
494 308
494 444
494 486
494 489
494 491
494 492
494 493
494 498
494 499
495 22
495 27
495 46
495 53
495 91
495 98
495 164
495 174
495 273
495 285
495 299
495 337
495 378
495 394
495 404
495 408
495 414
495 437
495 455
495 466
496 68
496 109
496 126
496 153
496 162
496 206
496 211
496 223
496 230
496 259
496 284
496 340
496 341
496 424
496 463
496 476
496 480
496 483
496 487
496 497
497 23
497 59
497 83
497 104
497 183
497 204
497 213
497 250
497 273
497 297
497 300
497 319
497 324
497 414
497 446
497 459
497 476
497 480
497 483
497 496
498 8
498 61
498 121
498 137
498 266
498 309
498 343
498 350
498 408
498 432
498 469
498 471
498 481
498 483
498 488
498 490
498 493
498 494
498 500
499 3
499 23
499 58
499 59
499 83
499 104
499 159
499 183
499 204
499 250
499 273
499 297
499 414
499 442
499 481
499 486
499 489
499 491
499 492
499 493
499 494
500 14
500 60
500 103
500 114
500 138
500 173
500 318
500 364
500 392
500 397
500 437
500 469
500 471
500 488
500 490
500 498
