1 21
2 19
3 7
4 28
5 30
6 22
7 11
8 26
9 4
10 16
11 22
12 30
13 9
14 39
15 17
16 43
17 9
18 17
19 33
20 36
21 24
22 13
23 44
24 18
25 12
26 38
27 40
28 3
29 29
30 15
31 22
32 2
33 25
34 34
35 25
36 34
37 10
38 17
39 5
40 1
41 18
42 17
43 19
44 24
45 40
46 17
47 27
48 12
49 3
50 21
51 14
52 34
53 3
54 17
55 38
56 40
57 2
58 4
59 20
60 25
61 39
62 24
63 16
64 14
65 25
66 1
67 15
68 4
69 9
70 13
71 17
72 28
73 31
74 36
75 32
76 23
77 43
78 36
79 7
80 32
81 15
82 18
83 11
84 26
85 38
86 5
87 33
88 19
89 3
90 29
91 28
92 1
93 4
94 38
95 16
96 3
97 13
98 12
99 15
100 26
101 19
102 17
103 24
104 18
105 44
106 42
107 18
108 4
109 25
110 32
111 20
112 10
113 2
114 40
115 15
116 29
117 29
118 21
119 31
120 26
121 30
122 22
123 5
124 29
125 38
126 31
127 12
128 25
129 27
130 45
131 35
132 19
133 34
134 2
135 9
136 5
137 14
138 20
139 8
140 19
141 20
142 18
143 32
144 43
145 17
146 40
147 31
148 31
149 21
150 23
151 6
152 21
153 43
154 23
155 28
156 27
157 41
158 26
159 27
160 23
161 27
162 10
163 28
164 33
165 20
166 35
167 29
168 24
169 25
170 8
171 22
172 17
173 22
174 26
175 36
176 44
177 44
178 21
179 41
180 24
181 15
182 27
183 19
184 42
185 45
186 1
187 26
188 37
189 31
190 18
191 35
192 1
193 11
194 15
195 29
196 20
197 27
198 29
199 23
200 14
201 43
202 36
203 23
204 2
205 16
206 5
207 45
208 37
209 29
210 18
211 28
212 15
213 1
214 10
215 18
216 32
217 45
218 17
219 21
220 18
221 7
222 6
223 8
224 22
225 44
226 21
227 1
228 15
229 6
230 19
231 35
232 18
233 35
234 31
235 4
236 33
237 17
238 18
239 11
240 17
241 26
242 6
243 8
244 14
245 8
246 8
247 29
248 15
249 24
250 2
251 10
252 23
253 11
254 29
255 28
256 36
257 20
258 24
259 33
260 9
261 38
262 13
263 11
264 30
265 24
266 23
267 29
268 32
269 32
270 5
271 19
272 29
273 29
274 24
275 18
276 2
277 19
278 1
279 41
280 34
281 21
282 37
283 32
284 19
285 18
286 31
287 30
288 28
289 28
290 6
291 36
292 29
293 15
294 1
295 30
296 28
297 36
298 38
299 23
300 44
301 43
302 30
303 38
304 7
305 38
306 26
307 23
308 30
309 41
310 38
311 37
312 26
313 20
314 7
315 7
316 37
317 31
318 15
319 37
320 28
321 12
322 18
323 19
324 26
325 3
326 3
327 12
328 6
329 21
330 13
331 29
332 24
333 22
334 42
335 12
336 17
337 42
338 1
339 33
340 31
341 17
342 24
343 33
344 42
345 9
346 22
347 6
348 25
349 20
350 42
351 33
352 17
353 29
354 16
355 39
356 16
357 17
358 41
359 39
360 6
361 24
362 3
363 21
364 44
365 17
366 45
367 41
368 20
369 6
370 42
371 45
372 19
373 26
374 30
375 13
376 44
377 25
378 22
379 27
380 10
381 6
382 25
383 25
384 26
385 17
386 21
387 25
388 21
389 28
390 41
391 17
392 33
393 19
394 17
395 1
396 12
397 20
398 3
399 19
400 39
401 32
402 26
403 10
404 39
405 41
406 37
407 20
408 28
409 30
410 22
411 22
412 38
413 15
414 43
415 32
416 18
417 19
418 1
419 41
420 39
421 25
422 20
423 27
424 31
425 11
426 22
427 21
428 30
429 37
430 2
431 20
432 11
433 3
434 26
435 20
436 8
437 26
438 18
439 31
440 26
441 1
442 17
443 12
444 21
445 28
446 41
447 30
448 31
449 31
450 3
451 11
452 18
453 28
454 22
455 44
456 11
457 26
458 22
459 32
460 19
461 3
462 25
463 29
464 15
465 33
466 24
467 17
468 28
469 15
470 3
471 6
472 19
473 1
474 11
475 6
476 19
477 24
478 26
479 15
480 21
481 15
482 26
483 1
484 20
485 1
486 15
487 26
488 30
489 31
490 26
491 28
492 21
493 20
494 18
495 20
496 21
497 21
498 19
499 19
500 26
