1 17
1 32
1 293
1 440
1 482
2 3
2 69
2 94
2 140
2 184
3 2
3 448
3 478
3 489
3 490
4 5
4 120
4 232
4 293
4 440
5 4
5 31
5 298
5 405
6 7
6 227
6 305
6 347
6 398
6 424
7 6
7 167
7 202
7 278
8 9
8 323
8 328
8 415
8 424
9 8
9 95
9 96
9 111
9 234
10 12
10 34
10 97
10 141
10 144
11 14
11 121
11 155
11 388
11 418
11 443
12 10
12 191
12 216
12 226
12 476
13 55
13 181
13 253
13 283
13 296
13 308
14 11
14 60
14 145
14 476
14 491
15 16
15 421
15 436
15 479
16 15
16 227
16 305
16 398
16 424
17 1
17 183
17 293
17 432
17 440
18 20
18 53
18 259
18 291
18 313
18 338
18 378
18 432
19 21
19 28
19 288
19 289
19 431
20 18
20 159
20 313
20 338
20 378
21 19
21 448
21 454
21 477
21 490
22 50
22 150
22 288
22 431
22 482
23 77
23 142
23 147
23 176
23 436
24 158
24 188
24 219
24 263
24 267
24 436
25 26
25 212
25 336
25 406
25 464
26 25
26 50
26 289
26 431
27 28
27 480
27 481
27 492
27 495
28 19
28 27
28 50
28 150
28 431
29 30
29 448
29 477
29 489
29 490
30 29
30 85
30 88
30 102
30 165
31 5
31 32
31 298
31 405
32 1
32 31
32 49
32 232
32 293
33 34
33 43
33 89
33 133
33 260
34 10
34 33
34 97
34 141
34 144
35 36
35 367
35 391
35 407
35 412
35 444
36 35
36 64
36 87
36 114
36 134
37 38
37 212
37 336
37 406
37 464
38 37
38 154
38 191
38 297
38 491
39 41
39 187
39 421
39 439
39 453
39 479
40 42
40 448
40 477
40 489
40 490
41 39
41 331
41 353
41 393
41 404
41 458
41 470
41 498
42 40
42 192
42 316
42 393
42 470
42 483
42 494
43 33
43 44
43 89
43 107
43 133
44 43
44 58
44 59
44 76
44 209
45 46
45 79
45 294
45 301
45 408
46 45
46 113
46 127
46 185
46 414
47 48
47 199
47 239
47 272
47 405
48 47
48 52
48 61
48 81
48 164
49 32
49 50
49 120
49 183
49 293
50 22
50 26
50 28
50 49
50 150
50 288
50 431
51 357
51 385
51 396
51 422
51 427
52 48
52 53
52 61
52 81
52 164
53 18
53 52
53 313
53 338
53 378
54 106
54 333
54 344
54 432
54 451
54 493
55 13
55 56
55 283
55 296
55 308
56 55
56 122
56 196
56 274
56 287
57 115
57 143
57 160
57 240
57 325
58 44
58 59
58 76
58 209
58 325
59 44
59 58
59 76
59 209
59 346
60 14
60 145
60 346
60 476
60 491
61 48
61 52
61 62
61 81
61 164
62 61
62 113
62 185
62 223
62 414
63 64
63 370
63 452
63 484
63 486
63 487
64 36
64 63
64 87
64 114
64 134
65 275
65 345
65 394
65 463
65 498
66 67
66 70
66 100
66 110
66 139
67 66
67 93
67 235
67 334
67 423
68 151
68 277
68 342
68 374
68 382
68 434
68 493
68 497
69 2
69 94
69 140
69 184
69 342
70 66
70 71
70 100
70 110
70 139
71 70
71 419
71 484
71 486
71 487
72 73
72 208
72 281
72 292
72 350
73 72
73 125
73 254
73 317
73 383
74 75
74 270
74 335
74 377
74 401
75 74
75 124
75 341
75 369
75 466
76 44
76 58
76 59
76 77
76 209
77 23
77 76
77 142
77 147
77 176
78 79
78 333
78 387
78 432
78 451
79 45
79 78
79 205
79 244
79 268
79 294
79 301
79 381
79 392
79 428
80 238
80 241
80 341
80 369
80 447
80 466
80 467
81 48
81 52
81 61
81 82
81 164
82 81
82 105
82 245
82 248
82 295
83 84
83 155
83 388
83 418
83 443
84 83
84 92
84 345
84 430
84 463
85 30
85 86
85 88
85 102
85 165
86 85
86 235
86 334
86 376
86 423
87 36
87 64
87 88
87 114
87 134
88 30
88 85
88 87
88 102
88 165
89 33
89 43
89 133
89 260
89 354
90 471
90 480
90 481
90 492
90 495
91 92
91 108
91 157
91 220
91 284
91 355
91 375
91 379
92 84
92 91
92 275
92 345
92 359
93 67
93 94
93 235
93 334
93 364
93 376
93 423
94 2
94 69
94 93
94 140
94 184
95 9
95 96
95 111
95 234
95 441
96 9
96 95
96 111
96 234
96 441
97 10
97 34
97 141
97 144
97 384
98 312
98 357
98 384
98 396
98 427
99 100
99 171
99 264
99 342
99 380
100 66
100 70
100 99
100 110
100 139
101 102
101 124
101 136
101 238
101 466
102 30
102 85
102 88
102 101
102 165
103 211
103 266
103 460
103 467
103 488
104 127
104 198
104 223
104 258
104 414
104 488
105 82
105 193
105 245
105 248
105 295
105 457
106 54
106 214
106 432
106 451
106 452
107 43
107 133
107 150
107 260
107 499
108 91
108 109
108 324
108 375
108 379
109 108
109 382
109 493
109 497
109 500
110 66
110 70
110 100
110 111
110 139
111 9
111 95
111 96
111 110
111 234
112 244
112 311
112 392
112 415
112 416
113 46
113 62
113 114
113 127
113 414
114 36
114 64
114 87
114 113
114 134
115 57
115 116
115 143
115 160
115 240
116 115
116 230
116 250
116 349
116 371
116 372
116 384
116 390
116 411
116 446
117 118
117 362
117 448
117 477
117 478
117 489
118 117
118 252
118 333
118 432
118 451
119 122
119 419
119 484
119 486
119 487
120 4
120 49
120 121
120 293
120 440
121 11
121 120
121 155
121 172
121 395
121 443
122 56
122 119
122 196
122 274
122 287
122 325
123 197
123 362
123 477
123 489
123 490
124 75
124 101
124 125
124 136
124 137
124 238
124 241
124 257
124 303
124 341
124 369
124 447
124 473
125 73
125 124
125 156
125 175
125 229
125 254
125 317
125 383
126 127
126 171
126 264
126 342
126 380
126 386
127 46
127 104
127 113
127 126
127 271
128 129
128 419
128 484
128 486
128 487
129 128
129 149
129 307
129 330
129 351
129 363
129 420
130 208
130 281
130 292
130 339
130 350
131 132
131 382
131 493
131 497
131 500
132 131
132 345
132 394
132 402
132 430
133 33
133 43
133 89
133 107
133 134
133 260
134 36
134 64
134 87
134 114
134 133
135 137
135 382
135 493
135 497
135 500
136 101
136 124
136 369
136 441
136 466
137 124
137 135
137 238
137 241
137 466
138 139
138 148
138 153
138 162
138 312
138 329
138 357
138 385
138 396
138 427
138 442
139 66
139 70
139 100
139 110
139 138
140 2
140 69
140 94
140 141
140 184
141 10
141 34
141 97
141 140
141 144
142 23
142 77
142 147
142 176
142 471
143 57
143 115
143 144
143 160
143 240
144 10
144 34
144 97
144 141
144 143
145 14
145 60
145 146
145 457
145 476
146 145
146 149
146 210
146 420
146 437
147 23
147 77
147 142
147 148
147 176
148 138
148 147
148 357
148 385
148 425
148 427
149 129
149 146
149 151
149 174
149 307
149 330
149 363
149 368
149 420
149 437
150 22
150 28
150 50
150 107
150 165
150 431
151 68
151 149
151 277
151 280
151 343
151 374
151 382
151 434
151 435
151 445
151 456
151 493
151 500
152 153
152 419
152 484
152 486
152 487
153 138
153 152
153 385
153 425
153 427
154 38
154 191
154 261
154 393
154 457
154 476
155 11
155 83
155 121
155 225
155 269
155 393
155 418
155 443
156 125
156 212
156 254
156 317
156 383
157 91
157 158
157 206
157 324
157 375
158 24
158 157
158 188
158 219
158 263
158 267
159 20
159 167
159 201
159 202
159 278
160 57
160 115
160 143
160 161
160 240
161 160
161 452
161 484
161 486
161 487
162 138
162 163
162 385
162 425
162 427
163 162
163 171
163 237
163 342
163 386
164 48
164 52
164 61
164 81
164 166
165 30
165 85
165 88
165 102
165 150
165 176
166 164
166 382
166 456
166 493
166 497
166 500
167 7
167 159
167 168
167 190
167 201
167 278
168 167
168 211
168 266
168 314
168 416
168 429
168 460
168 467
169 170
169 393
169 404
169 470
169 483
169 494
169 498
170 169
170 177
170 187
170 421
170 453
170 479
171 99
171 126
171 163
171 172
171 178
171 237
171 264
171 386
172 121
172 171
172 388
172 418
172 443
173 174
173 391
173 407
173 412
173 444
174 149
174 173
174 210
174 307
174 351
174 363
174 420
175 125
175 254
175 317
175 479
176 23
176 77
176 142
176 147
176 165
176 183
177 170
177 178
177 187
177 276
177 399
177 403
177 421
177 453
177 479
177 482
178 171
178 177
178 264
178 342
178 380
179 247
179 294
179 362
179 448
179 454
179 478
180 181
180 367
180 391
180 407
180 412
180 444
181 13
181 180
181 253
181 283
181 296
181 308
182 211
182 266
182 442
182 460
182 462
182 467
183 17
183 49
183 176
183 184
183 232
183 293
184 2
184 69
184 94
184 140
184 183
184 185
185 46
185 62
185 184
185 187
185 258
185 414
186 367
186 391
186 407
186 412
186 442
186 444
187 39
187 170
187 177
187 185
187 209
187 276
187 399
187 421
187 422
187 436
187 439
187 482
188 24
188 158
188 189
188 219
188 263
188 267
189 188
189 333
189 344
189 387
189 432
189 451
190 167
190 201
190 202
190 278
190 496
191 12
191 38
191 154
191 192
191 216
191 261
191 297
191 409
191 457
191 491
192 42
192 191
192 393
192 458
192 470
192 483
192 494
193 105
193 245
193 248
193 429
193 497
193 500
194 195
194 304
194 480
194 481
194 492
194 495
195 194
195 231
195 438
195 465
195 485
195 488
196 56
196 122
196 198
196 262
196 274
196 325
197 123
197 198
197 223
197 371
197 414
197 493
198 104
198 196
198 197
198 258
198 271
199 47
199 200
199 233
199 239
199 272
199 405
200 199
200 231
200 309
200 366
200 465
200 485
201 159
201 167
201 190
201 202
201 278
201 470
202 7
202 159
202 190
202 201
202 278
202 495
203 205
203 212
203 215
203 300
203 302
203 336
203 397
203 449
203 464
204 326
204 362
204 363
204 409
204 457
204 476
205 79
205 203
205 244
205 301
205 311
205 408
206 157
206 208
206 220
206 284
206 324
206 375
207 231
207 340
207 435
207 449
207 465
207 485
208 72
208 130
208 206
208 255
208 281
208 292
208 339
208 350
209 44
209 58
209 59
209 76
209 187
209 213
210 146
210 174
210 211
210 307
210 363
210 368
210 420
211 103
211 168
211 182
211 210
211 221
211 236
211 266
211 360
211 429
211 460
211 462
211 467
211 469
212 25
212 37
212 156
212 203
212 215
212 300
212 302
212 336
212 397
212 449
212 450
213 209
213 227
213 232
213 347
213 398
213 424
214 106
214 215
214 354
214 387
214 432
214 451
215 203
215 212
215 214
215 336
215 406
215 464
216 12
216 191
216 265
216 290
216 483
216 491
217 218
217 362
217 448
217 477
217 478
217 489
218 217
218 270
218 282
218 335
218 401
219 24
219 158
219 188
219 263
219 267
219 421
220 91
220 206
220 324
220 375
220 379
220 420
221 211
221 222
221 429
221 460
221 462
221 467
222 221
222 231
222 400
222 438
222 465
222 485
223 62
223 104
223 197
223 225
223 271
223 414
224 393
224 458
224 483
224 494
224 498
225 155
225 223
225 388
225 418
225 443
226 12
226 407
226 457
226 460
226 476
226 491
227 6
227 16
227 213
227 323
227 328
227 347
227 398
227 415
227 488
228 229
228 419
228 452
228 484
228 486
228 487
229 125
229 228
229 254
229 317
229 383
230 116
230 231
230 372
230 390
230 411
230 441
231 195
231 200
231 207
231 222
231 230
231 256
231 286
231 309
231 321
231 332
231 400
231 417
231 438
231 465
231 485
232 4
232 32
232 183
232 213
232 293
232 495
233 199
233 239
233 272
233 298
233 366
233 405
234 9
234 95
234 96
234 111
234 246
234 495
235 67
235 86
235 93
235 242
235 364
235 366
235 373
235 376
235 423
235 426
236 211
236 237
236 266
236 460
236 462
236 467
237 163
237 171
237 236
237 264
237 380
237 386
238 80
238 101
238 124
238 137
238 405
238 466
239 47
239 199
239 233
239 241
239 298
239 405
240 57
240 115
240 143
240 160
240 251
240 418
241 80
241 124
241 137
241 239
241 257
241 341
241 466
242 235
242 243
242 334
242 364
242 423
242 426
243 242
243 356
243 367
243 407
243 412
243 444
244 79
244 112
244 205
244 245
244 268
244 294
244 381
244 392
244 428
245 82
245 105
245 193
245 244
245 248
245 295
246 234
246 266
246 460
246 462
246 467
246 495
247 179
247 248
247 320
247 322
247 362
247 413
247 448
247 454
247 477
247 478
247 489
247 499
248 82
248 105
248 193
248 245
248 247
248 295
249 250
249 304
249 480
249 481
249 492
249 495
250 116
250 249
250 349
250 371
250 384
250 390
250 441
251 240
251 391
251 407
251 412
251 444
251 470
252 118
252 253
252 387
252 432
252 451
253 13
253 181
253 252
253 283
253 296
253 308
254 73
254 125
254 156
254 175
254 229
254 399
255 208
255 281
255 292
255 339
255 350
255 390
256 231
256 257
256 321
256 465
256 485
256 488
257 124
257 241
257 256
257 369
257 447
257 466
258 104
258 185
258 198
258 270
258 271
258 272
259 18
259 261
259 269
259 313
259 338
259 378
260 33
260 89
260 107
260 133
260 262
261 154
261 191
261 259
261 265
261 269
261 457
261 476
261 491
262 196
262 260
262 274
262 287
263 24
263 158
263 188
263 219
263 418
264 99
264 126
264 171
264 178
264 237
264 265
264 342
264 386
265 216
265 261
265 264
265 290
265 457
265 491
266 103
266 168
266 182
266 211
266 236
266 246
266 267
266 360
266 429
266 462
266 467
266 469
266 471
267 24
267 158
267 188
267 219
267 266
268 79
268 244
268 271
268 392
268 408
269 155
269 259
269 261
269 388
269 418
269 443
270 74
270 218
270 258
270 335
270 352
270 377
270 401
270 468
271 127
271 198
271 223
271 258
271 268
271 414
272 47
272 199
272 233
272 258
272 298
272 405
272 468
273 274
273 275
273 345
273 394
273 402
273 430
273 463
274 56
274 122
274 196
274 262
274 273
274 287
274 325
275 65
275 92
275 273
275 276
275 345
275 359
275 402
276 177
276 187
276 275
276 421
276 439
276 479
276 482
277 68
277 151
277 278
277 374
277 382
277 435
277 445
277 456
277 493
277 496
277 500
278 7
278 159
278 167
278 190
278 201
278 202
278 277
279 283
279 393
279 458
279 466
279 470
279 483
279 494
280 151
280 281
280 382
280 456
280 493
280 497
280 500
281 72
281 130
281 208
281 255
281 280
281 350
282 218
282 283
282 335
282 377
282 401
282 466
283 13
283 55
283 181
283 253
283 279
283 282
283 296
283 308
284 91
284 206
284 285
284 286
284 324
285 284
285 286
285 304
285 480
285 481
285 492
285 495
286 231
286 284
286 285
286 417
286 465
286 485
286 488
287 56
287 122
287 262
287 274
287 293
287 325
287 474
288 19
288 22
288 50
288 289
288 310
288 311
288 431
289 19
289 26
289 288
289 290
289 431
290 216
290 265
290 289
290 409
290 491
291 18
291 313
291 338
291 378
292 72
292 130
292 208
292 255
292 339
292 350
292 372
292 373
293 1
293 4
293 17
293 32
293 49
293 120
293 183
293 232
293 287
293 440
293 474
294 45
294 79
294 179
294 244
294 301
294 408
295 82
295 105
295 245
295 248
295 299
295 474
296 13
296 55
296 181
296 253
296 283
296 297
297 38
297 191
297 296
297 326
297 457
297 476
297 491
298 5
298 31
298 233
298 239
298 272
298 405
298 417
299 295
299 301
299 357
299 385
299 425
299 427
300 203
300 212
300 336
300 417
300 450
300 464
301 45
301 79
301 205
301 294
301 299
301 304
301 311
302 203
302 212
302 303
302 336
302 406
302 450
302 464
303 124
303 302
303 341
303 466
303 473
304 194
304 249
304 285
304 301
304 310
304 318
304 346
304 389
304 455
304 472
304 475
304 480
304 492
304 495
305 6
305 16
305 328
305 378
305 381
305 415
306 307
306 393
306 458
306 470
306 483
306 494
307 129
307 149
307 174
307 210
307 306
307 351
307 420
308 13
308 55
308 181
308 253
308 283
308 309
309 200
309 231
309 308
309 340
309 417
309 438
309 485
310 288
310 304
310 345
310 359
310 402
310 430
310 463
311 112
311 205
311 288
311 301
311 320
311 381
311 408
312 98
312 138
312 313
312 329
312 357
312 396
312 427
313 18
313 20
313 53
313 259
313 291
313 312
313 378
314 168
314 315
314 429
314 460
314 462
314 467
314 471
315 314
315 348
315 419
315 452
315 484
315 486
315 487
316 42
316 393
316 438
316 458
316 470
316 483
316 494
317 73
317 125
317 156
317 175
317 229
317 318
317 383
318 304
318 317
318 468
318 480
318 481
318 492
318 495
319 348
319 370
319 419
319 452
319 462
319 484
319 486
319 487
320 247
320 311
320 324
320 362
320 454
320 489
321 231
321 256
321 322
321 340
321 417
321 438
321 485
322 247
322 321
322 362
322 433
322 448
322 454
322 478
323 8
323 227
323 329
323 347
323 398
323 424
324 108
324 157
324 206
324 220
324 284
324 320
324 326
324 355
325 57
325 58
325 122
325 196
325 274
325 287
326 204
326 297
326 324
326 327
326 476
326 491
327 326
327 328
327 382
327 434
327 493
327 497
327 500
328 8
328 227
328 305
328 327
328 415
328 424
328 499
329 138
329 312
329 323
329 357
329 385
329 396
329 427
330 129
330 149
330 351
330 420
330 437
330 457
331 41
331 353
331 388
331 389
331 393
331 483
331 494
332 231
332 333
332 340
332 400
332 417
332 438
332 485
333 54
333 78
333 118
333 189
333 332
333 354
333 432
334 67
334 86
334 93
334 242
334 338
334 364
334 373
334 376
334 423
334 426
335 74
335 218
335 270
335 282
335 338
335 352
335 377
335 401
336 25
336 37
336 203
336 212
336 215
336 300
336 302
336 341
336 344
336 397
336 449
336 450
336 464
337 339
337 362
337 413
337 433
337 448
337 454
337 477
338 18
338 20
338 53
338 259
338 291
338 334
338 335
338 378
339 130
339 208
339 255
339 292
339 337
339 350
340 207
340 309
340 321
340 332
340 343
340 366
340 438
340 465
341 75
341 80
341 124
341 241
341 303
341 336
341 344
341 369
341 447
341 466
341 473
342 68
342 69
342 99
342 126
342 163
342 178
342 264
342 380
343 151
343 340
343 382
343 434
343 456
343 493
343 497
343 500
344 54
344 189
344 336
344 341
344 354
344 387
344 432
344 451
345 65
345 84
345 92
345 132
345 273
345 275
345 310
345 349
345 359
345 394
345 430
345 463
345 485
346 59
346 60
346 304
346 468
346 472
346 481
346 492
346 495
347 6
347 213
347 227
347 323
347 348
347 398
347 415
347 424
348 315
348 319
348 347
348 370
348 419
348 452
348 484
348 487
349 116
349 250
349 345
349 372
349 411
349 441
349 485
350 72
350 130
350 208
350 255
350 281
350 292
350 339
350 353
351 129
351 174
351 307
351 330
351 352
351 368
351 420
351 485
352 270
352 335
352 351
352 377
352 401
352 484
353 41
353 331
353 350
353 393
353 404
353 458
353 483
353 494
354 89
354 214
354 333
354 344
354 387
354 432
354 451
354 471
355 91
355 324
355 375
355 379
355 440
356 243
356 407
356 412
356 444
356 481
356 484
357 51
357 98
357 138
357 148
357 299
357 312
357 329
357 358
357 396
357 425
357 481
358 357
358 363
358 393
358 404
358 483
358 494
359 92
359 275
359 310
359 345
359 361
359 394
359 402
359 430
360 211
360 266
360 364
360 365
360 429
360 460
360 462
360 471
361 359
361 393
361 458
361 483
361 494
362 117
362 123
362 179
362 204
362 217
362 247
362 320
362 322
362 337
362 368
362 413
362 433
362 448
362 454
362 459
362 477
362 478
362 490
362 499
363 129
363 149
363 174
363 204
363 210
363 358
363 420
364 93
364 235
364 242
364 334
364 360
364 376
364 423
364 426
365 360
365 382
365 493
365 497
365 500
366 200
366 233
366 235
366 340
366 400
366 465
366 485
366 488
367 35
367 180
367 186
367 243
367 370
367 391
367 407
367 444
368 149
368 210
368 351
368 362
368 369
368 420
369 75
369 80
369 124
369 136
369 257
369 341
369 368
369 373
370 63
370 319
370 348
370 367
370 419
370 452
370 484
370 486
370 487
371 116
371 197
371 250
371 372
371 390
371 411
371 441
371 467
372 116
372 230
372 292
372 349
372 371
372 376
372 384
372 411
372 441
373 235
373 292
373 334
373 369
373 376
373 426
374 68
374 151
374 277
374 375
374 382
374 434
374 445
374 456
374 496
374 497
375 91
375 108
375 157
375 206
375 220
375 355
375 374
375 379
376 86
376 93
376 235
376 334
376 364
376 372
376 373
376 379
377 74
377 270
377 282
377 335
377 352
377 380
377 401
377 438
378 18
378 20
378 53
378 259
378 291
378 305
378 313
378 338
379 91
379 108
379 220
379 355
379 375
379 376
379 382
380 99
380 126
380 178
380 237
380 342
380 377
380 482
381 79
381 244
381 305
381 311
381 392
381 408
382 68
382 109
382 131
382 135
382 151
382 166
382 277
382 280
382 327
382 343
382 365
382 374
382 379
382 383
382 435
382 456
382 496
382 500
383 73
383 125
383 156
383 229
383 317
383 382
383 387
384 97
384 98
384 116
384 250
384 372
384 390
384 411
384 441
384 446
385 51
385 138
385 148
385 153
385 162
385 299
385 329
385 397
385 442
386 126
386 163
386 171
386 237
386 264
386 440
386 465
387 78
387 189
387 214
387 252
387 344
387 354
387 383
387 388
387 432
388 11
388 83
388 172
388 225
388 269
388 331
388 387
388 395
388 443
389 304
389 331
389 468
389 472
389 480
389 481
389 492
389 495
389 498
390 116
390 230
390 250
390 255
390 371
390 384
390 399
390 441
391 35
391 173
391 180
391 186
391 251
391 367
391 392
391 444
391 498
392 79
392 112
392 244
392 268
392 381
392 391
392 408
392 428
392 498
393 41
393 42
393 154
393 155
393 169
393 192
393 224
393 279
393 306
393 316
393 331
393 353
393 358
393 361
393 404
393 458
393 470
393 494
394 65
394 132
394 273
394 345
394 359
394 402
394 430
394 477
394 494
395 121
395 388
395 396
395 398
395 418
395 443
396 51
396 98
396 138
396 312
396 329
396 357
396 395
396 398
396 442
397 203
397 212
397 336
397 385
397 406
397 464
398 6
398 16
398 213
398 227
398 323
398 347
398 395
398 396
398 424
399 177
399 187
399 254
399 390
399 403
399 436
399 453
399 479
399 482
400 222
400 231
400 332
400 366
400 476
400 485
400 494
401 74
401 218
401 270
401 282
401 335
401 352
401 377
401 460
401 476
402 132
402 273
402 275
402 310
402 359
402 394
402 406
402 430
402 460
403 177
403 399
403 404
403 421
403 422
403 436
403 439
403 453
403 479
404 41
404 169
404 353
404 358
404 393
404 403
404 470
404 494
404 498
405 5
405 31
405 47
405 199
405 233
405 238
405 239
405 272
405 298
406 25
406 37
406 215
406 302
406 397
406 402
406 449
406 464
406 475
407 35
407 173
407 180
407 186
407 226
407 243
407 251
407 356
407 367
407 475
408 45
408 205
408 268
408 294
408 311
408 381
408 392
408 410
408 428
408 475
409 191
409 204
409 290
409 437
409 457
409 491
410 408
410 411
410 421
410 439
410 453
410 479
411 116
411 230
411 349
411 371
411 372
411 384
411 410
411 412
411 441
411 446
412 35
412 173
412 180
412 186
412 243
412 251
412 356
412 411
412 439
412 444
413 247
413 337
413 362
413 414
413 439
413 454
413 459
413 489
413 490
414 46
414 62
414 104
414 113
414 185
414 197
414 223
414 271
414 413
414 439
415 8
415 112
415 227
415 305
415 328
415 347
415 419
415 424
416 112
416 168
416 419
416 462
416 467
416 471
417 231
417 286
417 298
417 300
417 309
417 321
417 332
417 438
417 465
417 488
418 11
418 83
418 155
418 172
418 225
418 240
418 263
418 269
418 395
418 483
419 71
419 119
419 128
419 152
419 228
419 315
419 319
419 348
419 370
419 415
419 416
419 461
419 486
420 129
420 146
420 149
420 174
420 210
420 220
420 307
420 330
420 351
420 363
420 368
420 421
420 437
421 15
421 39
421 170
421 177
421 187
421 219
421 276
421 403
421 410
421 420
421 436
421 439
421 453
421 479
421 482
422 51
422 187
422 403
422 438
422 453
422 482
422 490
423 67
423 86
423 93
423 235
423 242
423 334
423 364
423 424
423 425
424 6
424 8
424 16
424 213
424 323
424 328
424 347
424 398
424 415
424 423
424 425
425 148
425 153
425 162
425 299
425 357
425 423
425 424
425 442
426 235
426 242
426 334
426 364
426 373
426 427
426 428
427 51
427 98
427 138
427 148
427 153
427 162
427 299
427 312
427 329
427 426
427 428
428 79
428 244
428 392
428 408
428 426
428 427
429 168
429 193
429 211
429 221
429 266
429 314
429 360
429 431
429 460
429 469
429 497
430 84
430 132
430 273
430 310
430 345
430 359
430 394
430 402
430 433
430 434
430 463
431 19
431 22
431 26
431 28
431 50
431 150
431 288
431 289
431 429
431 443
431 446
432 17
432 18
432 54
432 78
432 106
432 118
432 189
432 214
432 252
432 333
432 344
432 354
432 387
433 322
433 337
433 362
433 430
433 434
433 448
433 459
433 478
433 489
433 490
433 499
434 68
434 151
434 327
434 343
434 374
434 430
434 433
434 435
434 456
434 474
434 493
435 151
435 207
435 277
435 382
435 434
435 456
435 459
435 493
435 497
436 15
436 23
436 24
436 187
436 399
436 403
436 421
436 453
436 479
437 146
437 149
437 330
437 409
437 420
438 195
438 222
438 231
438 309
438 316
438 321
438 332
438 340
438 377
438 417
438 422
438 465
439 39
439 187
439 276
439 403
439 410
439 412
439 413
439 414
439 421
439 479
439 482
440 1
440 4
440 17
440 120
440 293
440 355
440 386
440 462
441 95
441 96
441 136
441 230
441 250
441 349
441 371
441 372
441 384
441 390
441 411
441 446
442 138
442 182
442 186
442 385
442 396
442 425
443 11
443 83
443 121
443 155
443 172
443 225
443 269
443 388
443 395
443 431
443 446
443 447
444 35
444 173
444 180
444 186
444 243
444 251
444 356
444 367
444 391
444 412
444 445
444 459
445 151
445 277
445 374
445 444
445 450
445 493
445 497
445 500
446 116
446 384
446 411
446 431
446 441
446 443
446 447
447 80
447 124
447 257
447 341
447 443
447 446
447 448
447 466
448 3
448 21
448 29
448 40
448 117
448 179
448 217
448 247
448 322
448 337
448 362
448 433
448 447
448 453
448 454
448 455
448 499
449 203
449 207
449 212
449 336
449 406
449 459
449 464
450 212
450 300
450 302
450 336
450 445
450 451
450 464
451 54
451 78
451 106
451 118
451 189
451 214
451 252
451 344
451 354
451 450
451 454
452 63
452 106
452 161
452 228
452 315
452 319
452 348
452 370
452 457
452 484
452 486
452 487
453 39
453 170
453 177
453 399
453 403
453 410
453 421
453 422
453 436
453 448
453 455
453 461
453 482
454 21
454 179
454 247
454 320
454 322
454 337
454 362
454 413
454 448
454 451
454 456
454 489
454 499
455 304
455 448
455 453
455 461
455 468
455 472
455 480
455 481
455 492
455 495
456 151
456 166
456 277
456 280
456 343
456 374
456 382
456 434
456 435
456 454
456 458
456 497
456 500
457 105
457 145
457 154
457 191
457 204
457 226
457 261
457 265
457 297
457 330
457 409
457 452
457 476
457 491
458 41
458 192
458 224
458 279
458 306
458 316
458 353
458 361
458 393
458 456
458 470
458 486
458 494
458 498
459 362
459 413
459 433
459 435
459 444
459 449
459 478
460 103
460 168
460 182
460 211
460 221
460 226
460 236
460 246
460 314
460 360
460 401
460 402
460 429
460 467
461 419
461 453
461 455
461 463
461 484
461 486
461 487
462 182
462 211
462 221
462 236
462 246
462 266
462 314
462 319
462 360
462 416
462 440
462 465
462 467
462 469
463 65
463 84
463 273
463 310
463 345
463 430
463 461
463 464
463 469
464 25
464 37
464 203
464 215
464 300
464 302
464 336
464 397
464 406
464 449
464 450
464 463
464 469
464 472
465 195
465 200
465 207
465 222
465 231
465 256
465 286
465 340
465 366
465 386
465 417
465 438
465 462
465 486
465 488
466 75
466 80
466 101
466 136
466 137
466 238
466 241
466 257
466 279
466 282
466 303
466 341
466 447
466 468
466 473
467 80
467 103
467 168
467 182
467 211
467 221
467 236
467 246
467 266
467 314
467 371
467 416
467 460
467 462
467 493
468 270
468 272
468 318
468 346
468 389
468 455
468 466
468 472
468 481
468 492
468 495
469 211
469 266
469 429
469 462
469 463
469 464
469 471
469 472
470 41
470 42
470 169
470 192
470 201
470 251
470 279
470 306
470 316
470 393
470 404
470 458
470 479
470 483
470 494
470 498
471 90
471 142
471 266
471 314
471 354
471 360
471 416
471 469
472 304
472 346
472 389
472 455
472 464
472 468
472 469
472 478
472 480
472 481
472 492
472 495
473 124
473 303
473 341
473 466
473 478
473 480
473 489
474 287
474 293
474 295
474 434
474 493
474 497
474 500
475 304
475 406
475 407
475 408
475 480
475 481
475 492
475 495
476 12
476 14
476 60
476 145
476 154
476 204
476 226
476 261
476 297
476 326
476 400
476 401
476 457
476 477
476 491
477 21
477 29
477 40
477 117
477 123
477 217
477 247
477 337
477 362
477 394
477 476
477 478
477 489
477 490
477 494
478 3
478 117
478 179
478 217
478 247
478 322
478 362
478 433
478 459
478 472
478 473
478 477
478 480
478 489
478 499
479 15
479 39
479 170
479 175
479 177
479 276
479 399
479 403
479 410
479 421
479 436
479 439
479 470
479 482
479 483
480 27
480 90
480 194
480 249
480 285
480 304
480 318
480 389
480 455
480 472
480 473
480 475
480 478
480 489
480 492
480 495
481 27
481 90
481 194
481 249
481 285
481 318
481 346
481 356
481 357
481 389
481 455
481 468
481 472
481 475
481 484
481 495
482 1
482 22
482 177
482 187
482 276
482 380
482 399
482 421
482 422
482 439
482 453
482 479
483 42
483 169
483 192
483 216
483 224
483 279
483 306
483 316
483 331
483 353
483 358
483 361
483 418
483 470
483 479
484 63
484 71
484 119
484 128
484 152
484 161
484 228
484 315
484 319
484 348
484 352
484 356
484 370
484 452
484 461
484 481
485 195
485 200
485 207
485 222
485 231
485 256
485 286
485 309
485 321
485 332
485 345
485 349
485 351
485 366
485 400
485 488
486 63
486 71
486 119
486 128
486 152
486 161
486 228
486 315
486 319
486 370
486 419
486 452
486 458
486 461
486 465
486 487
487 63
487 71
487 119
487 128
487 152
487 161
487 228
487 315
487 319
487 348
487 370
487 452
487 461
487 486
487 489
487 490
487 492
488 103
488 104
488 195
488 227
488 256
488 286
488 366
488 417
488 465
488 485
489 3
489 29
489 40
489 117
489 123
489 217
489 247
489 320
489 413
489 433
489 454
489 473
489 477
489 478
489 480
489 487
489 499
490 3
490 21
490 29
490 40
490 123
490 362
490 413
490 422
490 433
490 477
490 487
490 491
490 492
491 14
491 38
491 60
491 191
491 216
491 226
491 261
491 265
491 290
491 297
491 326
491 409
491 457
491 476
491 490
491 492
491 496
491 499
492 27
492 90
492 194
492 249
492 285
492 304
492 318
492 346
492 389
492 455
492 468
492 472
492 475
492 480
492 487
492 490
492 491
492 496
493 54
493 68
493 109
493 131
493 135
493 151
493 166
493 197
493 277
493 280
493 327
493 343
493 365
493 434
493 435
493 445
493 467
493 474
493 496
494 42
494 169
494 192
494 224
494 279
494 306
494 316
494 331
494 353
494 358
494 361
494 393
494 394
494 400
494 404
494 458
494 470
494 477
494 498
495 27
495 90
495 194
495 202
495 232
495 234
495 246
495 249
495 285
495 304
495 318
495 346
495 389
495 455
495 468
495 472
495 475
495 480
495 481
496 190
496 277
496 374
496 382
496 491
496 492
496 493
496 497
496 499
496 500
497 68
497 109
497 131
497 135
497 166
497 193
497 280
497 327
497 343
497 365
497 374
497 429
497 435
497 445
497 456
497 474
497 496
497 500
498 41
498 65
498 169
498 224
498 389
498 391
498 392
498 404
498 458
498 470
498 494
499 107
499 247
499 328
499 362
499 433
499 448
499 454
499 478
499 489
499 491
499 496
500 109
500 131
500 135
500 151
500 166
500 193
500 277
500 280
500 327
500 343
500 365
500 382
500 445
500 456
500 474
500 496
500 497
