1 32
1 49
1 293
1 440
1 453
2 69
2 94
2 140
2 184
2 387
3 459
3 474
3 477
3 490
3 499
4 49
4 120
4 293
4 429
4 440
5 31
5 47
5 239
5 311
5 405
6 328
6 398
6 415
6 424
6 497
7 167
7 190
7 201
7 278
7 301
8 213
8 227
8 245
8 323
8 424
9 95
9 96
9 111
9 234
9 336
10 34
10 97
10 141
10 144
10 301
11 172
11 258
11 269
11 388
11 443
12 14
12 457
12 476
12 479
12 491
13 181
13 253
13 283
13 296
13 308
14 12
14 409
14 447
14 457
14 491
15 101
15 436
15 439
15 453
15 479
16 169
16 227
16 398
16 415
16 424
17 32
17 183
17 232
17 382
17 440
18 53
18 291
18 313
18 378
18 432
19 26
19 50
19 288
19 341
19 431
20 159
20 291
20 313
20 338
20 378
21 213
21 454
21 478
21 489
21 499
22 150
22 288
22 289
22 431
22 482
23 67
23 77
23 142
23 147
23 176
24 188
24 219
24 263
24 267
24 436
25 30
25 300
25 449
25 450
25 464
26 19
26 28
26 288
26 431
26 461
27 137
27 472
27 480
27 481
27 492
28 26
28 50
28 289
28 431
28 477
29 413
29 437
29 448
29 489
29 490
30 25
30 85
30 88
30 102
30 165
31 5
31 199
31 280
31 298
31 405
32 1
32 17
32 183
32 440
32 469
33 43
33 89
33 97
33 133
33 260
34 10
34 97
34 141
34 144
34 342
35 391
35 407
35 412
35 431
35 444
36 64
36 87
36 114
36 116
36 134
37 199
37 215
37 397
37 406
37 450
38 124
38 191
38 216
38 409
38 476
39 177
39 413
39 436
39 439
39 482
40 95
40 413
40 477
40 490
40 499
41 358
41 483
41 493
41 494
41 498
42 127
42 458
42 483
42 494
42 498
43 33
43 48
43 107
43 133
43 260
44 58
44 59
44 76
44 209
44 232
45 176
45 205
45 311
45 381
45 428
46 62
46 198
46 223
46 249
46 258
47 5
47 233
47 298
47 405
47 430
48 43
48 52
48 61
48 81
48 164
49 1
49 4
49 232
49 260
49 440
50 19
50 28
50 289
50 411
50 431
51 357
51 396
51 422
51 425
51 442
52 48
52 61
52 81
52 164
52 256
53 18
53 291
53 338
53 378
53 475
54 214
54 354
54 432
54 451
54 493
55 181
55 253
55 296
55 308
55 391
56 196
56 261
56 262
56 274
56 287
57 115
57 143
57 160
57 240
57 479
58 44
58 59
58 76
58 209
58 325
59 44
59 58
59 76
59 209
59 270
60 154
60 346
60 409
60 457
60 491
61 48
61 52
61 81
61 164
61 188
62 46
62 104
62 185
62 198
62 277
63 331
63 370
63 452
63 486
63 487
64 36
64 87
64 114
64 134
64 350
65 310
65 402
65 430
65 463
65 498
66 70
66 100
66 110
66 139
66 218
67 23
67 364
67 376
67 423
67 426
68 358
68 434
68 456
68 497
68 500
69 2
69 94
69 140
69 184
69 342
70 66
70 100
70 110
70 139
70 247
71 119
71 461
71 478
71 484
71 486
72 130
72 189
72 281
72 339
72 350
73 125
73 254
73 261
73 317
73 383
74 75
74 335
74 352
74 377
74 401
75 74
75 124
75 341
75 369
75 473
76 44
76 58
76 59
76 209
76 368
77 23
77 142
77 147
77 176
77 356
78 252
78 333
78 387
78 432
78 490
79 205
79 311
79 392
79 408
79 446
80 124
80 369
80 447
80 466
80 467
81 48
81 52
81 61
81 164
81 451
82 105
82 211
82 245
82 248
82 295
83 225
83 388
83 418
83 443
83 474
84 139
84 359
84 394
84 430
84 463
85 30
85 88
85 102
85 165
85 283
86 93
86 364
86 423
86 426
86 489
87 36
87 64
87 114
87 134
87 399
88 30
88 85
88 102
88 165
88 425
89 33
89 107
89 133
89 260
89 423
90 249
90 468
90 471
90 472
90 495
91 141
91 206
91 220
91 355
91 379
92 359
92 394
92 430
92 463
92 486
93 86
93 235
93 334
93 373
93 450
94 2
94 69
94 140
94 184
94 233
95 9
95 40
95 96
95 111
95 234
96 9
96 95
96 111
96 234
96 441
97 10
97 33
97 34
97 141
97 144
98 148
98 384
98 385
98 396
98 425
99 140
99 264
99 342
99 380
99 386
100 66
100 70
100 110
100 139
100 415
101 15
101 136
101 447
101 466
101 473
102 30
102 85
102 88
102 165
102 404
103 168
103 467
103 469
103 471
103 492
104 62
104 197
104 271
104 414
104 488
105 82
105 245
105 248
105 295
105 386
106 333
106 344
106 432
106 451
106 452
107 43
107 89
107 260
107 341
107 433
108 206
108 220
108 284
108 355
108 410
109 343
109 369
109 456
109 493
109 500
110 66
110 70
110 100
110 139
110 418
111 9
111 95
111 96
111 152
111 234
112 294
112 381
112 415
112 428
112 455
113 143
113 185
113 223
113 271
113 414
114 36
114 64
114 87
114 134
114 171
115 57
115 143
115 160
115 240
115 317
116 36
116 349
116 411
116 441
116 446
117 198
117 454
117 459
117 477
117 478
118 252
118 333
118 387
118 439
118 451
119 71
119 122
119 419
119 484
119 487
120 4
120 183
120 293
120 440
120 485
121 225
121 333
121 395
121 418
121 443
122 119
122 196
122 262
122 274
122 325
123 197
123 217
123 362
123 478
123 499
124 38
124 75
124 80
124 466
124 473
125 73
125 131
125 229
125 317
125 383
126 178
126 237
126 380
126 386
126 424
127 42
127 185
127 198
127 271
127 414
128 419
128 423
128 452
128 484
128 487
129 174
129 330
129 346
129 351
129 437
130 72
130 208
130 292
130 339
130 350
131 125
131 327
131 343
131 496
131 497
132 273
132 345
132 363
132 402
132 430
133 33
133 43
133 89
133 221
133 260
134 36
134 64
134 87
134 114
134 345
135 412
135 445
135 493
135 496
135 500
136 101
136 369
136 441
136 466
136 473
137 27
137 303
137 447
137 466
137 473
138 191
138 299
138 425
138 427
138 442
139 66
139 70
139 84
139 100
139 110
140 2
140 69
140 94
140 99
140 184
141 10
141 34
141 91
141 97
141 144
142 23
142 77
142 147
142 176
142 471
143 57
143 113
143 115
143 160
143 240
144 10
144 34
144 97
144 141
144 193
145 204
145 352
145 409
145 457
145 491
146 351
146 368
146 374
146 420
146 437
147 23
147 77
147 142
147 176
147 424
148 98
148 162
148 290
148 425
148 442
149 210
149 351
149 420
149 437
149 493
150 22
150 165
150 289
150 370
150 431
151 338
151 445
151 474
151 493
151 500
152 111
152 452
152 461
152 484
152 486
153 312
153 349
153 357
153 396
153 442
154 60
154 265
154 290
154 395
154 491
155 172
155 225
155 393
155 395
155 443
156 175
156 212
156 229
156 254
156 383
157 220
157 295
157 324
157 375
157 379
158 188
158 219
158 263
158 267
158 287
159 20
159 190
159 201
159 202
159 278
160 57
160 115
160 143
160 240
160 428
161 370
161 461
161 473
161 486
161 487
162 148
162 385
162 427
162 433
162 442
163 171
163 236
163 264
163 342
163 386
164 48
164 52
164 61
164 81
164 293
165 30
165 85
165 88
165 102
165 150
165 397
166 435
166 456
166 470
166 496
166 497
166 500
167 7
167 190
167 201
167 202
167 278
167 282
168 103
168 314
168 462
168 464
168 469
168 471
169 16
169 404
169 458
169 483
169 494
169 498
170 196
170 421
170 422
170 453
170 479
170 482
171 114
171 163
171 178
171 237
171 264
171 386
172 11
172 155
172 388
172 395
172 443
172 448
173 186
173 284
173 367
173 391
173 412
173 444
174 129
174 307
174 363
174 420
174 437
174 443
175 156
175 229
175 254
175 317
175 383
175 479
176 23
176 45
176 77
176 142
176 147
176 286
177 39
177 403
177 434
177 436
177 439
177 482
178 126
178 171
178 342
178 380
178 386
178 495
179 294
179 433
179 459
179 489
179 490
179 499
180 343
180 367
180 391
180 407
180 412
180 444
181 13
181 55
181 259
181 283
181 296
181 308
182 246
182 429
182 460
182 467
182 471
182 497
183 17
183 32
183 120
183 184
183 440
183 460
184 2
184 69
184 94
184 140
184 183
184 242
185 62
185 113
185 127
185 187
185 271
185 472
186 173
186 356
186 407
186 412
186 442
186 444
187 185
187 204
187 403
187 453
187 479
187 482
188 24
188 61
188 158
188 219
188 263
188 267
189 72
189 214
189 344
189 354
189 432
189 451
190 7
190 159
190 167
190 202
190 278
190 496
191 38
191 138
191 265
191 326
191 476
191 491
192 361
192 458
192 483
192 492
192 494
192 498
193 144
193 245
193 248
193 271
193 295
193 351
194 197
194 472
194 475
194 480
194 492
194 495
195 200
195 321
195 376
195 417
195 465
195 488
196 56
196 122
196 170
196 274
196 287
196 325
197 104
197 123
197 194
197 258
197 371
197 414
198 46
198 62
198 117
198 127
198 223
198 414
199 31
199 37
199 233
199 272
199 298
199 405
200 195
200 309
200 332
200 389
200 400
200 438
201 7
201 159
201 167
201 202
201 278
201 470
202 159
202 167
202 190
202 201
202 278
202 495
203 215
203 382
203 406
203 449
203 450
203 464
204 145
204 187
204 216
204 290
204 362
204 491
205 45
205 79
205 388
205 392
205 408
205 428
206 91
206 108
206 324
206 355
206 375
206 486
207 309
207 340
207 412
207 435
207 485
207 488
208 130
208 255
208 281
208 339
208 350
208 491
209 44
209 58
209 59
209 76
209 213
209 436
210 149
210 307
210 330
210 379
210 420
210 437
211 82
211 416
211 429
211 462
211 469
211 471
212 156
212 302
212 397
212 449
212 450
212 464
213 8
213 21
213 209
213 347
213 398
213 424
214 54
214 189
214 304
214 344
214 387
214 451
215 37
215 203
215 303
215 449
215 450
215 464
216 38
216 204
216 457
216 476
216 483
216 491
217 123
217 359
217 362
217 477
217 489
217 499
218 66
218 270
218 335
218 352
218 377
218 401
219 24
219 158
219 188
219 263
219 267
219 497
220 91
220 108
220 157
220 284
220 375
220 420
221 133
221 266
221 460
221 462
221 467
221 469
222 239
222 321
222 366
222 438
222 485
222 488
223 46
223 113
223 198
223 258
223 414
223 434
224 279
224 306
224 361
224 470
224 494
224 498
225 83
225 121
225 155
225 344
225 388
225 418
226 234
226 407
226 409
226 457
226 476
226 491
227 8
227 16
227 305
227 347
227 424
227 488
228 292
228 315
228 348
228 484
228 486
228 487
229 125
229 156
229 175
229 317
229 383
229 464
230 384
230 390
230 408
230 411
230 441
230 446
231 340
231 400
231 465
231 485
231 488
231 494
232 17
232 44
232 49
232 293
232 440
232 457
233 47
233 94
233 199
233 239
233 272
233 405
234 9
234 95
234 96
234 111
234 226
234 248
235 93
235 334
235 366
235 376
235 423
235 426
236 163
236 416
236 460
236 462
236 467
236 471
237 126
237 171
237 327
237 342
237 380
237 386
238 241
238 341
238 405
238 447
238 466
238 473
239 5
239 222
239 233
239 272
239 298
239 405
240 57
240 115
240 143
240 160
240 251
240 418
241 238
241 254
241 257
241 303
241 466
241 473
242 184
242 364
242 373
242 376
242 423
242 426
243 251
243 356
243 391
243 412
243 444
243 469
244 268
244 294
244 301
244 381
244 392
244 468
245 8
245 82
245 105
245 193
245 248
245 295
246 182
246 266
246 425
246 467
246 469
246 495
247 70
247 320
247 433
247 448
247 459
247 499
248 82
248 105
248 193
248 234
248 245
248 295
249 46
249 90
249 475
249 480
249 492
249 495
250 372
250 384
250 411
250 441
250 442
250 446
251 240
251 243
251 367
251 383
251 407
251 444
252 78
252 118
252 304
252 354
252 432
252 451
253 13
253 55
253 283
253 296
253 308
253 357
254 73
254 156
254 175
254 241
254 317
254 383
255 208
255 281
255 292
255 339
255 350
255 390
256 52
256 309
256 321
256 417
256 485
256 488
257 241
257 303
257 341
257 348
257 447
257 466
258 11
258 46
258 197
258 223
258 270
258 414
259 181
259 291
259 313
259 338
259 378
259 487
260 33
260 43
260 49
260 89
260 107
260 133
261 56
261 73
261 265
261 457
261 476
261 491
262 56
262 122
262 274
262 287
262 302
262 325
263 24
263 158
263 188
263 219
263 267
263 418
264 99
264 163
264 171
264 342
264 380
264 478
265 154
265 191
265 261
265 297
265 309
265 476
266 221
266 246
266 272
266 460
266 462
266 471
267 24
267 158
267 188
267 219
267 263
267 318
268 244
268 301
268 381
268 392
268 428
268 469
269 11
269 395
269 418
269 443
269 448
269 496
270 59
270 218
270 258
270 282
270 335
270 401
271 104
271 113
271 127
271 185
271 193
271 414
272 199
272 233
272 239
272 266
272 298
272 405
272 466
273 132
273 345
273 359
273 394
273 430
273 448
273 463
274 56
274 122
274 196
274 262
274 287
274 325
274 387
275 276
275 345
275 359
275 394
275 402
275 430
275 463
276 275
276 399
276 421
276 439
276 453
276 479
276 482
277 62
277 382
277 434
277 474
277 493
277 496
277 497
278 7
278 159
278 167
278 190
278 201
278 202
278 398
279 224
279 360
279 361
279 466
279 470
279 494
279 498
280 31
280 327
280 434
280 435
280 493
280 497
280 500
281 72
281 208
281 255
281 292
281 296
281 339
281 350
282 167
282 270
282 332
282 335
282 352
282 377
282 401
283 13
283 85
283 181
283 253
283 296
283 308
283 432
284 108
284 173
284 220
284 286
284 355
284 375
284 379
285 327
285 340
285 468
285 475
285 481
285 492
285 495
286 176
286 284
286 417
286 438
286 465
286 485
286 488
287 56
287 158
287 196
287 262
287 274
287 325
287 447
288 19
288 22
288 26
288 289
288 311
288 431
288 454
289 22
289 28
289 50
289 150
289 288
289 363
289 431
290 148
290 154
290 204
290 297
290 409
290 476
290 491
291 18
291 20
291 53
291 259
291 313
291 338
291 378
292 130
292 228
292 255
292 281
292 339
292 350
292 372
293 1
293 4
293 120
293 164
293 232
293 440
293 449
294 112
294 179
294 244
294 311
294 381
294 392
294 408
295 82
295 105
295 157
295 193
295 245
295 248
295 474
296 13
296 55
296 181
296 253
296 281
296 283
296 308
297 265
297 290
297 326
297 409
297 476
297 491
297 492
298 31
298 47
298 199
298 239
298 272
298 405
298 484
299 138
299 329
299 349
299 357
299 375
299 425
299 427
300 25
300 302
300 336
300 417
300 449
300 450
300 464
301 7
301 10
301 244
301 268
301 381
301 408
301 428
302 212
302 262
302 300
302 336
302 397
302 406
302 464
303 137
303 215
303 241
303 257
303 447
303 466
303 473
304 214
304 252
304 468
304 472
304 480
304 481
304 495
305 227
305 323
305 347
305 381
305 415
305 424
305 496
306 224
306 353
306 373
306 458
306 470
306 494
306 498
307 174
307 210
307 363
307 368
307 420
307 437
307 472
308 13
308 55
308 181
308 253
308 283
308 296
308 416
309 200
309 207
309 256
309 265
309 400
309 465
309 485
310 65
310 320
310 345
310 359
310 394
310 459
310 463
311 5
311 45
311 79
311 288
311 294
311 408
311 428
312 153
312 385
312 396
312 425
312 427
312 442
312 445
313 18
313 20
313 259
313 291
313 338
313 378
313 395
314 168
314 360
314 439
314 460
314 462
314 469
314 471
315 228
315 348
315 452
315 461
315 486
315 487
315 491
316 331
316 438
316 458
316 470
316 483
316 494
316 498
317 73
317 115
317 125
317 175
317 229
317 254
317 383
318 267
318 455
318 468
318 480
318 481
318 492
318 495
319 348
319 419
319 452
319 462
319 484
319 486
319 487
320 247
320 310
320 322
320 414
320 459
320 490
320 499
321 195
321 222
321 256
321 366
321 465
321 485
321 489
322 320
322 362
322 372
322 433
322 454
322 478
322 490
323 8
323 305
323 328
323 388
323 398
323 415
323 424
324 157
324 206
324 326
324 353
324 355
324 375
324 379
325 58
325 122
325 196
325 262
325 274
325 287
325 326
326 191
326 297
326 324
326 325
326 457
326 476
326 491
327 131
327 237
327 280
327 285
327 445
327 497
327 500
328 6
328 323
328 347
328 398
328 415
328 441
328 499
329 299
329 385
329 396
329 421
329 425
329 427
329 442
330 129
330 210
330 363
330 368
330 420
330 437
330 457
331 63
331 316
331 358
331 389
331 458
331 483
331 498
332 200
332 282
332 400
332 438
332 465
332 485
332 488
333 78
333 106
333 118
333 121
333 354
333 387
333 451
334 93
334 235
334 364
334 373
334 376
334 392
334 423
334 426
335 74
335 218
335 270
335 282
335 338
335 352
335 377
335 401
336 9
336 300
336 302
336 397
336 449
336 450
336 464
336 500
337 362
337 429
337 454
337 477
337 478
337 489
337 490
337 499
338 20
338 53
338 151
338 259
338 291
338 313
338 335
338 378
339 72
339 130
339 208
339 255
339 281
339 292
339 350
339 498
340 207
340 231
340 285
340 417
340 438
340 465
340 485
340 488
341 19
341 75
341 107
341 238
341 257
341 369
341 447
341 473
342 34
342 69
342 99
342 163
342 178
342 237
342 264
342 380
343 109
343 131
343 180
343 374
343 474
343 493
343 496
343 497
344 106
344 189
344 214
344 225
344 345
344 387
344 432
344 451
345 132
345 134
345 273
345 275
345 310
345 344
345 402
345 463
346 60
346 129
346 455
346 475
346 480
346 481
346 492
346 495
347 213
347 227
347 305
347 328
347 398
347 415
347 424
347 465
348 228
348 257
348 315
348 319
348 461
348 484
348 486
348 487
349 116
349 153
349 299
349 371
349 372
349 411
349 441
349 446
350 64
350 72
350 130
350 208
350 255
350 281
350 292
350 339
351 129
351 146
351 149
351 193
351 363
351 368
351 437
351 485
352 74
352 145
352 218
352 282
352 335
352 377
352 401
352 435
353 306
353 324
353 361
353 393
353 470
353 483
353 494
353 498
354 54
354 189
354 252
354 333
354 356
354 432
354 451
354 471
355 91
355 108
355 206
355 284
355 324
355 375
355 379
355 440
356 77
356 186
356 243
356 354
356 367
356 407
356 412
356 444
357 51
357 153
357 253
357 299
357 385
357 427
357 442
357 481
358 41
358 68
358 331
358 404
358 413
358 470
358 494
358 498
359 84
359 92
359 217
359 273
359 275
359 310
359 402
359 463
360 279
360 314
360 365
360 429
360 460
360 467
360 469
360 471
361 192
361 224
361 279
361 353
361 393
361 404
361 417
361 458
362 123
362 204
362 217
362 322
362 337
362 366
362 489
362 499
363 132
363 174
363 289
363 307
363 330
363 351
363 420
363 437
364 67
364 86
364 242
364 334
364 373
364 423
364 426
364 462
365 360
365 374
365 445
365 474
365 493
365 496
365 497
365 500
366 222
366 235
366 321
366 362
366 438
366 465
366 485
366 488
367 173
367 180
367 251
367 356
367 369
367 391
367 412
367 444
368 76
368 146
368 307
368 330
368 351
368 420
368 437
368 455
369 75
369 80
369 109
369 136
369 341
369 367
369 466
369 473
370 63
370 150
370 161
370 452
370 461
370 484
370 486
370 487
371 197
371 349
371 372
371 384
371 390
371 411
371 441
371 472
372 250
372 292
372 322
372 349
372 371
372 390
372 441
372 446
373 93
373 242
373 306
373 334
373 364
373 423
373 426
373 429
374 146
374 343
374 365
374 435
374 456
374 474
374 493
374 496
375 157
375 206
375 220
375 284
375 299
375 324
375 355
375 379
376 67
376 195
376 235
376 242
376 334
376 423
376 426
376 438
377 74
377 218
377 282
377 335
377 352
377 380
377 401
377 438
378 18
378 20
378 53
378 259
378 291
378 313
378 338
378 449
379 91
379 157
379 210
379 284
379 324
379 355
379 375
379 488
380 99
380 126
380 178
380 237
380 264
380 342
380 377
380 386
380 482
381 45
381 112
381 244
381 268
381 294
381 301
381 305
381 408
381 428
382 17
382 203
382 277
382 434
382 435
382 474
382 493
382 496
382 500
383 73
383 125
383 156
383 175
383 229
383 251
383 254
383 317
383 384
384 98
384 230
384 250
384 371
384 383
384 390
384 411
384 441
384 446
385 98
385 162
385 312
385 329
385 357
385 396
385 425
385 427
385 477
386 99
386 105
386 126
386 163
386 171
386 178
386 237
386 380
386 440
387 2
387 78
387 118
387 214
387 274
387 333
387 344
387 432
387 451
388 11
388 83
388 172
388 205
388 225
388 323
388 395
388 418
388 443
389 200
389 331
389 455
389 468
389 472
389 475
389 481
389 492
389 495
390 230
390 255
390 371
390 372
390 384
390 399
390 411
390 441
390 446
391 35
391 55
391 173
391 180
391 243
391 367
391 401
391 407
391 444
392 79
392 205
392 244
392 268
392 294
392 334
392 408
392 428
392 498
393 155
393 353
393 361
393 458
393 470
393 480
393 483
393 494
393 498
394 84
394 92
394 273
394 275
394 310
394 430
394 463
394 494
394 500
395 121
395 154
395 155
395 172
395 269
395 313
395 388
395 418
395 443
396 51
396 98
396 153
396 312
396 329
396 385
396 419
396 427
396 500
397 37
397 165
397 212
397 302
397 336
397 406
397 449
397 450
397 464
398 6
398 16
398 213
398 278
398 323
398 328
398 347
398 415
398 451
399 87
399 276
399 390
399 410
399 421
399 436
399 439
399 453
399 482
400 200
400 231
400 309
400 332
400 410
400 417
400 465
400 488
400 494
401 74
401 218
401 270
401 282
401 335
401 352
401 377
401 391
401 476
402 65
402 132
402 275
402 345
402 359
402 406
402 430
402 460
402 463
403 177
403 187
403 410
403 421
403 422
403 439
403 456
403 479
403 482
404 102
404 169
404 358
404 361
404 458
404 470
404 483
404 494
404 498
405 5
405 31
405 47
405 199
405 233
405 238
405 239
405 272
405 298
406 37
406 203
406 302
406 397
406 402
406 427
406 449
406 450
406 464
407 35
407 180
407 186
407 226
407 251
407 356
407 391
407 412
407 444
407 454
408 79
408 205
408 230
408 294
408 301
408 311
408 381
408 392
408 428
408 475
409 14
409 38
409 60
409 145
409 226
409 290
409 297
409 431
409 457
409 476
410 108
410 399
410 400
410 403
410 421
410 422
410 436
410 453
410 479
410 482
411 50
411 116
411 230
411 250
411 349
411 371
411 384
411 390
411 430
411 446
412 35
412 135
412 173
412 180
412 186
412 207
412 243
412 356
412 367
412 407
413 29
413 39
413 40
413 358
413 433
413 448
413 478
413 489
413 490
413 499
414 104
414 113
414 127
414 197
414 198
414 223
414 258
414 271
414 320
414 439
415 6
415 16
415 100
415 112
415 305
415 323
415 328
415 347
415 398
415 424
416 211
416 236
416 308
416 427
416 429
416 460
416 462
416 467
416 469
416 471
417 195
417 256
417 286
417 300
417 340
417 361
417 400
417 438
417 485
417 488
418 83
418 110
418 121
418 225
418 240
418 263
418 269
418 388
418 395
418 443
419 119
419 128
419 319
419 396
419 452
419 461
419 464
419 484
419 486
419 487
420 146
420 149
420 174
420 210
420 220
420 307
420 330
420 363
420 368
420 421
420 437
421 170
421 276
421 329
421 399
421 403
421 410
421 420
421 422
421 436
421 479
421 482
422 51
422 170
422 403
422 410
422 421
422 436
422 439
422 479
422 482
422 487
422 490
423 67
423 86
423 89
423 128
423 235
423 242
423 334
423 364
423 373
423 376
423 426
424 6
424 8
424 16
424 126
424 147
424 213
424 227
424 305
424 323
424 347
424 415
425 51
425 88
425 98
425 138
425 148
425 246
425 299
425 312
425 329
425 385
425 442
426 67
426 86
426 235
426 242
426 334
426 364
426 373
426 376
426 423
426 428
426 490
427 138
427 162
427 299
427 312
427 329
427 357
427 385
427 396
427 406
427 416
427 442
428 45
428 112
428 160
428 205
428 268
428 301
428 311
428 381
428 392
428 408
428 426
429 4
429 182
429 211
429 337
429 360
429 373
429 416
429 462
429 467
429 469
429 471
430 47
430 65
430 84
430 92
430 132
430 273
430 275
430 394
430 402
430 411
430 463
431 19
431 22
431 26
431 28
431 35
431 50
431 150
431 288
431 289
431 409
431 498
432 18
432 54
432 78
432 106
432 189
432 252
432 283
432 344
432 354
432 387
432 451
433 107
433 162
433 179
433 247
433 322
433 413
433 448
433 454
433 489
433 490
433 499
434 68
434 177
434 223
434 277
434 280
434 382
434 445
434 493
434 496
434 497
434 500
435 166
435 207
435 280
435 352
435 374
435 382
435 456
435 474
435 493
435 496
435 497
435 500
436 15
436 24
436 39
436 177
436 209
436 399
436 410
436 421
436 422
436 453
436 479
436 482
437 29
437 129
437 146
437 149
437 174
437 210
437 307
437 330
437 351
437 363
437 368
437 420
438 200
438 222
438 286
438 316
438 332
438 340
438 366
438 376
438 377
438 417
438 465
438 488
439 15
439 39
439 118
439 177
439 276
439 314
439 399
439 403
439 414
439 422
439 453
439 479
440 1
440 4
440 17
440 32
440 49
440 120
440 183
440 232
440 293
440 355
440 386
440 443
441 96
441 116
441 136
441 230
441 250
441 328
441 349
441 371
441 372
441 384
441 390
441 446
442 51
442 138
442 148
442 153
442 162
442 186
442 250
442 312
442 329
442 357
442 425
442 427
443 11
443 83
443 121
443 155
443 172
443 174
443 269
443 388
443 395
443 418
443 440
443 484
444 35
444 173
444 180
444 186
444 243
444 251
444 356
444 367
444 391
444 407
444 445
444 459
445 135
445 151
445 312
445 327
445 365
445 434
445 444
445 456
445 493
445 496
445 497
445 500
446 79
446 116
446 230
446 250
446 349
446 372
446 384
446 390
446 411
446 441
446 453
446 461
447 14
447 80
447 101
447 137
447 238
447 257
447 287
447 303
447 341
447 453
447 466
447 473
448 29
448 172
448 247
448 269
448 273
448 413
448 433
448 454
448 459
448 477
448 478
448 489
449 25
449 203
449 212
449 215
449 293
449 300
449 336
449 378
449 397
449 406
449 450
449 464
450 25
450 37
450 93
450 203
450 212
450 215
450 300
450 336
450 397
450 406
450 449
450 464
450 470
451 54
451 81
451 106
451 118
451 189
451 214
451 252
451 333
451 344
451 354
451 387
451 398
451 432
452 63
452 106
452 128
452 152
452 315
452 319
452 370
452 419
452 457
452 461
452 484
452 486
452 487
453 1
453 15
453 170
453 187
453 276
453 399
453 410
453 436
453 439
453 446
453 447
453 479
453 482
454 21
454 117
454 288
454 322
454 337
454 407
454 433
454 448
454 459
454 477
454 478
454 490
454 499
455 112
455 318
455 346
455 368
455 389
455 468
455 472
455 475
455 480
455 481
455 487
455 492
455 495
456 68
456 109
456 166
456 374
456 403
456 435
456 445
456 474
456 493
456 496
456 497
456 499
456 500
457 12
457 14
457 60
457 145
457 216
457 226
457 232
457 261
457 326
457 330
457 409
457 452
457 476
457 491
458 42
458 169
458 192
458 306
458 316
458 331
458 361
458 393
458 404
458 460
458 470
458 483
458 489
458 494
459 3
459 117
459 179
459 247
459 310
459 320
459 444
459 448
459 454
459 467
459 477
459 478
459 489
459 499
460 182
460 183
460 221
460 236
460 266
460 314
460 360
460 402
460 416
460 458
460 462
460 467
460 469
460 471
461 26
461 71
461 152
461 161
461 315
461 348
461 370
461 419
461 446
461 452
461 463
461 484
461 486
461 487
462 168
462 211
462 221
462 236
462 266
462 314
462 319
462 364
462 416
462 429
462 460
462 465
462 467
462 469
463 65
463 84
463 92
463 273
463 275
463 310
463 345
463 359
463 394
463 402
463 430
463 461
463 483
463 495
464 25
464 168
464 203
464 212
464 215
464 229
464 300
464 302
464 336
464 397
464 406
464 419
464 449
464 450
465 195
465 231
465 286
465 309
465 321
465 332
465 340
465 347
465 366
465 400
465 438
465 462
465 468
465 485
465 488
466 80
466 101
466 124
466 136
466 137
466 238
466 241
466 257
466 272
466 279
466 303
466 369
466 447
466 468
466 473
467 80
467 103
467 182
467 221
467 236
467 246
467 360
467 416
467 429
467 459
467 460
467 462
467 469
467 471
467 485
468 90
468 244
468 285
468 304
468 318
468 389
468 455
468 465
468 466
468 472
468 475
468 480
468 481
468 492
468 495
469 32
469 103
469 168
469 211
469 221
469 243
469 246
469 268
469 314
469 360
469 416
469 429
469 460
469 462
469 467
470 166
470 201
470 224
470 279
470 306
470 316
470 353
470 358
470 393
470 404
470 450
470 458
470 483
470 494
470 498
471 90
471 103
471 142
471 168
471 182
471 211
471 236
471 266
471 314
471 354
471 360
471 416
471 429
471 460
471 467
472 27
472 90
472 185
472 194
472 304
472 307
472 371
472 389
472 455
472 468
472 475
472 480
472 481
472 492
472 495
473 75
473 101
473 124
473 136
473 137
473 161
473 238
473 241
473 303
473 341
473 369
473 447
473 466
473 475
473 482
474 3
474 83
474 151
474 277
474 295
474 343
474 365
474 374
474 382
474 435
474 456
474 493
474 496
474 497
474 500
475 53
475 194
475 249
475 285
475 346
475 389
475 408
475 455
475 468
475 472
475 473
475 480
475 481
475 492
475 495
476 12
476 38
476 191
476 216
476 226
476 261
476 265
476 290
476 297
476 326
476 401
476 409
476 457
476 477
476 497
477 3
477 28
477 40
477 117
477 217
477 337
477 385
477 448
477 454
477 459
477 476
477 478
477 489
477 490
477 499
478 21
478 71
478 117
478 123
478 264
478 322
478 337
478 413
478 448
478 454
478 459
478 477
478 480
478 489
478 490
479 12
479 15
479 57
479 170
479 175
479 187
479 276
479 403
479 410
479 421
479 422
479 436
479 439
479 453
479 482
480 27
480 194
480 249
480 304
480 318
480 346
480 393
480 455
480 468
480 472
480 475
480 478
480 481
480 492
480 495
480 500
481 27
481 285
481 304
481 318
481 346
481 357
481 389
481 455
481 468
481 472
481 475
481 480
481 483
481 484
481 492
481 495
482 22
482 39
482 170
482 177
482 187
482 276
482 380
482 399
482 403
482 410
482 421
482 422
482 436
482 453
482 473
482 479
483 41
483 42
483 169
483 192
483 216
483 316
483 331
483 353
483 393
483 404
483 458
483 463
483 470
483 481
483 494
483 498
484 71
484 119
484 128
484 152
484 228
484 298
484 319
484 348
484 370
484 419
484 443
484 452
484 461
484 481
484 486
484 487
485 120
485 207
485 222
485 231
485 256
485 286
485 309
485 321
485 332
485 340
485 351
485 366
485 417
485 465
485 467
485 488
486 63
486 71
486 92
486 152
486 161
486 206
486 228
486 315
486 319
486 348
486 370
486 419
486 452
486 461
486 484
486 487
487 63
487 119
487 128
487 161
487 228
487 259
487 315
487 319
487 348
487 370
487 419
487 422
487 452
487 455
487 461
487 484
487 486
488 104
488 195
488 207
488 222
488 227
488 231
488 256
488 286
488 332
488 340
488 366
488 379
488 400
488 417
488 438
488 465
488 485
489 21
489 29
489 86
489 179
489 217
489 321
489 337
489 362
489 413
489 433
489 448
489 458
489 459
489 477
489 478
489 490
489 499
490 3
490 29
490 40
490 78
490 179
490 320
490 322
490 337
490 413
490 422
490 426
490 433
490 454
490 477
490 478
490 489
490 491
490 499
491 12
491 14
491 60
491 145
491 154
491 191
491 204
491 208
491 216
491 226
491 261
491 290
491 297
491 315
491 326
491 457
491 490
491 499
492 27
492 103
492 192
492 194
492 249
492 285
492 297
492 318
492 346
492 389
492 455
492 468
492 472
492 475
492 480
492 481
492 495
492 496
493 41
493 54
493 109
493 135
493 149
493 151
493 277
493 280
493 343
493 365
493 374
493 382
493 434
493 435
493 445
493 456
493 474
493 496
493 497
494 41
494 42
494 169
494 192
494 224
494 231
494 279
494 306
494 316
494 353
494 358
494 393
494 394
494 400
494 404
494 458
494 470
494 483
494 498
495 90
495 178
495 194
495 202
495 246
495 249
495 285
495 304
495 318
495 346
495 389
495 455
495 463
495 468
495 472
495 475
495 480
495 481
495 492
496 131
496 135
496 166
496 190
496 269
496 277
496 305
496 343
496 365
496 374
496 382
496 434
496 435
496 445
496 456
496 474
496 492
496 493
496 497
496 500
497 6
497 68
497 131
497 166
497 182
497 219
497 277
497 280
497 327
497 343
497 365
497 434
497 435
497 445
497 456
497 474
497 476
497 493
497 496
497 500
498 41
498 42
498 65
498 169
498 192
498 224
498 279
498 306
498 316
498 331
498 339
498 353
498 358
498 392
498 393
498 404
498 431
498 470
498 483
498 494
499 3
499 21
499 40
499 123
499 179
499 217
499 247
499 320
499 328
499 337
499 362
499 413
499 433
499 454
499 456
499 459
499 477
499 489
499 490
499 491
499 500
500 68
500 109
500 135
500 151
500 166
500 280
500 327
500 336
500 365
500 382
500 394
500 396
500 434
500 435
500 445
500 456
500 474
500 480
500 496
500 497
500 499
