1 5
1 27
1 55
1 63
1 105
2 151
2 321
2 360
2 426
2 434
3 97
3 148
3 276
3 367
3 434
4 24
4 81
4 126
4 196
4 220
5 1
5 41
5 55
5 105
5 444
6 9
6 54
6 295
6 299
6 412
7 10
7 71
7 122
7 470
7 498
8 464
8 482
8 485
8 496
8 500
9 6
9 54
9 84
9 159
9 412
10 7
10 214
10 240
10 288
10 365
11 244
11 264
11 301
11 472
11 498
12 40
12 98
12 269
12 453
12 493
13 19
13 240
13 261
13 443
13 494
14 103
14 118
14 158
14 274
14 338
15 99
15 166
15 402
15 438
15 476
16 163
16 329
16 405
16 476
16 498
17 21
17 47
17 167
17 181
17 489
18 19
18 82
18 283
18 422
18 430
19 13
19 18
19 78
19 336
19 486
20 171
20 303
20 391
20 425
20 433
21 17
21 47
21 167
21 181
21 190
22 44
22 180
22 221
22 374
22 449
23 353
23 384
23 461
23 465
23 489
24 4
24 74
24 126
24 196
24 488
25 421
25 452
25 461
25 478
25 491
26 407
26 445
26 455
26 479
26 496
27 1
27 104
27 294
27 480
27 499
28 53
28 111
28 208
28 316
28 479
29 136
29 171
29 486
29 492
29 497
30 64
30 214
30 316
30 365
30 443
31 34
31 272
31 477
31 481
31 490
32 304
32 407
32 424
32 445
32 489
33 134
33 421
33 462
33 466
33 471
34 31
34 129
34 138
34 418
34 451
35 329
35 369
35 372
35 384
35 470
36 85
36 92
36 178
36 210
36 216
37 190
37 215
37 282
37 381
37 473
38 324
38 392
38 398
38 457
38 467
39 206
39 369
39 372
39 384
39 443
40 12
40 201
40 211
40 269
40 394
41 5
41 55
41 141
41 219
41 341
42 130
42 327
42 436
42 438
42 454
43 78
43 413
43 464
43 485
43 496
44 22
44 131
44 221
44 273
44 490
45 372
45 467
45 483
45 487
45 500
46 76
46 257
46 341
46 448
46 494
47 17
47 21
47 181
47 359
47 406
48 183
48 242
48 378
48 425
48 433
49 122
49 266
49 371
49 435
49 474
50 81
50 90
50 120
50 262
50 423
51 290
51 302
51 399
51 437
51 441
52 362
52 448
52 464
52 482
52 485
53 28
53 149
53 208
53 316
53 478
54 6
54 9
54 325
54 334
54 412
55 1
55 5
55 41
55 219
55 476
56 181
56 269
56 423
56 451
56 453
57 251
57 348
57 351
57 366
57 408
58 62
58 362
58 396
58 415
58 459
59 266
59 276
59 388
59 404
59 435
60 92
60 172
60 268
60 278
60 354
61 386
61 402
61 432
61 440
61 468
62 58
62 142
62 330
62 401
62 404
63 1
63 212
63 259
63 313
63 405
64 30
64 102
64 378
64 391
64 433
65 87
65 158
65 262
65 361
65 401
66 236
66 248
66 300
66 323
66 376
67 86
67 235
67 268
67 295
67 354
68 74
68 239
68 336
68 365
68 377
69 70
69 286
69 427
69 459
69 494
70 69
70 314
70 363
70 411
70 474
71 7
71 286
71 349
71 497
71 498
72 134
72 278
72 452
72 461
72 478
73 106
73 107
73 127
73 256
73 498
74 24
74 68
74 261
74 381
74 471
75 107
75 349
75 449
75 476
75 498
76 46
76 271
76 281
76 457
76 492
77 185
77 287
77 452
77 459
77 461
78 19
78 43
78 214
78 261
78 332
79 188
79 228
79 248
79 297
79 447
80 86
80 93
80 169
80 247
80 309
81 4
81 50
81 90
81 120
81 262
82 18
82 277
82 283
82 430
82 470
83 173
83 277
83 280
83 313
83 373
84 9
84 287
84 295
84 334
84 475
85 36
85 178
85 210
85 216
85 413
86 67
86 80
86 93
86 247
86 309
87 65
87 115
87 361
87 363
87 401
88 212
88 313
88 319
88 446
88 451
89 90
89 317
89 423
89 441
89 453
90 50
90 81
90 89
90 144
90 262
91 446
91 447
91 488
91 493
91 497
92 36
92 60
92 170
92 317
92 453
93 80
93 86
93 247
93 265
93 309
94 199
94 232
94 292
94 359
94 471
95 98
95 135
95 364
95 379
95 422
96 302
96 308
96 492
96 497
96 499
97 3
97 144
97 187
97 276
97 378
98 12
98 95
98 267
98 317
98 453
99 15
99 100
99 409
99 476
99 498
100 99
100 414
100 448
100 494
100 495
101 105
101 133
101 208
101 316
101 447
102 64
102 160
102 371
102 415
102 425
103 14
103 118
103 169
103 307
103 338
104 27
104 145
104 424
104 479
104 499
105 1
105 5
105 101
105 219
105 482
106 73
106 416
106 467
106 481
106 484
107 73
107 75
107 405
107 409
107 496
108 342
108 353
108 416
108 484
108 500
109 114
109 318
109 331
109 356
109 488
110 288
110 357
110 429
110 482
110 496
111 28
111 211
111 380
111 387
111 454
112 208
112 414
112 487
112 494
112 495
113 130
113 422
113 456
113 477
113 490
114 109
114 115
114 458
114 460
114 491
115 87
115 114
115 352
115 393
115 415
116 184
116 192
116 198
116 404
116 474
117 138
117 156
117 213
117 252
117 260
118 14
118 103
118 169
118 338
118 474
119 176
119 226
119 324
119 426
119 465
120 50
120 81
120 262
120 318
120 452
121 133
121 170
121 394
121 416
121 423
122 7
122 49
122 371
122 476
122 498
123 128
123 277
123 352
123 430
123 474
124 350
124 397
124 418
124 451
124 455
125 278
125 400
125 446
125 447
125 450
126 4
126 24
126 196
126 220
126 333
127 73
127 256
127 476
127 490
127 498
128 123
128 179
128 339
128 430
128 434
129 34
129 247
129 350
129 377
129 451
130 42
130 113
130 295
130 334
130 412
131 44
131 290
131 292
131 399
131 437
132 180
132 221
132 294
132 374
132 400
133 101
133 121
133 208
133 316
133 416
134 33
134 72
134 199
134 466
134 471
135 95
135 328
135 331
135 444
135 449
136 29
136 199
136 402
136 421
136 471
137 233
137 307
137 350
137 392
137 409
138 34
138 117
138 156
138 213
138 252
139 157
139 217
139 258
139 333
139 355
140 227
140 410
140 462
140 492
140 497
141 41
141 153
141 180
141 273
141 352
142 62
142 209
142 234
142 361
142 401
143 273
143 399
143 437
143 478
143 492
144 90
144 97
144 187
144 276
144 367
145 104
145 377
145 412
145 480
145 499
146 148
146 225
146 260
146 320
146 434
147 284
147 299
147 301
147 422
147 499
148 3
148 146
148 187
148 200
148 276
149 53
149 339
149 345
149 375
149 494
150 165
150 347
150 348
150 408
150 476
151 2
151 213
151 450
151 488
151 491
152 271
152 287
152 308
152 398
152 457
153 141
153 240
153 269
153 273
153 374
154 290
154 302
154 413
154 437
154 481
155 280
155 326
155 342
155 373
155 493
156 117
156 138
156 213
156 252
156 376
157 139
157 217
157 258
157 355
157 477
158 14
158 65
158 169
158 198
158 338
159 9
159 189
159 291
159 403
159 493
160 102
160 483
160 484
160 487
160 500
161 266
161 307
161 388
161 440
161 468
162 274
162 335
162 455
162 461
162 489
163 16
163 177
163 336
163 409
163 498
164 259
164 313
164 319
164 365
164 471
165 150
165 348
165 394
165 408
165 500
166 15
166 180
166 256
166 405
166 476
167 17
167 21
167 176
167 181
167 465
168 251
168 427
168 452
168 459
168 478
168 493
169 80
169 103
169 118
169 158
169 338
169 362
170 92
170 121
170 394
170 407
170 453
170 487
171 20
171 29
171 283
171 358
171 425
171 433
172 60
172 268
172 278
172 354
172 415
172 484
173 83
173 347
173 366
173 408
173 411
173 448
174 284
174 308
174 368
174 466
174 470
174 497
175 337
175 437
175 438
175 464
175 485
175 496
176 119
176 167
176 299
176 301
176 444
176 472
177 163
177 203
177 419
177 431
177 488
177 491
178 36
178 85
178 210
178 216
178 296
178 347
179 128
179 277
179 283
179 414
179 430
179 473
180 22
180 132
180 141
180 166
180 273
180 374
181 17
181 21
181 47
181 56
181 167
181 460
182 296
182 439
182 452
182 470
182 492
182 497
183 48
183 207
183 246
183 288
183 322
183 405
184 116
184 308
184 367
184 404
184 411
184 474
185 77
185 197
185 325
185 459
185 461
185 478
186 216
186 350
186 469
186 473
186 481
186 490
187 97
187 144
187 148
187 276
187 314
187 427
188 79
188 228
188 248
188 297
188 432
188 489
189 159
189 234
189 352
189 357
189 361
189 362
190 21
190 37
190 204
190 365
190 386
190 443
191 241
191 274
191 395
191 419
191 440
191 468
192 116
192 194
192 195
192 285
192 329
192 474
193 330
193 350
193 362
193 401
193 415
193 499
194 192
194 195
194 222
194 285
194 329
194 340
195 192
195 194
195 222
195 295
195 329
195 385
196 4
196 24
196 126
196 220
196 446
196 487
197 185
197 366
197 459
197 461
197 478
197 497
198 116
198 158
198 419
198 446
198 449
198 493
199 94
199 134
199 136
199 454
199 471
199 500
200 148
200 232
200 291
200 447
200 449
200 460
201 40
201 232
201 293
201 320
201 359
201 466
202 285
202 339
202 442
202 448
202 494
202 495
203 177
203 212
203 406
203 419
203 447
203 488
204 190
204 240
204 270
204 365
204 443
204 483
205 343
205 379
205 392
205 398
205 428
205 457
206 39
206 237
206 263
206 369
206 372
206 384
207 183
207 238
207 246
207 322
207 380
207 401
208 28
208 53
208 101
208 112
208 133
208 316
209 142
209 342
209 431
209 436
209 479
209 499
210 36
210 85
210 178
210 216
210 235
210 395
211 40
211 111
211 297
211 317
211 344
211 423
212 63
212 88
212 203
212 259
212 319
212 485
213 117
213 138
213 151
213 156
213 252
213 396
214 10
214 30
214 78
214 239
214 443
214 476
215 37
215 239
215 290
215 332
215 381
215 443
216 36
216 85
216 178
216 186
216 210
216 445
217 139
217 157
217 234
217 333
217 355
217 447
218 296
218 377
218 435
218 436
218 480
218 499
219 41
219 55
219 105
219 233
219 399
219 449
220 4
220 126
220 196
220 294
220 394
220 460
221 22
221 44
221 132
221 273
221 374
221 440
222 194
222 195
222 224
222 285
222 329
222 484
223 258
223 309
223 325
223 482
223 485
223 496
224 222
224 317
224 344
224 368
224 394
224 423
225 146
225 332
225 360
225 434
225 455
225 495
226 119
226 301
226 345
226 379
226 423
226 426
227 140
227 263
227 290
227 302
227 399
227 437
228 79
228 188
228 248
228 297
228 395
228 496
229 270
229 462
229 470
229 486
229 497
229 498
230 356
230 370
230 450
230 460
230 491
230 493
231 254
231 267
231 288
231 311
231 318
231 356
232 94
232 200
232 201
232 362
232 466
232 471
233 137
233 219
233 397
233 418
233 451
233 485
234 142
234 189
234 217
234 330
234 345
234 415
235 67
235 210
235 268
235 278
235 354
235 445
236 66
236 270
236 310
236 345
236 361
236 376
237 206
237 239
237 359
237 369
237 372
237 384
238 207
238 246
238 269
238 288
238 322
238 494
239 68
239 214
239 215
239 237
239 315
239 381
240 10
240 13
240 153
240 204
240 336
240 443
241 191
241 258
241 303
241 388
241 468
241 494
242 48
242 393
242 475
242 484
242 499
242 500
243 294
243 312
243 364
243 378
243 383
243 499
244 11
244 299
244 301
244 306
244 481
244 487
245 246
245 429
245 469
245 473
245 481
245 490
246 183
246 207
246 238
246 245
246 288
246 322
247 80
247 86
247 93
247 129
247 309
247 352
248 66
248 79
248 188
248 228
248 297
248 327
249 321
249 377
249 466
249 479
249 480
249 499
250 254
250 328
250 341
250 406
250 429
250 444
251 57
251 168
251 370
251 402
251 445
251 455
252 117
252 138
252 156
252 213
252 253
252 425
253 252
253 275
253 276
253 421
253 466
253 471
254 231
254 250
254 356
254 366
254 444
254 463
255 310
255 323
255 345
255 376
255 418
255 478
256 73
256 127
256 166
256 264
256 373
256 498
257 46
257 328
257 356
257 406
257 416
257 444
258 139
258 157
258 223
258 241
258 333
258 355
259 63
259 164
259 212
259 319
259 427
259 438
260 117
260 146
260 332
260 360
260 434
260 445
261 13
261 74
261 78
261 318
261 336
261 428
262 50
262 65
262 81
262 90
262 120
262 429
263 206
263 227
263 311
263 385
263 494
263 495
264 11
264 256
264 299
264 382
264 415
264 426
265 93
265 467
265 475
265 480
265 483
265 487
266 49
266 59
266 161
266 403
266 435
266 474
267 98
267 231
267 268
267 318
267 328
267 356
267 406
268 60
268 67
268 172
268 235
268 267
268 343
268 354
269 12
269 40
269 56
269 153
269 238
269 344
269 453
270 204
270 229
270 236
270 427
270 452
270 461
270 478
271 76
271 152
271 343
271 392
271 398
271 414
271 457
272 31
272 420
272 429
272 455
272 463
272 465
272 489
273 44
273 141
273 143
273 153
273 180
273 221
273 403
274 14
274 162
274 191
274 353
274 420
274 424
274 489
275 253
275 359
275 395
275 421
275 466
275 471
275 486
276 3
276 59
276 97
276 144
276 148
276 187
276 253
277 82
277 83
277 123
277 179
277 283
277 430
277 448
278 60
278 72
278 125
278 172
278 235
278 285
278 354
279 296
279 310
279 363
279 388
279 395
279 432
279 459
280 83
280 155
280 326
280 342
280 347
280 373
280 492
281 76
281 287
281 343
281 388
281 398
281 457
281 490
282 37
282 437
282 439
282 462
282 486
282 492
282 497
283 18
283 82
283 171
283 179
283 277
283 425
283 430
284 147
284 174
284 364
284 379
284 382
284 426
284 493
285 192
285 194
285 202
285 222
285 278
285 329
285 442
286 69
286 71
286 427
286 459
286 461
286 478
286 499
287 77
287 84
287 152
287 281
287 392
287 457
287 469
288 10
288 110
288 183
288 231
288 238
288 246
288 322
289 293
289 299
289 320
289 387
289 441
289 454
289 497
290 51
290 131
290 154
290 215
290 227
290 344
290 437
291 159
291 200
291 355
291 436
291 447
291 449
291 463
292 94
292 131
292 385
292 448
292 451
292 494
292 495
293 201
293 289
293 315
293 396
293 410
293 428
293 454
294 27
294 132
294 220
294 243
294 431
294 480
294 499
295 6
295 67
295 84
295 130
295 195
295 334
295 412
296 178
296 182
296 218
296 279
296 363
296 432
296 468
297 79
297 188
297 211
297 228
297 248
297 432
297 439
298 306
298 354
298 364
298 379
298 382
298 426
298 457
299 6
299 147
299 176
299 244
299 264
299 289
299 422
300 66
300 455
300 456
300 469
300 477
300 481
300 490
301 11
301 147
301 176
301 226
301 244
301 422
301 486
302 51
302 96
302 154
302 227
302 399
302 419
302 437
303 20
303 241
303 363
303 386
303 440
303 468
303 488
304 32
304 305
304 327
304 438
304 441
304 454
304 464
305 304
305 380
305 396
305 401
305 417
305 438
305 454
306 244
306 298
306 324
306 346
306 375
306 382
306 472
307 103
307 137
307 161
307 350
307 397
307 418
307 451
308 96
308 152
308 174
308 184
308 456
308 486
308 492
309 80
309 86
309 93
309 223
309 247
309 344
309 387
310 236
310 255
310 279
310 323
310 345
310 376
310 454
311 231
311 263
311 338
311 375
311 385
311 494
311 495
312 243
312 351
312 373
312 383
312 479
312 480
312 499
313 63
313 83
313 88
313 164
313 319
313 377
313 483
314 70
314 187
314 411
314 424
314 435
314 474
314 482
315 239
315 293
315 316
315 320
315 380
315 396
315 438
316 28
316 30
316 53
316 101
316 133
316 208
316 315
317 89
317 92
317 98
317 211
317 224
317 319
317 355
318 109
318 120
318 231
318 261
318 267
318 331
318 444
319 88
319 164
319 212
319 259
319 313
319 317
319 430
320 146
320 201
320 289
320 315
320 387
320 428
320 438
321 2
321 249
321 332
321 360
321 434
321 473
321 500
322 183
322 207
322 238
322 246
322 288
322 374
322 457
323 66
323 255
323 310
323 345
323 376
323 398
323 468
324 38
324 119
324 306
324 355
324 364
324 379
324 472
325 54
325 185
325 223
325 413
325 429
325 482
325 496
326 155
326 280
326 342
326 373
326 458
326 467
327 42
327 248
327 304
327 387
327 428
327 441
327 448
328 135
328 250
328 257
328 267
328 436
328 444
328 466
329 16
329 35
329 192
329 194
329 195
329 222
329 285
330 62
330 193
330 234
330 362
330 383
330 415
330 468
331 109
331 135
331 318
331 382
331 406
331 426
331 444
332 78
332 215
332 225
332 260
332 321
332 360
332 434
333 126
333 139
333 217
333 258
333 355
333 357
333 464
334 54
334 84
334 130
334 295
334 337
334 412
334 466
335 162
335 446
335 449
335 458
335 460
335 474
335 491
335 493
336 19
336 68
336 163
336 240
336 261
336 372
336 381
336 472
337 175
337 334
337 357
337 464
337 482
337 485
337 492
337 496
338 14
338 103
338 118
338 158
338 169
338 311
338 431
338 495
339 128
339 149
339 202
339 341
339 371
339 375
339 485
339 495
340 194
340 358
340 375
340 378
340 391
340 393
340 425
340 433
341 41
341 46
341 250
341 339
341 385
341 433
341 494
341 495
342 108
342 155
342 209
342 280
342 326
342 361
342 373
343 205
343 268
343 271
343 281
343 366
343 392
343 398
343 457
344 211
344 224
344 269
344 290
344 309
344 423
344 440
344 453
345 149
345 226
345 234
345 236
345 255
345 310
345 323
345 376
346 306
346 417
346 475
346 483
346 484
346 487
346 490
346 500
347 150
347 173
347 178
347 280
347 351
347 366
347 403
347 408
348 57
348 150
348 165
348 351
348 366
348 408
348 418
348 460
349 71
349 75
349 405
349 409
349 413
349 476
349 496
349 498
350 124
350 129
350 137
350 186
350 193
350 307
350 397
350 451
351 57
351 312
351 347
351 348
351 365
351 366
351 408
351 426
352 115
352 123
352 141
352 189
352 247
352 361
352 401
352 415
353 23
353 108
353 274
353 399
353 402
353 420
353 465
353 489
354 60
354 67
354 172
354 235
354 268
354 278
354 298
354 439
355 139
355 157
355 217
355 258
355 291
355 317
355 324
355 333
356 109
356 230
356 231
356 254
356 257
356 267
356 406
356 492
357 110
357 189
357 333
357 337
357 464
357 482
357 485
357 496
358 171
358 340
358 371
358 391
358 425
358 433
358 479
358 492
359 47
359 94
359 201
359 237
359 275
359 364
359 421
359 466
360 2
360 225
360 260
360 321
360 332
360 434
360 484
360 496
361 65
361 87
361 142
361 189
361 236
361 342
361 352
361 362
362 52
362 58
362 169
362 189
362 193
362 232
362 330
362 361
363 70
363 87
363 279
363 296
363 303
363 386
363 468
363 495
364 95
364 243
364 284
364 298
364 324
364 359
364 472
364 473
365 10
365 30
365 68
365 164
365 190
365 204
365 351
365 432
366 57
366 173
366 197
366 254
366 343
366 347
366 348
366 351
367 3
367 144
367 184
367 383
367 404
367 411
367 435
367 474
368 174
368 224
368 439
368 462
368 470
368 476
368 486
368 497
369 35
369 39
369 206
369 237
369 372
369 384
369 397
369 495
370 230
370 251
370 399
370 424
370 455
370 463
370 489
370 494
371 49
371 102
371 122
371 339
371 358
371 378
371 391
371 433
372 35
372 39
372 45
372 206
372 237
372 336
372 369
372 384
373 83
373 155
373 256
373 280
373 312
373 326
373 342
373 463
374 22
374 132
374 153
374 180
374 221
374 322
374 463
374 472
375 149
375 306
375 311
375 339
375 340
375 494
375 495
375 496
376 66
376 156
376 236
376 255
376 310
376 323
376 345
376 489
377 68
377 129
377 145
377 218
377 249
377 313
377 431
377 479
378 48
378 64
378 97
378 243
378 340
378 371
378 433
378 497
379 95
379 205
379 226
379 284
379 298
379 324
379 425
379 437
379 472
380 111
380 207
380 305
380 315
380 396
380 428
380 440
380 441
380 491
381 37
381 74
381 215
381 239
381 336
381 435
381 443
381 469
381 490
382 264
382 284
382 298
382 306
382 331
382 422
382 456
382 472
382 489
383 243
383 312
383 330
383 367
383 384
383 436
383 479
383 480
383 499
384 23
384 35
384 39
384 206
384 237
384 369
384 372
384 383
384 386
385 195
385 263
385 292
385 311
385 341
385 414
385 448
385 477
385 495
386 61
386 190
386 303
386 363
386 384
386 408
386 432
386 440
386 468
387 111
387 289
387 309
387 320
387 327
387 390
387 428
387 441
387 483
388 59
388 161
388 241
388 279
388 281
388 390
388 395
388 432
388 440
389 442
389 456
389 469
389 473
389 475
389 477
389 481
389 485
389 490
390 387
390 388
390 442
390 456
390 469
390 473
390 477
390 481
390 486
391 20
391 64
391 340
391 358
391 371
391 409
391 419
391 425
391 495
392 38
392 137
392 205
392 271
392 287
392 343
392 417
392 450
392 457
393 115
393 242
393 340
393 400
393 461
393 467
393 475
393 487
393 500
394 40
394 121
394 165
394 170
394 220
394 224
394 423
394 438
394 453
395 191
395 210
395 228
395 275
395 279
395 388
395 432
395 440
395 468
396 58
396 213
396 293
396 305
396 315
396 380
396 438
396 454
396 475
397 124
397 233
397 307
397 350
397 369
397 418
397 420
397 422
397 451
398 38
398 152
398 205
398 271
398 281
398 323
398 343
398 424
398 478
399 51
399 131
399 143
399 219
399 227
399 302
399 353
399 370
399 437
400 125
400 132
400 393
400 401
400 467
400 483
400 484
400 487
400 500
401 62
401 65
401 87
401 142
401 193
401 207
401 305
401 352
401 400
402 15
402 61
402 136
402 251
402 353
402 455
402 463
402 465
402 489
403 159
403 266
403 273
403 347
403 447
403 449
403 450
403 488
403 493
404 59
404 62
404 116
404 184
404 367
404 411
404 435
404 474
404 489
405 16
405 63
405 107
405 166
405 183
405 349
405 409
405 475
405 498
406 47
406 203
406 250
406 257
406 267
406 331
406 356
406 427
406 444
407 26
407 32
407 170
407 415
407 455
407 463
407 465
407 485
407 489
408 57
408 150
408 165
408 173
408 347
408 348
408 351
408 386
408 477
409 99
409 107
409 137
409 163
409 349
409 391
409 405
409 462
409 476
409 498
410 140
410 293
410 411
410 439
410 453
410 462
410 470
410 486
410 492
410 497
411 70
411 173
411 184
411 314
411 367
411 404
411 410
411 435
411 474
411 480
412 6
412 9
412 54
412 130
412 145
412 295
412 334
412 414
412 418
412 455
413 43
413 85
413 154
413 325
413 349
413 429
413 464
413 482
413 485
413 496
414 100
414 112
414 179
414 271
414 385
414 412
414 448
414 484
414 494
414 495
415 58
415 102
415 115
415 172
415 193
415 234
415 264
415 330
415 352
415 407
416 106
416 108
416 121
416 133
416 257
416 475
416 483
416 484
416 487
416 500
417 305
417 346
417 392
417 467
417 473
417 475
417 483
417 484
417 487
417 500
418 34
418 124
418 233
418 255
418 307
418 348
418 397
418 412
418 428
418 451
419 177
419 191
419 198
419 203
419 302
419 391
419 449
419 458
419 491
419 493
420 272
420 274
420 353
420 397
420 431
420 445
420 452
420 455
420 463
420 465
421 25
421 33
421 136
421 253
421 275
421 359
421 423
421 434
421 466
421 471
422 18
422 95
422 113
422 147
422 299
422 301
422 382
422 397
422 426
422 472
423 50
423 56
423 89
423 121
423 211
423 224
423 226
423 344
423 394
423 421
424 32
424 104
424 274
424 314
424 370
424 398
424 445
424 463
424 465
424 489
425 20
425 48
425 102
425 171
425 252
425 283
425 340
425 358
425 379
425 391
426 2
426 119
426 226
426 264
426 284
426 298
426 331
426 351
426 422
426 472
427 69
427 168
427 187
427 259
427 270
427 286
427 406
427 452
427 459
427 478
428 205
428 261
428 293
428 320
428 327
428 380
428 387
428 418
428 438
428 441
429 110
429 245
429 250
429 262
429 272
429 325
429 413
429 464
429 482
429 485
429 496
430 18
430 82
430 123
430 128
430 179
430 277
430 283
430 319
430 439
430 465
430 500
431 177
431 209
431 294
431 338
431 377
431 420
431 436
431 459
431 479
431 480
431 499
432 61
432 188
432 279
432 296
432 297
432 365
432 386
432 388
432 395
432 440
432 468
433 20
433 48
433 64
433 171
433 340
433 341
433 358
433 371
433 378
433 435
433 491
434 2
434 3
434 128
434 146
434 225
434 260
434 321
434 332
434 360
434 421
434 470
435 49
435 59
435 218
435 266
435 314
435 367
435 381
435 404
435 411
435 433
435 474
436 42
436 209
436 218
436 291
436 328
436 383
436 431
436 461
436 479
436 480
436 499
437 51
437 131
437 143
437 154
437 175
437 227
437 282
437 290
437 302
437 379
437 399
437 477
438 15
438 42
438 175
438 259
438 304
438 305
438 315
438 320
438 394
438 396
438 428
438 441
439 182
439 282
439 297
439 354
439 368
439 410
439 430
439 443
439 470
439 486
439 492
439 497
440 61
440 161
440 191
440 221
440 303
440 344
440 380
440 386
440 388
440 395
440 432
440 441
441 51
441 89
441 289
441 304
441 327
441 380
441 387
441 428
441 438
441 440
441 454
441 487
442 202
442 285
442 389
442 390
442 443
442 456
442 469
442 473
442 477
442 481
442 487
442 490
443 13
443 30
443 39
443 190
443 204
443 214
443 215
443 240
443 381
443 439
443 442
443 480
444 5
444 135
444 176
444 250
444 254
444 257
444 318
444 328
444 331
444 406
444 458
444 479
445 26
445 32
445 216
445 235
445 251
445 260
445 420
445 424
445 463
445 465
445 467
445 489
446 88
446 91
446 125
446 196
446 198
446 335
446 453
446 458
446 460
446 484
446 488
446 491
447 79
447 91
447 101
447 125
447 200
447 203
447 217
447 291
447 403
447 469
447 488
447 493
448 46
448 52
448 100
448 173
448 202
448 277
448 292
448 327
448 385
448 414
448 494
448 495
449 22
449 75
449 135
449 198
449 200
449 219
449 291
449 335
449 403
449 419
449 488
449 493
450 125
450 151
450 230
450 392
450 403
450 452
450 458
450 460
450 472
450 475
450 491
450 493
451 34
451 56
451 88
451 124
451 129
451 233
451 292
451 307
451 350
451 397
451 418
451 454
452 25
452 72
452 77
452 120
452 168
452 182
452 270
452 420
452 427
452 450
452 459
452 461
453 12
453 56
453 89
453 92
453 98
453 170
453 269
453 344
453 394
453 410
453 446
453 458
454 42
454 111
454 199
454 289
454 293
454 304
454 305
454 310
454 396
454 441
454 451
454 457
455 26
455 124
455 162
455 225
455 251
455 272
455 300
455 370
455 402
455 407
455 412
455 420
455 463
456 113
456 300
456 308
456 382
456 389
456 390
456 442
456 460
456 469
456 473
456 477
456 490
456 500
457 38
457 76
457 152
457 205
457 271
457 281
457 287
457 298
457 322
457 343
457 392
457 454
457 497
458 114
458 326
458 335
458 419
458 444
458 446
458 450
458 453
458 460
458 471
458 488
458 491
458 498
459 58
459 69
459 77
459 168
459 185
459 197
459 279
459 286
459 427
459 431
459 452
459 478
459 499
460 114
460 181
460 200
460 220
460 230
460 335
460 348
460 446
460 450
460 456
460 458
460 491
460 493
461 23
461 25
461 72
461 77
461 162
461 185
461 197
461 270
461 286
461 393
461 436
461 452
461 478
462 33
462 140
462 229
462 282
462 368
462 409
462 410
462 464
462 470
462 486
462 490
462 492
462 497
463 254
463 272
463 291
463 370
463 373
463 374
463 402
463 407
463 420
463 424
463 445
463 455
463 465
464 8
464 43
464 52
464 175
464 304
464 333
464 337
464 357
464 413
464 429
464 462
464 482
464 496
464 500
465 23
465 119
465 167
465 272
465 353
465 402
465 407
465 420
465 424
465 430
465 445
465 463
465 477
465 489
466 33
466 134
466 174
466 201
466 232
466 249
466 253
466 275
466 328
466 334
466 359
466 421
466 467
466 471
467 38
467 45
467 106
467 265
467 326
467 393
467 400
467 417
467 445
467 466
467 475
467 478
467 483
467 484
468 61
468 161
468 191
468 241
468 296
468 303
468 323
468 330
468 363
468 386
468 395
468 432
468 479
468 480
469 186
469 245
469 287
469 300
469 381
469 389
469 390
469 442
469 447
469 456
469 471
469 473
469 481
469 490
470 7
470 35
470 82
470 174
470 182
470 229
470 368
470 410
470 434
470 439
470 462
470 486
470 492
470 497
471 33
471 74
471 94
471 134
471 136
471 164
471 199
471 232
471 253
471 275
471 421
471 458
471 466
471 469
472 11
472 176
472 306
472 324
472 336
472 364
472 374
472 379
472 382
472 422
472 426
472 450
472 476
472 495
473 37
473 179
473 186
473 245
473 321
473 364
473 389
473 390
473 417
473 442
473 456
473 469
473 477
473 481
473 490
474 49
474 70
474 116
474 118
474 123
474 184
474 192
474 266
474 314
474 335
474 367
474 404
474 411
474 435
474 498
475 84
475 242
475 265
475 346
475 389
475 393
475 396
475 405
475 416
475 417
475 450
475 467
475 483
475 487
475 500
476 15
476 16
476 55
476 75
476 99
476 122
476 127
476 150
476 166
476 214
476 349
476 368
476 409
476 472
476 498
477 31
477 113
477 157
477 300
477 385
477 389
477 390
477 408
477 437
477 442
477 456
477 465
477 473
477 481
477 490
478 25
478 53
478 72
478 143
478 168
478 185
478 197
478 255
478 270
478 286
478 398
478 427
478 459
478 461
478 467
479 26
479 28
479 104
479 209
479 249
479 312
479 358
479 377
479 383
479 431
479 436
479 444
479 468
479 480
479 499
480 27
480 145
480 218
480 249
480 265
480 294
480 312
480 383
480 411
480 431
480 436
480 443
480 468
480 479
480 499
481 31
481 106
481 154
481 186
481 244
481 245
481 300
481 389
481 390
481 442
481 469
481 473
481 477
481 482
481 490
482 8
482 52
482 105
482 110
482 223
482 314
482 325
482 337
482 357
482 413
482 429
482 464
482 481
482 485
482 488
482 496
483 45
483 160
483 204
483 265
483 313
483 346
483 387
483 400
483 416
483 417
483 467
483 475
483 484
483 487
483 488
483 500
484 106
484 108
484 160
484 172
484 222
484 242
484 346
484 360
484 400
484 414
484 416
484 417
484 446
484 467
484 483
484 500
485 8
485 43
485 52
485 175
485 212
485 223
485 233
485 337
485 339
485 357
485 389
485 407
485 413
485 429
485 482
485 496
486 19
486 29
486 229
486 275
486 282
486 301
486 308
486 368
486 390
486 410
486 439
486 462
486 470
486 488
486 491
486 492
486 497
487 45
487 112
487 160
487 170
487 196
487 244
487 265
487 346
487 393
487 400
487 416
487 417
487 441
487 442
487 475
487 483
487 500
488 24
488 91
488 109
488 151
488 177
488 203
488 303
488 403
488 446
488 447
488 449
488 458
488 482
488 483
488 486
488 491
488 493
489 17
489 23
489 32
489 162
489 188
489 272
489 274
489 353
489 370
489 376
489 382
489 402
489 404
489 407
489 424
489 445
489 465
489 491
490 31
490 44
490 113
490 127
490 186
490 245
490 281
490 300
490 346
490 381
490 389
490 442
490 456
490 462
490 469
490 473
490 477
490 481
491 25
491 114
491 151
491 177
491 230
491 335
491 380
491 419
491 433
491 446
491 450
491 458
491 460
491 486
491 488
491 489
491 493
491 498
492 29
492 76
492 96
492 140
492 143
492 182
492 280
492 282
492 308
492 337
492 356
492 358
492 410
492 439
492 462
492 470
492 486
492 497
493 12
493 91
493 155
493 159
493 168
493 198
493 230
493 284
493 335
493 403
493 419
493 447
493 449
493 450
493 460
493 488
493 491
493 494
493 498
494 13
494 46
494 69
494 100
494 112
494 149
494 202
494 238
494 241
494 263
494 292
494 311
494 341
494 370
494 375
494 414
494 448
494 493
494 495
495 100
495 112
495 202
495 225
495 263
495 292
495 311
495 338
495 339
495 341
495 363
495 369
495 375
495 385
495 391
495 414
495 448
495 472
495 494
496 8
496 26
496 43
496 107
496 110
496 175
496 223
496 228
496 325
496 337
496 349
496 357
496 360
496 375
496 413
496 429
496 464
496 482
496 485
497 29
497 71
497 91
497 96
497 140
497 174
497 182
497 197
497 229
497 282
497 289
497 368
497 378
497 410
497 439
497 457
497 462
497 470
497 486
497 492
498 7
498 11
498 16
498 71
498 73
498 75
498 99
498 122
498 127
498 163
498 229
498 256
498 349
498 405
498 409
498 458
498 474
498 476
498 491
498 493
499 27
499 96
499 104
499 145
499 147
499 193
499 209
499 218
499 242
499 243
499 249
499 286
499 294
499 312
499 383
499 431
499 436
499 459
499 479
499 480
500 8
500 45
500 108
500 160
500 165
500 199
500 242
500 321
500 346
500 393
500 400
500 416
500 417
500 430
500 456
500 464
500 475
500 483
500 484
500 487
