1 456
1 477
1 479
1 482
1 489
2 216
2 280
2 404
2 414
2 449
2 452
3 30
3 154
3 279
3 292
4 213
4 265
4 394
4 429
4 441
5 455
5 477
5 479
5 482
5 489
6 158
6 259
6 260
6 275
6 368
7 265
7 333
7 394
7 429
7 441
8 74
8 143
8 155
8 215
8 224
9 89
9 177
9 208
9 209
9 299
10 111
10 136
10 162
10 164
10 171
11 287
11 470
11 483
11 490
11 494
12 86
12 358
12 392
12 393
12 419
12 432
12 454
13 129
13 231
13 287
13 332
13 450
13 466
13 483
13 490
13 494
14 70
14 423
14 454
14 464
14 491
15 17
15 140
15 207
15 254
15 304
15 305
15 367
16 64
16 232
16 277
16 317
16 334
16 342
16 385
17 15
17 206
17 285
17 288
17 326
18 22
18 24
18 314
18 373
18 397
19 35
19 132
19 241
19 257
19 339
19 353
19 384
20 39
20 56
20 85
20 131
20 222
20 328
21 47
21 83
21 107
21 212
21 302
21 395
21 406
21 469
21 480
22 18
22 69
22 255
22 314
22 359
22 366
22 373
22 408
23 203
23 251
23 253
23 267
23 315
24 18
24 135
24 175
24 242
24 318
25 268
25 293
25 338
25 364
25 403
26 57
26 168
26 201
26 240
26 357
27 76
27 172
27 272
27 321
27 391
28 46
28 118
28 273
28 281
29 49
29 108
29 148
29 295
29 343
29 352
30 3
30 65
30 226
30 279
30 292
31 135
31 234
31 242
31 318
31 390
32 92
32 323
32 340
32 389
32 407
33 86
33 358
33 419
33 432
34 40
34 67
34 223
34 284
34 381
34 386
35 19
35 225
35 241
35 339
35 426
36 423
36 438
36 464
36 487
36 491
37 86
37 358
37 393
37 419
37 432
38 48
38 153
38 186
38 190
38 199
38 214
38 235
38 348
38 388
38 437
38 467
38 478
38 486
38 493
38 495
38 496
38 497
38 498
38 499
39 20
39 85
39 131
39 222
39 328
40 34
40 144
40 380
40 451
40 463
40 473
41 42
41 87
41 200
41 230
41 236
41 401
41 425
41 443
41 457
41 460
41 462
41 465
41 472
42 41
42 89
42 208
42 209
42 299
43 44
43 50
43 204
43 211
43 383
43 435
44 43
44 204
44 337
44 383
44 435
45 80
45 216
45 369
45 382
45 409
45 412
45 414
45 439
45 449
45 452
46 28
46 79
46 124
46 273
46 281
47 21
47 83
47 107
47 189
47 212
47 395
47 406
47 458
47 469
47 480
48 38
48 190
48 199
48 214
48 235
48 348
48 360
48 388
48 437
48 467
48 474
48 478
48 486
48 493
48 497
48 498
48 499
48 500
49 29
49 108
49 148
49 295
49 343
49 352
50 43
50 204
50 337
50 383
50 435
51 210
51 269
51 347
51 402
51 417
52 76
52 172
52 391
52 400
53 197
53 251
53 253
53 267
53 315
54 96
54 98
54 113
54 130
54 276
55 82
55 144
55 422
55 463
55 473
56 20
56 85
56 131
56 222
56 328
57 26
57 193
57 201
57 240
57 357
58 223
58 233
58 381
58 386
59 62
59 223
59 233
59 381
59 386
60 173
60 203
60 251
60 253
60 315
61 134
61 141
61 185
61 278
61 399
62 59
62 76
62 181
62 391
62 400
63 206
63 258
63 288
63 326
63 333
64 16
64 81
64 232
64 277
64 324
64 334
64 342
65 30
65 154
65 226
65 279
65 292
66 268
66 293
66 338
66 364
66 403
67 34
67 223
67 233
67 381
67 386
68 156
68 179
68 182
68 238
68 356
68 405
69 22
69 126
69 255
69 314
69 359
69 366
69 373
69 397
70 14
70 192
70 229
70 256
70 374
70 423
70 487
70 491
71 455
71 477
71 479
71 482
71 489
72 455
72 477
72 479
72 482
72 489
73 269
73 345
73 347
73 402
73 417
74 8
74 104
74 143
74 215
74 224
75 101
75 145
75 159
75 264
75 298
76 27
76 52
76 62
76 172
76 181
76 249
76 272
76 321
76 400
77 122
77 125
77 286
77 322
77 331
78 379
78 413
78 430
78 447
78 484
78 485
78 488
79 46
79 118
79 124
79 273
79 281
80 45
80 180
80 280
80 409
80 412
81 64
81 436
81 442
81 461
81 476
82 55
82 144
82 380
82 415
82 422
82 428
82 440
82 451
82 463
82 473
82 475
82 481
83 21
83 47
83 395
83 469
83 480
84 103
84 134
84 141
84 341
84 399
85 20
85 39
85 56
85 96
85 131
86 12
86 33
86 37
86 114
86 137
86 358
86 432
86 453
87 41
87 200
87 230
87 236
87 425
87 443
87 457
87 460
87 462
87 465
87 472
88 282
88 310
88 313
88 362
88 365
89 9
89 42
89 177
89 220
89 299
90 247
90 268
90 293
90 364
90 403
91 423
91 438
91 454
91 464
91 491
92 32
92 323
92 340
92 389
92 407
93 455
93 477
93 479
93 482
93 489
94 204
94 211
94 274
94 337
94 383
94 435
95 138
95 245
95 266
95 325
95 378
96 54
96 85
96 196
96 246
96 276
97 287
97 470
97 483
97 490
97 494
98 54
98 103
98 130
98 196
98 246
99 158
99 259
99 260
99 368
100 150
100 183
100 213
100 265
100 394
101 75
101 120
101 145
101 264
101 298
102 206
102 258
102 288
102 326
102 333
103 84
103 98
103 134
103 147
103 185
104 74
104 143
104 155
104 215
104 224
105 286
105 322
105 331
106 269
106 345
106 347
106 402
106 417
107 21
107 47
107 395
107 469
107 480
108 29
108 49
108 316
108 343
108 352
109 282
109 310
109 313
109 362
109 365
110 423
110 438
110 464
110 487
110 491
111 10
111 113
111 136
111 162
111 164
111 171
112 130
112 206
112 258
112 285
112 288
112 326
113 54
113 111
113 196
113 246
113 276
114 86
114 358
114 419
114 432
115 232
115 317
115 324
115 385
116 375
116 436
116 442
116 461
116 476
117 168
117 188
117 201
117 357
117 431
118 28
118 79
118 124
118 273
118 281
118 500
119 206
119 258
119 326
119 333
120 101
120 145
120 159
120 264
120 298
121 123
121 165
121 340
121 389
121 407
122 77
122 163
122 286
122 322
122 331
123 121
123 323
123 340
123 389
123 407
124 46
124 79
124 118
124 273
124 281
125 77
125 163
125 286
125 322
125 331
126 69
126 255
126 314
126 397
126 408
127 375
127 436
127 442
127 461
127 476
128 145
128 264
128 298
129 13
129 287
129 450
129 466
129 490
129 494
130 54
130 98
130 112
130 196
130 246
130 276
131 20
131 39
131 56
131 85
131 222
131 328
132 19
132 225
132 241
132 289
132 339
133 375
133 436
133 442
133 461
133 476
134 61
134 84
134 103
134 141
134 147
134 185
134 278
134 341
134 399
135 24
135 31
135 170
135 175
135 234
135 242
135 376
135 390
136 10
136 111
136 162
136 164
136 221
137 86
137 358
137 380
137 393
137 419
137 432
138 95
138 176
138 184
138 245
138 266
138 290
138 325
138 378
139 255
139 276
139 345
139 402
139 417
140 15
140 301
140 304
140 305
140 367
141 61
141 84
141 134
141 147
141 185
141 399
142 303
142 308
142 349
142 351
142 420
143 8
143 74
143 104
143 215
143 224
144 40
144 55
144 82
144 248
144 311
144 380
144 415
144 422
144 428
144 451
144 463
144 473
145 75
145 101
145 120
145 128
145 159
145 298
146 178
146 217
146 239
146 271
146 296
146 411
147 103
147 134
147 141
147 278
147 341
148 29
148 49
148 316
148 343
148 352
149 423
149 438
149 464
149 487
149 491
150 100
150 265
150 394
150 429
150 441
151 158
151 259
151 275
151 368
151 377
152 213
152 265
152 394
152 429
152 441
153 38
153 199
153 478
153 498
153 500
154 3
154 65
154 226
154 279
154 292
155 8
155 104
155 215
155 272
156 68
156 179
156 182
156 191
156 405
157 158
157 269
157 345
157 402
157 417
158 6
158 99
158 151
158 157
158 260
158 275
158 368
158 377
159 75
159 120
159 145
159 264
159 298
160 244
160 250
160 261
160 306
160 312
160 319
160 329
161 169
161 477
161 479
161 482
161 489
162 10
162 111
162 136
162 171
162 221
163 122
163 125
163 286
163 322
163 331
164 10
164 111
164 136
164 171
164 221
165 121
165 323
165 340
165 389
165 407
166 287
166 470
166 483
166 490
166 494
167 287
167 470
167 483
167 490
167 494
168 26
168 117
168 201
168 240
168 357
169 161
169 287
169 470
169 490
169 494
170 135
170 175
170 242
170 318
170 390
171 10
171 111
171 162
171 164
171 221
172 27
172 52
172 76
172 272
172 391
173 60
173 197
173 203
173 251
173 267
173 315
174 182
174 198
174 238
174 356
174 405
175 24
175 135
175 170
175 176
175 234
175 242
175 318
175 376
175 390
175 416
176 138
176 175
176 266
176 325
176 378
177 9
177 89
177 208
177 220
177 299
178 146
178 196
178 217
178 239
178 271
178 296
178 411
179 68
179 156
179 198
179 356
179 405
180 80
180 216
180 369
180 404
180 439
180 449
181 62
181 76
181 249
181 391
181 400
182 68
182 156
182 174
182 191
182 356
182 405
183 100
183 265
183 394
183 429
183 441
184 138
184 245
184 266
184 325
184 378
185 61
185 103
185 134
185 141
185 341
186 38
186 199
186 478
186 498
186 500
187 423
187 438
187 464
187 487
187 491
188 117
188 193
188 201
188 240
188 357
189 47
189 212
189 302
189 395
189 427
189 458
189 469
189 480
190 38
190 48
190 199
190 478
190 498
190 500
191 156
191 182
191 198
191 238
191 356
191 405
192 70
192 350
192 423
192 454
192 464
192 491
193 57
193 188
193 201
193 240
193 283
193 431
194 250
194 261
194 312
194 319
194 329
194 370
195 303
195 308
195 309
195 349
195 351
195 420
196 96
196 98
196 113
196 130
196 178
196 276
197 53
197 173
197 203
197 253
197 294
198 174
198 179
198 191
198 356
198 405
199 38
199 48
199 153
199 186
199 190
199 214
199 235
199 348
199 388
199 437
199 467
199 478
199 486
199 493
199 495
199 496
199 497
199 499
199 500
200 41
200 87
200 425
200 448
200 460
200 462
201 26
201 57
201 117
201 168
201 188
201 193
201 209
201 283
201 357
201 431
202 282
202 313
202 320
202 361
202 362
202 365
203 23
203 60
203 173
203 197
203 294
203 315
204 43
204 44
204 50
204 94
204 274
204 330
204 435
205 220
205 301
205 304
205 305
205 355
205 367
206 17
206 63
206 102
206 112
206 119
206 333
207 15
207 252
207 301
207 304
207 355
208 9
208 42
208 177
208 209
208 220
208 299
209 9
209 42
209 201
209 208
209 220
209 299
210 51
210 269
210 347
210 402
210 417
211 43
211 94
211 274
211 337
211 435
212 21
212 47
212 189
212 395
212 469
212 480
213 4
213 100
213 152
213 265
213 394
213 441
214 38
214 48
214 199
214 478
214 498
214 500
215 8
215 74
215 104
215 143
215 155
215 224
216 2
216 45
216 180
216 369
216 382
216 404
216 409
216 414
216 439
216 449
216 452
217 146
217 178
217 239
217 263
217 270
217 271
217 296
217 411
218 247
218 293
218 300
218 338
218 364
218 403
219 379
219 430
219 447
219 484
219 485
219 488
220 89
220 177
220 205
220 208
220 209
220 299
221 136
221 162
221 164
221 171
221 224
222 20
222 39
222 56
222 131
222 328
223 34
223 58
223 59
223 67
223 233
223 284
223 381
223 386
224 8
224 74
224 104
224 143
224 215
224 221
225 35
225 132
225 241
225 257
225 384
225 426
226 30
226 65
226 154
226 279
226 292
227 246
227 344
227 456
227 477
227 479
227 482
228 335
228 344
228 456
228 477
228 479
228 482
229 70
229 350
229 423
229 454
229 464
229 491
230 41
230 87
230 425
230 448
230 460
230 462
231 13
231 287
231 450
231 466
231 490
231 494
232 16
232 64
232 115
232 317
232 342
232 385
232 395
233 58
233 59
233 67
233 223
233 284
233 381
234 31
234 135
234 175
234 242
234 390
234 416
235 38
235 48
235 199
235 348
235 360
235 437
235 467
235 474
235 478
235 486
235 498
235 500
236 41
236 87
236 425
236 448
236 460
237 379
237 413
237 430
237 447
237 485
237 488
238 68
238 174
238 191
238 356
238 405
239 146
239 178
239 217
239 263
239 270
239 271
240 26
240 57
240 168
240 188
240 193
240 283
241 19
241 35
241 132
241 225
241 257
241 289
241 353
241 384
241 426
242 24
242 31
242 135
242 170
242 175
242 234
242 318
242 376
242 416
243 372
243 375
243 398
243 424
243 436
243 459
243 461
243 468
243 476
244 160
244 261
244 262
244 312
244 329
245 95
245 138
245 184
245 266
245 290
245 325
246 96
246 98
246 113
246 130
246 227
247 90
247 218
247 293
247 300
247 364
247 403
248 144
248 252
248 380
248 422
248 451
248 473
249 76
249 181
249 321
249 340
249 391
249 400
250 160
250 194
250 262
250 319
250 329
250 444
251 23
251 53
251 60
251 173
251 253
252 207
252 248
252 304
252 305
252 367
253 23
253 53
253 60
253 197
253 251
253 267
253 294
254 15
254 301
254 304
254 305
254 355
254 367
255 22
255 69
255 126
255 139
255 314
255 373
255 397
256 70
256 423
256 454
256 464
256 487
256 491
257 19
257 225
257 241
257 353
257 384
257 426
258 63
258 102
258 112
258 119
258 285
258 288
258 326
259 6
259 99
259 151
259 275
259 368
259 377
260 6
260 99
260 158
260 275
260 368
260 377
261 160
261 194
261 244
261 306
261 329
261 444
262 244
262 250
262 312
262 329
262 370
263 217
263 239
263 271
263 296
263 411
264 75
264 101
264 120
264 128
264 159
265 4
265 7
265 100
265 150
265 152
265 183
265 213
265 394
265 441
266 95
266 138
266 176
266 184
266 245
266 290
266 378
267 23
267 53
267 173
267 253
267 294
268 25
268 66
268 90
268 300
268 338
268 403
269 51
269 73
269 106
269 157
269 210
269 345
269 417
270 217
270 239
270 296
270 411
271 146
271 178
271 217
271 239
271 263
271 296
272 27
272 76
272 155
272 172
272 321
272 355
272 391
273 28
273 46
273 79
273 118
273 124
273 281
274 94
274 204
274 211
274 330
274 337
274 435
275 6
275 151
275 158
275 259
275 260
275 368
276 54
276 96
276 113
276 130
276 139
276 196
277 16
277 64
277 317
277 342
277 385
278 61
278 134
278 147
278 279
278 341
278 399
279 3
279 30
279 65
279 154
279 226
279 278
279 292
280 2
280 80
280 382
280 439
280 452
281 28
281 46
281 79
281 118
281 124
281 273
282 88
282 109
282 202
282 310
282 320
282 361
282 362
282 418
283 193
283 201
283 240
283 284
283 357
283 431
284 34
284 223
284 233
284 283
284 381
284 386
285 17
285 112
285 258
285 333
286 77
286 105
286 122
286 125
286 163
286 331
287 11
287 13
287 97
287 129
287 166
287 167
287 169
287 231
287 294
287 307
287 332
287 410
287 450
287 466
287 470
287 483
287 492
287 494
288 17
288 63
288 102
288 112
288 258
288 333
289 132
289 241
289 339
289 353
289 384
290 138
290 245
290 266
290 325
290 378
291 379
291 430
291 447
291 484
291 485
291 488
292 3
292 30
292 65
292 154
292 226
292 279
293 25
293 66
293 90
293 218
293 247
293 403
294 197
294 203
294 253
294 267
294 287
294 315
295 29
295 49
295 316
295 343
295 352
296 146
296 178
296 217
296 263
296 270
296 271
296 411
297 379
297 430
297 447
297 485
297 488
298 75
298 101
298 120
298 128
298 145
298 159
298 300
299 9
299 42
299 89
299 177
299 208
299 209
299 220
300 218
300 247
300 268
300 298
300 338
300 364
300 403
301 140
301 205
301 207
301 254
301 305
301 355
301 367
302 21
302 189
302 303
302 346
302 395
302 469
302 480
303 142
303 195
303 302
303 309
303 336
303 349
303 387
303 420
304 15
304 140
304 205
304 207
304 252
304 254
304 355
305 15
305 140
305 205
305 252
305 254
305 301
305 367
306 160
306 261
306 312
306 319
306 329
306 370
307 287
307 470
307 483
307 490
307 494
308 142
308 195
308 309
308 336
308 351
308 387
308 420
309 195
309 303
309 308
309 310
309 349
309 351
309 420
310 88
310 109
310 282
310 309
310 313
310 362
310 365
310 418
311 144
311 428
311 440
311 451
311 463
311 471
311 473
312 160
312 194
312 244
312 262
312 306
312 313
312 370
312 444
313 88
313 109
313 202
313 310
313 312
313 320
313 361
313 365
313 418
314 18
314 22
314 69
314 126
314 255
314 316
314 359
314 366
314 397
314 408
315 23
315 53
315 60
315 173
315 203
315 294
316 108
316 148
316 295
316 314
316 343
316 352
317 16
317 115
317 232
317 277
317 324
317 334
317 385
318 24
318 31
318 170
318 175
318 242
318 376
318 416
319 160
319 194
319 250
319 306
319 321
319 329
319 370
320 202
320 282
320 313
320 361
320 362
320 365
321 27
321 76
321 249
321 272
321 319
321 391
322 77
322 105
322 122
322 125
322 163
322 328
322 331
323 32
323 92
323 123
323 165
323 340
323 407
324 64
324 115
324 317
324 342
324 385
325 95
325 138
325 176
325 184
325 245
325 290
326 17
326 63
326 102
326 112
326 119
326 258
327 379
327 413
327 421
327 430
327 446
327 447
327 485
327 488
328 20
328 39
328 56
328 131
328 222
328 322
329 160
329 194
329 244
329 250
329 261
329 262
329 306
329 319
329 370
329 444
330 204
330 274
330 337
330 383
330 435
331 77
331 105
331 122
331 125
331 163
331 286
331 322
332 13
332 287
332 450
332 466
332 470
332 490
332 494
333 7
333 63
333 102
333 119
333 206
333 285
333 288
334 16
334 64
334 317
334 336
334 342
334 385
335 228
335 354
335 371
335 396
335 455
335 456
335 482
336 303
336 308
336 334
336 349
336 351
336 387
336 420
337 44
337 50
337 94
337 211
337 274
337 330
337 383
338 25
338 66
338 218
338 268
338 300
338 364
338 403
339 19
339 35
339 132
339 289
339 353
339 384
339 426
340 32
340 92
340 121
340 123
340 165
340 249
340 323
340 389
340 407
341 84
341 134
341 147
341 185
341 278
341 353
342 16
342 64
342 232
342 277
342 324
342 334
342 385
343 29
343 49
343 108
343 148
343 295
343 316
343 352
344 227
344 228
344 354
344 371
344 396
344 455
344 456
344 489
345 73
345 106
345 139
345 157
345 269
345 402
345 417
346 302
346 395
346 427
346 469
346 480
347 51
347 73
347 106
347 210
347 402
348 38
348 48
348 199
348 235
348 360
348 388
348 437
348 467
348 474
348 478
348 486
348 493
348 498
348 500
349 142
349 195
349 303
349 309
349 336
349 351
349 387
349 420
350 192
350 229
350 363
350 423
350 464
350 487
350 491
351 142
351 195
351 308
351 309
351 336
351 349
351 387
352 29
352 49
352 108
352 148
352 295
352 316
352 343
353 19
353 241
353 257
353 289
353 339
353 341
353 426
354 335
354 344
354 371
354 456
354 479
354 482
354 489
355 205
355 207
355 254
355 272
355 301
355 304
355 367
355 454
356 68
356 174
356 179
356 182
356 191
356 198
356 238
356 405
357 26
357 57
357 117
357 168
357 188
357 201
357 283
357 431
358 12
358 33
358 37
358 86
358 114
358 137
358 364
358 392
358 419
358 453
359 22
359 69
359 314
359 373
359 397
360 48
360 235
360 348
360 474
360 478
360 486
360 498
360 500
361 202
361 282
361 313
361 320
361 362
361 418
362 88
362 109
362 202
362 282
362 310
362 320
362 361
362 418
363 350
363 423
363 438
363 464
363 491
364 25
364 66
364 90
364 218
364 247
364 300
364 338
364 358
365 88
365 109
365 202
365 310
365 313
365 320
365 373
365 418
366 22
366 69
366 314
366 373
366 397
367 15
367 140
367 205
367 252
367 254
367 301
367 305
367 355
368 6
368 99
368 151
368 158
368 259
368 260
368 275
368 377
369 45
369 180
369 216
369 382
369 404
369 409
369 449
369 452
370 194
370 262
370 306
370 312
370 319
370 329
370 444
370 487
371 335
371 344
371 354
371 455
371 456
371 482
371 489
372 243
372 375
372 398
372 424
372 436
372 442
372 476
373 18
373 22
373 69
373 255
373 359
373 365
373 366
373 408
374 70
374 423
374 454
374 464
374 487
374 491
375 116
375 127
375 133
375 243
375 372
375 377
375 398
375 442
375 459
375 461
375 468
375 476
376 135
376 175
376 242
376 318
376 390
377 151
377 158
377 259
377 260
377 368
377 375
378 95
378 138
378 176
378 184
378 266
378 290
379 78
379 219
379 237
379 291
379 297
379 327
379 421
379 430
379 434
379 485
379 488
380 40
380 82
380 137
380 144
380 248
380 415
380 422
380 428
380 440
380 451
380 463
380 471
380 473
381 34
381 58
381 59
381 67
381 223
381 233
381 284
381 383
382 45
382 216
382 280
382 369
382 412
382 439
382 445
382 449
383 43
383 44
383 50
383 94
383 330
383 337
383 381
383 435
384 19
384 225
384 241
384 257
384 289
384 339
384 392
385 16
385 115
385 232
385 277
385 317
385 324
385 334
385 342
386 34
386 58
386 59
386 67
386 223
386 284
387 303
387 308
387 336
387 349
387 351
387 420
388 38
388 48
388 199
388 348
388 474
388 478
388 498
388 500
389 32
389 92
389 121
389 123
389 165
389 340
389 407
390 31
390 135
390 170
390 175
390 234
390 376
391 27
391 52
391 62
391 172
391 181
391 249
391 272
391 321
391 400
392 12
392 358
392 384
392 393
392 419
392 432
393 12
393 37
393 137
393 392
393 419
393 425
393 432
393 453
394 4
394 7
394 100
394 150
394 152
394 183
394 213
394 265
394 441
395 21
395 47
395 83
395 107
395 189
395 212
395 232
395 302
395 346
395 406
395 427
395 458
396 335
396 344
396 397
396 455
396 456
396 477
396 479
396 489
397 18
397 69
397 126
397 255
397 314
397 359
397 366
397 396
397 408
398 243
398 372
398 375
398 424
398 436
398 442
398 461
398 476
399 61
399 84
399 134
399 141
399 278
400 52
400 62
400 76
400 181
400 249
400 391
401 41
401 425
401 448
401 457
401 460
401 462
401 472
402 51
402 73
402 106
402 139
402 157
402 210
402 345
402 347
402 417
403 25
403 66
403 90
403 218
403 247
403 268
403 293
403 300
403 338
404 2
404 180
404 216
404 369
404 409
404 412
404 433
404 439
404 452
405 68
405 156
405 174
405 179
405 182
405 191
405 198
405 238
405 356
406 21
406 47
406 395
406 469
406 480
407 32
407 92
407 121
407 123
407 165
407 323
407 340
407 389
407 411
408 22
408 126
408 314
408 373
408 397
409 45
409 80
409 216
409 369
409 404
409 412
409 414
409 433
409 439
410 287
410 470
410 483
410 490
410 494
411 146
411 178
411 217
411 263
411 270
411 296
411 407
412 45
412 80
412 382
412 404
412 409
412 439
412 445
412 449
412 452
413 78
413 237
413 327
413 430
413 434
413 446
413 484
413 485
413 488
414 2
414 45
414 216
414 409
414 418
414 433
414 445
414 449
414 452
415 82
415 144
415 380
415 422
415 428
415 440
415 463
415 473
416 175
416 234
416 242
416 318
417 51
417 73
417 106
417 139
417 157
417 210
417 269
417 345
417 402
418 282
418 310
418 313
418 361
418 362
418 365
418 414
419 12
419 33
419 37
419 114
419 137
419 358
419 392
419 393
419 432
419 453
420 142
420 195
420 303
420 308
420 309
420 336
420 349
420 387
420 421
421 327
421 379
421 420
421 430
421 446
421 485
421 488
422 55
422 82
422 144
422 248
422 380
422 415
422 428
422 440
422 471
422 481
423 14
423 36
423 70
423 91
423 110
423 149
423 187
423 192
423 229
423 256
423 350
423 363
423 374
423 491
424 243
424 372
424 398
424 442
424 459
424 461
424 468
424 476
425 41
425 87
425 200
425 230
425 236
425 393
425 401
425 443
425 448
425 457
425 465
425 472
426 35
426 225
426 241
426 257
426 339
426 353
426 429
427 189
427 346
427 395
427 469
427 480
428 82
428 144
428 311
428 380
428 415
428 422
428 451
428 463
428 471
429 4
429 7
429 150
429 152
429 183
429 426
429 441
430 78
430 219
430 237
430 291
430 297
430 327
430 379
430 413
430 421
430 434
430 446
430 447
430 484
431 117
431 193
431 201
431 283
431 357
431 434
432 12
432 33
432 37
432 86
432 114
432 137
432 392
432 393
432 419
432 453
433 404
433 409
433 414
433 439
433 452
434 379
434 413
434 430
434 431
434 447
434 484
434 485
434 488
435 43
435 44
435 50
435 94
435 204
435 211
435 274
435 330
435 383
435 437
436 81
436 116
436 127
436 133
436 243
436 372
436 398
436 459
436 468
436 476
437 38
437 48
437 199
437 235
437 348
437 435
437 474
437 486
437 498
437 500
438 36
438 91
438 110
438 149
438 187
438 363
438 441
438 454
438 487
438 491
439 45
439 180
439 216
439 280
439 382
439 404
439 409
439 412
439 433
439 449
440 82
440 311
440 380
440 415
440 422
440 451
440 463
440 471
440 473
440 475
441 4
441 7
441 150
441 152
441 183
441 213
441 265
441 394
441 429
441 438
442 81
442 116
442 127
442 133
442 372
442 375
442 398
442 424
442 459
442 461
442 476
443 41
443 87
443 425
443 448
443 460
443 462
444 250
444 261
444 312
444 329
444 370
444 449
445 382
445 412
445 414
445 449
445 452
446 327
446 413
446 421
446 430
446 447
446 484
446 485
446 488
447 78
447 219
447 237
447 291
447 297
447 327
447 430
447 434
447 446
447 484
447 485
448 200
448 230
448 236
448 401
448 425
448 443
448 452
448 457
448 460
448 462
448 465
448 472
449 2
449 45
449 180
449 216
449 369
449 382
449 412
449 414
449 439
449 444
449 445
450 13
450 129
450 231
450 287
450 332
450 466
450 470
450 483
450 490
450 494
451 40
451 82
451 144
451 248
451 311
451 380
451 428
451 440
451 471
451 473
451 475
452 2
452 45
452 216
452 280
452 369
452 404
452 412
452 414
452 433
452 445
452 448
453 86
453 358
453 393
453 419
453 432
453 462
454 12
454 14
454 91
454 192
454 229
454 256
454 355
454 374
454 438
454 487
454 491
455 5
455 71
455 72
455 93
455 335
455 344
455 371
455 396
455 477
455 482
455 489
456 1
456 227
456 228
456 335
456 344
456 354
456 371
456 396
456 477
456 479
456 489
457 41
457 87
457 401
457 425
457 448
457 460
457 462
457 472
458 47
458 189
458 395
458 469
458 480
459 243
459 375
459 424
459 436
459 442
459 461
459 476
460 41
460 87
460 200
460 230
460 236
460 401
460 443
460 448
460 457
460 462
460 472
461 81
461 116
461 127
461 133
461 243
461 375
461 398
461 424
461 442
461 459
461 468
462 41
462 87
462 200
462 230
462 401
462 443
462 448
462 453
462 457
462 460
462 472
463 40
463 55
463 82
463 144
463 311
463 380
463 415
463 428
463 440
463 471
463 475
463 481
464 14
464 36
464 91
464 110
464 149
464 187
464 192
464 229
464 256
464 350
464 363
464 374
465 41
465 87
465 425
465 448
466 13
466 129
466 231
466 287
466 332
466 450
466 467
466 483
466 490
466 494
467 38
467 48
467 199
467 235
467 348
467 466
467 474
467 478
467 486
467 498
467 500
468 243
468 375
468 424
468 436
468 461
468 472
468 476
469 21
469 47
469 83
469 107
469 189
469 212
469 302
469 346
469 406
469 427
469 458
469 480
470 11
470 97
470 166
470 167
470 169
470 287
470 307
470 332
470 410
470 450
470 492
470 494
471 311
471 380
471 422
471 428
471 440
471 451
471 463
472 41
472 87
472 401
472 425
472 448
472 457
472 460
472 462
472 468
473 40
473 55
473 82
473 144
473 248
473 311
473 380
473 415
473 440
473 451
473 475
473 481
474 48
474 235
474 348
474 360
474 388
474 437
474 467
474 480
474 486
474 500
475 82
475 440
475 451
475 463
475 473
476 81
476 116
476 127
476 133
476 243
476 372
476 375
476 398
476 424
476 436
476 442
476 459
476 468
477 1
477 5
477 71
477 72
477 93
477 161
477 227
477 228
477 396
477 455
477 456
477 479
477 489
478 38
478 48
478 153
478 186
478 190
478 199
478 214
478 235
478 348
478 360
478 388
478 467
478 486
478 493
478 495
478 496
478 497
478 498
478 499
479 1
479 5
479 71
479 72
479 93
479 161
479 227
479 228
479 354
479 396
479 456
479 477
479 489
480 21
480 47
480 83
480 107
480 189
480 212
480 302
480 346
480 406
480 427
480 458
480 469
480 474
481 82
481 422
481 463
481 473
481 484
482 1
482 5
482 71
482 72
482 93
482 161
482 227
482 228
482 335
482 354
482 371
482 455
482 489
483 11
483 13
483 97
483 166
483 167
483 287
483 307
483 410
483 450
483 466
483 485
483 492
483 494
484 78
484 219
484 291
484 413
484 430
484 434
484 446
484 447
484 481
484 485
484 488
485 78
485 219
485 237
485 291
485 297
485 327
485 379
485 413
485 421
485 434
485 446
485 447
485 483
485 484
485 488
486 38
486 48
486 199
486 235
486 348
486 360
486 437
486 467
486 474
486 478
486 500
487 36
487 70
487 110
487 149
487 187
487 256
487 350
487 370
487 374
487 438
487 454
488 78
488 219
488 237
488 291
488 297
488 327
488 379
488 413
488 421
488 434
488 446
488 484
488 485
488 489
489 1
489 5
489 71
489 72
489 93
489 161
489 344
489 354
489 371
489 396
489 455
489 456
489 477
489 479
489 482
489 488
490 11
490 13
490 97
490 129
490 166
490 167
490 169
490 231
490 307
490 332
490 410
490 450
490 466
490 492
490 494
490 498
491 14
491 36
491 70
491 91
491 110
491 149
491 187
491 192
491 229
491 256
491 350
491 363
491 374
491 423
491 438
491 454
491 499
492 287
492 470
492 483
492 490
492 494
493 38
493 48
493 199
493 348
493 478
493 498
493 500
494 11
494 13
494 97
494 129
494 166
494 167
494 169
494 231
494 287
494 307
494 332
494 410
494 450
494 466
494 470
494 483
494 490
494 492
495 38
495 199
495 478
495 498
495 500
496 38
496 199
496 478
496 498
496 500
497 38
497 48
497 199
497 478
497 498
497 500
498 38
498 48
498 153
498 186
498 190
498 214
498 235
498 348
498 360
498 388
498 437
498 467
498 478
498 490
498 493
498 495
498 496
498 497
498 499
498 500
499 38
499 48
499 199
499 478
499 491
499 498
499 500
500 48
500 118
500 153
500 186
500 190
500 199
500 214
500 235
500 348
500 360
500 388
500 437
500 467
500 474
500 486
500 493
500 495
500 496
500 497
500 498
500 499
