1 93
1 228
1 456
1 477
1 482
2 382
2 409
2 439
2 445
2 449
3 30
3 65
3 154
3 226
3 279
3 292
4 7
4 100
4 183
4 213
4 429
5 93
5 228
5 354
5 477
5 489
6 151
6 259
6 275
6 368
6 377
7 4
7 100
7 150
7 152
7 183
7 213
7 265
7 394
7 429
7 454
8 74
8 104
8 143
8 215
8 224
9 42
9 177
9 209
9 220
9 299
10 111
10 136
10 162
10 171
10 221
11 129
11 166
11 332
11 450
11 490
12 15
12 86
12 137
12 393
12 453
13 129
13 166
13 332
13 470
13 490
14 229
14 374
14 438
14 487
14 491
15 12
15 140
15 205
15 252
15 254
15 301
15 305
15 355
16 115
16 277
16 317
16 324
16 342
17 18
17 102
17 119
17 258
17 326
18 17
18 255
18 359
18 366
18 408
19 225
19 241
19 257
19 353
19 426
20 39
20 56
20 131
20 222
21 346
21 395
21 427
21 458
21 469
22 126
22 359
22 366
22 397
22 408
23 173
23 197
23 203
23 253
23 315
24 34
24 135
24 242
24 318
24 416
25 66
25 90
25 218
25 247
25 293
25 300
25 338
25 364
25 403
26 117
26 168
26 193
26 201
26 283
26 431
27 52
27 76
27 181
27 249
27 400
28 46
28 79
28 118
28 124
28 273
28 281
29 49
29 108
29 148
29 295
29 316
29 343
29 352
30 3
30 154
30 226
30 279
30 292
31 135
31 234
31 242
31 390
31 416
32 92
32 123
32 323
32 389
32 407
33 86
33 137
33 392
33 393
33 453
34 24
34 58
34 59
34 67
34 223
34 233
34 284
34 381
34 386
35 225
35 241
35 339
35 353
35 426
36 70
36 91
36 423
36 438
36 487
37 86
37 137
37 358
37 392
37 393
38 360
38 474
38 497
38 499
38 500
39 20
39 56
39 85
39 222
39 328
40 41
40 451
40 471
40 475
40 481
41 40
41 460
41 462
41 465
41 472
42 9
42 59
42 89
42 208
42 299
43 204
43 274
43 330
43 337
43 435
44 204
44 211
44 330
44 383
44 435
45 404
45 409
45 414
45 439
45 445
46 28
46 124
46 273
46 281
47 346
47 395
47 427
47 458
47 469
48 360
48 474
48 497
48 499
48 500
49 29
49 295
49 316
49 343
49 352
50 211
50 274
50 337
50 383
50 435
51 139
51 269
51 345
51 347
51 402
52 27
52 62
52 76
52 172
52 181
52 249
52 272
52 321
52 400
53 173
53 197
53 203
53 251
53 253
54 96
54 196
54 246
54 276
55 82
55 451
55 471
55 475
55 481
56 20
56 39
56 85
56 131
56 222
56 328
57 117
57 188
57 193
57 201
57 431
58 34
58 67
58 223
58 233
58 284
58 381
59 34
59 42
59 67
59 233
59 284
59 381
60 173
60 197
60 203
60 253
60 315
61 84
61 103
61 147
61 278
61 399
62 52
62 64
62 249
62 391
62 400
63 102
63 119
63 258
63 326
63 333
64 62
64 115
64 232
64 317
64 342
65 3
65 154
65 226
65 279
65 292
66 25
66 247
66 268
66 293
66 364
67 34
67 58
67 59
67 233
67 381
68 179
68 191
68 238
68 356
68 405
69 126
69 314
69 359
69 397
69 408
70 36
70 91
70 187
70 192
70 350
70 438
70 454
70 464
70 487
71 93
71 228
71 456
71 477
71 479
72 93
72 335
72 354
72 396
72 456
72 477
72 482
72 489
73 139
73 210
73 345
73 402
74 8
74 104
74 143
74 215
74 224
75 120
75 128
75 145
75 264
75 298
76 27
76 52
76 321
76 391
76 400
77 105
77 125
77 163
77 286
77 331
78 446
78 447
78 484
78 485
78 488
79 28
79 118
79 124
79 273
79 281
80 382
80 414
80 439
80 445
80 449
81 96
81 116
81 127
81 243
81 372
81 375
81 398
81 424
81 459
81 468
81 476
82 55
82 144
82 248
82 380
82 415
82 422
82 428
82 463
82 471
82 473
82 475
82 481
83 346
83 395
83 427
83 458
83 469
84 61
84 134
84 399
85 39
85 56
85 98
85 131
85 222
85 328
86 12
86 33
86 37
86 114
86 137
86 392
86 393
86 432
86 453
87 401
87 425
87 443
87 457
87 460
87 462
87 465
88 109
88 202
88 310
88 361
88 362
88 365
88 418
89 42
89 177
89 208
89 209
89 220
89 299
90 25
90 218
90 247
90 268
90 293
90 364
91 36
91 70
91 187
91 256
91 350
91 363
91 374
91 438
92 32
92 121
92 165
92 340
92 389
92 407
93 1
93 5
93 71
93 72
93 161
93 228
93 335
93 344
93 354
93 396
93 456
93 477
93 482
94 274
94 330
94 337
94 383
94 435
95 138
95 245
95 266
95 290
95 378
96 54
96 81
96 98
96 113
96 130
96 246
97 129
97 166
97 332
97 450
97 490
98 85
98 96
98 196
98 246
98 276
99 151
99 259
99 275
99 368
99 377
100 4
100 7
100 152
100 183
100 429
101 120
101 128
101 145
101 264
101 298
102 17
102 63
102 112
102 206
102 285
102 288
103 61
103 111
103 141
103 278
103 341
103 399
104 8
104 74
104 155
104 215
104 224
105 77
105 163
105 286
105 322
105 331
106 139
106 269
106 345
106 347
106 402
107 346
107 395
107 427
107 458
107 469
108 29
108 148
108 295
108 316
108 352
109 88
109 202
109 282
109 361
109 365
109 418
110 192
110 350
110 438
110 487
110 491
111 10
111 103
111 164
111 171
111 221
112 102
112 113
112 119
112 258
112 326
113 96
113 112
113 130
113 196
113 276
114 86
114 137
114 358
114 392
114 453
115 16
115 64
115 232
115 277
115 324
115 334
115 385
116 81
116 243
116 424
116 436
116 461
116 468
116 476
117 26
117 57
117 188
117 193
117 431
118 28
118 79
118 124
118 130
118 273
118 281
119 17
119 63
119 112
119 285
119 288
120 75
120 101
120 159
120 264
120 298
121 92
121 123
121 323
121 389
121 407
122 125
122 163
122 286
122 322
122 331
123 32
123 121
123 323
123 389
123 407
124 28
124 46
124 79
124 118
124 273
125 77
125 122
125 286
125 322
125 331
126 22
126 69
126 255
126 314
126 366
126 373
126 397
126 408
127 81
127 424
127 461
127 468
127 476
128 75
128 101
128 159
128 264
128 298
129 11
129 13
129 97
129 166
129 167
129 169
129 231
129 287
129 307
129 332
129 410
129 450
129 466
129 470
129 483
129 492
129 494
130 96
130 113
130 118
130 196
130 276
131 20
131 56
131 85
131 222
131 328
132 225
132 257
132 339
132 353
132 426
133 424
133 461
133 468
133 476
134 84
134 147
134 185
134 278
134 341
134 399
135 24
135 31
135 170
135 175
135 242
135 318
135 376
135 416
136 10
136 162
136 164
136 171
136 221
137 12
137 33
137 37
137 86
137 114
137 157
137 358
137 392
137 419
137 432
137 453
138 95
138 176
138 184
138 266
138 290
138 325
139 51
139 73
139 106
139 155
139 157
139 210
139 269
139 345
139 347
139 402
140 15
140 252
140 304
140 305
140 355
140 367
141 103
141 147
141 185
141 341
141 399
142 195
142 308
142 309
142 349
142 351
142 387
143 8
143 74
143 155
143 215
143 224
144 82
144 451
144 471
144 475
144 481
145 75
145 101
145 159
145 264
145 298
146 178
146 239
146 271
146 411
147 61
147 134
147 141
147 185
147 399
148 29
148 108
148 295
148 316
148 352
149 256
149 350
149 438
149 487
149 491
150 7
150 183
150 213
150 429
150 441
151 6
151 99
151 158
151 260
151 275
151 368
152 7
152 100
152 183
152 265
152 429
153 360
153 474
153 497
153 499
153 500
154 3
154 30
154 65
154 226
154 292
155 104
155 139
155 143
155 215
155 355
156 174
156 179
156 238
156 356
156 405
157 137
157 139
157 210
157 345
157 402
158 151
158 161
158 259
158 368
158 377
159 120
159 128
159 145
159 264
159 298
160 306
160 319
160 329
160 370
160 444
161 93
161 158
161 228
161 354
161 456
161 482
162 10
162 136
162 164
162 171
162 221
163 77
163 105
163 122
163 322
163 331
164 111
164 136
164 162
164 171
164 221
165 92
165 323
165 340
165 389
165 407
166 11
166 13
166 97
166 129
166 167
166 169
166 231
166 332
166 410
166 450
166 466
166 492
167 129
167 166
167 332
167 470
167 490
168 26
168 193
168 283
168 357
168 431
169 129
169 166
169 175
169 332
169 450
169 466
169 470
169 490
170 135
170 234
170 242
170 318
170 416
171 10
171 111
171 136
171 162
171 164
172 52
172 249
172 400
173 23
173 53
173 60
173 197
173 253
173 267
174 156
174 179
174 191
174 356
174 405
175 135
175 169
175 234
175 242
175 416
176 138
176 178
176 245
176 266
176 325
177 9
177 89
177 209
177 220
177 299
178 146
178 176
178 217
178 263
178 270
178 271
178 296
178 411
179 68
179 156
179 174
179 182
179 191
179 405
180 280
180 433
180 439
180 449
180 452
181 27
181 52
181 272
181 321
181 400
182 179
182 198
182 238
182 356
182 405
183 4
183 7
183 100
183 150
183 152
183 213
183 265
183 394
183 441
184 138
184 245
184 266
184 290
184 378
185 134
185 141
185 147
185 278
185 399
186 360
186 474
186 497
186 499
186 500
187 70
187 91
187 256
187 350
187 438
187 454
187 487
187 491
188 57
188 117
188 201
188 240
188 431
189 346
189 395
189 406
189 427
189 458
190 360
190 474
190 495
190 497
190 499
190 500
191 68
191 174
191 179
191 198
191 356
191 405
192 70
192 110
192 256
192 350
192 438
192 487
193 26
193 57
193 117
193 168
193 201
193 240
193 357
193 431
194 244
194 250
194 261
194 319
194 329
194 370
194 444
195 142
195 308
195 349
195 351
195 387
195 420
196 54
196 98
196 113
196 130
196 201
196 246
197 23
197 53
197 60
197 173
197 251
197 267
197 294
198 182
198 191
198 238
198 356
198 405
199 360
199 474
199 493
199 495
199 497
199 499
199 500
200 443
200 460
200 462
200 465
200 472
201 26
201 57
201 188
201 193
201 196
201 240
202 88
202 109
202 282
202 310
202 320
202 361
203 23
203 53
203 60
203 251
203 267
203 294
204 43
204 44
204 274
204 337
204 383
204 435
205 15
205 209
205 252
205 304
205 305
205 355
206 102
206 258
206 288
206 326
206 333
207 254
207 304
207 305
208 42
208 89
208 209
208 220
208 299
209 9
209 89
209 177
209 205
209 208
209 299
210 73
210 139
210 157
210 347
210 402
211 44
211 50
211 274
211 337
211 383
211 435
212 302
212 346
212 395
212 406
212 427
212 458
213 4
213 7
213 150
213 183
213 429
213 441
214 360
214 474
214 495
214 497
214 499
214 500
215 8
215 74
215 104
215 143
215 155
215 224
216 280
216 409
216 414
216 433
216 439
216 452
217 178
217 239
217 263
217 270
217 271
217 411
218 25
218 90
218 300
218 338
218 364
219 297
219 413
219 421
219 430
219 434
219 446
219 447
219 484
219 485
219 488
220 9
220 89
220 177
220 208
220 224
220 299
221 10
221 111
221 136
221 162
221 164
221 309
222 20
222 39
222 56
222 85
222 131
222 328
223 34
223 58
223 381
223 386
224 8
224 74
224 104
224 143
224 215
224 220
225 19
225 35
225 132
225 241
225 289
225 339
225 353
225 384
225 426
226 3
226 30
226 65
226 154
226 279
226 292
227 228
227 232
227 354
227 456
227 477
227 489
228 1
228 5
228 71
228 93
228 161
228 227
228 335
228 344
228 354
228 371
228 396
228 455
228 477
228 482
228 489
229 14
229 256
229 350
229 423
229 438
229 487
230 443
230 457
230 460
230 462
230 465
230 472
231 129
231 166
231 332
231 450
231 470
231 490
232 64
232 115
232 227
232 277
232 317
232 324
232 334
232 342
233 34
233 58
233 59
233 67
233 284
233 386
234 31
234 170
234 175
234 242
234 376
234 416
235 360
235 474
235 486
235 493
235 495
235 497
235 499
235 500
236 443
236 457
236 460
236 462
236 465
236 472
237 421
237 446
237 447
237 484
237 485
237 488
238 68
238 156
238 182
238 198
238 356
238 405
239 146
239 217
239 263
239 270
239 296
239 411
240 188
240 193
240 201
240 283
240 357
240 431
241 19
241 35
241 225
241 257
241 289
241 384
241 426
242 24
242 31
242 135
242 170
242 175
242 234
242 318
242 376
242 390
243 81
243 116
243 372
243 398
243 424
243 436
243 461
243 468
243 476
244 194
244 262
244 306
244 312
244 444
245 95
245 176
245 184
245 266
245 290
245 325
245 378
246 54
246 96
246 98
246 196
246 252
246 276
247 25
247 66
247 90
247 268
247 293
247 338
248 82
248 341
248 451
248 471
248 475
248 481
249 27
249 52
249 62
249 172
249 321
249 340
250 194
250 306
250 319
250 329
250 370
250 444
251 53
251 197
251 203
251 294
251 315
252 15
252 140
252 205
252 246
252 254
252 301
252 305
252 355
253 23
253 53
253 60
253 173
253 267
253 315
254 15
254 207
254 252
254 304
254 305
254 367
255 18
255 126
255 276
255 359
255 366
255 397
255 408
256 91
256 149
256 187
256 192
256 229
256 350
256 374
256 438
256 487
256 491
257 19
257 132
257 241
257 289
257 339
257 384
258 17
258 63
258 112
258 206
258 285
258 333
259 6
259 99
259 158
259 260
259 368
259 377
260 151
260 259
260 275
260 368
260 377
261 194
261 306
261 319
261 329
261 370
261 444
262 244
262 306
262 312
262 319
262 370
263 178
263 217
263 239
263 270
263 271
263 411
264 75
264 101
264 120
264 128
264 145
264 159
265 7
265 152
265 183
265 429
265 441
266 95
266 138
266 176
266 184
266 245
266 290
266 325
266 378
267 173
267 197
267 203
267 253
267 315
268 66
268 90
268 247
268 293
268 338
268 403
269 51
269 106
269 139
269 345
269 347
269 402
269 417
270 178
270 217
270 239
270 263
270 296
270 411
271 146
271 178
271 217
271 263
271 296
271 411
272 52
272 181
272 355
272 391
272 400
272 454
273 28
273 46
273 79
273 118
273 124
273 281
274 43
274 50
274 94
274 204
274 211
274 337
274 435
275 6
275 99
275 151
275 260
275 368
275 377
276 54
276 98
276 113
276 130
276 246
276 255
277 16
277 115
277 232
277 317
277 334
277 342
278 61
278 103
278 134
278 185
278 279
278 399
279 3
279 30
279 65
279 226
279 278
280 180
280 216
280 369
280 382
280 404
280 409
280 414
280 445
280 449
280 452
281 28
281 46
281 79
281 118
281 273
282 109
282 202
282 313
282 320
282 361
282 362
282 365
282 418
283 26
283 168
283 240
283 284
283 357
283 431
284 34
284 58
284 59
284 233
284 283
284 381
285 102
285 119
285 258
285 288
285 326
285 333
286 77
286 105
286 122
286 125
286 322
286 331
287 129
287 294
287 332
287 466
287 470
287 490
288 102
288 119
288 206
288 285
288 326
288 333
289 225
289 241
289 257
289 339
289 353
289 426
290 95
290 138
290 184
290 245
290 266
290 378
291 413
291 434
291 446
291 447
291 485
291 488
292 3
292 30
292 65
292 154
292 226
293 25
293 66
293 90
293 247
293 268
293 300
293 338
294 197
294 203
294 251
294 287
294 315
295 29
295 49
295 108
295 148
295 343
295 352
296 178
296 239
296 270
296 271
296 411
297 219
297 434
297 446
297 447
297 484
297 485
297 488
298 75
298 101
298 120
298 128
298 145
298 159
298 300
299 9
299 42
299 89
299 177
299 208
299 209
299 220
300 25
300 218
300 293
300 298
300 364
300 403
301 15
301 252
301 304
301 355
301 367
302 212
302 303
302 346
302 395
302 406
302 458
302 469
303 302
303 308
303 309
303 349
303 351
303 387
303 420
304 140
304 205
304 207
304 254
304 301
304 305
304 367
305 15
305 140
305 205
305 207
305 252
305 254
305 304
305 355
306 160
306 244
306 250
306 261
306 262
306 312
306 319
306 329
306 370
306 444
307 129
307 332
307 466
307 490
308 142
308 195
308 303
308 309
308 336
308 351
308 387
308 420
309 142
309 221
309 303
309 308
309 349
309 351
309 387
310 88
310 202
310 312
310 320
310 361
310 362
310 418
311 380
311 422
311 440
311 451
311 471
311 475
311 481
312 244
312 262
312 306
312 310
312 319
312 329
312 370
313 282
313 316
313 361
313 365
313 418
314 69
314 126
314 359
314 373
314 408
314 411
315 23
315 60
315 251
315 253
315 267
315 294
316 29
316 49
316 108
316 148
316 313
316 343
316 352
317 16
317 64
317 232
317 277
317 334
317 342
317 385
318 24
318 135
318 170
318 242
318 376
318 390
318 416
319 160
319 194
319 250
319 261
319 262
319 306
319 312
319 321
320 202
320 282
320 310
320 361
320 418
321 52
321 76
321 181
321 249
321 319
321 391
321 400
322 105
322 122
322 125
322 163
322 286
322 328
322 331
323 32
323 121
323 123
323 165
323 340
323 389
323 407
324 16
324 115
324 232
324 334
324 342
325 138
325 176
325 245
325 266
325 378
326 17
326 63
326 112
326 206
326 285
326 288
326 333
327 413
327 434
327 446
327 447
327 484
327 485
327 488
328 39
328 56
328 85
328 131
328 222
328 322
329 160
329 194
329 250
329 261
329 306
329 312
330 43
330 44
330 94
330 337
330 383
330 435
331 77
331 105
331 122
331 125
331 163
331 286
331 322
332 11
332 13
332 97
332 129
332 166
332 167
332 169
332 231
332 287
332 307
332 410
332 450
332 466
332 470
332 483
332 490
332 492
332 494
333 63
333 206
333 258
333 285
333 288
333 326
333 334
334 115
334 232
334 277
334 317
334 324
334 333
334 342
335 72
335 93
335 228
335 354
335 396
335 456
335 477
336 308
336 349
336 351
336 387
336 420
336 480
337 43
337 50
337 94
337 204
337 211
337 274
337 330
338 25
338 218
338 247
338 268
338 293
338 364
339 35
339 132
339 225
339 257
339 289
339 384
340 92
340 165
340 249
340 323
340 389
340 407
341 103
341 134
341 141
341 248
341 399
342 16
342 64
342 232
342 277
342 317
342 324
342 334
342 385
343 29
343 49
343 295
343 316
343 352
344 93
344 228
344 354
344 456
344 477
344 479
344 482
345 51
345 73
345 106
345 139
345 157
345 269
346 21
346 47
346 83
346 107
346 189
346 212
346 302
346 406
346 427
346 458
346 469
346 480
347 51
347 106
347 139
347 210
347 269
347 402
347 417
348 360
348 474
348 495
348 497
348 499
348 500
349 142
349 195
349 303
349 309
349 336
349 351
349 420
350 70
350 91
350 110
350 149
350 187
350 192
350 229
350 256
350 363
350 374
350 423
350 454
351 142
351 195
351 303
351 308
351 309
351 336
351 349
351 420
352 29
352 49
352 108
352 148
352 295
352 316
352 343
353 19
353 35
353 132
353 225
353 289
353 358
353 384
354 5
354 72
354 93
354 161
354 227
354 228
354 335
354 344
354 396
354 455
354 477
354 479
354 482
355 15
355 140
355 155
355 205
355 252
355 272
355 301
355 305
356 68
356 156
356 174
356 182
356 191
356 198
356 238
356 405
357 168
357 193
357 240
357 283
357 431
358 37
358 114
358 137
358 353
358 392
358 393
358 432
358 453
359 18
359 22
359 69
359 255
359 314
359 366
359 373
359 397
360 38
360 48
360 153
360 186
360 190
360 199
360 214
360 235
360 348
360 388
360 437
360 467
360 474
360 478
360 486
360 493
360 496
360 498
360 500
361 88
361 109
361 202
361 282
361 310
361 313
361 320
361 365
362 88
362 282
362 310
362 365
362 418
363 91
363 350
363 374
363 438
363 491
364 25
364 66
364 90
364 218
364 300
364 338
364 381
364 403
365 88
365 109
365 282
365 313
365 361
365 362
365 370
365 418
366 18
366 22
366 126
366 255
366 359
366 397
366 408
367 140
367 254
367 301
367 304
368 6
368 99
368 151
368 158
368 259
368 260
368 275
368 377
369 280
369 404
369 409
369 414
369 433
369 439
369 449
369 452
370 160
370 194
370 250
370 261
370 262
370 306
370 312
370 365
371 228
371 456
371 477
371 479
371 482
372 81
372 243
372 398
372 436
372 461
372 468
372 476
373 126
373 314
373 359
373 375
373 397
373 408
374 14
374 91
374 256
374 350
374 363
374 438
374 487
375 81
375 373
375 424
375 436
375 461
375 468
375 476
376 135
376 234
376 242
376 318
376 416
377 6
377 99
377 158
377 259
377 260
377 275
377 368
377 380
378 95
378 184
378 245
378 266
378 290
378 325
379 413
379 421
379 434
379 446
379 447
379 484
379 485
379 488
380 82
380 311
380 377
380 415
380 422
380 428
380 440
380 463
380 471
380 475
380 481
381 34
381 58
381 59
381 67
381 223
381 284
381 364
381 386
382 2
382 80
382 280
382 404
382 433
382 452
383 44
383 50
383 94
383 204
383 211
383 330
383 392
383 435
384 225
384 241
384 257
384 339
384 353
384 393
384 426
385 115
385 317
385 342
386 34
386 223
386 233
386 381
387 142
387 195
387 303
387 308
387 309
387 336
387 420
388 360
388 474
388 478
388 486
388 493
388 495
388 497
388 499
388 500
389 32
389 92
389 121
389 123
389 165
389 323
389 340
389 407
390 31
390 242
390 318
390 416
391 62
391 76
391 272
391 321
391 400
392 33
392 37
392 86
392 114
392 137
392 358
392 383
392 393
392 453
393 12
393 33
393 37
393 86
393 358
393 384
393 392
393 419
393 453
394 7
394 183
394 429
394 441
395 21
395 47
395 83
395 107
395 189
395 212
395 302
395 396
395 406
395 427
395 458
395 469
395 480
396 72
396 93
396 228
396 335
396 354
396 395
396 456
396 482
397 22
397 69
397 126
397 255
397 359
397 366
397 373
397 407
397 408
398 81
398 243
398 372
398 436
398 461
398 468
398 476
399 61
399 84
399 103
399 134
399 141
399 147
399 185
399 278
399 341
400 27
400 52
400 62
400 76
400 172
400 181
400 272
400 321
400 391
401 87
401 425
401 443
401 457
401 460
401 465
401 472
402 51
402 73
402 106
402 139
402 157
402 210
402 269
402 347
402 417
403 25
403 268
403 300
403 364
404 45
404 280
404 369
404 382
404 409
404 412
404 414
404 433
404 445
404 449
404 452
405 68
405 156
405 174
405 179
405 182
405 191
405 198
405 238
405 356
406 189
406 212
406 302
406 346
406 395
406 427
406 458
406 480
407 32
407 92
407 121
407 123
407 165
407 323
407 340
407 389
407 397
408 18
408 22
408 69
408 126
408 255
408 314
408 366
408 373
408 397
409 2
409 45
409 216
409 280
409 369
409 404
409 412
409 433
409 445
410 129
410 166
410 332
410 450
410 466
410 470
410 490
410 494
411 146
411 178
411 217
411 239
411 263
411 270
411 271
411 296
411 314
412 404
412 409
412 433
412 439
412 445
412 452
413 219
413 291
413 327
413 379
413 421
413 434
413 447
413 485
413 488
414 45
414 80
414 216
414 280
414 369
414 404
414 418
414 449
414 452
415 82
415 380
415 422
415 428
415 440
415 451
415 471
415 475
416 24
416 31
416 135
416 170
416 175
416 234
416 318
416 376
416 390
417 269
417 347
417 402
418 88
418 109
418 282
418 310
418 313
418 320
418 362
418 365
418 414
419 137
419 393
419 453
420 195
420 303
420 308
420 336
420 349
420 351
420 387
420 421
421 219
421 237
421 379
421 413
421 420
421 430
421 447
421 484
421 485
421 488
422 82
422 311
422 380
422 415
422 428
422 440
422 451
422 475
423 36
423 229
423 350
423 438
423 464
423 487
424 81
424 116
424 127
424 133
424 243
424 375
424 436
424 442
424 459
424 476
425 87
425 401
425 426
425 443
425 457
425 460
425 462
425 465
426 19
426 35
426 132
426 225
426 241
426 289
426 384
426 425
427 21
427 47
427 83
427 107
427 189
427 212
427 346
427 395
427 406
427 480
428 82
428 380
428 415
428 422
428 440
428 451
428 471
428 481
429 4
429 7
429 100
429 150
429 152
429 213
429 265
429 394
429 431
429 441
430 219
430 421
430 447
430 484
430 485
430 488
431 26
431 57
431 117
431 168
431 188
431 193
431 240
431 283
431 357
431 429
432 86
432 137
432 358
432 453
433 180
433 216
433 369
433 382
433 404
433 409
433 412
433 439
433 445
433 449
434 219
434 291
434 297
434 327
434 379
434 413
434 435
434 447
434 485
434 488
435 43
435 44
435 50
435 94
435 204
435 211
435 274
435 330
435 383
435 434
436 116
436 243
436 372
436 375
436 398
436 424
436 442
436 461
436 468
436 476
437 360
437 438
437 474
437 486
437 493
437 495
437 497
437 499
437 500
438 14
438 36
438 70
438 91
438 110
438 149
438 187
438 192
438 229
438 256
438 363
438 374
438 423
438 437
438 454
438 464
438 487
439 2
439 45
439 80
439 180
439 216
439 369
439 412
439 433
439 452
440 311
440 380
440 415
440 422
440 428
440 451
440 463
440 475
440 481
441 150
441 183
441 213
441 265
441 394
441 429
441 444
442 424
442 436
442 461
442 468
442 476
443 87
443 200
443 230
443 236
443 401
443 425
443 448
443 457
443 462
443 465
443 472
444 160
444 194
444 244
444 250
444 261
444 306
444 441
445 2
445 45
445 80
445 280
445 404
445 409
445 412
445 433
445 449
446 78
446 219
446 237
446 291
446 297
446 327
446 379
446 447
446 484
446 485
446 488
447 78
447 219
447 237
447 291
447 297
447 327
447 379
447 413
447 421
447 430
447 434
447 446
447 488
448 443
448 449
448 457
448 460
448 462
448 465
448 472
449 2
449 80
449 180
449 280
449 369
449 404
449 414
449 433
449 445
449 448
449 452
450 11
450 97
450 129
450 166
450 169
450 231
450 332
450 410
450 470
450 490
450 492
451 40
451 55
451 144
451 248
451 311
451 415
451 422
451 428
451 440
451 463
451 473
452 180
452 216
452 280
452 369
452 382
452 404
452 412
452 414
452 439
452 449
452 453
453 12
453 33
453 86
453 114
453 137
453 358
453 392
453 393
453 419
453 432
453 452
454 7
454 70
454 187
454 272
454 350
454 438
454 491
455 228
455 354
455 456
455 479
456 1
456 71
456 72
456 93
456 161
456 227
456 335
456 344
456 371
456 396
456 455
457 87
457 230
457 236
457 401
457 425
457 443
457 448
457 462
457 465
457 472
458 21
458 47
458 83
458 107
458 189
458 212
458 302
458 346
458 395
458 406
458 480
459 81
459 424
459 461
459 468
459 476
460 41
460 87
460 200
460 230
460 236
460 401
460 425
460 448
460 462
460 465
460 472
461 116
461 127
461 133
461 243
461 372
461 375
461 398
461 436
461 442
461 459
461 476
462 41
462 87
462 200
462 230
462 236
462 425
462 443
462 448
462 457
462 460
462 472
462 485
463 82
463 380
463 440
463 451
463 471
463 475
463 481
464 70
464 423
464 438
464 487
464 491
465 41
465 87
465 200
465 230
465 236
465 401
465 425
465 443
465 448
465 457
465 460
465 472
466 129
466 166
466 169
466 287
466 307
466 332
466 410
466 467
466 470
466 483
466 490
466 494
467 360
467 466
467 474
467 478
467 486
467 493
467 495
467 496
467 499
467 500
468 81
468 116
468 127
468 133
468 243
468 372
468 375
468 398
468 436
468 442
468 459
468 484
469 21
469 47
469 83
469 107
469 302
469 346
469 395
469 480
470 13
470 129
470 167
470 169
470 231
470 287
470 332
470 410
470 450
470 466
470 483
470 494
471 40
471 55
471 82
471 144
471 248
471 311
471 380
471 415
471 428
471 463
471 473
471 481
472 41
472 200
472 230
472 236
472 401
472 443
472 448
472 457
472 460
472 462
472 465
472 474
473 82
473 451
473 471
473 475
473 481
474 38
474 48
474 153
474 186
474 190
474 199
474 214
474 235
474 348
474 360
474 388
474 437
474 467
474 472
474 478
474 486
474 495
474 497
474 498
474 499
475 40
475 55
475 82
475 144
475 248
475 311
475 380
475 415
475 422
475 440
475 463
475 473
476 81
476 116
476 127
476 133
476 243
476 372
476 375
476 398
476 424
476 436
476 442
476 459
476 461
477 1
477 5
477 71
477 72
477 93
477 227
477 228
477 335
477 344
477 354
477 371
477 482
477 489
478 360
478 388
478 467
478 474
478 486
478 493
478 495
478 496
478 497
478 499
478 500
479 71
479 344
479 354
479 371
479 455
479 482
479 489
480 336
480 346
480 395
480 406
480 427
480 458
480 469
481 40
481 55
481 82
481 144
481 248
481 311
481 380
481 428
481 440
481 463
481 471
481 473
481 483
482 1
482 72
482 93
482 161
482 228
482 344
482 354
482 371
482 396
482 477
482 479
483 129
483 332
483 466
483 470
483 481
483 490
484 78
484 219
484 237
484 297
484 327
484 379
484 421
484 430
484 446
484 468
484 485
484 488
485 78
485 219
485 237
485 291
485 297
485 327
485 379
485 413
485 421
485 430
485 434
485 446
485 462
485 484
486 235
486 360
486 388
486 437
486 467
486 474
486 478
486 493
486 495
486 496
486 500
487 14
487 36
487 70
487 110
487 149
487 187
487 192
487 229
487 256
487 374
487 423
487 438
487 464
487 488
487 491
488 78
488 219
488 237
488 291
488 297
488 327
488 379
488 413
488 421
488 430
488 434
488 446
488 447
488 484
488 487
489 5
489 72
489 227
489 228
489 477
489 479
489 498
490 11
490 13
490 97
490 167
490 169
490 231
490 287
490 307
490 332
490 410
490 450
490 466
490 483
490 492
490 494
490 499
491 14
491 110
491 149
491 187
491 256
491 363
491 454
491 464
491 487
491 500
492 129
492 166
492 332
492 450
492 490
493 199
493 235
493 360
493 388
493 437
493 467
493 478
493 486
493 495
493 496
493 497
493 499
493 500
494 129
494 332
494 410
494 466
494 470
494 490
495 190
495 199
495 214
495 235
495 348
495 388
495 437
495 467
495 474
495 478
495 486
495 493
495 496
495 497
495 498
495 499
495 500
496 360
496 467
496 478
496 486
496 493
496 495
496 497
496 499
496 500
497 38
497 48
497 153
497 186
497 190
497 199
497 214
497 235
497 348
497 388
497 437
497 474
497 478
497 493
497 495
497 496
497 498
497 499
497 500
498 360
498 474
498 489
498 495
498 497
498 499
498 500
499 38
499 48
499 153
499 186
499 190
499 199
499 214
499 235
499 348
499 388
499 437
499 467
499 474
499 478
499 490
499 493
499 495
499 496
499 497
499 498
500 38
500 48
500 153
500 186
500 190
500 199
500 214
500 235
500 348
500 360
500 388
500 437
500 467
500 478
500 486
500 491
500 493
500 495
500 496
500 497
500 498
