1 7
2 38
3 5
4 38
5 5
6 33
7 17
8 3
9 14
10 34
11 27
12 25
13 11
14 19
15 36
16 25
17 7
18 8
19 21
20 28
21 24
22 7
23 13
24 19
25 34
26 20
27 20
28 32
29 22
30 19
31 18
32 36
33 37
34 3
35 26
36 29
37 24
38 9
39 5
40 31
41 28
42 25
43 34
44 34
45 17
46 11
47 13
48 13
49 44
50 29
51 35
52 3
53 7
54 44
55 17
56 23
57 9
58 8
59 35
60 44
61 12
62 27
63 22
64 23
65 40
66 6
67 38
68 27
69 20
70 27
71 36
72 12
73 10
74 1
75 41
76 14
77 4
78 26
79 11
80 36
81 25
82 35
83 3
84 41
85 42
86 11
87 13
88 9
89 33
90 32
91 17
92 15
93 24
94 7
95 8
96 11
97 38
98 28
99 22
100 16
101 37
102 29
103 31
104 39
105 16
106 2
107 40
108 9
109 10
110 33
111 16
112 5
113 13
114 21
115 13
116 39
117 28
118 36
119 27
120 16
121 20
122 25
123 20
124 16
125 10
126 36
127 37
128 30
129 6
130 16
131 38
132 2
133 42
134 5
135 35
136 23
137 26
138 44
139 21
140 41
141 24
142 28
143 23
144 28
145 4
146 21
147 29
148 39
149 36
150 9
151 35
152 29
153 12
154 24
155 30
156 20
157 30
158 33
159 6
160 34
161 42
162 10
163 2
164 34
165 33
166 33
167 22
168 1
169 37
170 30
171 31
172 42
173 22
174 6
175 8
176 44
177 37
178 33
179 21
180 40
181 23
182 21
183 33
184 1
185 15
186 6
187 31
188 40
189 19
190 29
191 14
192 10
193 19
194 20
195 3
196 19
197 15
198 18
199 23
200 18
201 6
202 1
203 36
204 22
205 15
206 20
207 10
208 13
209 36
210 30
211 20
212 33
213 34
214 30
215 40
216 32
217 43
218 42
219 39
220 37
221 6
222 3
223 3
224 6
225 42
226 19
227 12
228 3
229 34
230 26
231 20
232 21
233 34
234 2
235 32
236 17
237 34
238 39
239 2
240 8
241 42
242 4
243 28
244 41
245 37
246 20
247 39
248 26
249 42
250 18
251 6
252 15
253 6
254 18
255 39
256 44
257 28
258 43
259 31
260 40
261 16
262 32
263 26
264 32
265 15
266 23
267 40
268 4
269 18
270 2
271 39
272 18
273 21
274 8
275 1
276 41
277 31
278 3
279 20
280 2
281 36
282 4
283 31
284 14
285 33
286 42
287 41
288 20
289 4
290 30
291 12
292 41
293 20
294 10
295 21
296 26
297 39
298 22
299 17
300 2
301 34
302 1
303 20
304 20
305 42
306 30
307 43
308 19
309 44
310 22
311 36
312 37
313 41
314 41
315 1
316 43
317 33
318 22
319 17
320 44
321 21
322 43
323 32
324 4
325 22
326 43
327 12
328 32
329 8
330 36
331 12
332 17
333 37
334 26
335 15
336 4
337 33
338 20
339 43
340 39
341 18
342 37
343 17
344 17
345 40
346 42
347 36
348 29
349 43
350 17
351 17
352 39
353 31
354 39
355 3
356 15
357 29
358 32
359 36
360 14
361 31
362 40
363 33
364 33
365 8
366 8
367 14
368 8
369 34
370 41
371 36
372 31
373 36
374 40
375 39
376 26
377 41
378 12
379 36
380 6
381 37
382 32
383 19
384 37
385 12
386 26
387 36
388 4
389 34
390 22
391 40
392 39
393 28
394 19
395 22
396 14
397 12
398 31
399 8
400 6
401 43
402 30
403 14
404 32
405 39
406 43
407 21
408 42
409 19
410 29
411 20
412 17
413 31
414 43
415 32
416 31
417 8
418 20
419 36
420 17
421 31
422 34
423 6
424 37
425 31
426 37
427 22
428 32
429 3
430 37
431 8
432 31
433 42
434 8
435 34
436 22
437 34
438 20
439 30
440 14
441 37
442 30
443 37
444 30
445 3
446 31
447 26
448 14
449 39
450 14
451 20
452 36
453 33
454 31
455 26
456 3
457 20
458 6
459 22
460 26
461 14
462 30
463 32
464 14
465 33
466 32
467 34
468 34
469 22
470 17
471 3
472 22
473 14
474 33
475 17
476 14
477 39
478 36
479 14
480 36
481 39
482 34
483 17
484 37
485 33
486 31
487 20
488 37
489 33
490 33
491 39
492 34
493 31
494 22
495 22
496 36
497 37
498 22
499 31
500 33
