1 2
1 16
1 38
1 125
1 495
2 1
2 6
2 16
2 38
2 125
3 102
3 157
3 183
3 274
3 376
4 43
4 55
4 60
4 130
4 144
5 170
5 215
5 220
5 269
5 331
6 2
6 28
6 93
6 122
6 158
7 14
7 35
7 202
7 230
8 89
8 214
8 357
8 466
8 478
9 10
9 77
9 91
9 154
9 172
10 9
10 77
10 91
10 154
10 172
11 105
11 206
11 288
11 372
11 399
12 13
12 96
12 135
12 145
12 404
13 12
13 227
13 417
13 432
13 441
13 470
14 7
14 15
14 35
14 67
14 143
14 202
14 230
15 14
15 90
15 460
15 486
15 494
16 1
16 2
16 18
16 38
16 125
17 189
17 194
17 354
17 396
17 407
17 408
18 16
18 113
18 173
18 240
18 385
19 20
19 120
19 309
19 333
19 386
19 454
19 480
20 19
20 342
20 349
20 411
20 412
21 118
21 338
21 340
21 367
21 387
22 169
22 219
22 294
22 336
22 432
22 434
22 441
22 461
22 470
23 131
23 201
23 205
23 290
23 301
24 236
24 361
24 380
24 382
24 439
24 489
24 492
24 493
25 47
25 86
25 188
25 211
25 222
25 249
26 27
26 439
26 489
26 492
26 493
27 26
27 97
27 229
27 415
27 423
27 447
27 458
27 468
27 490
27 497
27 500
28 6
28 38
28 93
28 122
28 158
29 37
29 257
29 299
29 324
29 416
29 419
30 338
30 340
30 367
30 383
30 387
31 415
31 447
31 458
31 490
31 497
32 191
32 243
32 284
32 346
32 347
33 374
33 403
33 481
33 498
33 499
34 48
34 74
34 119
34 163
34 276
35 7
35 14
35 67
35 143
35 202
36 199
36 217
36 308
36 345
36 362
37 29
37 124
37 178
37 416
37 419
38 1
38 2
38 16
38 28
38 125
39 41
39 270
39 369
39 370
39 390
40 193
40 286
40 349
40 350
40 352
40 363
40 411
40 412
41 39
41 255
41 291
41 296
41 364
42 328
42 378
42 388
43 4
43 55
43 130
43 144
43 275
44 443
44 450
44 457
44 465
44 477
45 132
45 365
45 436
45 446
45 456
46 92
46 134
46 149
46 174
46 232
47 25
47 210
47 222
47 249
47 312
48 34
48 163
48 267
48 276
48 319
49 54
49 171
49 200
49 213
49 245
50 111
50 121
50 192
50 343
50 365
51 413
51 450
51 457
51 465
51 477
52 65
52 281
52 287
52 358
52 360
53 54
53 189
53 194
53 246
53 354
53 407
54 49
54 53
54 71
54 171
54 200
54 245
55 4
55 43
55 60
55 144
55 275
56 443
56 450
56 457
56 465
56 477
57 84
57 270
57 369
57 370
57 390
58 66
58 268
58 325
58 332
58 341
58 351
59 209
59 268
59 332
59 341
59 351
60 4
60 55
60 130
60 144
60 275
61 247
61 254
61 277
61 278
61 300
62 199
62 217
62 308
62 327
62 345
63 129
63 136
63 167
63 326
64 179
64 235
64 248
64 378
64 388
65 52
65 185
65 259
65 281
65 287
65 310
65 360
65 381
66 58
66 209
66 237
66 332
66 341
66 351
66 492
67 14
67 35
67 143
67 202
67 230
68 187
68 247
68 277
68 278
68 300
69 92
69 134
69 149
69 174
69 232
70 135
70 142
70 145
70 348
71 54
71 200
71 213
71 245
72 83
72 114
72 162
72 165
72 203
72 304
72 393
72 394
72 401
72 410
72 435
72 455
72 462
72 471
72 488
73 86
73 89
73 100
73 112
73 123
73 214
73 357
73 366
73 438
73 459
73 466
73 478
74 34
74 163
74 267
74 276
74 319
75 102
75 157
75 183
75 274
75 376
76 111
76 121
76 195
76 343
76 365
77 9
77 10
77 91
77 154
77 172
78 132
78 427
78 436
78 446
78 456
79 168
79 405
79 431
79 451
79 485
80 105
80 288
80 372
80 379
80 399
81 177
81 198
81 233
81 264
81 283
82 403
82 473
82 481
82 498
82 499
83 72
83 394
83 410
83 462
83 471
84 57
84 224
84 239
84 270
84 369
84 390
84 395
85 99
85 135
85 138
85 145
85 212
85 348
85 420
86 25
86 73
86 210
86 211
86 216
86 222
87 98
87 120
87 277
87 386
87 454
88 98
88 120
88 309
88 386
88 454
89 8
89 73
89 100
89 112
89 214
89 337
89 357
89 366
89 422
89 438
89 459
89 466
90 15
90 110
90 140
90 244
90 306
90 316
90 375
90 384
90 391
90 418
90 444
90 460
90 464
90 474
90 482
90 486
90 491
90 495
91 9
91 10
91 77
91 154
91 172
92 46
92 69
92 149
92 174
92 232
93 6
93 28
93 99
93 122
93 158
94 237
94 332
94 341
94 351
95 168
95 196
95 400
95 405
95 485
96 12
96 99
96 138
96 212
96 348
97 27
97 127
97 229
97 377
97 415
97 423
97 437
97 447
97 458
97 468
97 490
97 497
97 500
98 87
98 88
98 120
98 253
98 261
98 309
98 333
98 386
98 414
98 430
98 454
99 85
99 93
99 96
99 145
99 404
100 73
100 89
100 366
100 466
100 478
101 103
101 104
101 109
101 147
101 153
101 156
101 221
102 3
102 75
102 103
102 157
102 183
102 204
102 274
102 376
103 101
103 102
103 183
103 204
103 274
104 101
104 109
104 147
104 153
104 156
105 11
105 80
105 225
105 260
105 288
105 372
105 379
105 399
105 421
106 177
106 198
106 233
106 264
106 283
107 108
107 191
107 243
107 284
107 347
108 107
108 417
108 432
108 441
108 470
109 101
109 104
109 221
110 90
110 140
110 391
110 486
110 494
111 50
111 76
111 112
111 116
111 192
111 195
111 289
112 73
112 89
112 111
112 366
112 466
112 478
113 18
113 176
113 186
113 240
113 271
113 293
113 385
113 389
114 72
114 115
114 393
114 394
114 401
114 410
114 435
114 455
114 471
114 479
114 483
114 488
115 114
115 155
115 489
115 492
115 493
116 111
116 195
116 289
116 343
116 365
117 119
117 394
117 455
117 462
117 471
118 21
118 338
118 340
118 367
118 383
118 387
119 34
119 117
119 163
119 276
119 319
120 19
120 87
120 88
120 98
120 175
120 253
120 261
120 309
120 333
120 386
120 414
120 430
120 449
120 454
120 480
121 50
121 76
121 289
121 343
121 365
122 6
122 28
122 93
122 125
122 158
123 73
123 214
123 466
123 478
124 37
124 141
124 324
124 416
124 419
125 1
125 2
125 16
125 38
125 122
126 129
126 217
126 308
126 327
126 345
127 97
127 229
127 415
127 423
127 437
127 447
127 458
127 468
127 490
127 497
127 500
128 443
128 450
128 457
128 465
128 477
129 63
129 126
129 136
129 161
129 167
129 326
130 4
130 43
130 60
130 144
130 275
131 23
131 205
131 262
131 290
131 301
132 45
132 78
132 180
132 292
132 321
132 322
132 371
132 427
132 446
132 456
133 147
133 242
133 334
133 398
133 402
133 448
133 452
133 453
133 475
133 476
134 46
134 69
134 149
134 174
135 12
135 70
135 85
135 142
135 212
136 63
136 129
136 161
136 167
136 265
136 326
137 194
137 354
137 396
137 407
138 85
138 96
138 145
138 348
138 420
139 292
139 321
139 322
139 371
139 436
139 445
139 446
139 456
140 90
140 110
140 244
140 306
140 316
140 375
140 384
140 391
140 418
140 444
140 464
140 482
140 486
140 491
140 494
140 495
141 124
141 257
141 299
141 416
141 419
142 70
142 135
142 145
142 348
143 14
143 35
143 67
143 202
143 230
144 4
144 43
144 55
144 60
144 130
144 275
145 12
145 70
145 85
145 99
145 138
145 142
145 212
145 348
145 404
146 179
146 235
146 248
146 378
146 388
147 101
147 104
147 133
147 156
147 221
148 403
148 473
148 481
148 498
148 499
149 46
149 69
149 92
149 134
149 150
149 174
149 232
150 149
150 194
150 354
150 396
150 407
151 152
151 338
151 340
151 367
151 387
152 151
152 217
152 308
152 327
152 345
153 101
153 104
153 156
153 221
154 9
154 10
154 77
154 91
154 172
155 115
155 382
155 489
155 492
155 493
156 101
156 104
156 147
156 153
156 221
157 3
157 75
157 102
157 183
157 274
158 6
158 28
158 93
158 122
158 161
159 166
159 190
159 208
159 256
159 279
159 295
160 168
160 320
160 400
160 431
160 451
160 485
161 129
161 136
161 158
161 167
161 326
162 72
162 394
162 410
162 455
162 462
163 34
163 48
163 74
163 119
163 276
163 319
164 424
164 473
164 481
164 484
164 498
164 499
165 72
165 353
165 394
165 410
165 455
165 462
166 159
166 190
166 208
166 279
166 295
167 63
167 129
167 136
167 161
167 265
167 326
168 79
168 95
168 160
168 182
168 320
168 329
168 409
168 485
169 22
169 227
169 336
169 417
169 461
169 470
170 5
170 220
170 258
170 269
170 303
170 331
171 49
171 54
171 200
171 213
171 245
172 9
172 10
172 77
172 91
172 154
172 353
173 18
173 179
173 186
173 240
173 271
173 293
173 385
173 389
174 46
174 69
174 92
174 134
174 149
174 232
175 120
175 386
175 454
175 480
176 113
176 186
176 240
176 271
176 293
176 373
177 81
177 106
177 233
177 251
177 264
177 283
178 37
178 299
178 324
178 416
178 419
179 64
179 146
179 173
179 235
179 248
179 307
179 328
179 388
180 132
180 427
180 436
180 446
180 456
181 255
181 296
181 305
181 339
181 364
181 426
182 168
182 320
182 329
182 431
182 451
182 485
183 3
183 75
183 102
183 103
183 157
183 204
184 402
184 448
184 452
184 453
184 475
184 476
185 65
185 234
185 259
185 281
185 310
185 358
186 113
186 173
186 176
186 240
186 373
186 385
187 68
187 189
187 247
187 277
187 278
187 300
188 25
188 210
188 211
188 216
188 222
188 249
189 17
189 53
189 187
189 194
189 354
189 407
190 159
190 166
190 208
190 256
190 279
190 295
191 32
191 107
191 192
191 218
191 243
191 284
191 302
191 346
192 50
192 111
192 191
192 195
192 289
192 343
193 40
193 194
193 342
193 349
193 411
193 412
194 17
194 53
194 137
194 150
194 189
194 193
194 246
194 354
194 407
194 408
195 76
195 111
195 116
195 192
195 223
195 289
196 95
196 263
196 320
196 330
196 353
196 400
196 431
196 451
196 485
197 374
197 424
197 481
197 484
197 498
197 499
198 81
198 106
198 233
198 251
198 264
198 283
199 36
199 62
199 200
199 217
199 241
199 327
199 345
199 362
200 49
200 54
200 71
200 171
200 199
200 213
200 245
201 23
201 204
201 205
201 262
201 290
201 301
202 7
202 14
202 35
202 67
202 143
202 230
203 72
203 394
203 410
203 455
203 462
203 471
204 102
204 103
204 183
204 201
204 274
204 376
205 23
205 131
205 201
205 262
205 290
205 301
206 11
206 225
206 260
206 372
206 379
206 399
206 421
207 255
207 296
207 305
207 339
207 364
207 406
208 159
208 166
208 190
208 218
208 256
208 279
208 295
209 59
209 66
209 332
209 341
209 351
210 47
210 86
210 188
210 249
210 312
210 434
211 25
211 86
211 188
211 249
211 312
212 85
212 96
212 135
212 145
212 348
212 420
213 49
213 71
213 171
213 200
213 245
213 437
214 8
214 73
214 89
214 123
214 337
214 357
214 438
214 466
214 478
215 5
215 220
215 258
215 269
215 303
215 331
216 86
216 188
216 249
216 312
217 36
217 62
217 126
217 152
217 199
217 241
218 191
218 208
218 243
218 284
218 302
218 347
219 22
219 227
219 417
219 432
219 441
219 470
220 5
220 170
220 215
220 258
220 269
220 303
220 331
221 101
221 109
221 147
221 153
221 156
222 25
222 47
222 86
222 188
222 224
222 249
222 312
223 195
223 289
223 343
223 365
224 84
224 222
224 270
224 369
224 370
224 390
225 105
225 206
225 226
225 372
225 379
225 399
226 225
226 229
226 415
226 458
226 490
226 497
227 13
227 169
227 219
227 294
227 336
227 425
227 432
227 434
227 441
227 461
228 229
228 443
228 450
228 457
228 465
228 477
229 27
229 97
229 127
229 226
229 228
229 285
229 377
229 397
229 415
229 423
229 429
229 437
229 458
229 463
229 468
229 496
229 497
230 7
230 14
230 67
230 143
230 202
231 394
231 455
231 462
231 471
232 46
232 69
232 92
232 149
232 174
233 81
233 106
233 177
233 198
233 251
233 283
234 185
234 235
234 281
234 287
234 358
234 360
235 64
235 146
235 179
235 234
235 307
235 328
235 378
235 388
236 24
236 361
236 382
236 489
236 492
236 493
237 66
237 94
237 268
237 325
237 332
237 351
238 241
238 250
238 338
238 340
238 367
238 387
239 84
239 311
239 369
239 370
239 390
240 18
240 113
240 173
240 176
240 186
240 271
240 293
240 373
240 389
241 199
241 217
241 238
241 308
241 327
241 345
242 133
242 334
242 383
242 398
242 402
242 448
242 452
242 453
242 475
242 476
243 32
243 107
243 191
243 218
243 284
243 347
244 90
244 140
244 391
244 460
244 486
244 494
245 49
245 54
245 71
245 171
245 200
245 213
246 53
246 194
246 354
246 396
246 407
247 61
247 68
247 187
247 254
247 277
247 300
248 64
248 146
248 179
248 307
248 378
248 388
249 25
249 47
249 188
249 210
249 211
249 216
249 222
249 253
250 238
250 338
250 367
250 383
250 387
251 177
251 198
251 233
251 264
251 283
252 394
252 410
252 455
252 471
252 479
252 488
253 98
253 120
253 249
253 309
253 386
253 454
254 61
254 247
254 261
254 277
254 278
254 300
255 41
255 181
255 207
255 291
255 296
255 305
255 339
255 406
255 426
255 433
256 159
256 190
256 208
256 279
256 295
257 29
257 141
257 299
257 324
257 416
257 419
258 170
258 215
258 220
258 269
258 303
258 331
259 65
259 185
259 287
259 310
259 358
259 360
260 105
260 206
260 372
260 379
260 399
261 98
261 120
261 254
261 309
261 386
261 454
262 131
262 201
262 205
262 266
262 290
262 301
263 196
263 330
263 405
263 431
263 451
263 485
264 81
264 106
264 177
264 198
264 251
264 283
265 136
265 167
265 326
266 262
266 403
266 428
266 481
266 498
266 499
267 48
267 74
267 268
267 276
267 319
268 58
268 59
268 237
268 267
268 332
268 341
268 351
269 5
269 170
269 215
269 220
269 258
269 303
269 331
270 39
270 57
270 84
270 224
270 311
270 369
270 370
270 390
271 113
271 173
271 176
271 240
271 275
271 385
272 392
272 403
272 424
272 473
272 481
272 498
272 499
273 282
273 413
273 443
273 450
273 457
273 465
273 477
274 3
274 75
274 102
274 103
274 157
274 204
274 376
275 43
275 55
275 60
275 130
275 144
275 271
276 34
276 48
276 74
276 119
276 163
276 267
276 319
277 61
277 68
277 87
277 187
277 247
277 254
277 278
277 300
278 61
278 68
278 187
278 254
278 277
278 300
279 159
279 166
279 190
279 208
279 256
279 290
279 295
280 297
280 335
280 382
280 469
280 489
280 492
280 493
281 52
281 65
281 185
281 234
281 287
281 358
281 381
282 273
282 298
282 368
282 413
282 450
282 465
282 477
283 81
283 106
283 177
283 198
283 233
283 251
283 264
284 32
284 107
284 191
284 218
284 243
284 302
284 346
284 347
285 229
285 415
285 423
285 437
285 458
285 490
285 497
286 40
286 342
286 349
286 350
286 352
286 411
286 412
287 52
287 65
287 234
287 259
287 281
287 310
287 381
288 11
288 80
288 105
288 372
288 399
289 111
289 116
289 121
289 192
289 195
289 223
289 365
290 23
290 131
290 201
290 205
290 262
290 279
290 301
291 41
291 255
291 296
291 305
291 339
291 364
291 406
291 426
291 433
292 132
292 139
292 322
292 436
292 446
292 456
293 113
293 173
293 176
293 240
293 385
294 22
294 227
294 417
294 432
294 441
294 461
294 470
295 159
295 166
295 190
295 208
295 256
295 279
295 301
296 41
296 181
296 207
296 255
296 291
296 339
296 406
296 426
296 433
297 280
297 356
297 489
297 492
297 493
298 282
298 413
298 443
298 450
298 457
298 465
298 477
299 29
299 141
299 178
299 257
299 355
299 416
299 419
300 61
300 68
300 187
300 247
300 254
300 277
300 278
301 23
301 131
301 201
301 205
301 262
301 290
301 295
302 191
302 218
302 284
302 346
302 347
302 453
302 455
303 170
303 215
303 220
303 258
303 269
303 331
304 72
304 306
304 394
304 410
304 462
304 471
304 479
305 181
305 207
305 255
305 291
305 339
305 364
305 406
306 90
306 140
306 304
306 375
306 384
306 391
306 418
306 444
306 460
306 464
306 474
306 486
306 494
306 495
307 179
307 235
307 248
307 378
307 388
308 36
308 62
308 126
308 152
308 241
308 327
308 362
309 19
309 88
309 98
309 120
309 253
309 261
309 333
309 414
309 430
309 449
309 454
309 480
310 65
310 185
310 259
310 287
310 311
310 358
310 360
311 239
311 270
311 310
311 369
311 370
311 395
312 47
312 210
312 211
312 216
312 222
313 374
313 403
313 424
313 428
313 481
313 498
313 499
314 316
314 413
314 443
314 450
314 457
314 465
314 477
315 374
315 392
315 403
315 428
315 481
315 498
315 499
316 90
316 140
316 314
316 391
316 460
316 486
316 494
317 415
317 437
317 458
317 490
317 497
318 320
318 323
318 335
318 380
318 382
318 489
318 492
318 493
319 48
319 74
319 119
319 163
319 267
319 276
319 475
320 160
320 168
320 182
320 196
320 318
320 329
320 405
320 409
320 431
320 451
320 485
321 132
321 139
321 324
321 427
321 436
321 446
321 456
322 132
322 139
322 292
322 427
322 436
322 446
322 456
323 318
323 335
323 380
323 382
323 489
323 492
323 493
324 29
324 124
324 178
324 257
324 321
324 416
324 419
325 58
325 237
325 326
325 332
325 341
325 351
326 63
326 129
326 136
326 161
326 167
326 265
326 325
327 62
327 126
327 152
327 199
327 241
327 308
327 345
327 362
328 42
328 179
328 235
328 331
328 378
328 388
329 168
329 182
329 320
329 330
329 405
329 431
329 451
329 485
330 196
330 263
330 329
330 431
330 451
330 485
331 5
331 170
331 215
331 220
331 258
331 269
331 303
331 328
332 58
332 59
332 66
332 94
332 209
332 237
332 268
332 325
333 19
333 98
333 120
333 309
333 449
333 454
333 480
334 133
334 242
334 336
334 344
334 398
334 402
334 448
334 452
334 472
334 475
334 476
335 280
335 318
335 323
335 382
335 469
335 489
335 492
335 493
336 22
336 169
336 227
336 334
336 417
336 441
336 461
336 470
337 89
337 214
337 339
337 357
337 366
337 422
337 466
337 478
338 21
338 30
338 118
338 151
338 238
338 250
338 383
338 387
339 181
339 207
339 255
339 291
339 296
339 305
339 337
339 364
340 21
340 30
340 118
340 151
340 238
340 367
340 383
340 387
341 58
341 59
341 66
341 94
341 209
341 268
341 325
341 343
342 20
342 193
342 286
342 350
342 352
342 363
342 411
342 412
343 50
343 76
343 116
343 121
343 192
343 223
343 341
343 365
344 334
344 398
344 402
344 448
344 452
344 453
344 475
344 476
345 36
345 62
345 126
345 152
345 199
345 241
345 327
345 347
345 362
346 32
346 191
346 284
346 302
346 347
347 32
347 107
347 218
347 243
347 284
347 302
347 345
347 346
348 70
348 85
348 96
348 138
348 142
348 145
348 212
348 354
348 404
348 420
349 20
349 40
349 193
349 286
349 350
349 363
349 411
349 412
350 40
350 286
350 342
350 349
350 352
350 411
350 412
351 58
351 59
351 66
351 94
351 209
351 237
351 268
351 325
352 40
352 286
352 342
352 350
352 411
352 412
353 165
353 172
353 196
353 400
353 405
353 431
353 451
353 485
354 17
354 53
354 137
354 150
354 189
354 194
354 246
354 348
354 396
354 408
355 299
355 374
355 403
355 424
355 481
355 484
355 498
355 499
356 297
356 360
356 380
356 382
356 439
356 489
356 492
356 493
357 8
357 73
357 89
357 214
357 337
357 422
357 466
357 478
358 52
358 185
358 234
358 259
358 281
358 310
358 360
358 381
359 392
359 428
359 467
359 473
359 481
359 484
359 498
359 499
360 52
360 65
360 234
360 259
360 310
360 356
360 358
360 381
361 24
361 236
361 363
361 382
361 439
361 489
361 492
361 493
362 36
362 199
362 308
362 327
362 345
363 40
363 342
363 349
363 361
363 411
363 412
364 41
364 181
364 207
364 291
364 305
364 339
364 426
364 433
365 45
365 50
365 76
365 116
365 121
365 223
365 289
365 343
366 73
366 89
366 100
366 112
366 337
366 422
366 466
366 478
367 21
367 30
367 118
367 151
367 238
367 250
367 340
367 383
368 282
368 370
368 413
368 443
368 450
368 465
369 39
369 57
369 84
369 224
369 239
369 270
369 311
369 395
370 39
370 57
370 224
370 239
370 270
370 311
370 368
370 390
370 395
371 132
371 139
371 427
371 436
371 446
371 456
372 11
372 80
372 105
372 206
372 225
372 260
372 288
372 376
372 379
372 421
373 176
373 186
373 240
373 385
373 389
374 33
374 197
374 313
374 315
374 355
374 392
374 403
374 467
374 473
374 481
374 484
374 498
374 499
375 90
375 140
375 306
375 391
375 418
375 444
375 464
375 486
375 494
376 3
376 75
376 102
376 204
376 274
376 372
377 97
377 229
377 415
377 423
377 437
377 458
377 490
377 497
377 500
378 42
378 64
378 146
378 235
378 248
378 307
378 328
378 381
378 388
379 80
379 105
379 206
379 225
379 260
379 372
379 399
379 421
380 24
380 318
380 323
380 356
380 382
380 439
380 489
380 492
380 493
381 65
381 281
381 287
381 358
381 360
381 378
382 24
382 155
382 236
382 280
382 318
382 323
382 335
382 356
382 361
382 380
382 385
382 439
382 493
383 30
383 118
383 242
383 250
383 338
383 340
383 367
383 387
383 495
384 90
384 140
384 306
384 389
384 391
384 444
384 460
384 486
384 494
385 18
385 113
385 173
385 186
385 271
385 293
385 373
385 382
385 389
386 19
386 87
386 88
386 98
386 120
386 175
386 253
386 261
386 449
387 21
387 30
387 118
387 151
387 238
387 250
387 338
387 340
387 383
388 42
388 64
388 146
388 179
388 235
388 248
388 307
388 328
388 378
389 113
389 173
389 240
389 373
389 384
389 385
390 39
390 57
390 84
390 224
390 239
390 270
390 370
390 391
390 395
391 90
391 110
391 140
391 244
391 306
391 316
391 375
391 384
391 390
391 418
391 444
391 460
391 474
391 482
391 494
391 495
392 272
392 315
392 359
392 374
392 403
392 428
392 473
392 498
392 499
393 72
393 114
393 401
393 410
393 462
393 471
393 479
393 488
394 72
394 83
394 114
394 117
394 162
394 165
394 203
394 231
394 252
394 304
394 401
394 410
394 462
394 471
394 483
394 488
395 84
395 311
395 369
395 370
395 390
395 400
396 17
396 137
396 150
396 246
396 354
396 407
396 408
397 229
397 415
397 423
397 437
397 447
397 458
397 490
397 497
397 500
398 133
398 242
398 334
398 344
398 402
398 448
398 452
398 453
398 475
398 476
399 11
399 80
399 105
399 206
399 225
399 260
399 288
399 379
399 421
400 95
400 160
400 196
400 353
400 395
400 451
400 485
401 72
401 114
401 393
401 394
401 410
401 435
401 455
401 483
401 488
402 133
402 184
402 242
402 334
402 344
402 398
402 440
402 442
402 452
402 453
402 472
402 475
402 476
403 33
403 82
403 148
403 266
403 272
403 313
403 315
403 355
403 374
403 392
403 428
403 467
403 473
403 481
403 498
403 499
404 12
404 99
404 145
404 348
404 405
404 420
405 79
405 95
405 263
405 320
405 329
405 353
405 404
405 409
405 451
405 485
406 207
406 255
406 291
406 296
406 305
406 407
406 426
406 433
407 17
407 53
407 137
407 150
407 189
407 194
407 246
407 396
407 406
407 408
408 17
408 194
408 354
408 396
408 407
408 411
409 168
409 320
409 405
409 431
409 485
410 72
410 83
410 114
410 162
410 165
410 203
410 252
410 304
410 393
410 394
410 401
410 412
410 435
410 462
410 471
411 20
411 40
411 193
411 286
411 342
411 349
411 350
411 352
411 363
411 408
412 20
412 40
412 193
412 286
412 342
412 349
412 350
412 352
412 363
412 410
413 51
413 273
413 282
413 298
413 314
413 368
413 414
413 450
414 98
414 120
414 309
414 413
414 454
414 480
415 27
415 31
415 97
415 127
415 226
415 229
415 285
415 317
415 377
415 397
415 423
415 429
415 437
415 447
415 463
415 468
415 487
415 490
415 496
415 500
416 29
416 37
416 124
416 141
416 178
416 257
416 299
416 324
416 417
416 419
417 13
417 108
417 169
417 219
417 294
417 336
417 416
417 425
417 434
417 441
417 461
418 90
418 140
418 306
418 375
418 391
418 444
418 460
418 464
418 486
418 494
419 29
419 37
419 124
419 141
419 178
419 257
419 299
419 324
419 416
419 420
420 85
420 138
420 212
420 348
420 404
420 419
421 105
421 206
421 372
421 379
421 399
421 422
422 89
422 337
422 357
422 366
422 421
422 466
422 478
423 27
423 97
423 127
423 229
423 285
423 377
423 397
423 415
423 458
423 468
423 497
424 164
424 197
424 272
424 313
424 355
424 467
424 473
424 484
424 498
424 499
425 227
425 417
425 432
425 470
426 181
426 255
426 291
426 296
426 364
426 406
426 427
426 433
427 78
427 132
427 180
427 321
427 322
427 371
427 426
427 436
427 445
427 446
427 456
428 266
428 313
428 315
428 359
428 392
428 403
428 433
428 467
428 481
428 498
428 499
429 229
429 415
429 437
429 447
429 458
429 490
429 497
430 98
430 120
430 309
430 454
430 480
431 79
431 160
431 182
431 196
431 263
431 320
431 329
431 330
431 353
431 409
431 485
432 13
432 22
432 108
432 219
432 227
432 294
432 425
432 434
432 441
432 461
432 470
433 255
433 291
433 296
433 364
433 406
433 426
433 428
434 22
434 210
434 227
434 417
434 432
434 441
434 470
435 72
435 114
435 401
435 410
435 479
435 488
436 45
436 78
436 139
436 180
436 292
436 321
436 322
436 371
436 427
436 445
436 456
437 97
437 127
437 213
437 229
437 285
437 317
437 377
437 397
437 415
437 429
437 458
437 490
437 497
438 73
438 89
438 214
438 466
438 478
439 24
439 26
439 356
439 361
439 380
439 382
439 440
439 469
439 489
439 492
439 493
440 402
440 439
440 448
440 475
440 476
441 13
441 22
441 108
441 219
441 227
441 294
441 336
441 417
441 432
441 434
441 442
441 470
442 402
442 441
442 448
442 475
442 476
443 44
443 56
443 128
443 228
443 273
443 298
443 314
443 368
443 457
443 477
443 496
444 90
444 140
444 306
444 375
444 384
444 391
444 418
444 464
444 494
444 495
445 139
445 427
445 436
445 446
445 447
445 456
446 45
446 78
446 132
446 139
446 180
446 292
446 321
446 322
446 371
446 427
446 445
447 27
447 31
447 97
447 127
447 397
447 415
447 429
447 445
447 458
447 497
447 500
448 133
448 184
448 242
448 334
448 344
448 398
448 440
448 442
448 453
448 472
448 475
448 476
449 120
449 309
449 333
449 386
449 480
450 44
450 51
450 56
450 128
450 228
450 273
450 282
450 298
450 314
450 368
450 413
450 451
450 457
450 465
450 477
451 79
451 160
451 182
451 196
451 263
451 320
451 329
451 330
451 353
451 400
451 405
451 450
452 133
452 184
452 242
452 334
452 344
452 398
452 402
452 453
452 472
452 475
452 476
453 133
453 184
453 242
453 302
453 344
453 398
453 402
453 448
453 452
453 472
453 475
453 476
454 19
454 87
454 88
454 98
454 120
454 175
454 253
454 261
454 309
454 333
454 414
454 430
455 72
455 114
455 117
455 162
455 165
455 203
455 231
455 252
455 302
455 401
455 471
455 479
456 45
456 78
456 132
456 139
456 180
456 292
456 321
456 322
456 371
456 427
456 436
456 445
457 44
457 51
457 56
457 128
457 228
457 273
457 298
457 314
457 443
457 450
457 458
457 465
458 27
458 31
458 97
458 127
458 226
458 229
458 285
458 317
458 377
458 397
458 423
458 429
458 437
458 447
458 457
458 463
458 468
458 487
458 496
458 500
459 73
459 89
459 466
459 478
460 15
460 90
460 244
460 306
460 316
460 384
460 391
460 418
460 461
460 464
460 474
460 491
460 494
460 495
461 22
461 169
461 227
461 294
461 336
461 417
461 432
461 460
461 470
462 72
462 83
462 117
462 162
462 165
462 203
462 231
462 304
462 393
462 394
462 410
462 465
462 479
463 229
463 415
463 458
463 490
463 497
464 90
464 140
464 306
464 375
464 418
464 444
464 460
464 486
464 494
465 44
465 51
465 56
465 128
465 228
465 273
465 282
465 298
465 314
465 368
465 450
465 457
465 462
466 8
466 73
466 89
466 100
466 112
466 123
466 214
466 337
466 357
466 366
466 422
466 438
466 459
466 468
467 359
467 374
467 403
467 424
467 428
467 473
467 484
467 498
467 499
468 27
468 97
468 127
468 229
468 415
468 423
468 458
468 466
468 490
468 497
468 500
469 280
469 335
469 439
469 470
469 489
469 492
469 493
470 13
470 22
470 108
470 169
470 219
470 294
470 336
470 425
470 432
470 434
470 441
470 461
470 469
471 72
471 83
471 114
471 117
471 203
471 231
471 252
471 304
471 393
471 394
471 410
471 455
471 472
472 334
472 402
472 448
472 452
472 453
472 471
472 475
472 476
473 82
473 148
473 164
473 272
473 359
473 374
473 392
473 403
473 424
473 467
473 476
473 484
473 498
473 499
474 90
474 306
474 391
474 460
474 486
474 494
475 133
475 184
475 242
475 319
475 334
475 344
475 398
475 402
475 440
475 442
475 448
475 452
475 453
475 472
476 133
476 184
476 242
476 334
476 344
476 398
476 402
476 440
476 442
476 448
476 452
476 453
476 472
476 473
477 44
477 51
477 56
477 128
477 228
477 273
477 282
477 298
477 314
477 443
477 450
478 8
478 73
478 100
478 112
478 123
478 214
478 337
478 357
478 366
478 422
478 438
478 459
478 479
479 114
479 252
479 304
479 393
479 435
479 455
479 462
479 478
479 483
479 488
480 19
480 120
480 175
480 309
480 333
480 414
480 430
480 449
481 33
481 82
481 148
481 164
481 197
481 266
481 272
481 313
481 315
481 355
481 359
481 374
481 403
481 428
481 482
482 90
482 140
482 391
482 481
482 486
482 494
483 114
483 394
483 401
483 479
483 485
483 488
484 164
484 197
484 355
484 359
484 374
484 424
484 467
484 473
484 498
484 499
485 79
485 95
485 160
485 168
485 182
485 196
485 263
485 320
485 329
485 330
485 353
485 400
485 405
485 409
485 431
485 483
486 15
486 90
486 110
486 140
486 244
486 306
486 316
486 375
486 384
486 418
486 464
486 474
486 482
486 487
486 491
486 494
486 495
487 415
487 458
487 486
487 490
487 497
488 72
488 114
488 252
488 393
488 394
488 401
488 435
488 479
488 483
488 491
489 24
489 26
489 115
489 155
489 236
489 280
489 297
489 318
489 323
489 335
489 356
489 361
489 380
489 439
489 469
489 490
489 492
490 27
490 31
490 97
490 127
490 226
490 285
490 317
490 377
490 397
490 415
490 429
490 437
490 463
490 468
490 487
490 489
490 496
491 90
491 140
491 460
491 486
491 488
491 494
492 24
492 26
492 66
492 115
492 155
492 236
492 280
492 297
492 318
492 323
492 335
492 356
492 361
492 380
492 439
492 469
492 489
492 493
493 24
493 26
493 115
493 155
493 236
493 280
493 297
493 318
493 323
493 335
493 356
493 361
493 380
493 382
493 439
493 469
493 492
493 494
494 15
494 110
494 140
494 244
494 306
494 316
494 375
494 384
494 391
494 418
494 444
494 460
494 464
494 474
494 482
494 486
494 491
494 493
494 495
495 1
495 90
495 140
495 306
495 383
495 391
495 444
495 460
495 486
495 494
496 229
496 415
496 443
496 458
496 490
496 497
497 27
497 31
497 97
497 127
497 226
497 229
497 285
497 317
497 377
497 397
497 423
497 429
497 437
497 447
497 463
497 468
497 487
497 496
497 498
497 500
498 33
498 82
498 148
498 164
498 197
498 266
498 272
498 313
498 315
498 355
498 359
498 374
498 392
498 403
498 424
498 428
498 467
498 473
498 484
498 497
499 33
499 82
499 148
499 164
499 197
499 266
499 272
499 313
499 315
499 355
499 359
499 374
499 392
499 403
499 424
499 428
499 467
499 473
499 484
499 500
500 27
500 97
500 127
500 377
500 397
500 415
500 447
500 458
500 468
500 497
500 499
