1 2
1 16
1 38
1 125
1 383
2 1
2 6
2 16
2 38
2 125
3 75
3 157
3 183
3 204
3 376
4 43
4 55
4 60
4 144
4 275
5 215
5 220
5 258
5 303
5 331
6 2
6 28
6 93
6 122
6 158
7 14
7 35
7 143
7 202
7 230
8 73
8 357
8 366
8 422
8 459
8 466
8 478
9 10
9 77
9 91
9 154
9 172
10 9
10 77
10 91
10 154
10 172
11 80
11 206
11 260
11 288
11 379
12 13
12 212
12 348
12 404
12 420
13 12
13 22
13 169
13 425
13 441
14 7
14 15
14 35
14 67
14 143
14 230
15 14
15 90
15 110
15 140
15 244
15 306
15 316
15 375
15 384
15 391
15 418
15 444
15 460
15 464
15 474
15 482
15 486
15 491
15 494
16 1
16 2
16 18
16 38
16 125
17 53
17 137
17 194
17 246
17 354
18 16
18 113
18 240
18 373
18 389
19 87
19 98
19 120
19 175
19 222
19 253
19 261
19 333
19 386
19 414
19 430
19 454
19 480
20 26
20 286
20 342
20 349
20 352
20 411
21 250
21 338
21 340
21 367
21 387
22 13
22 108
22 219
22 227
22 294
22 336
22 425
22 432
22 434
22 461
22 470
23 131
23 201
23 205
23 290
23 301
24 361
24 380
24 489
24 492
24 493
25 47
25 211
25 216
25 222
25 312
26 20
26 469
26 489
26 492
26 493
27 192
27 447
27 487
27 496
27 500
28 6
28 38
28 93
28 122
28 158
29 37
29 257
29 299
29 416
29 419
30 250
30 338
30 340
30 367
30 387
31 447
31 487
31 490
31 496
31 500
32 218
32 243
32 284
32 346
32 347
33 403
33 428
33 473
33 481
33 484
33 498
34 48
34 163
34 267
34 276
34 319
35 7
35 14
35 67
35 143
35 202
35 230
36 62
36 217
36 241
36 308
36 327
36 362
37 29
37 124
37 141
37 178
37 257
37 299
37 324
37 416
37 419
38 1
38 2
38 16
38 28
38 125
39 41
39 57
39 84
39 224
39 239
39 311
39 369
39 370
39 395
40 286
40 342
40 352
40 411
41 39
41 364
41 406
41 426
41 433
42 179
42 248
42 328
42 378
42 388
43 4
43 55
43 60
43 130
43 275
44 56
44 128
44 228
44 273
44 282
44 298
44 314
44 368
44 443
44 457
44 465
44 477
45 53
45 427
45 445
45 446
45 456
46 69
46 92
46 134
46 174
46 232
47 25
47 86
47 210
47 216
47 312
48 34
48 74
48 163
48 276
48 319
49 54
49 171
49 200
49 213
49 245
50 195
50 223
50 289
50 343
50 365
51 228
51 413
51 443
51 457
51 477
52 185
52 234
52 259
52 281
52 287
52 310
52 358
52 381
53 17
53 45
53 137
53 150
53 189
53 194
53 354
53 396
53 407
53 408
54 49
54 71
54 122
54 171
54 245
55 4
55 43
55 60
55 130
55 144
55 275
56 44
56 128
56 413
56 443
56 450
56 457
56 477
57 39
57 84
57 270
57 311
57 395
58 209
58 268
58 332
58 341
58 351
59 209
59 268
59 332
59 351
60 4
60 43
60 55
60 130
60 144
61 68
61 187
61 247
61 254
61 277
61 278
61 300
62 36
62 241
62 308
62 327
62 362
63 129
63 136
63 161
63 265
63 326
64 248
64 307
64 328
64 378
64 388
65 185
65 234
65 259
65 281
65 358
65 360
65 381
66 73
66 209
66 268
66 332
66 341
66 351
67 14
67 35
67 143
67 202
67 230
68 61
68 254
68 277
68 278
68 300
69 46
69 134
69 149
69 174
69 232
70 96
70 212
70 348
70 404
70 420
71 54
71 171
71 200
71 213
71 245
72 401
72 462
72 479
72 483
72 488
73 8
73 66
73 89
73 100
73 112
73 123
73 214
73 337
73 357
73 422
73 438
73 459
73 478
74 48
74 163
74 267
74 276
74 319
75 3
75 102
75 157
75 274
75 376
76 116
76 121
76 195
76 365
77 9
77 10
77 91
77 154
77 172
78 139
78 371
78 427
78 446
78 456
79 160
79 168
79 263
79 320
79 400
79 405
79 409
79 485
80 11
80 105
80 206
80 225
80 260
80 288
80 379
80 399
80 421
81 177
81 233
81 251
81 264
81 283
82 272
82 313
82 428
82 467
82 481
82 498
82 499
83 394
83 401
83 479
83 483
83 488
84 39
84 57
84 224
84 239
84 311
84 369
84 370
84 395
85 96
85 135
85 145
85 404
85 420
86 47
86 87
86 188
86 211
86 222
86 312
87 19
87 86
87 98
87 120
87 454
87 480
88 98
88 253
88 261
88 454
88 480
89 73
89 422
89 459
89 466
89 478
90 15
90 418
90 474
90 486
90 491
90 494
91 9
91 10
91 77
91 154
91 172
92 46
92 149
92 174
92 232
93 6
93 28
93 99
93 122
93 158
94 209
94 268
94 332
94 341
94 351
95 263
95 320
95 409
95 451
95 485
96 70
96 85
96 138
96 142
96 145
96 212
96 404
97 447
97 487
97 490
97 496
97 500
98 19
98 87
98 88
98 175
98 253
98 261
98 309
98 333
98 414
98 449
98 480
99 93
99 135
99 348
99 404
99 420
100 73
100 422
100 459
100 466
100 478
101 103
101 104
101 147
101 156
101 221
102 75
102 103
102 183
102 274
102 376
103 101
103 102
103 204
103 274
103 376
104 101
104 109
104 147
104 153
104 221
105 80
105 206
105 260
105 372
105 379
106 177
106 198
106 233
106 251
106 264
106 283
107 108
107 243
107 284
107 346
107 347
108 22
108 107
108 169
108 219
108 227
108 294
108 336
108 417
108 425
108 432
108 434
109 104
109 147
109 156
109 221
110 15
110 474
110 486
110 491
110 494
111 112
111 192
111 195
111 223
111 289
111 343
112 73
112 111
112 459
112 466
112 478
113 18
113 173
113 176
113 186
113 271
113 293
113 373
113 385
114 115
114 401
114 479
114 483
114 488
115 114
115 469
115 489
115 492
115 493
116 76
116 121
116 289
116 343
116 365
117 119
117 462
117 479
117 483
117 488
118 250
118 338
118 340
118 367
118 387
119 117
119 163
119 267
119 276
119 319
120 19
120 87
120 309
120 333
120 386
120 449
120 480
121 76
121 116
121 223
121 343
121 365
122 6
122 28
122 54
122 93
122 158
123 73
123 422
123 459
123 466
123 478
124 37
124 257
124 299
124 416
124 419
125 1
125 2
125 16
125 38
125 126
126 125
126 217
126 308
126 327
126 362
127 447
127 463
127 487
127 496
127 500
128 44
128 56
128 413
128 443
128 457
128 477
129 63
129 133
129 161
129 265
129 326
130 43
130 55
130 60
130 144
130 275
131 23
131 205
131 262
131 290
131 301
132 139
132 371
132 427
132 445
132 446
132 456
133 129
133 334
133 448
133 452
133 476
134 46
134 69
134 149
134 174
134 232
135 85
135 99
135 145
135 420
136 63
136 161
136 167
136 265
136 326
137 17
137 53
137 150
137 189
137 194
137 246
137 354
137 396
137 408
138 96
138 212
138 348
138 404
138 420
139 78
139 132
139 180
139 321
139 322
139 371
139 427
139 436
139 445
139 446
139 456
140 15
140 474
140 486
140 491
140 494
141 37
141 257
141 299
141 416
141 419
142 96
142 212
142 348
142 404
142 420
143 7
143 14
143 35
143 67
143 230
144 4
144 55
144 60
144 130
144 275
145 85
145 96
145 135
145 420
146 179
146 248
146 328
146 378
146 388
147 101
147 104
147 109
147 149
147 156
147 221
148 403
148 473
148 481
148 484
148 498
149 69
149 92
149 134
149 147
149 174
149 232
150 53
150 137
150 151
150 246
150 407
151 150
151 338
151 340
151 367
151 387
152 158
152 217
152 308
152 327
152 362
153 104
153 156
153 221
154 9
154 10
154 77
154 91
154 172
155 335
155 361
155 382
155 469
155 489
155 492
155 493
156 101
156 109
156 147
156 153
156 221
157 3
157 75
157 183
157 204
157 274
157 376
158 6
158 28
158 93
158 122
158 152
159 166
159 190
159 208
159 256
159 279
160 79
160 196
160 405
160 409
160 451
160 485
161 63
161 129
161 136
161 165
161 167
161 265
161 326
162 401
162 435
162 462
162 471
162 488
163 34
163 48
163 74
163 119
163 267
163 276
164 403
164 473
164 481
164 484
164 498
165 161
165 394
165 471
165 479
165 483
165 488
166 159
166 190
166 208
166 256
166 279
166 295
167 136
167 161
167 265
167 326
168 79
168 196
168 263
168 330
168 353
168 400
168 405
168 409
168 431
168 451
168 485
169 13
169 108
169 219
169 227
169 294
169 336
169 425
169 432
169 434
169 441
169 461
169 470
170 215
170 220
170 258
170 269
170 303
170 331
171 49
171 54
171 71
171 200
171 213
171 245
172 9
172 10
172 77
172 91
172 154
172 173
173 113
173 172
173 240
173 293
173 373
173 389
174 46
174 69
174 92
174 134
174 149
174 232
175 19
175 98
175 253
175 261
175 454
175 480
176 113
176 186
176 240
176 271
176 373
176 389
177 81
177 106
177 198
177 233
177 251
177 283
178 37
178 257
178 299
178 324
178 416
178 419
179 42
179 146
179 187
179 235
179 248
179 378
179 388
180 139
180 427
180 445
180 446
180 456
181 305
181 339
181 364
181 406
181 426
181 433
182 263
182 353
182 400
182 405
182 431
182 485
183 3
183 102
183 157
183 274
183 376
184 334
184 448
184 452
184 453
184 475
184 476
185 52
185 65
185 259
185 287
185 360
185 381
186 113
186 176
186 240
186 293
186 373
186 389
187 61
187 179
187 247
187 254
187 277
187 278
188 86
188 222
188 249
188 312
189 53
189 137
189 191
189 194
189 246
189 407
190 159
190 166
190 208
190 256
190 279
190 295
191 189
191 243
191 284
191 302
191 346
191 347
192 27
192 111
192 223
192 289
192 343
192 365
193 286
193 342
193 349
193 352
193 411
193 495
194 17
194 53
194 137
194 189
194 246
194 495
195 50
195 76
195 111
195 223
195 343
195 365
196 160
196 168
196 263
196 329
196 400
196 405
196 409
196 485
197 403
197 428
197 473
197 481
197 484
197 498
198 106
198 177
198 233
198 264
198 283
199 200
199 241
199 308
199 327
199 345
199 362
200 49
200 71
200 171
200 199
200 213
200 245
201 23
201 205
201 208
201 262
201 290
201 301
202 7
202 35
202 67
202 230
203 394
203 401
203 410
203 462
203 479
203 488
204 3
204 103
204 157
204 274
204 372
204 376
205 23
205 131
205 201
205 262
205 290
205 301
206 11
206 80
206 105
206 225
206 288
206 372
206 399
206 421
207 305
207 339
207 364
207 406
207 426
207 433
208 159
208 166
208 190
208 201
208 256
208 279
208 295
209 58
209 59
209 66
209 94
209 268
209 325
210 47
210 211
210 213
210 216
210 222
210 312
211 25
211 86
211 210
211 216
211 222
211 312
212 12
212 70
212 96
212 138
212 142
212 404
213 49
213 71
213 171
213 200
213 210
213 245
214 73
214 366
214 422
214 459
214 466
214 478
215 5
215 170
215 220
215 258
215 269
215 303
215 331
216 25
216 47
216 210
216 211
216 222
216 249
217 36
217 126
217 152
217 308
217 327
217 345
217 362
218 32
218 243
218 284
218 346
218 347
218 457
219 22
219 108
219 169
219 336
219 417
220 5
220 170
220 215
220 269
220 303
220 331
221 101
221 104
221 109
221 147
221 153
221 156
222 19
222 25
222 86
222 188
222 210
222 211
222 216
223 50
223 111
223 121
223 192
223 195
223 289
224 39
224 84
224 225
224 270
224 311
224 369
224 390
224 395
225 80
225 206
225 224
225 260
225 288
225 379
226 228
226 447
226 487
226 490
226 496
226 500
227 22
227 108
227 169
227 417
227 425
227 441
228 44
228 51
228 226
228 273
228 450
228 477
229 234
229 447
229 463
229 468
229 487
229 490
229 496
229 500
230 7
230 14
230 35
230 67
230 143
230 202
231 435
231 462
231 471
231 479
231 483
231 488
232 46
232 69
232 92
232 134
232 149
232 174
233 81
233 106
233 177
233 198
233 264
233 283
234 52
234 65
234 229
234 259
234 360
234 381
235 179
235 241
235 248
235 328
235 378
235 388
236 335
236 380
236 469
236 489
236 492
236 493
237 268
237 325
237 332
237 341
237 351
238 250
238 338
238 367
238 383
238 387
238 407
239 39
239 84
239 270
239 311
239 395
240 18
240 173
240 176
240 186
240 271
240 293
240 373
240 385
241 36
241 62
241 199
241 235
241 327
241 362
242 302
242 334
242 448
242 452
242 476
243 32
243 107
243 191
243 218
243 302
243 346
243 347
244 15
244 474
244 486
244 491
244 494
245 49
245 54
245 71
245 171
245 200
245 213
246 17
246 137
246 150
246 189
246 194
246 354
246 396
246 407
246 408
247 61
247 187
247 254
247 277
247 278
248 42
248 64
248 146
248 179
248 235
248 328
248 388
249 188
249 216
249 253
249 312
250 21
250 30
250 118
250 238
250 340
250 367
250 387
251 81
251 106
251 177
251 264
251 283
252 394
252 401
252 410
252 435
252 462
252 471
252 479
252 483
253 19
253 88
253 98
253 175
253 249
253 261
253 333
253 430
253 454
253 480
254 61
254 68
254 187
254 247
254 261
254 278
254 300
255 305
255 339
255 364
255 406
255 426
255 433
256 159
256 166
256 190
256 208
256 279
256 295
257 29
257 37
257 124
257 141
257 178
257 419
258 5
258 170
258 215
258 269
258 303
258 331
259 52
259 65
259 185
259 234
259 281
259 287
259 310
259 358
260 11
260 80
260 105
260 225
260 288
260 372
260 379
260 399
260 421
261 19
261 88
261 98
261 175
261 253
261 254
261 333
261 430
261 454
261 480
262 131
262 201
262 205
262 290
262 301
262 385
263 79
263 95
263 168
263 182
263 196
263 320
263 353
263 400
263 485
264 81
264 106
264 198
264 233
264 251
264 283
265 63
265 129
265 136
265 161
265 167
265 326
266 267
266 428
266 473
266 481
266 484
266 498
267 34
267 74
267 119
267 163
267 266
267 276
267 319
268 58
268 59
268 66
268 94
268 209
268 237
268 271
269 170
269 215
269 220
269 258
269 303
269 331
270 57
270 224
270 239
270 369
270 390
270 395
271 113
271 176
271 240
271 268
271 293
271 373
271 389
272 82
272 313
272 392
272 428
272 467
272 481
272 484
272 498
273 44
273 228
273 298
273 413
273 450
273 457
273 477
274 75
274 102
274 103
274 157
274 183
274 204
274 376
275 4
275 43
275 55
275 130
275 144
275 336
276 34
276 48
276 74
276 119
276 163
276 267
276 319
277 61
277 68
277 187
277 247
277 278
277 279
277 300
278 61
278 68
278 187
278 247
278 254
278 277
278 300
279 159
279 166
279 190
279 208
279 256
279 277
279 295
280 380
280 469
280 489
280 492
280 493
281 52
281 65
281 259
281 287
281 360
282 44
282 298
282 314
282 413
282 443
282 450
282 477
283 81
283 106
283 177
283 198
283 233
283 251
283 264
284 32
284 107
284 191
284 218
284 302
284 346
285 437
285 447
285 487
285 496
285 500
286 20
286 40
286 193
286 349
286 350
286 352
286 363
286 411
286 412
287 52
287 185
287 259
287 281
287 310
287 360
288 11
288 80
288 206
288 225
288 260
288 372
288 379
289 50
289 111
289 116
289 192
289 223
289 343
289 365
290 23
290 131
290 201
290 205
290 262
290 295
290 301
291 296
291 305
291 364
291 406
291 426
291 433
292 321
292 322
292 371
292 427
292 445
292 446
292 456
293 113
293 173
293 186
293 240
293 271
293 373
293 385
294 22
294 108
294 169
294 336
294 417
294 425
294 441
295 166
295 190
295 208
295 256
295 279
295 290
296 291
296 305
296 364
296 406
296 426
296 433
297 335
297 361
297 380
297 382
297 469
297 489
297 492
297 493
298 44
298 273
298 282
298 413
298 443
298 450
298 477
299 29
299 37
299 124
299 141
299 178
299 301
299 419
300 61
300 68
300 254
300 277
300 278
301 23
301 131
301 201
301 205
301 262
301 290
301 299
302 191
302 242
302 243
302 284
302 346
302 347
302 353
303 5
303 170
303 215
303 220
303 258
303 269
303 331
304 306
304 401
304 435
304 471
304 479
304 483
304 488
305 181
305 207
305 255
305 291
305 296
305 426
305 433
306 15
306 304
306 418
306 474
306 486
306 491
306 494
307 64
307 378
307 388
308 36
308 62
308 126
308 152
308 199
308 217
308 345
309 98
309 120
309 454
309 480
310 52
310 259
310 287
310 311
310 360
310 381
311 39
311 57
311 84
311 224
311 239
311 310
311 370
311 390
312 25
312 47
312 86
312 188
312 210
312 211
312 249
313 82
313 272
313 392
313 428
313 467
313 473
313 481
313 484
314 44
314 282
314 316
314 413
314 450
314 477
315 403
315 473
315 481
315 484
315 498
316 15
316 314
316 375
316 418
316 444
316 460
316 464
316 474
316 486
316 491
316 494
317 447
317 463
317 468
317 487
317 490
317 496
317 500
318 319
318 361
318 380
318 469
318 489
318 492
318 493
319 34
319 48
319 74
319 119
319 267
319 276
319 318
320 79
320 95
320 263
320 321
320 330
320 409
320 485
321 139
321 292
321 320
321 371
321 427
321 446
321 456
322 139
322 292
322 371
322 427
322 445
322 446
322 456
323 361
323 382
323 439
323 469
323 489
323 492
323 493
324 37
324 178
324 325
324 419
325 209
325 237
325 324
325 332
325 341
325 351
326 63
326 129
326 136
326 161
326 167
326 265
326 328
327 36
327 62
327 126
327 152
327 199
327 217
327 241
327 345
328 42
328 64
328 146
328 235
328 248
328 326
328 378
328 388
329 196
329 353
329 400
329 405
329 409
329 485
330 168
330 320
330 400
330 409
330 451
330 485
331 5
331 170
331 215
331 220
331 258
331 269
331 303
331 334
332 58
332 59
332 66
332 94
332 237
332 325
332 341
332 351
333 19
333 98
333 120
333 253
333 261
333 386
333 414
333 480
334 133
334 184
334 242
334 331
334 344
334 398
334 402
334 440
334 442
334 448
334 453
334 472
334 475
334 476
335 155
335 236
335 297
335 356
335 361
335 489
335 492
335 493
336 22
336 108
336 169
336 219
336 275
336 294
336 417
336 425
336 434
336 470
337 73
337 339
337 422
337 459
337 466
337 478
338 21
338 30
338 118
338 151
338 238
338 340
338 367
338 387
339 181
339 207
339 255
339 337
339 364
339 406
339 426
339 433
340 21
340 30
340 118
340 151
340 250
340 338
340 383
340 387
341 58
341 66
341 94
341 237
341 325
341 332
341 343
341 351
342 20
342 40
342 193
342 349
342 350
342 363
342 411
342 412
343 50
343 111
343 116
343 121
343 192
343 195
343 289
343 341
344 334
344 402
344 440
344 448
344 452
344 453
344 475
344 476
345 199
345 217
345 308
345 327
345 347
345 362
346 32
346 107
346 191
346 218
346 243
346 284
346 302
346 347
347 32
347 107
347 191
347 218
347 243
347 302
347 345
347 346
348 12
348 70
348 99
348 138
348 142
348 354
349 20
349 193
349 286
349 342
349 352
349 363
349 411
349 412
350 286
350 342
350 352
350 363
350 411
350 412
351 58
351 59
351 66
351 94
351 237
351 325
351 332
351 341
352 20
352 40
352 193
352 286
352 349
352 350
352 363
352 412
353 168
353 182
353 263
353 302
353 329
353 383
353 485
354 17
354 53
354 137
354 246
354 348
354 407
354 408
355 356
355 403
355 428
355 467
355 481
355 484
355 498
355 499
356 335
356 355
356 361
356 382
356 469
356 489
356 492
356 493
357 8
357 73
357 366
357 422
357 459
357 466
357 478
358 52
358 65
358 259
358 360
358 381
359 403
359 428
359 467
359 473
359 481
359 484
359 498
359 499
360 65
360 185
360 234
360 281
360 287
360 310
360 358
360 361
361 24
361 155
361 297
361 318
361 323
361 335
361 356
361 360
361 380
361 492
361 493
362 36
362 62
362 126
362 152
362 199
362 217
362 241
362 345
363 286
363 342
363 349
363 350
363 352
363 365
363 411
363 412
364 41
364 181
364 207
364 255
364 291
364 296
364 339
364 433
365 50
365 76
365 116
365 121
365 192
365 195
365 289
365 363
366 8
366 214
366 357
366 422
366 478
367 21
367 30
367 118
367 151
367 238
367 250
367 338
367 383
368 44
368 370
368 413
368 450
368 457
368 477
369 39
369 84
369 224
369 270
369 390
369 395
370 39
370 84
370 311
370 368
370 395
371 78
371 132
371 139
371 292
371 321
371 322
371 445
371 446
371 456
372 105
372 204
372 206
372 260
372 288
372 379
372 399
373 18
373 113
373 173
373 176
373 186
373 240
373 271
373 293
373 385
374 403
374 428
374 467
374 481
374 484
374 498
374 499
375 15
375 316
375 418
375 444
375 464
375 474
375 486
375 491
375 494
376 3
376 75
376 102
376 103
376 157
376 183
376 204
376 274
376 428
377 415
377 437
377 447
377 458
377 463
377 468
377 490
377 496
377 500
378 42
378 64
378 146
378 179
378 235
378 307
378 328
378 381
378 388
379 11
379 80
379 105
379 225
379 260
379 288
379 372
379 399
379 421
380 24
380 236
380 280
380 297
380 318
380 361
380 489
380 492
380 493
381 52
381 65
381 185
381 234
381 310
381 358
381 378
382 155
382 297
382 323
382 356
382 389
382 489
382 492
382 493
383 1
383 238
383 340
383 353
383 367
383 387
384 15
384 406
384 418
384 460
384 464
384 474
384 486
384 491
384 494
385 113
385 240
385 262
385 293
385 373
385 389
386 19
386 120
386 333
386 454
386 480
387 21
387 30
387 118
387 151
387 238
387 250
387 338
387 340
387 383
388 42
388 64
388 146
388 179
388 235
388 248
388 307
388 328
388 378
389 18
389 173
389 176
389 186
389 271
389 382
389 385
390 224
390 270
390 311
390 369
390 391
391 15
391 390
391 418
391 444
391 460
391 464
391 486
391 491
391 494
392 272
392 313
392 428
392 467
392 481
392 484
392 498
392 499
393 394
393 401
393 410
393 435
393 462
393 471
393 479
393 483
393 488
394 83
394 165
394 203
394 252
394 393
394 435
394 455
394 462
394 488
395 39
395 57
395 84
395 224
395 239
395 270
395 369
395 370
395 400
396 53
396 137
396 246
396 407
397 415
397 423
397 437
397 447
397 458
397 463
397 487
397 490
397 496
397 500
398 334
398 402
398 440
398 442
398 448
398 452
398 453
398 475
398 476
399 80
399 206
399 260
399 372
399 379
400 79
400 168
400 182
400 196
400 263
400 329
400 330
400 395
400 405
400 409
400 431
400 485
401 72
401 83
401 114
401 162
401 203
401 252
401 304
401 393
401 455
401 462
402 334
402 344
402 398
402 442
402 448
402 452
402 453
402 475
402 476
403 33
403 148
403 164
403 197
403 315
403 355
403 359
403 374
403 424
403 428
403 473
403 484
403 498
404 12
404 70
404 85
404 96
404 99
404 138
404 142
404 212
404 405
404 420
405 79
405 160
405 168
405 182
405 196
405 329
405 400
405 404
405 431
405 485
406 41
406 181
406 207
406 255
406 291
406 296
406 339
406 384
406 426
406 433
407 53
407 150
407 189
407 238
407 246
407 354
407 396
407 408
408 53
408 137
408 246
408 354
408 407
408 411
409 79
409 95
409 160
409 168
409 196
409 320
409 329
409 330
409 400
409 431
410 203
410 252
410 393
410 412
410 479
410 483
410 488
411 20
411 40
411 193
411 286
411 342
411 349
411 350
411 363
411 408
411 412
412 286
412 342
412 349
412 350
412 352
412 363
412 410
412 411
413 51
413 56
413 128
413 273
413 282
413 298
413 314
413 368
413 414
413 457
414 19
414 98
414 333
414 413
414 454
414 480
415 377
415 397
415 423
415 429
415 447
415 458
415 463
415 496
415 497
415 500
416 29
416 37
416 124
416 141
416 178
416 417
416 419
417 108
417 219
417 227
417 294
417 336
417 416
417 425
417 432
417 434
417 441
418 15
418 90
418 306
418 316
418 375
418 384
418 391
418 444
418 460
418 464
418 482
418 491
418 494
419 29
419 37
419 124
419 141
419 178
419 257
419 299
419 324
419 416
419 420
420 12
420 70
420 85
420 99
420 135
420 138
420 142
420 145
420 404
420 419
421 80
421 206
421 260
421 379
421 422
422 8
422 73
422 89
422 100
422 123
422 214
422 337
422 357
422 366
422 421
423 397
423 415
423 429
423 437
423 447
423 458
423 468
423 490
423 496
423 500
424 403
424 428
424 467
424 481
424 484
424 498
424 499
425 13
425 22
425 108
425 169
425 227
425 294
425 336
425 417
425 432
425 441
425 461
426 41
426 181
426 207
426 255
426 291
426 296
426 305
426 339
426 406
426 427
427 45
427 78
427 132
427 139
427 180
427 292
427 321
427 322
427 426
427 436
427 456
428 33
428 82
428 197
428 266
428 272
428 313
428 355
428 359
428 374
428 376
428 392
428 403
428 424
428 473
428 498
429 415
429 423
429 437
429 447
429 458
429 463
429 468
429 487
429 490
429 496
429 500
430 19
430 253
430 261
430 454
430 480
431 168
431 182
431 400
431 405
431 409
431 485
432 22
432 108
432 169
432 417
432 425
432 441
433 41
433 181
433 207
433 255
433 291
433 296
433 305
433 339
433 364
433 406
433 434
434 22
434 108
434 169
434 336
434 417
434 433
434 441
434 470
435 162
435 231
435 252
435 304
435 393
435 394
435 455
435 462
435 471
435 483
435 488
436 139
436 427
436 445
436 446
436 456
437 285
437 377
437 397
437 423
437 429
437 439
437 447
437 468
437 496
437 497
437 500
438 73
438 459
438 466
438 478
439 323
439 437
439 469
439 489
439 492
439 493
440 334
440 344
440 398
440 441
440 442
440 448
440 452
440 453
440 472
440 475
440 476
441 13
441 169
441 227
441 294
441 417
441 425
441 432
441 434
441 440
441 461
441 470
442 334
442 398
442 402
442 440
442 443
442 448
442 452
442 453
442 475
442 476
443 44
443 51
443 56
443 128
443 282
443 298
443 442
443 450
443 457
443 465
443 477
444 15
444 316
444 375
444 391
444 418
444 460
444 464
444 474
444 486
444 491
444 494
445 45
445 132
445 139
445 180
445 292
445 322
445 371
445 436
445 446
445 447
445 456
446 45
446 78
446 132
446 139
446 180
446 292
446 321
446 322
446 371
446 436
446 445
447 27
447 31
447 97
447 127
447 226
447 229
447 285
447 317
447 377
447 397
447 415
447 423
447 429
447 437
447 445
447 458
447 463
447 487
447 490
447 497
448 133
448 184
448 242
448 334
448 344
448 398
448 402
448 440
448 442
448 452
448 453
448 472
448 475
449 98
449 120
449 454
449 480
450 56
450 228
450 273
450 282
450 298
450 314
450 368
450 443
450 451
450 457
450 465
450 477
451 95
451 160
451 168
451 330
451 450
451 485
452 133
452 184
452 242
452 344
452 398
452 402
452 440
452 442
452 448
452 453
452 472
452 475
452 476
453 184
453 334
453 344
453 398
453 402
453 440
453 442
453 448
453 452
453 455
453 472
453 475
454 19
454 87
454 88
454 175
454 253
454 261
454 309
454 386
454 414
454 430
454 449
454 480
455 394
455 401
455 435
455 453
455 471
455 483
455 488
456 45
456 78
456 132
456 139
456 180
456 292
456 321
456 322
456 371
456 427
456 436
456 445
457 44
457 51
457 56
457 128
457 218
457 273
457 368
457 413
457 443
457 450
457 465
457 477
458 377
458 397
458 415
458 423
458 429
458 447
458 460
458 463
458 490
458 496
458 497
458 500
459 8
459 73
459 89
459 100
459 112
459 123
459 214
459 337
459 357
459 438
459 466
459 478
460 15
460 316
460 384
460 391
460 418
460 444
460 458
460 464
460 474
460 486
460 491
460 494
461 22
461 169
461 425
461 441
461 462
462 72
462 117
462 162
462 203
462 231
462 252
462 393
462 394
462 401
462 435
462 461
462 471
462 479
463 127
463 229
463 317
463 377
463 397
463 415
463 429
463 447
463 458
463 468
463 490
463 496
463 500
464 15
464 316
464 375
464 384
464 391
464 418
464 444
464 460
464 486
464 494
465 44
465 443
465 450
465 457
465 466
465 477
466 8
466 89
466 100
466 112
466 123
466 214
466 337
466 357
466 438
466 459
466 465
466 478
467 82
467 272
467 313
467 355
467 359
467 374
467 392
467 424
467 481
468 229
468 317
468 377
468 423
468 429
468 437
468 463
468 469
468 487
468 490
468 496
468 497
468 500
469 26
469 115
469 155
469 236
469 280
469 297
469 318
469 323
469 356
469 439
469 468
469 492
469 493
470 22
470 169
470 336
470 434
470 441
470 472
471 162
471 165
471 231
471 252
471 304
471 393
471 435
471 455
471 462
471 475
471 479
471 483
471 488
472 334
472 440
472 448
472 452
472 453
472 470
472 475
472 476
473 33
473 148
473 164
473 197
473 266
473 313
473 315
473 359
473 403
473 428
473 476
473 481
473 498
473 499
474 15
474 90
474 110
474 140
474 244
474 306
474 316
474 375
474 384
474 444
474 460
474 482
474 486
474 494
474 495
475 184
475 334
475 344
475 398
475 402
475 440
475 442
475 448
475 452
475 453
475 471
475 472
475 476
476 133
476 184
476 242
476 334
476 344
476 398
476 402
476 440
476 442
476 452
476 472
476 473
476 475
477 44
477 51
477 56
477 128
477 228
477 273
477 282
477 298
477 314
477 368
477 443
477 450
477 457
477 465
478 8
478 73
478 89
478 100
478 112
478 123
478 214
478 337
478 357
478 366
478 438
478 459
478 466
478 479
479 72
479 83
479 114
479 117
479 165
479 203
479 231
479 252
479 304
479 393
479 410
479 462
479 471
479 478
479 483
480 19
480 87
480 88
480 98
480 120
480 175
480 253
480 261
480 309
480 333
480 386
480 414
480 430
480 449
480 454
481 33
481 82
481 148
481 164
481 197
481 266
481 272
481 313
481 315
481 355
481 359
481 374
481 392
481 424
481 467
481 473
481 482
481 484
481 498
481 499
482 15
482 418
482 474
482 481
482 486
482 491
482 494
483 72
483 83
483 114
483 117
483 165
483 231
483 252
483 304
483 393
483 410
483 435
483 455
483 471
483 479
483 485
483 488
484 33
484 148
484 164
484 197
484 266
484 272
484 313
484 315
484 355
484 359
484 374
484 392
484 403
484 424
484 481
484 498
485 79
485 95
485 160
485 168
485 182
485 196
485 263
485 320
485 329
485 330
485 353
485 400
485 405
485 431
485 451
485 483
486 15
486 90
486 110
486 140
486 244
486 306
486 316
486 375
486 384
486 391
486 444
486 460
486 464
486 474
486 482
486 487
486 495
487 27
487 31
487 97
487 127
487 226
487 229
487 285
487 317
487 397
487 429
487 447
487 468
487 486
487 490
487 496
487 497
487 500
488 72
488 83
488 114
488 117
488 162
488 165
488 203
488 231
488 304
488 393
488 394
488 410
488 435
488 455
488 471
488 483
488 489
489 24
489 26
489 115
489 155
489 236
489 280
489 297
489 318
489 323
489 335
489 356
489 380
489 382
489 439
489 488
489 492
489 493
490 31
490 97
490 226
490 229
490 317
490 377
490 397
490 423
490 429
490 447
490 458
490 463
490 468
490 487
490 492
490 496
490 497
491 15
491 90
491 110
491 140
491 244
491 306
491 316
491 375
491 384
491 391
491 418
491 444
491 460
491 482
491 493
491 494
491 495
492 24
492 26
492 115
492 155
492 236
492 280
492 297
492 318
492 323
492 335
492 356
492 361
492 380
492 382
492 439
492 469
492 489
492 490
493 24
493 26
493 115
493 155
493 236
493 280
493 297
493 318
493 323
493 335
493 356
493 361
493 380
493 382
493 439
493 469
493 489
493 491
494 15
494 90
494 110
494 140
494 244
494 306
494 316
494 375
494 384
494 391
494 418
494 444
494 460
494 464
494 474
494 482
494 491
494 495
494 496
495 193
495 194
495 474
495 486
495 491
495 494
496 27
496 31
496 97
496 127
496 226
496 229
496 285
496 317
496 377
496 397
496 415
496 423
496 429
496 437
496 458
496 463
496 468
496 487
496 490
496 494
496 497
497 415
497 437
497 447
497 458
497 468
497 487
497 490
497 496
497 498
497 500
498 33
498 82
498 148
498 164
498 197
498 266
498 272
498 315
498 355
498 359
498 374
498 392
498 403
498 424
498 428
498 473
498 481
498 484
498 497
498 499
499 82
499 355
499 359
499 374
499 392
499 424
499 473
499 481
499 498
499 500
500 27
500 31
500 97
500 127
500 226
500 229
500 285
500 317
500 377
500 397
500 415
500 423
500 429
500 437
500 458
500 463
500 468
500 487
500 497
500 499
