1 7
2 36
3 39
4 2
5 13
6 17
7 4
8 9
9 24
10 32
11 20
12 2
13 23
14 36
15 20
16 42
17 9
18 1
19 12
20 29
21 19
22 12
23 6
24 2
25 18
26 15
27 9
28 1
29 31
30 14
31 2
32 33
33 3
34 36
35 11
36 14
37 14
38 36
39 27
40 38
41 33
42 1
43 6
44 6
45 17
46 12
47 22
48 29
49 17
50 19
51 18
52 27
53 39
54 16
55 21
56 32
57 15
58 4
59 24
60 34
61 39
62 20
63 13
64 35
65 12
66 35
67 40
68 4
69 3
70 18
71 6
72 38
73 35
74 39
75 19
76 23
77 1
78 22
79 15
80 31
81 17
82 26
83 21
84 8
85 2
86 8
87 13
88 21
89 13
90 40
91 18
92 38
93 15
94 36
95 41
96 7
97 8
98 24
99 38
100 15
101 34
102 5
103 16
104 27
105 8
106 19
107 16
108 7
109 40
110 40
111 26
112 42
113 37
114 26
115 42
116 36
117 32
118 39
119 21
120 19
121 11
122 17
123 10
124 23
125 42
126 13
127 17
128 30
129 7
130 28
131 12
132 42
133 10
134 6
135 25
136 12
137 19
138 20
139 32
140 31
141 19
142 35
143 41
144 29
145 10
146 28
147 22
148 12
149 7
150 10
151 5
152 2
153 2
154 40
155 29
156 31
157 32
158 16
159 27
160 23
161 37
162 37
163 37
164 31
165 41
166 16
167 38
168 18
169 8
170 1
171 22
172 6
173 33
174 29
175 28
176 22
177 5
178 33
179 8
180 10
181 3
182 13
183 29
184 40
185 16
186 25
187 25
188 36
189 38
190 9
191 18
192 16
193 35
194 41
195 3
196 37
197 31
198 14
199 10
200 28
201 5
202 3
203 41
204 27
205 42
206 24
207 21
208 5
209 28
210 35
211 14
212 22
213 20
214 42
215 5
216 22
217 9
218 37
219 17
220 33
221 3
222 6
223 5
224 26
225 12
226 39
227 26
228 26
229 9
230 42
231 11
232 35
233 39
234 13
235 28
236 13
237 1
238 42
239 10
240 41
241 42
242 6
243 12
244 12
245 37
246 41
247 23
248 22
249 24
250 29
251 13
252 11
253 19
254 34
255 1
256 37
257 27
258 38
259 23
260 23
261 18
262 21
263 11
264 10
265 4
266 40
267 17
268 16
269 34
270 28
271 4
272 15
273 26
274 13
275 36
276 23
277 11
278 13
279 30
280 27
281 33
282 38
283 19
284 38
285 40
286 31
287 18
288 39
289 24
290 9
291 11
292 33
293 27
294 39
295 30
296 22
297 27
298 27
299 24
300 40
301 29
302 6
303 12
304 28
305 4
306 28
307 4
308 6
309 17
310 41
311 18
312 31
313 4
314 40
315 28
316 15
317 38
318 9
319 10
320 20
321 38
322 32
323 11
324 8
325 34
326 13
327 32
328 22
329 10
330 17
331 35
332 21
333 25
334 41
335 30
336 8
337 9
338 33
339 25
340 32
341 5
342 11
343 14
344 17
345 5
346 10
347 19
348 20
349 23
350 36
351 26
352 39
353 22
354 16
355 42
356 5
357 30
358 23
359 33
360 41
361 20
362 28
363 5
364 27
365 10
366 14
367 21
368 34
369 23
370 6
371 8
372 16
373 11
374 28
375 34
376 35
377 14
378 34
379 9
380 27
381 36
382 8
383 9
384 25
385 14
386 13
387 37
388 40
389 30
390 40
391 11
392 3
393 3
394 3
395 8
396 24
397 35
398 30
399 21
400 24
401 14
402 18
403 37
404 19
405 35
406 41
407 25
408 37
409 34
410 18
411 25
412 37
413 5
414 19
415 34
416 3
417 24
418 24
419 28
420 34
421 36
422 25
423 10
424 27
425 33
426 36
427 30
428 36
429 25
430 19
431 33
432 30
433 25
434 36
435 33
436 34
437 40
438 33
439 12
440 33
441 19
442 25
443 39
444 30
445 39
446 30
447 25
448 12
449 19
450 39
451 36
452 13
453 30
454 36
455 33
456 30
457 22
458 34
459 25
460 40
461 30
462 27
463 10
464 27
465 30
466 27
467 36
468 25
469 34
470 25
471 25
472 34
473 34
474 25
475 34
476 27
477 22
478 27
479 33
480 34
481 22
482 22
483 33
484 30
485 22
486 33
487 25
488 36
489 34
490 22
491 22
492 22
493 22
494 34
495 25
496 22
497 25
498 34
499 34
500 34
