1 185
1 306
1 444
1 446
1 463
2 13
2 115
2 249
2 362
2 458
3 171
3 259
3 291
3 334
3 496
4 14
4 103
4 177
4 296
4 380
5 130
5 228
5 260
5 361
5 499
6 110
6 192
6 415
6 423
6 460
7 150
7 215
7 232
7 314
7 491
8 43
8 331
8 366
8 412
8 477
9 59
9 63
9 131
9 161
9 292
10 479
10 483
10 495
10 496
10 498
11 470
11 479
11 480
11 490
11 493
12 220
12 341
12 383
12 421
12 496
13 2
13 129
13 132
13 408
13 410
14 4
14 27
14 296
14 380
14 488
15 140
15 141
15 167
15 185
15 463
16 225
16 318
16 372
16 441
16 476
17 347
17 423
17 444
17 464
17 497
18 94
18 203
18 245
18 449
18 477
19 82
19 124
19 232
19 393
19 497
20 33
20 145
20 200
20 355
20 373
21 73
21 100
21 280
21 348
21 488
22 85
22 232
22 393
22 395
22 454
23 52
23 76
23 96
23 167
23 175
24 143
24 178
24 266
24 268
24 442
25 37
25 98
25 242
25 376
25 458
26 33
26 141
26 158
26 200
26 286
27 14
27 79
27 256
27 380
27 415
28 208
28 459
28 467
28 491
28 494
29 136
29 338
29 449
29 477
29 486
30 280
30 431
30 452
30 484
30 500
31 184
31 335
31 407
31 429
31 453
32 84
32 285
32 419
32 434
32 440
33 20
33 26
33 145
33 200
33 281
34 80
34 258
34 284
34 388
34 474
35 472
35 473
35 485
35 486
35 498
36 38
36 205
36 245
36 283
36 371
37 25
37 130
37 313
37 376
37 458
38 36
38 205
38 235
38 283
38 408
39 98
39 162
39 172
39 294
39 344
40 80
40 171
40 239
40 375
40 453
41 195
41 350
41 403
41 484
41 500
42 397
42 404
42 419
42 465
42 493
43 8
43 189
43 201
43 412
43 461
44 367
44 396
44 406
44 473
44 485
45 53
45 231
45 300
45 424
45 425
46 49
46 107
46 365
46 441
46 451
47 114
47 319
47 404
47 419
47 465
48 253
48 327
48 357
48 439
48 462
49 46
49 307
49 436
49 451
49 497
50 379
50 414
50 456
50 479
50 493
51 71
51 407
51 429
51 432
51 453
52 23
52 76
52 96
52 167
52 177
53 45
53 171
53 211
53 259
53 291
54 55
54 148
54 489
54 498
54 499
55 54
55 290
55 317
55 321
55 379
56 175
56 303
56 328
56 342
56 493
57 307
57 370
57 436
57 441
57 490
58 278
58 363
58 368
58 433
58 497
59 9
59 63
59 153
59 161
59 442
60 425
60 435
60 468
60 484
60 500
61 92
61 149
61 181
61 206
61 310
62 107
62 301
62 368
62 441
62 451
63 9
63 59
63 131
63 161
63 305
64 186
64 373
64 377
64 460
64 500
65 189
65 195
65 196
65 366
65 386
66 238
66 290
66 317
66 321
66 422
67 75
67 163
67 233
67 243
67 390
68 150
68 405
68 420
68 424
68 425
69 70
69 418
69 464
69 469
69 470
70 69
70 160
70 190
70 191
70 425
71 51
71 238
71 286
71 370
71 465
72 130
72 182
72 467
72 491
72 494
73 21
73 413
73 450
73 464
73 488
74 420
74 445
74 458
74 482
74 487
75 67
75 215
75 233
75 243
76 23
76 52
76 177
76 224
76 431
77 81
77 238
77 286
77 419
77 464
78 185
78 198
78 199
78 234
78 421
79 27
79 93
79 304
79 344
79 418
80 34
80 40
80 134
80 226
80 388
81 77
81 153
81 394
81 457
81 461
82 19
82 85
82 277
82 393
82 452
83 150
83 215
83 229
83 314
83 423
84 32
84 222
84 271
84 288
84 440
85 22
85 82
85 207
85 219
85 393
86 118
86 162
86 340
86 459
86 476
87 173
87 433
87 478
87 482
87 487
88 288
88 308
88 430
88 434
88 440
89 189
89 459
89 476
89 487
89 491
90 213
90 277
90 312
90 392
90 488
91 122
91 401
91 404
91 450
91 488
92 61
92 178
92 292
92 310
92 493
93 79
93 344
93 382
93 391
93 408
94 18
94 246
94 252
94 284
94 477
95 115
95 129
95 173
95 408
95 470
96 23
96 52
96 177
96 246
96 254
97 123
97 128
97 133
97 144
97 333
98 25
98 39
98 163
98 210
98 260
99 204
99 218
99 264
99 334
99 345
100 21
100 105
100 468
100 470
100 488
101 407
101 413
101 430
101 445
101 482
102 398
102 476
102 491
102 494
102 499
103 4
103 250
103 256
103 380
103 455
104 386
104 481
104 485
104 489
104 496
105 100
105 122
105 337
105 450
105 488
106 156
106 223
106 378
106 442
106 456
107 46
107 62
107 252
107 436
107 441
108 116
108 224
108 227
108 236
108 254
109 118
109 170
109 374
109 459
109 476
110 6
110 160
110 190
110 191
110 370
111 223
111 309
111 389
111 399
111 442
112 121
112 229
112 373
112 460
112 487
113 144
113 472
113 489
113 495
113 496
114 47
114 241
114 304
114 315
114 418
115 2
115 95
115 129
115 362
115 461
116 108
116 355
116 384
116 439
116 462
117 179
117 290
117 317
117 321
117 424
118 86
118 109
118 397
118 491
118 492
119 200
119 324
119 381
119 422
119 455
120 251
120 370
120 371
120 457
120 461
121 112
121 349
121 396
121 472
121 473
122 91
122 105
122 256
122 355
122 488
123 97
123 128
123 133
123 144
123 474
124 19
124 219
124 373
124 393
124 479
125 180
125 213
125 270
125 277
125 312
126 288
126 305
126 437
126 473
126 485
127 146
127 306
127 404
127 426
127 465
128 97
128 123
128 133
128 144
128 490
129 13
129 95
129 115
129 176
129 439
130 5
130 37
130 72
130 228
130 294
131 9
131 63
131 161
131 274
131 500
132 13
132 326
132 339
132 362
132 408
133 97
133 123
133 128
133 144
133 302
134 80
134 251
134 258
134 307
134 388
135 355
135 401
135 413
135 467
135 488
136 29
136 338
136 447
136 449
136 477
137 205
137 267
137 283
137 398
137 495
138 343
138 346
138 435
138 449
138 500
139 271
139 285
139 311
139 434
139 440
140 15
140 294
140 306
140 381
140 446
141 15
141 26
141 293
141 446
141 463
142 189
142 263
142 366
142 374
142 412
143 24
143 171
143 259
143 291
143 478
144 97
144 113
144 123
144 128
144 133
145 20
145 33
145 158
145 200
145 485
146 127
146 238
146 251
146 404
146 465
147 250
147 257
147 296
147 315
147 380
148 54
148 350
148 357
148 360
148 494
149 61
149 384
149 447
149 483
149 498
150 7
150 68
150 83
150 215
150 314
151 247
151 400
151 474
151 482
151 487
152 428
152 444
152 464
152 469
152 470
153 59
153 81
153 371
153 457
153 461
154 302
154 303
154 328
154 393
154 490
155 202
155 265
155 419
155 450
155 488
156 106
156 320
156 441
156 442
156 456
157 233
157 447
157 483
157 495
157 499
158 26
158 145
158 216
158 407
158 491
159 164
159 345
159 448
159 474
159 478
160 70
160 110
160 181
160 190
160 191
161 9
161 59
161 63
161 131
161 489
162 39
162 86
162 228
162 260
162 471
163 67
163 98
163 243
163 251
163 494
164 159
164 218
164 220
164 334
164 345
165 245
165 338
165 367
165 426
165 477
166 182
166 366
166 397
166 491
166 494
167 15
167 23
167 52
167 177
167 415
168 347
168 422
168 428
168 454
168 475
169 279
169 282
169 407
169 429
169 432
169 453
170 109
170 202
170 346
170 405
170 485
170 486
171 3
171 40
171 53
171 143
171 259
171 291
172 39
172 228
172 294
172 361
172 439
172 467
173 87
173 95
173 176
173 249
173 326
173 408
174 316
174 400
174 471
174 496
174 498
174 499
175 23
175 56
175 216
175 302
175 303
175 483
176 129
176 173
176 231
176 267
176 339
176 472
177 4
177 52
177 76
177 96
177 167
177 416
178 24
178 92
178 181
178 292
178 310
178 421
179 117
179 285
179 308
179 434
179 440
179 494
180 125
180 213
180 277
180 312
180 451
180 492
181 61
181 160
181 178
181 292
181 310
181 490
182 72
182 166
182 329
182 476
182 491
182 494
183 305
183 348
183 384
183 439
183 449
183 462
184 31
184 244
184 293
184 306
184 446
184 463
185 1
185 15
185 78
185 186
185 446
185 463
186 64
186 185
186 261
186 373
186 377
186 460
187 369
187 382
187 402
187 481
187 492
187 495
188 296
188 405
188 466
188 472
188 485
188 486
189 43
189 65
189 89
189 142
189 412
189 470
190 70
190 110
190 160
190 191
190 479
190 488
191 70
191 110
191 160
191 190
191 299
191 390
192 6
192 242
192 321
192 377
192 415
192 476
193 339
193 369
193 379
193 390
193 394
193 458
194 323
194 332
194 370
194 402
194 457
194 461
195 41
195 65
195 201
195 366
195 412
195 480
196 65
196 295
196 316
196 353
196 409
196 411
197 278
197 346
197 427
197 433
197 479
197 497
198 78
198 374
198 398
198 476
198 491
198 494
199 78
199 221
199 249
199 318
199 322
199 383
200 20
200 26
200 33
200 119
200 145
200 269
201 43
201 195
201 254
201 366
201 412
201 446
202 155
202 170
202 328
202 437
202 466
202 473
203 18
203 427
203 471
203 489
203 498
203 499
204 99
204 332
204 350
204 371
204 457
204 461
205 36
205 38
205 137
205 280
205 283
205 287
206 61
206 336
206 361
206 399
206 406
206 481
207 85
207 239
207 419
207 429
207 432
207 453
208 28
208 210
208 324
208 395
208 455
208 475
209 234
209 341
209 356
209 372
209 375
209 401
210 98
210 208
210 260
210 294
210 361
210 459
211 53
211 244
211 326
211 359
211 420
211 424
212 385
212 409
212 417
212 437
212 455
212 481
213 90
213 125
213 180
213 277
213 304
213 312
214 289
214 329
214 422
214 471
214 475
214 482
215 7
215 75
215 83
215 150
215 314
215 408
216 158
216 175
216 302
216 303
216 328
216 446
217 268
217 309
217 337
217 373
217 442
217 456
218 99
218 164
218 243
218 264
218 334
218 345
219 85
219 124
219 232
219 382
219 393
219 481
220 12
220 164
220 293
220 306
220 446
220 463
221 199
221 341
221 356
221 372
221 421
221 488
222 84
222 224
222 227
222 236
222 254
222 352
223 106
223 111
223 363
223 378
223 399
223 456
224 76
224 108
224 222
224 236
224 254
224 335
225 16
225 356
225 361
225 383
225 421
225 457
226 80
226 251
226 258
226 388
226 432
226 433
227 108
227 222
227 229
227 236
227 254
227 388
228 5
228 130
228 162
228 172
228 361
228 366
229 83
229 112
229 227
229 287
229 377
229 460
230 257
230 261
230 270
230 331
230 337
230 487
231 45
231 176
231 267
231 293
231 326
231 362
232 7
232 19
232 22
232 219
232 393
232 498
233 67
233 75
233 157
233 243
233 480
234 78
234 209
234 338
234 356
234 383
234 421
235 38
235 349
235 401
235 413
235 450
235 488
236 108
236 222
236 224
236 227
236 238
236 383
237 245
237 246
237 322
237 340
237 367
237 459
238 66
238 71
238 77
238 146
238 236
238 465
239 40
239 207
239 270
239 375
239 420
239 429
240 395
240 471
240 489
240 495
240 496
240 499
241 114
241 315
241 344
241 386
241 391
241 418
242 25
242 192
242 373
242 415
242 460
242 480
243 67
243 75
243 163
243 218
243 233
243 461
244 184
244 211
244 272
244 319
244 351
244 425
245 18
245 36
245 165
245 237
245 338
245 477
246 94
246 96
246 237
246 342
246 435
246 477
247 151
247 278
247 423
247 444
247 469
247 470
248 445
248 462
248 466
248 472
248 485
248 486
249 2
249 173
249 199
249 326
249 408
249 419
250 103
250 147
250 256
250 380
250 477
250 484
251 120
251 134
251 146
251 163
251 226
251 388
252 94
252 107
252 272
252 416
252 433
252 497
253 48
253 269
253 348
253 387
253 439
253 462
254 96
254 108
254 201
254 222
254 224
254 227
255 317
255 443
255 476
255 480
255 490
255 493
256 27
256 103
256 122
256 250
256 296
256 475
257 147
257 230
257 270
257 331
257 337
257 473
258 34
258 134
258 226
258 388
258 389
258 496
259 3
259 53
259 143
259 171
259 291
259 423
260 5
260 98
260 162
260 210
260 361
260 375
261 186
261 230
261 270
261 331
261 337
261 486
262 340
262 374
262 467
262 476
262 480
262 491
263 142
263 274
263 300
263 382
263 385
263 492
264 99
264 218
264 334
264 345
264 420
264 462
265 155
265 401
265 413
265 440
265 450
265 488
266 24
266 276
266 363
266 378
266 394
266 456
267 137
267 176
267 231
267 326
267 327
267 408
268 24
268 217
268 277
268 363
268 442
268 456
268 484
269 200
269 253
269 299
269 423
269 444
269 464
269 469
270 125
270 230
270 239
270 257
270 261
270 331
270 337
271 84
271 139
271 308
271 324
271 410
271 434
271 440
272 244
272 252
272 325
272 343
272 352
272 368
272 497
273 298
273 325
273 352
273 386
273 416
273 465
273 497
274 131
274 263
274 366
274 409
274 417
274 481
274 492
275 345
275 378
275 414
275 479
275 480
275 490
275 493
276 266
276 301
276 452
276 474
276 478
276 482
276 487
277 82
277 90
277 125
277 180
277 213
277 268
277 312
278 58
278 197
278 247
278 352
278 416
278 427
278 491
279 169
279 335
279 375
279 407
279 432
279 442
279 453
280 21
280 30
280 205
280 282
280 468
280 484
280 500
281 33
281 358
281 403
281 452
281 484
281 496
281 500
282 169
282 280
282 346
282 411
282 468
282 476
282 500
283 36
283 38
283 137
283 205
283 284
283 409
283 450
284 34
284 94
284 283
284 342
284 367
284 449
284 477
285 32
285 139
285 179
285 288
285 304
285 308
285 460
286 26
286 71
286 77
286 404
286 419
286 435
286 465
287 205
287 229
287 373
287 377
287 415
287 460
287 484
288 84
288 88
288 126
288 285
288 377
288 434
288 440
289 214
289 297
289 428
289 438
289 439
289 455
289 467
290 55
290 66
290 117
290 291
290 317
290 321
290 468
291 3
291 53
291 143
291 171
291 259
291 290
291 372
292 9
292 92
292 178
292 181
292 310
292 314
292 477
293 141
293 184
293 220
293 231
293 446
293 463
293 466
294 39
294 130
294 140
294 172
294 210
294 350
294 361
295 196
295 355
295 402
295 417
295 432
295 454
295 492
296 4
296 14
296 147
296 188
296 256
296 380
296 477
297 289
297 347
297 401
297 424
297 428
297 438
297 475
298 273
298 410
298 416
298 431
298 482
298 490
298 497
299 191
299 269
299 389
299 444
299 469
299 470
299 479
300 45
300 263
300 351
300 359
300 424
300 425
300 495
301 62
301 276
301 430
301 474
301 478
301 487
301 488
302 133
302 154
302 175
302 216
302 303
302 328
302 427
303 56
303 154
303 175
303 216
303 302
303 328
303 478
304 79
304 114
304 213
304 285
304 315
304 391
304 418
305 63
305 126
305 183
305 349
305 437
305 473
305 486
306 1
306 127
306 140
306 184
306 220
306 463
306 466
307 49
307 57
307 134
307 314
307 357
307 436
307 451
308 88
308 179
308 271
308 285
308 377
308 440
308 450
309 111
309 217
309 310
309 378
309 432
309 442
309 456
310 61
310 92
310 178
310 181
310 292
310 309
310 463
311 139
311 353
311 385
311 402
311 454
311 483
311 492
312 90
312 125
312 180
312 213
312 277
312 313
312 316
313 37
313 312
313 376
313 390
313 394
313 412
313 458
314 7
314 83
314 150
314 215
314 292
314 307
314 453
315 114
315 147
315 241
315 304
315 344
315 391
315 418
316 174
316 196
316 312
316 336
316 399
316 402
316 492
317 55
317 66
317 117
317 255
317 290
317 321
317 338
318 16
318 199
318 341
318 356
318 372
318 402
318 497
319 47
319 244
319 351
319 359
319 420
319 424
319 466
320 156
320 437
320 471
320 483
320 495
320 496
320 499
321 55
321 66
321 117
321 192
321 290
321 317
321 491
322 199
322 237
322 342
322 367
322 449
322 472
322 477
323 194
323 324
323 356
323 422
323 428
323 438
323 455
323 475
324 119
324 208
324 271
324 323
324 329
324 428
324 438
324 500
325 272
325 273
325 368
325 409
325 431
325 433
325 458
325 497
326 132
326 173
326 211
326 231
326 249
326 267
326 336
326 499
327 48
327 267
327 374
327 384
327 387
327 439
327 448
327 462
328 56
328 154
328 202
328 216
328 302
328 303
328 344
328 454
329 182
329 214
329 324
329 395
329 455
329 469
329 474
329 475
330 426
330 445
330 483
330 489
330 495
330 496
330 498
330 499
331 8
331 230
331 257
331 261
331 270
331 332
331 337
331 455
332 194
332 204
332 331
332 336
332 370
332 375
332 457
332 461
333 97
333 364
333 392
333 479
333 480
333 483
333 490
333 493
334 3
334 99
334 164
334 218
334 264
334 345
334 438
334 444
335 31
335 224
335 279
335 375
335 383
335 429
335 453
335 466
336 206
336 316
336 326
336 332
336 341
336 353
336 409
336 481
337 105
337 217
337 230
337 257
337 261
337 270
337 331
337 443
338 29
338 136
338 165
338 234
338 245
338 317
338 449
338 477
339 132
339 176
339 193
339 369
339 376
339 390
339 394
339 458
340 86
340 237
340 262
340 374
340 421
340 467
340 491
340 494
341 12
341 209
341 221
341 318
341 336
341 383
341 421
341 461
342 56
342 246
342 284
342 322
342 367
342 399
342 449
342 477
343 138
343 272
343 358
343 381
343 452
343 468
343 484
343 500
344 39
344 79
344 93
344 241
344 315
344 328
344 391
344 418
345 99
345 159
345 164
345 218
345 264
345 275
345 334
345 469
346 138
346 170
346 197
346 282
346 411
346 468
346 484
346 500
347 17
347 168
347 297
347 381
347 395
347 451
347 455
347 475
348 21
348 183
348 253
348 384
348 387
348 439
348 462
348 475
349 121
349 235
349 305
349 429
349 466
349 473
349 485
349 486
350 41
350 148
350 204
350 294
350 357
350 436
350 441
350 451
351 244
351 300
351 319
351 360
351 364
351 396
351 420
351 425
352 222
352 272
352 273
352 278
352 423
352 431
352 482
352 497
353 196
353 311
353 336
353 354
353 357
353 382
353 454
353 492
354 353
354 356
354 430
354 445
354 448
354 474
354 482
354 487
355 20
355 116
355 122
355 135
355 295
355 401
355 413
355 450
356 209
356 221
356 225
356 234
356 318
356 323
356 354
356 383
357 48
357 148
357 307
357 350
357 353
357 360
357 441
357 451
358 281
358 343
358 359
358 452
358 468
358 484
358 489
358 500
359 211
359 300
359 319
359 358
359 420
359 424
359 425
359 460
360 148
360 351
360 357
360 378
360 436
360 441
360 451
360 498
361 5
361 172
361 206
361 210
361 225
361 228
361 260
361 294
362 2
362 115
362 132
362 231
362 408
362 413
362 434
362 436
363 58
363 223
363 266
363 268
363 378
363 396
363 442
363 456
364 333
364 351
364 365
364 479
364 480
364 483
364 490
364 492
364 493
365 46
365 364
365 369
365 436
365 443
365 479
365 480
365 490
365 493
366 8
366 65
366 142
366 166
366 195
366 201
366 228
366 274
366 412
367 44
367 165
367 237
367 284
367 322
367 342
367 449
367 457
367 494
368 58
368 62
368 272
368 325
368 410
368 417
368 427
368 433
368 497
369 187
369 193
369 339
369 365
369 376
369 390
369 394
369 458
369 500
370 57
370 71
370 110
370 120
370 194
370 332
370 371
370 457
370 461
371 36
371 120
371 153
371 204
371 370
371 392
371 457
371 461
371 495
372 16
372 209
372 221
372 291
372 318
372 383
372 384
372 421
372 426
373 20
373 64
373 112
373 124
373 186
373 217
373 242
373 287
373 415
374 109
374 142
374 198
374 262
374 327
374 340
374 398
374 459
374 467
375 40
375 209
375 239
375 260
375 279
375 332
375 335
375 407
375 432
376 25
376 37
376 313
376 339
376 369
376 394
376 417
376 458
376 472
377 64
377 186
377 192
377 229
377 287
377 288
377 308
377 415
377 460
378 106
378 223
378 266
378 275
378 309
378 360
378 363
378 442
378 456
379 50
379 55
379 193
379 392
379 443
379 479
379 480
379 490
379 493
380 4
380 14
380 27
380 103
380 147
380 250
380 296
380 388
380 458
381 119
381 140
381 343
381 347
381 422
381 428
381 438
381 475
381 481
382 93
382 187
382 219
382 263
382 353
382 454
382 460
382 481
382 492
383 12
383 199
383 225
383 234
383 236
383 335
383 341
383 356
383 372
384 116
384 149
384 183
384 327
384 348
384 372
384 387
384 403
384 462
385 212
385 263
385 311
385 388
385 406
385 454
385 481
385 487
385 496
386 65
386 104
386 241
386 273
386 447
386 483
386 495
386 498
386 499
387 253
387 327
387 348
387 384
387 392
387 397
387 439
387 456
387 462
388 34
388 80
388 134
388 226
388 227
388 251
388 258
388 380
388 385
389 111
389 258
389 299
389 423
389 440
389 444
389 464
389 469
389 470
390 67
390 191
390 193
390 313
390 339
390 369
390 394
390 458
390 484
391 93
391 241
391 304
391 315
391 344
391 418
391 434
391 443
391 498
392 90
392 333
392 371
392 379
392 387
392 479
392 480
392 490
392 493
393 19
393 22
393 82
393 85
393 124
393 154
393 219
393 232
393 487
394 81
394 193
394 266
394 313
394 339
394 369
394 376
394 390
394 458
395 22
395 208
395 240
395 329
395 347
395 400
395 422
395 455
395 475
396 44
396 121
396 351
396 363
396 437
396 472
396 473
396 485
396 486
397 42
397 118
397 166
397 387
397 398
397 434
397 476
397 491
397 494
398 102
398 137
398 198
398 374
398 397
398 431
398 467
398 476
398 494
399 111
399 206
399 223
399 316
399 342
399 406
399 409
399 481
399 492
400 151
400 174
400 395
400 402
400 430
400 474
400 478
400 482
400 487
401 91
401 135
401 209
401 235
401 265
401 297
401 355
401 413
401 422
401 488
402 187
402 194
402 295
402 311
402 316
402 318
402 400
402 406
402 454
402 492
403 41
403 281
403 384
403 404
403 411
403 428
403 435
403 452
403 484
403 500
404 42
404 47
404 91
404 127
404 146
404 286
404 403
404 419
404 465
404 489
405 68
405 170
405 188
405 451
405 466
405 472
405 473
405 485
405 486
405 495
406 44
406 206
406 385
406 399
406 402
406 409
406 417
406 447
406 486
406 492
407 31
407 51
407 101
407 158
407 169
407 279
407 375
407 411
407 429
407 453
408 13
408 38
408 93
408 95
408 132
408 173
408 215
408 249
408 267
408 362
409 196
409 212
409 274
409 283
409 325
409 336
409 399
409 406
409 481
409 486
410 13
410 271
410 298
410 368
410 416
410 427
410 431
410 475
410 497
410 498
411 196
411 282
411 346
411 403
411 407
411 412
411 435
411 452
411 468
411 484
412 8
412 43
412 142
412 189
412 195
412 201
412 313
412 366
412 411
412 415
413 73
413 101
413 135
413 235
413 265
413 355
413 362
413 401
413 486
413 488
414 50
414 275
414 438
414 443
414 448
414 479
414 480
414 485
414 490
414 493
415 6
415 27
415 167
415 192
415 242
415 287
415 373
415 377
415 412
415 460
416 177
416 252
416 273
416 278
416 298
416 410
416 431
416 473
416 493
416 497
417 212
417 274
417 295
417 368
417 376
417 406
417 421
417 454
417 481
417 492
418 69
418 79
418 114
418 241
418 304
418 315
418 344
418 391
418 422
418 455
419 32
419 42
419 47
419 77
419 155
419 207
419 249
419 286
419 404
419 465
420 68
420 74
420 211
420 239
420 264
420 319
420 351
420 359
420 424
420 425
421 12
421 78
421 178
421 221
421 225
421 234
421 340
421 341
421 372
421 417
422 66
422 119
422 168
422 214
422 323
422 381
422 395
422 401
422 418
422 455
423 6
423 17
423 83
423 247
423 259
423 269
423 352
423 389
423 464
423 469
423 470
424 45
424 68
424 117
424 211
424 297
424 300
424 319
424 359
424 420
424 425
424 433
425 45
425 60
425 68
425 70
425 244
425 300
425 351
425 359
425 420
425 424
425 481
426 127
426 165
426 330
426 372
426 471
426 483
426 489
426 495
426 496
426 498
426 499
427 197
427 203
427 278
427 302
427 368
427 410
427 431
427 433
427 469
427 471
427 497
428 152
428 168
428 289
428 297
428 323
428 324
428 381
428 403
428 438
428 449
428 475
429 31
429 51
429 169
429 207
429 239
429 335
429 349
429 407
429 430
429 432
429 476
430 88
430 101
430 301
430 354
430 400
430 429
430 448
430 457
430 478
430 482
430 487
431 30
431 76
431 298
431 325
431 352
431 398
431 410
431 416
431 427
431 433
431 497
432 51
432 169
432 207
432 226
432 279
432 295
432 309
432 375
432 429
432 453
432 465
433 58
433 87
433 197
433 226
433 252
433 325
433 368
433 424
433 427
433 431
433 497
434 32
434 88
434 139
434 179
434 271
434 288
434 362
434 391
434 397
434 440
434 456
435 60
435 138
435 246
435 286
435 403
435 411
435 447
435 452
435 468
435 498
435 500
436 49
436 57
436 107
436 307
436 350
436 360
436 362
436 365
436 440
436 441
436 451
437 126
437 202
437 212
437 305
437 320
437 396
437 466
437 472
437 485
437 486
437 488
438 289
438 297
438 323
438 324
438 334
438 381
438 414
438 428
438 457
438 471
438 475
439 48
439 116
439 129
439 172
439 183
439 253
439 289
439 327
439 348
439 387
439 462
439 497
440 32
440 84
440 88
440 139
440 179
440 265
440 271
440 288
440 308
440 389
440 434
440 436
441 16
441 46
441 57
441 62
441 107
441 156
441 350
441 357
441 360
441 436
441 451
441 482
442 24
442 59
442 106
442 111
442 156
442 217
442 268
442 279
442 309
442 363
442 378
442 464
443 255
443 337
443 365
443 379
443 391
443 414
443 479
443 480
443 481
443 489
443 490
443 493
444 1
444 17
444 152
444 247
444 269
444 299
444 334
444 389
444 453
444 464
444 469
444 470
445 74
445 101
445 248
445 330
445 354
445 446
445 448
445 474
445 475
445 478
445 482
445 487
446 1
446 140
446 141
446 184
446 185
446 201
446 216
446 220
446 293
446 445
446 463
446 482
447 136
447 149
447 157
447 386
447 406
447 435
447 452
447 471
447 483
447 496
447 498
447 499
448 159
448 327
448 354
448 414
448 430
448 445
448 462
448 463
448 474
448 478
448 482
448 487
449 18
449 29
449 136
449 138
449 183
449 284
449 322
449 338
449 342
449 367
449 428
449 477
450 73
450 91
450 105
450 155
450 235
450 265
450 283
450 308
450 355
450 453
450 454
450 488
451 46
451 49
451 62
451 180
451 307
451 347
451 350
451 357
451 360
451 405
451 436
451 441
452 30
452 82
452 276
452 281
452 343
452 358
452 403
452 411
452 435
452 447
452 484
452 492
452 500
453 31
453 40
453 51
453 169
453 207
453 279
453 314
453 335
453 407
453 432
453 444
453 450
453 492
454 22
454 168
454 295
454 311
454 328
454 353
454 382
454 385
454 402
454 417
454 450
454 481
454 492
455 103
455 119
455 208
455 212
455 289
455 323
455 329
455 331
455 347
455 395
455 418
455 422
455 475
456 50
456 106
456 156
456 217
456 223
456 266
456 268
456 309
456 363
456 378
456 387
456 434
456 468
457 81
457 120
457 153
457 194
457 204
457 225
457 332
457 367
457 370
457 371
457 430
457 438
457 461
458 2
458 25
458 37
458 74
458 193
458 313
458 325
458 339
458 369
458 376
458 380
458 390
458 394
459 28
459 86
459 89
459 109
459 210
459 237
459 374
459 460
459 463
459 467
459 476
459 491
459 494
460 6
460 64
460 112
460 186
460 229
460 242
460 285
460 287
460 359
460 377
460 382
460 415
460 459
461 43
461 81
461 115
461 120
461 153
461 194
461 204
461 243
461 332
461 341
461 370
461 371
461 457
462 48
462 116
462 183
462 248
462 253
462 264
462 327
462 348
462 384
462 387
462 439
462 448
462 474
463 1
463 15
463 141
463 184
463 185
463 220
463 293
463 306
463 310
463 446
463 448
463 459
463 473
464 17
464 69
464 73
464 77
464 152
464 269
464 389
464 423
464 442
464 444
464 469
464 470
464 485
465 42
465 47
465 71
465 127
465 146
465 238
465 273
465 286
465 404
465 419
465 432
465 473
465 483
466 188
466 202
466 248
466 293
466 306
466 319
466 335
466 349
466 405
466 437
466 472
466 473
466 485
466 486
467 28
467 72
467 135
467 172
467 262
467 289
467 340
467 374
467 398
467 459
467 471
467 472
467 476
467 494
468 60
468 100
468 280
468 282
468 290
468 343
468 346
468 358
468 411
468 435
468 456
468 469
468 474
468 484
468 500
469 69
469 152
469 247
469 269
469 299
469 329
469 345
469 389
469 423
469 427
469 444
469 464
469 468
469 470
469 478
470 11
470 69
470 95
470 100
470 152
470 189
470 247
470 299
470 389
470 423
470 444
470 464
470 469
470 478
470 484
471 162
471 174
471 203
471 214
471 240
471 320
471 426
471 427
471 438
471 447
471 467
471 489
471 495
471 496
471 498
472 35
472 113
472 121
472 176
472 188
472 248
472 322
472 376
472 396
472 405
472 437
472 466
472 467
472 485
472 486
473 35
473 44
473 121
473 126
473 202
473 257
473 305
473 349
473 396
473 405
473 416
473 463
473 465
473 466
473 485
473 486
474 34
474 123
474 151
474 159
474 276
474 301
474 329
474 354
474 400
474 445
474 448
474 462
474 468
474 478
474 482
474 487
475 168
475 208
475 214
475 256
475 297
475 323
475 329
475 347
475 348
475 381
475 395
475 410
475 428
475 438
475 445
475 455
475 480
476 16
476 86
476 89
476 102
476 109
476 182
476 192
476 198
476 255
476 262
476 282
476 397
476 398
476 429
476 459
476 467
476 494
477 8
477 18
477 29
477 94
477 136
477 165
477 245
477 246
477 250
477 284
477 292
477 296
477 322
477 338
477 342
477 449
477 499
478 87
478 143
478 159
478 276
478 301
478 303
478 400
478 430
478 445
478 448
478 469
478 470
478 474
478 482
478 486
478 487
478 489
479 10
479 11
479 50
479 124
479 190
479 197
479 275
479 299
479 333
479 364
479 365
479 379
479 392
479 414
479 443
479 480
479 490
479 493
480 11
480 195
480 233
480 242
480 255
480 262
480 275
480 333
480 364
480 365
480 379
480 392
480 414
480 443
480 475
480 479
480 490
480 493
481 104
481 187
481 206
481 212
481 219
481 274
481 336
481 381
481 382
481 385
481 399
481 409
481 417
481 425
481 443
481 454
481 492
481 495
482 74
482 87
482 101
482 151
482 214
482 276
482 298
482 352
482 354
482 400
482 430
482 441
482 445
482 446
482 448
482 474
482 478
482 487
483 10
483 149
483 157
483 175
483 311
483 320
483 330
483 333
483 364
483 386
483 426
483 447
483 465
483 489
483 495
483 496
483 498
483 499
484 30
484 41
484 60
484 250
484 268
484 280
484 281
484 287
484 343
484 346
484 358
484 390
484 403
484 411
484 452
484 468
484 470
484 500
485 35
485 44
485 104
485 126
485 145
485 170
485 188
485 248
485 349
485 396
485 405
485 414
485 437
485 464
485 466
485 472
485 473
485 486
486 29
486 35
486 170
486 188
486 248
486 261
486 305
486 349
486 396
486 405
486 406
486 409
486 413
486 437
486 466
486 472
486 473
486 478
486 485
487 74
487 87
487 89
487 112
487 151
487 230
487 276
487 301
487 354
487 385
487 393
487 400
487 430
487 445
487 448
487 474
487 478
487 482
487 494
488 14
488 21
488 73
488 90
488 91
488 100
488 105
488 122
488 135
488 155
488 190
488 221
488 235
488 265
488 301
488 401
488 413
488 437
488 450
489 54
489 104
489 113
489 161
489 203
489 240
489 330
489 358
489 404
489 426
489 443
489 471
489 478
489 483
489 491
489 495
489 496
489 498
489 499
490 11
490 57
490 128
490 154
490 181
490 255
490 275
490 298
490 333
490 364
490 365
490 379
490 392
490 414
490 443
490 479
490 480
490 491
490 493
491 7
491 28
491 72
491 89
491 102
491 118
491 158
491 166
491 182
491 198
491 262
491 278
491 321
491 340
491 397
491 459
491 489
491 490
491 494
492 118
492 180
492 187
492 263
492 274
492 295
492 311
492 316
492 353
492 364
492 382
492 399
492 402
492 406
492 417
492 452
492 453
492 454
492 481
493 11
493 42
493 50
493 56
493 92
493 255
493 275
493 333
493 364
493 365
493 379
493 392
493 414
493 416
493 443
493 479
493 480
493 490
493 499
494 28
494 72
494 102
494 148
494 163
494 166
494 179
494 182
494 198
494 340
494 367
494 397
494 398
494 459
494 467
494 476
494 487
494 491
494 496
495 10
495 113
495 137
495 157
495 187
495 240
495 300
495 320
495 330
495 371
495 386
495 405
495 426
495 471
495 481
495 483
495 489
495 496
495 498
495 499
496 3
496 10
496 12
496 104
496 113
496 174
496 240
496 258
496 281
496 320
496 330
496 385
496 426
496 447
496 471
496 483
496 489
496 494
496 495
496 499
497 17
497 19
497 49
497 58
497 197
497 252
497 272
497 273
497 298
497 318
497 325
497 352
497 368
497 410
497 416
497 427
497 431
497 433
497 439
497 500
498 10
498 35
498 54
498 149
498 174
498 203
498 232
498 330
498 360
498 386
498 391
498 410
498 426
498 435
498 447
498 471
498 483
498 489
498 495
498 499
499 5
499 54
499 102
499 157
499 174
499 203
499 240
499 320
499 326
499 330
499 386
499 426
499 447
499 477
499 483
499 489
499 493
499 495
499 496
499 498
499 500
500 30
500 41
500 60
500 64
500 131
500 138
500 280
500 281
500 282
500 324
500 343
500 346
500 358
500 369
500 403
500 435
500 452
500 468
500 484
500 497
500 499
