1 3
1 36
1 172
1 225
1 285
1 403
1 414
1 450
2 254
2 371
2 411
2 437
2 469
3 1
3 63
3 285
3 317
3 432
4 8
4 19
4 123
4 159
4 285
5 6
5 78
5 98
5 362
5 370
6 5
6 213
6 243
6 388
6 394
6 449
7 58
7 348
7 353
7 488
7 499
8 4
8 14
8 290
8 382
9 10
9 191
9 312
9 354
9 457
10 9
10 197
10 371
10 430
10 469
10 478
11 130
11 146
11 181
11 291
11 321
11 389
11 402
12 14
12 16
12 460
12 468
12 471
13 143
13 179
13 209
13 301
14 8
14 12
14 486
14 492
14 500
15 18
15 34
15 35
15 125
15 339
16 12
16 17
16 180
16 312
16 391
16 439
17 16
17 142
17 148
17 323
17 399
17 404
17 417
17 460
18 15
18 63
18 121
18 314
18 432
19 4
19 72
19 123
19 172
20 218
20 436
20 473
20 485
20 494
21 48
21 236
21 345
21 346
21 401
21 469
22 23
22 103
22 372
22 437
22 472
23 22
23 49
23 285
23 296
23 356
24 25
24 177
24 272
24 351
24 395
24 408
24 410
25 24
25 244
25 298
25 341
25 461
26 29
26 85
26 88
26 129
26 221
26 270
26 300
26 431
26 453
26 470
27 30
27 101
27 103
27 202
27 203
27 337
27 376
27 413
28 255
28 270
28 316
28 336
28 422
29 26
29 278
29 297
29 407
29 428
30 27
30 40
30 203
30 330
30 376
30 464
30 476
31 91
31 93
31 115
31 131
31 135
31 171
31 307
32 33
32 280
32 293
32 483
32 493
33 32
33 134
33 232
33 266
33 348
34 15
34 65
34 194
34 325
34 339
35 15
35 40
35 55
35 339
35 460
36 1
36 37
36 381
36 414
36 450
37 36
37 186
37 255
37 336
37 398
37 422
38 190
38 220
38 258
38 344
38 415
39 40
39 108
39 156
39 238
39 437
40 30
40 35
40 39
40 156
40 187
41 43
41 283
41 378
41 458
41 462
41 489
42 45
42 50
42 76
42 86
42 87
43 41
43 191
43 312
43 354
43 391
43 477
44 46
44 166
44 176
44 211
44 288
44 326
44 366
44 392
44 460
45 42
45 50
45 61
45 247
45 279
45 377
45 379
46 44
46 102
46 190
46 344
46 415
47 90
47 279
47 486
47 492
47 500
48 21
48 97
48 327
48 371
48 469
49 23
49 51
49 239
49 245
49 285
50 42
50 45
50 52
50 113
50 196
51 49
51 144
51 259
51 262
51 277
51 295
51 355
51 425
51 456
51 459
52 50
52 113
52 169
52 196
52 499
53 54
53 58
53 133
53 472
53 497
54 53
54 58
54 145
54 223
54 387
55 35
55 56
55 65
55 210
55 339
56 55
56 479
56 480
56 498
56 499
57 59
57 80
57 440
57 472
57 497
58 7
58 53
58 54
58 226
58 260
58 264
58 364
59 57
59 110
59 220
59 222
59 271
59 324
59 340
60 77
60 319
60 457
60 474
60 495
61 45
61 62
61 267
61 377
61 379
62 61
62 111
62 145
62 223
62 409
63 3
63 18
63 64
63 121
63 317
64 63
64 149
64 374
64 447
65 34
65 55
65 125
65 169
65 170
66 79
66 455
66 479
66 480
66 498
67 153
67 208
67 319
67 412
67 495
68 69
68 274
68 290
68 382
69 68
69 208
69 319
69 474
69 495
70 71
70 208
70 319
70 412
70 427
70 474
70 495
71 70
71 197
71 230
71 371
71 401
72 19
72 122
72 123
72 125
72 159
73 75
73 163
73 192
73 252
73 435
74 257
74 314
74 432
74 447
75 73
75 76
75 163
75 192
75 252
76 42
76 75
76 86
76 87
76 105
77 60
77 79
77 90
77 416
77 486
77 492
77 500
78 5
78 80
78 127
78 362
78 370
79 66
79 77
79 208
79 319
79 412
79 495
80 57
80 78
80 103
80 311
80 437
81 86
81 87
81 153
81 154
81 327
81 345
82 96
82 204
82 206
82 213
82 243
82 369
82 386
82 394
82 449
83 85
83 278
83 282
83 297
83 428
84 274
84 276
84 290
84 293
84 382
85 26
85 83
85 129
85 221
85 400
86 42
86 76
86 81
86 89
86 105
87 42
87 76
87 81
87 89
87 105
88 26
88 378
88 400
88 453
88 470
89 86
89 87
89 473
89 485
89 494
90 47
90 77
90 124
90 191
90 192
90 286
90 380
90 416
91 31
91 96
91 152
91 332
91 421
92 282
92 283
92 396
92 418
92 434
93 31
93 96
93 129
93 270
93 300
94 160
94 431
94 466
94 475
94 479
94 480
94 498
94 499
95 126
95 164
95 165
95 219
95 378
96 82
96 91
96 93
96 394
96 449
97 48
97 105
97 106
97 236
97 371
98 5
98 101
98 294
98 362
98 405
98 411
99 100
99 112
99 141
99 276
99 299
99 303
99 350
100 99
100 226
100 292
100 353
100 364
101 27
101 98
101 233
101 390
101 476
102 46
102 344
102 352
102 415
103 22
103 27
103 80
103 168
103 311
103 372
103 435
103 440
103 472
104 303
104 320
104 487
104 498
104 499
105 76
105 86
105 87
105 97
105 106
106 97
106 105
106 257
106 317
106 432
107 291
107 302
107 473
107 485
107 494
108 39
108 111
108 156
108 187
108 238
109 110
109 145
109 223
109 370
109 387
110 59
110 109
110 198
110 271
110 324
110 359
110 370
111 62
111 108
111 145
111 223
111 387
112 99
112 165
112 276
112 299
112 303
112 346
113 50
113 52
113 117
113 169
113 196
113 370
114 115
114 440
114 452
114 472
114 497
115 31
115 114
115 131
115 171
115 218
116 118
116 293
116 451
116 483
116 493
117 113
117 121
117 257
117 395
117 432
118 116
118 155
118 248
118 462
118 489
119 197
119 225
119 473
119 485
119 494
120 262
120 263
120 487
120 498
120 499
121 18
121 63
121 117
121 395
121 432
121 452
122 72
122 395
122 473
122 485
122 494
123 4
123 19
123 72
123 130
123 159
123 491
124 90
124 126
124 486
124 492
124 500
125 15
125 65
125 72
125 130
125 210
126 95
126 124
126 164
126 165
126 219
127 78
127 128
127 132
127 294
127 390
127 476
128 127
128 273
128 312
128 488
129 26
129 85
129 93
129 160
129 400
130 11
130 123
130 125
130 181
130 291
130 321
130 389
130 402
131 31
131 115
131 135
131 207
131 307
132 127
132 206
132 228
132 368
133 53
133 138
133 472
133 492
133 497
134 33
134 232
134 266
134 275
134 348
135 31
135 131
135 171
135 218
135 275
136 137
136 255
136 336
136 422
136 444
137 136
137 281
137 381
137 414
137 450
138 133
138 142
138 232
138 266
138 348
139 140
139 206
139 233
139 253
139 390
139 476
140 139
140 371
140 411
140 469
140 478
141 99
141 273
141 299
141 346
141 350
142 17
142 138
142 399
142 404
142 433
143 13
143 179
143 209
143 289
143 301
144 51
144 277
144 289
144 295
144 425
144 456
144 459
145 54
145 62
145 109
145 111
145 146
145 148
145 223
145 409
145 436
146 11
146 145
146 223
146 409
147 149
147 308
147 341
147 429
147 461
148 17
148 145
148 399
148 404
148 436
149 64
149 147
149 150
149 214
149 302
149 313
149 374
149 383
149 447
149 463
150 149
150 228
150 302
150 393
150 447
150 463
151 290
151 292
151 396
151 418
151 434
152 91
152 155
152 249
152 251
152 258
152 332
152 393
152 421
153 67
153 81
153 154
153 327
153 345
153 496
154 81
154 153
154 157
154 159
154 345
155 118
155 152
155 248
155 446
155 462
155 489
156 39
156 40
156 108
156 161
156 187
157 154
157 159
157 161
157 442
157 465
158 180
158 191
158 273
158 288
158 312
158 354
158 453
158 477
159 4
159 72
159 123
159 154
159 157
160 94
160 129
160 245
160 296
160 356
161 156
161 157
161 263
161 448
161 491
162 208
162 319
162 427
162 474
162 495
163 73
163 75
163 166
163 192
163 252
164 95
164 126
164 219
164 480
164 490
165 95
165 112
165 126
165 219
165 470
166 44
166 163
166 441
166 460
166 468
166 471
167 168
167 319
167 427
167 474
167 495
168 103
168 167
168 435
168 440
168 472
168 497
169 52
169 65
169 113
169 196
170 65
170 210
170 339
170 391
170 490
171 31
171 115
171 135
171 174
171 218
172 1
172 19
172 218
172 225
172 381
172 414
172 450
173 178
173 289
173 329
173 360
173 391
174 171
174 189
174 237
174 265
174 305
174 384
174 406
174 438
174 455
174 481
174 482
175 381
175 387
175 403
175 414
175 450
176 44
176 177
176 360
176 468
176 471
177 24
177 176
177 360
177 395
177 410
178 173
178 179
178 182
178 229
178 289
178 304
178 329
178 420
178 426
179 13
179 143
179 178
179 182
179 209
179 284
179 301
180 16
180 158
180 191
180 387
180 477
181 11
181 130
181 183
181 291
181 321
182 178
182 179
182 316
182 472
182 497
183 181
183 479
183 480
183 498
183 499
184 185
184 187
184 298
184 341
184 347
184 461
185 184
185 187
185 487
185 498
185 499
186 37
186 188
186 255
186 336
186 422
186 444
187 40
187 108
187 156
187 184
187 185
187 238
188 186
188 250
188 368
188 385
188 433
188 448
188 491
189 174
189 190
189 384
189 406
189 419
189 438
189 445
189 455
189 481
190 38
190 46
190 189
190 344
190 352
190 415
191 9
191 43
191 90
191 158
191 180
191 269
191 312
191 388
191 439
191 477
192 73
192 75
192 90
192 163
192 252
192 388
193 388
193 480
193 487
193 493
193 498
193 499
194 34
194 256
194 324
194 327
194 345
195 196
195 202
195 479
195 480
195 487
195 498
196 50
196 52
196 113
196 169
196 195
196 202
197 10
197 71
197 119
197 223
197 371
197 401
198 110
198 201
198 222
198 271
198 340
198 359
199 200
199 203
199 208
199 319
199 474
199 495
200 199
200 203
200 306
200 367
200 465
200 491
201 198
201 308
201 341
201 347
201 429
202 27
202 195
202 196
202 216
202 330
202 464
203 27
203 30
203 199
203 200
203 216
203 464
204 82
204 293
204 423
204 483
204 486
204 493
205 213
205 335
205 365
205 396
205 434
206 82
206 132
206 139
206 208
206 253
206 476
207 131
207 241
207 368
207 371
207 401
207 411
208 67
208 69
208 70
208 79
208 162
208 199
208 206
208 209
208 319
208 412
208 427
208 474
208 484
208 495
209 13
209 143
209 179
209 208
209 210
209 284
209 301
210 55
210 125
210 170
210 209
210 212
210 339
211 44
211 214
211 263
211 460
211 468
211 471
212 210
212 219
212 227
212 280
212 293
212 333
212 334
212 397
212 451
212 493
213 6
213 82
213 205
213 388
213 394
213 449
214 149
214 211
214 268
214 313
214 383
214 447
215 222
215 250
215 442
215 465
215 467
215 491
216 202
216 203
216 217
216 240
216 337
216 464
217 216
217 287
217 357
217 361
217 489
218 20
218 115
218 135
218 171
218 172
218 307
219 95
219 126
219 164
219 165
219 212
219 222
220 38
220 59
220 222
220 271
220 324
220 352
221 26
221 85
221 270
221 400
221 431
221 475
222 59
222 198
222 215
222 219
222 220
222 324
223 54
223 62
223 109
223 111
223 145
223 146
223 197
223 224
224 223
224 225
224 320
224 473
224 485
224 494
225 1
225 119
225 172
225 224
225 381
225 414
226 58
226 100
226 228
226 264
226 328
226 353
226 478
227 212
227 230
227 333
227 423
227 483
227 493
228 132
228 150
228 226
228 233
228 370
228 476
229 178
229 289
229 304
229 329
229 393
229 458
230 71
230 227
230 371
230 430
231 235
231 236
231 342
231 367
231 448
231 496
232 33
232 134
232 138
232 233
232 266
232 348
233 101
233 139
233 228
233 232
233 390
233 476
234 242
234 475
234 479
234 480
234 498
234 499
235 231
235 236
235 261
235 322
235 416
235 486
235 500
236 21
236 97
236 231
236 235
236 430
236 469
237 174
237 355
237 361
237 406
237 445
237 455
238 39
238 108
238 187
238 375
238 376
238 379
239 49
239 245
239 285
239 296
239 380
239 444
240 216
240 241
240 244
240 330
240 464
241 207
241 240
241 244
241 411
241 430
241 478
242 234
242 275
242 405
242 473
242 485
242 494
243 6
243 82
243 245
243 388
243 394
243 449
244 25
244 240
244 241
244 298
244 347
244 429
244 461
245 49
245 160
245 239
245 243
245 296
245 356
246 248
246 249
246 256
246 327
246 345
247 45
247 251
247 267
247 377
247 379
248 118
248 155
248 246
248 249
248 446
248 489
249 152
249 246
249 248
249 251
249 332
249 421
250 188
250 215
250 252
250 254
250 368
250 448
251 152
251 247
251 249
251 258
251 393
251 421
252 73
252 75
252 163
252 192
252 250
252 254
253 139
253 206
253 255
253 294
253 390
253 476
254 2
254 250
254 252
254 411
254 430
254 469
255 28
255 37
255 136
255 186
255 253
255 336
255 398
255 444
256 194
256 246
256 259
256 327
256 345
256 352
257 74
257 106
257 117
257 314
257 317
257 432
258 38
258 152
258 251
258 262
258 332
258 421
259 51
259 256
259 352
259 425
259 456
259 459
260 58
260 261
260 264
260 292
260 353
260 364
261 235
261 260
261 310
261 343
261 486
261 500
262 51
262 120
262 258
262 456
262 459
262 467
263 120
263 161
263 211
263 342
263 385
263 491
264 58
264 226
264 260
264 265
264 328
264 353
265 174
265 264
265 419
265 438
265 445
265 455
266 33
266 134
266 138
266 232
266 348
266 447
267 61
267 247
267 278
267 377
267 379
268 214
268 426
268 436
268 473
268 485
268 494
269 191
269 272
269 312
269 426
269 439
269 477
270 26
270 28
270 93
270 221
270 300
270 317
270 400
270 431
271 59
271 110
271 198
271 220
271 272
271 340
271 426
272 24
272 269
272 271
272 351
272 395
272 410
273 128
273 141
273 158
273 439
273 446
273 477
274 68
274 84
274 280
274 290
274 382
274 490
275 134
275 135
275 242
275 405
275 436
275 485
275 494
276 84
276 99
276 112
276 294
276 299
276 346
276 372
277 51
277 144
277 281
277 456
277 459
277 463
277 467
278 29
278 83
278 267
278 282
278 297
278 318
278 443
279 45
279 47
279 327
279 377
279 379
280 32
280 212
280 274
280 281
280 333
280 483
280 493
281 137
281 277
281 280
281 414
281 450
282 83
282 92
282 278
282 283
282 297
282 318
282 428
282 443
283 41
283 92
283 282
283 373
283 446
283 458
283 489
284 179
284 209
284 287
284 301
284 453
285 1
285 3
285 4
285 23
285 49
285 239
285 356
286 90
286 427
286 432
286 486
286 492
286 500
287 217
287 284
287 361
287 373
287 453
287 489
288 44
288 158
288 290
288 460
288 468
288 471
289 143
289 144
289 173
289 178
289 229
289 420
289 426
290 8
290 68
290 84
290 151
290 274
290 288
290 382
291 11
291 107
291 130
291 181
291 321
291 389
291 402
292 100
292 151
292 260
292 293
292 328
292 364
293 32
293 84
293 116
293 204
293 212
293 292
293 333
293 397
293 454
293 483
294 98
294 127
294 253
294 276
294 362
294 372
295 51
295 144
295 299
295 425
295 443
295 456
295 459
296 23
296 160
296 239
296 245
296 356
296 407
296 458
297 29
297 83
297 278
297 282
297 318
297 407
297 428
297 443
297 459
297 468
298 25
298 184
298 244
298 299
298 429
298 443
298 461
299 99
299 112
299 141
299 276
299 295
299 298
299 346
300 26
300 93
300 270
300 301
300 304
300 400
300 431
301 13
301 143
301 179
301 209
301 284
301 300
301 474
302 107
302 149
302 150
302 374
302 383
302 447
302 463
303 99
303 104
303 112
303 319
303 346
303 350
304 178
304 229
304 300
304 329
304 420
304 474
305 174
305 306
305 419
305 438
305 445
305 455
305 456
306 200
306 305
306 338
306 448
306 456
306 491
306 496
307 31
307 131
307 218
307 308
307 309
308 147
308 201
308 307
308 310
308 341
308 429
308 461
309 307
309 310
309 354
309 439
309 477
309 488
310 261
310 308
310 309
310 322
310 343
310 492
310 500
311 80
311 103
311 312
311 313
311 437
311 472
311 497
312 9
312 16
312 43
312 128
312 158
312 191
312 269
312 311
312 313
312 354
312 439
312 457
313 149
313 214
313 311
313 312
313 374
313 383
313 447
314 18
314 74
314 257
314 315
314 317
314 432
314 477
315 314
315 316
315 405
315 436
315 473
315 485
315 494
316 28
316 182
316 315
316 435
316 437
316 472
316 497
317 3
317 63
317 106
317 257
317 270
317 314
317 319
318 278
318 282
318 297
318 363
318 366
318 407
318 428
319 60
319 67
319 69
319 70
319 79
319 162
319 167
319 199
319 208
319 303
319 317
319 427
319 474
320 104
320 224
320 321
320 405
320 436
320 485
320 494
321 11
321 130
321 181
321 291
321 320
321 389
321 472
322 235
322 310
322 323
322 343
322 472
322 486
322 500
323 17
323 322
323 349
323 399
323 404
323 482
324 59
324 110
324 194
324 220
324 222
324 325
325 34
325 324
325 435
325 437
325 472
325 497
326 44
326 365
326 441
326 445
326 460
326 468
326 471
327 48
327 81
327 153
327 194
327 246
327 256
327 279
328 226
328 264
328 292
328 329
328 330
329 173
329 178
329 229
329 304
329 328
329 330
329 420
329 426
330 30
330 202
330 240
330 328
330 329
330 376
330 464
331 432
331 445
331 475
331 480
331 487
331 498
331 499
332 91
332 152
332 249
332 258
332 333
332 334
332 393
333 212
333 227
333 280
333 293
333 332
333 334
333 335
333 397
333 423
333 424
333 454
334 212
334 332
334 333
334 335
334 423
334 483
334 493
335 205
335 333
335 334
335 365
335 396
335 418
335 434
336 28
336 37
336 136
336 186
336 255
336 337
336 338
336 398
336 422
336 444
337 27
337 216
337 336
337 338
337 376
337 464
338 306
338 336
338 337
338 368
338 442
338 448
338 491
338 496
339 15
339 34
339 35
339 55
339 170
339 210
339 407
339 494
340 59
340 198
340 271
340 341
340 359
340 407
341 25
341 147
341 184
341 201
341 308
341 340
341 347
341 461
341 495
342 231
342 263
342 343
342 344
342 367
342 442
342 448
342 491
342 496
343 261
343 310
343 322
343 342
343 344
343 416
343 492
343 500
344 38
344 46
344 102
344 190
344 342
344 343
344 352
344 415
345 21
345 81
345 153
345 154
345 194
345 246
345 256
345 346
346 21
346 112
346 141
346 276
346 299
346 303
346 345
346 350
347 184
347 201
347 244
347 341
347 420
347 429
347 461
347 468
348 7
348 33
348 134
348 138
348 232
348 266
348 488
348 499
349 323
349 353
349 399
349 404
349 440
350 99
350 141
350 303
350 346
350 353
350 420
351 24
351 272
351 356
351 358
351 364
351 395
351 408
351 410
352 102
352 190
352 220
352 256
352 259
352 344
352 415
353 7
353 100
353 226
353 260
353 264
353 349
353 350
353 364
354 9
354 43
354 158
354 309
354 312
354 414
354 472
354 477
355 51
355 237
355 357
355 425
355 456
355 459
356 23
356 160
356 245
356 285
356 296
356 351
356 358
356 364
357 217
357 355
357 362
357 378
357 446
357 458
357 462
357 489
358 351
358 356
358 364
358 486
358 492
358 500
359 110
359 198
359 340
359 416
359 421
359 430
360 173
360 176
360 177
360 371
360 401
360 411
360 469
360 478
361 217
361 237
361 287
361 362
361 373
361 446
361 458
361 489
362 5
362 78
362 98
362 294
362 357
362 361
362 390
362 476
363 318
363 366
363 479
363 480
363 498
363 499
364 58
364 100
364 260
364 292
364 351
364 353
364 356
364 358
365 205
365 326
365 335
365 396
365 418
365 434
365 446
366 44
366 318
366 363
366 441
366 468
367 200
367 231
367 342
367 368
367 369
367 371
367 433
367 448
368 132
368 188
368 207
368 250
368 338
368 367
368 385
368 433
368 442
368 448
368 465
369 82
369 367
369 371
369 388
369 394
369 449
370 5
370 78
370 109
370 110
370 113
370 228
370 476
371 2
371 10
371 48
371 71
371 97
371 140
371 197
371 207
371 230
371 360
371 367
371 369
371 478
372 22
372 103
372 276
372 294
372 435
372 437
372 443
372 472
373 283
373 287
373 361
373 382
373 383
373 389
373 462
373 489
374 64
374 149
374 302
374 313
374 375
374 376
374 383
374 447
375 238
375 374
375 427
375 474
375 495
376 27
376 30
376 238
376 330
376 337
376 374
376 413
376 464
377 45
377 61
377 247
377 267
377 279
377 379
377 444
377 490
378 41
378 88
378 95
378 357
378 446
378 458
378 462
378 489
379 45
379 61
379 238
379 247
379 267
379 279
379 377
379 444
380 90
380 239
380 384
380 486
380 500
381 36
381 137
381 172
381 175
381 225
381 384
381 450
381 473
382 8
382 68
382 84
382 274
382 290
382 373
382 383
382 389
383 149
383 214
383 302
383 313
383 373
383 374
383 382
383 389
384 174
384 189
384 380
384 381
384 419
384 438
384 445
384 455
385 188
385 263
385 368
385 386
385 390
385 433
385 448
386 82
386 385
386 390
386 394
386 449
387 54
387 109
387 111
387 175
387 180
387 409
388 6
388 191
388 192
388 193
388 213
388 243
388 369
388 449
389 11
389 130
389 291
389 321
389 373
389 382
389 383
390 101
390 127
390 139
390 233
390 253
390 362
390 385
390 386
390 476
391 16
391 43
391 170
391 173
391 477
391 490
392 44
392 394
392 399
392 460
392 468
392 471
393 150
393 152
393 229
393 251
393 332
393 421
393 458
394 6
394 82
394 96
394 213
394 243
394 369
394 386
394 392
394 399
395 24
395 117
395 121
395 122
395 177
395 272
395 351
395 408
395 410
396 92
396 151
396 205
396 335
396 365
396 398
396 404
396 418
396 434
397 212
397 293
397 333
397 400
397 402
397 403
397 423
397 483
397 493
398 37
398 255
398 336
398 396
398 404
398 422
399 17
399 142
399 148
399 323
399 349
399 392
399 394
399 404
399 417
400 85
400 88
400 129
400 221
400 270
400 300
400 397
400 402
400 403
400 431
400 453
400 470
401 21
401 71
401 197
401 207
401 360
401 430
401 470
401 475
401 497
402 11
402 130
402 291
402 397
402 400
402 403
403 1
403 175
403 397
403 400
403 402
403 450
404 17
404 142
404 148
404 323
404 349
404 396
404 398
404 399
404 417
405 98
405 242
405 275
405 315
405 320
405 411
405 436
405 473
405 494
406 174
406 189
406 237
406 408
406 409
406 438
406 455
406 469
406 482
407 29
407 296
407 297
407 318
407 339
407 340
407 428
407 443
408 24
408 351
408 395
408 406
408 409
408 410
408 469
409 62
409 145
409 146
409 387
409 406
409 408
409 469
410 24
410 177
410 272
410 351
410 395
410 408
410 412
410 415
410 469
411 2
411 98
411 140
411 207
411 241
411 254
411 360
411 405
411 430
412 67
412 70
412 79
412 208
412 410
412 413
412 415
412 490
412 495
413 27
413 376
413 412
413 415
413 417
413 464
414 1
414 36
414 137
414 172
414 175
414 225
414 281
414 354
414 416
415 38
415 46
415 102
415 190
415 344
415 352
415 410
415 412
415 413
416 77
416 90
416 235
416 343
416 359
416 414
416 486
416 492
416 500
417 17
417 399
417 404
417 413
417 418
417 422
418 92
418 151
418 335
418 365
418 396
418 417
418 422
418 423
418 434
419 189
419 265
419 305
419 384
419 421
419 430
419 438
419 455
419 482
420 178
420 289
420 304
420 329
420 347
420 350
420 440
421 91
421 152
421 249
421 251
421 258
421 359
421 393
421 419
422 28
422 37
422 136
422 186
422 336
422 398
422 417
422 418
422 423
422 444
423 204
423 227
423 333
423 334
423 397
423 418
423 422
423 454
423 488
423 493
424 333
424 427
424 451
424 474
424 483
424 493
425 51
425 144
425 259
425 295
425 355
425 428
425 429
425 434
425 456
425 459
426 178
426 268
426 269
426 271
426 289
426 329
427 70
427 162
427 167
427 208
427 286
427 319
427 375
427 424
427 474
427 484
428 29
428 83
428 282
428 297
428 318
428 407
428 425
428 429
428 434
428 443
429 147
429 201
429 244
429 298
429 308
429 347
429 425
429 428
429 434
430 10
430 230
430 236
430 241
430 254
430 359
430 401
430 411
430 419
430 495
431 26
431 94
431 221
431 270
431 300
431 400
431 437
431 446
431 453
431 470
432 3
432 18
432 74
432 106
432 117
432 121
432 257
432 286
432 314
432 331
433 142
433 188
433 367
433 368
433 385
433 436
433 442
433 484
433 491
433 496
434 92
434 151
434 205
434 335
434 365
434 396
434 418
434 425
434 428
434 429
435 73
435 103
435 168
435 316
435 325
435 372
435 437
435 440
435 447
435 452
435 472
436 20
436 145
436 148
436 268
436 275
436 315
436 320
436 405
436 433
436 485
436 494
437 2
437 22
437 39
437 80
437 311
437 316
437 325
437 372
437 431
437 435
437 440
438 174
438 189
438 265
438 305
438 384
438 406
438 419
438 439
438 441
438 442
438 445
439 16
439 191
439 269
439 273
439 309
439 312
439 438
439 441
439 442
439 477
439 488
440 57
440 103
440 114
440 168
440 349
440 420
440 435
440 437
440 452
440 459
440 472
441 166
441 326
441 366
441 438
441 439
441 442
441 468
442 157
442 215
442 338
442 342
442 368
442 433
442 438
442 439
442 441
442 448
442 491
443 278
443 282
443 295
443 297
443 298
443 372
443 407
443 428
444 136
444 186
444 239
444 255
444 336
444 377
444 379
444 422
445 189
445 237
445 265
445 305
445 326
445 331
445 384
445 438
445 455
445 481
445 482
446 155
446 248
446 273
446 283
446 357
446 361
446 365
446 378
446 431
446 458
446 462
447 64
447 74
447 149
447 150
447 214
447 266
447 302
447 313
447 374
447 435
447 463
448 161
448 188
448 231
448 250
448 306
448 338
448 342
448 367
448 368
448 385
448 442
448 461
448 462
448 465
448 479
448 489
448 491
449 6
449 82
449 96
449 213
449 243
449 369
449 386
449 388
449 450
449 451
449 465
450 1
450 36
450 137
450 172
450 175
450 281
450 381
450 403
450 449
450 451
450 465
451 116
451 212
451 424
451 449
451 450
451 465
451 483
451 493
452 114
452 121
452 435
452 440
452 467
452 491
452 497
452 500
453 26
453 88
453 158
453 284
453 287
453 400
453 431
454 293
454 333
454 423
454 455
454 457
454 460
454 476
454 483
454 493
455 66
455 174
455 189
455 237
455 265
455 305
455 384
455 406
455 419
455 445
455 454
455 457
455 476
455 481
455 482
456 51
456 144
456 259
456 262
456 277
456 295
456 305
456 306
456 355
456 425
456 467
456 474
457 9
457 60
457 312
457 454
457 455
457 476
457 477
457 488
458 41
458 229
458 283
458 296
458 357
458 361
458 378
458 393
458 446
458 460
458 462
458 489
459 51
459 144
459 259
459 262
459 277
459 295
459 297
459 355
459 425
459 440
459 467
459 468
460 12
460 17
460 35
460 44
460 166
460 211
460 288
460 326
460 392
460 454
460 458
460 471
461 25
461 147
461 184
461 244
461 298
461 308
461 341
461 347
461 448
461 479
461 487
461 489
462 41
462 118
462 155
462 357
462 373
462 378
462 446
462 448
462 458
462 464
462 466
462 471
463 149
463 150
463 277
463 302
463 447
463 477
463 478
463 482
464 30
464 202
464 203
464 216
464 240
464 330
464 337
464 376
464 413
464 462
464 466
464 471
464 479
465 157
465 200
465 215
465 368
465 448
465 449
465 450
465 451
465 491
465 497
466 94
466 462
466 464
466 471
466 475
466 479
466 485
466 487
466 498
466 499
467 215
467 262
467 277
467 452
467 456
467 459
467 478
467 491
468 12
468 166
468 176
468 211
468 288
468 297
468 326
468 347
468 366
468 392
468 441
468 459
468 471
469 2
469 10
469 21
469 48
469 140
469 236
469 254
469 360
469 406
469 408
469 409
469 410
469 478
470 26
470 88
470 165
470 400
470 401
470 431
470 473
470 497
471 12
471 166
471 176
471 211
471 288
471 326
471 392
471 460
471 462
471 464
471 466
471 468
471 485
472 22
472 53
472 57
472 103
472 114
472 133
472 168
472 182
472 311
472 316
472 321
472 322
472 325
472 354
472 372
472 435
472 440
472 498
473 20
473 89
473 107
473 119
473 122
473 224
473 242
473 268
473 315
473 381
473 405
473 470
473 475
473 495
474 60
474 69
474 70
474 162
474 167
474 199
474 208
474 301
474 304
474 319
474 375
474 424
474 427
474 456
475 94
475 221
475 234
475 331
475 401
475 466
475 473
475 480
475 487
475 497
475 499
476 30
476 101
476 127
476 139
476 206
476 228
476 233
476 253
476 362
476 370
476 390
476 454
476 455
476 457
477 43
477 158
477 180
477 191
477 269
477 273
477 309
477 314
477 354
477 391
477 439
477 457
477 463
477 478
477 482
477 488
478 10
478 140
478 226
478 241
478 360
478 371
478 463
478 467
478 469
478 477
479 56
479 66
479 94
479 183
479 195
479 234
479 363
479 448
479 461
479 464
479 466
479 485
479 487
479 498
479 499
480 56
480 66
480 94
480 164
480 183
480 193
480 195
480 234
480 331
480 363
480 475
480 484
480 492
480 493
480 500
481 174
481 189
481 445
481 455
481 487
481 489
482 174
482 323
482 406
482 419
482 445
482 455
482 463
482 477
482 495
483 32
483 116
483 204
483 227
483 280
483 293
483 334
483 397
483 424
483 451
483 454
483 485
483 486
483 493
483 494
483 498
484 208
484 427
484 433
484 480
484 490
484 492
484 493
484 495
484 500
485 20
485 89
485 107
485 119
485 122
485 224
485 242
485 268
485 275
485 315
485 320
485 436
485 466
485 471
485 479
485 483
486 14
486 47
486 77
486 124
486 204
486 235
486 261
486 286
486 322
486 358
486 380
486 416
486 483
486 492
486 494
486 496
486 498
486 500
487 104
487 120
487 185
487 193
487 195
487 331
487 461
487 466
487 475
487 479
487 481
487 489
487 498
487 499
488 7
488 128
488 309
488 348
488 423
488 439
488 457
488 477
488 499
488 500
489 41
489 118
489 155
489 217
489 248
489 283
489 287
489 357
489 361
489 373
489 378
489 448
489 458
489 461
489 481
489 487
490 164
490 170
490 274
490 377
490 391
490 412
490 484
490 495
491 123
491 161
491 188
491 200
491 215
491 263
491 306
491 338
491 342
491 433
491 442
491 448
491 452
491 465
491 467
491 496
491 497
492 14
492 47
492 77
492 124
492 133
492 286
492 310
492 343
492 358
492 416
492 480
492 484
492 486
492 493
492 496
492 500
493 32
493 116
493 193
493 204
493 212
493 227
493 280
493 334
493 397
493 423
493 424
493 451
493 454
493 480
493 483
493 484
493 492
493 496
494 20
494 89
494 107
494 119
494 122
494 224
494 242
494 268
494 275
494 315
494 320
494 339
494 405
494 436
494 483
494 486
494 496
494 498
495 60
495 67
495 69
495 70
495 79
495 162
495 167
495 199
495 208
495 341
495 375
495 412
495 430
495 473
495 482
495 484
495 490
495 499
496 153
496 231
496 306
496 338
496 342
496 433
496 486
496 491
496 492
496 493
496 494
496 498
497 53
497 57
497 114
497 133
497 168
497 182
497 311
497 316
497 325
497 401
497 452
497 465
497 470
497 475
497 491
498 56
498 66
498 94
498 104
498 120
498 183
498 185
498 193
498 195
498 234
498 331
498 363
498 466
498 472
498 479
498 483
498 486
498 487
498 494
498 496
499 7
499 52
499 56
499 94
499 104
499 120
499 183
499 185
499 193
499 234
499 331
499 348
499 363
499 466
499 475
499 479
499 487
499 488
499 495
499 500
500 14
500 47
500 77
500 124
500 235
500 261
500 286
500 310
500 322
500 343
500 358
500 380
500 416
500 452
500 480
500 484
500 486
500 488
500 492
500 499
