1 96
1 108
1 129
1 149
1 500
2 116
2 275
2 350
2 428
2 488
3 8
3 233
3 288
3 445
3 450
4 24
4 31
4 85
4 152
5 87
5 182
5 234
5 236
5 326
6 122
6 267
6 330
6 344
7 58
7 68
7 265
7 271
7 305
7 307
7 313
8 3
8 17
8 27
8 190
8 318
8 379
8 383
9 59
9 206
9 289
9 299
9 396
9 400
9 417
9 418
10 56
10 139
10 322
10 327
10 340
11 12
11 15
11 62
11 138
11 320
11 361
12 11
12 24
12 31
12 85
12 152
13 124
13 160
13 259
13 260
13 276
13 349
13 358
13 369
14 20
14 34
14 116
14 275
14 350
14 428
14 488
15 11
15 62
15 138
15 213
15 320
15 348
15 361
16 115
16 230
16 238
16 241
16 355
17 8
17 27
17 318
17 337
17 379
18 42
18 77
18 170
18 237
18 255
19 65
19 131
19 243
19 244
19 303
20 14
20 174
20 183
20 250
20 301
21 28
21 106
21 141
21 253
21 430
22 131
22 136
22 148
22 243
22 448
23 43
23 71
23 134
23 370
24 4
24 12
24 31
24 85
24 153
25 168
25 287
25 402
25 410
26 93
26 100
26 272
26 316
27 8
27 17
27 229
27 290
27 383
28 21
28 77
28 170
28 237
28 255
29 37
29 140
29 197
29 286
29 312
30 211
30 343
30 377
30 385
30 401
31 4
31 12
31 24
31 85
31 97
31 152
32 98
32 438
32 455
32 479
32 486
33 181
33 221
33 392
33 394
33 416
34 14
34 38
34 116
34 188
34 421
34 426
34 451
34 454
34 467
34 488
35 121
35 291
35 323
35 373
35 391
36 211
36 343
36 377
36 385
36 401
37 29
37 211
37 343
37 377
37 385
37 401
38 34
38 116
38 275
38 350
38 421
38 426
38 428
38 488
39 424
39 464
39 466
39 476
39 478
40 72
40 284
40 317
41 45
41 438
41 455
41 479
41 486
42 18
42 77
42 170
42 237
42 255
43 23
43 44
43 242
43 302
43 308
44 43
44 71
44 134
44 172
44 222
44 242
44 370
45 41
45 81
45 122
45 267
45 330
45 344
46 65
46 136
46 225
46 243
47 147
47 176
47 212
47 216
47 248
47 296
47 328
47 353
47 457
47 477
47 481
47 482
47 485
47 490
47 492
47 493
47 496
48 155
48 174
48 183
48 250
48 301
49 81
49 309
49 330
49 344
49 447
50 106
50 137
50 141
50 253
50 404
51 70
51 168
51 261
51 287
51 402
52 54
52 464
52 466
52 476
52 478
53 233
53 352
53 445
53 450
54 52
54 107
54 268
54 354
54 372
55 83
55 88
55 119
55 262
55 367
56 10
56 157
56 322
56 327
56 340
57 79
57 93
57 100
57 272
57 316
58 7
58 68
58 265
58 271
58 307
58 477
59 9
59 98
59 249
59 396
59 400
59 418
60 473
60 477
60 489
60 494
60 498
61 64
61 233
61 288
61 352
61 445
61 450
62 11
62 15
62 213
62 320
62 361
63 87
63 234
63 236
63 278
63 326
63 452
64 61
64 66
64 193
64 210
64 331
64 376
64 397
64 405
65 19
65 46
65 136
65 148
65 439
65 448
66 64
66 232
66 376
66 397
66 405
67 184
67 300
67 314
67 388
67 437
67 460
67 476
68 7
68 58
68 265
68 271
68 307
69 181
69 202
69 392
69 393
69 394
69 416
69 476
70 51
70 71
70 91
70 168
70 191
70 261
70 311
70 402
71 23
71 44
71 70
71 242
71 302
71 308
72 40
72 73
72 92
72 99
72 189
72 284
72 317
73 72
73 210
73 376
73 397
73 405
74 233
74 294
74 352
74 445
74 450
75 106
75 141
75 253
75 404
75 430
76 78
76 160
76 259
76 349
76 369
77 18
77 28
77 42
77 237
77 255
78 76
78 353
78 490
78 491
78 493
79 57
79 93
79 100
79 272
79 316
80 87
80 156
80 197
80 286
80 312
81 45
81 49
81 127
81 219
81 330
82 224
82 228
82 273
82 351
83 55
83 88
83 119
83 332
83 367
84 97
84 324
84 371
84 382
84 395
85 4
85 12
85 24
85 31
85 152
86 97
86 324
86 371
86 382
86 395
87 5
87 63
87 80
87 126
87 182
87 234
87 251
87 326
88 55
88 83
88 119
88 207
88 262
88 332
88 367
88 399
89 182
89 236
89 274
89 278
89 326
90 266
90 300
90 390
90 437
90 460
91 70
91 168
91 191
91 287
91 402
92 72
92 282
92 284
92 317
92 321
93 26
93 57
93 79
93 96
93 100
93 316
94 116
94 275
94 350
94 428
94 488
95 143
95 194
95 203
95 240
95 334
95 406
96 1
96 93
96 108
96 129
96 149
97 31
97 84
97 86
97 105
97 169
97 179
97 382
97 395
98 32
98 59
98 206
98 289
98 299
98 396
98 400
98 417
98 418
99 72
99 167
99 189
99 258
99 317
100 26
100 57
100 79
100 93
100 272
100 316
101 473
101 489
101 494
101 498
101 499
102 151
102 223
102 341
102 345
102 356
102 363
102 413
103 107
103 185
103 268
103 354
103 372
104 462
104 464
104 466
104 476
104 478
105 97
105 324
105 371
105 382
105 395
106 21
106 50
106 75
106 120
106 137
106 141
106 253
106 283
106 347
106 430
106 441
106 449
107 54
107 103
107 158
107 166
107 192
107 354
108 1
108 96
108 111
108 129
108 149
109 184
109 285
109 314
109 437
109 460
110 114
110 285
110 314
110 437
110 460
111 108
111 224
111 227
111 273
111 351
112 132
112 205
112 214
112 230
112 241
113 162
113 196
113 387
113 403
113 412
114 110
114 224
114 227
114 273
114 351
115 16
115 117
115 132
115 238
115 355
116 2
116 14
116 34
116 38
116 94
116 381
116 421
116 426
116 434
116 454
116 467
116 488
117 115
117 157
117 322
117 327
117 340
118 125
118 233
118 352
118 445
118 450
119 55
119 83
119 88
119 207
119 262
119 332
119 399
120 106
120 141
120 253
120 404
120 430
121 35
121 231
121 291
121 373
121 391
122 6
122 45
122 127
122 219
122 309
123 145
123 199
123 239
123 264
123 319
123 329
123 365
123 463
124 13
124 247
124 259
124 260
124 276
124 358
125 118
125 205
125 214
125 238
125 241
126 87
126 182
126 274
126 326
126 379
127 81
127 122
127 267
127 344
127 484
128 279
128 295
128 335
128 357
128 389
128 398
128 427
128 432
128 444
128 446
128 453
128 456
128 465
128 484
129 1
129 96
129 108
129 149
129 484
130 200
130 304
130 306
130 315
130 362
130 374
130 419
131 19
131 22
131 133
131 136
131 243
131 244
132 112
132 115
132 214
132 238
132 355
133 131
133 239
133 346
133 365
133 463
134 23
134 44
134 135
134 242
134 302
134 308
135 134
135 333
135 339
135 411
135 433
135 442
135 447
135 459
135 468
135 471
135 487
136 22
136 46
136 65
136 131
136 138
136 148
136 225
136 243
136 244
136 303
136 439
136 448
137 50
137 106
137 141
137 283
137 414
137 441
138 11
138 15
138 136
138 320
138 361
139 10
139 157
139 322
139 327
139 340
140 29
140 143
140 164
140 286
140 312
141 21
141 50
141 75
141 106
141 120
141 137
141 429
141 430
141 441
141 449
142 210
142 232
142 376
142 397
142 405
143 95
143 140
143 165
143 194
143 203
143 240
143 310
143 406
144 155
144 174
144 183
144 250
144 301
145 123
145 146
145 150
145 180
145 199
145 264
145 319
145 329
145 346
145 365
145 463
146 145
146 235
146 270
146 374
146 419
147 47
147 353
147 490
147 491
147 493
148 22
148 65
148 136
148 243
148 303
149 1
149 96
149 108
149 129
149 153
150 145
150 239
150 264
150 423
150 463
151 102
151 177
151 208
151 215
151 223
151 341
151 345
151 413
152 4
152 12
152 31
152 85
152 153
153 24
153 149
153 152
154 285
154 390
154 437
154 460
155 48
155 144
155 174
155 183
155 301
156 80
156 164
156 197
156 286
156 312
157 56
157 117
157 139
157 327
157 340
158 107
158 185
158 268
158 354
158 372
159 166
159 462
159 464
159 476
159 478
160 13
160 76
160 276
160 349
160 369
161 162
161 196
161 387
161 403
161 427
162 113
162 161
162 163
162 196
162 218
162 245
162 256
162 403
162 408
163 162
163 196
163 256
163 387
163 408
164 140
164 156
164 197
164 286
164 312
165 143
165 334
165 406
166 107
166 159
166 268
166 354
166 372
167 99
167 230
167 258
167 282
167 284
167 317
167 321
168 25
168 51
168 70
168 91
168 191
168 261
168 287
168 311
168 410
169 97
169 324
169 371
169 382
169 395
170 18
170 28
170 42
170 237
170 255
171 173
171 353
171 490
171 491
171 493
172 44
172 242
172 302
173 171
173 435
173 438
173 455
173 479
173 486
174 20
174 48
174 144
174 155
174 183
174 250
175 200
175 235
175 270
175 304
175 315
175 419
176 47
176 178
176 353
176 490
176 491
176 493
177 151
177 208
177 345
177 356
177 363
178 176
178 438
178 440
178 455
178 479
178 486
179 97
179 254
179 324
179 371
179 382
179 395
180 145
180 182
180 239
180 264
180 423
180 463
181 33
181 69
181 195
181 202
181 221
181 392
181 393
181 416
182 5
182 87
182 89
182 126
182 180
182 251
182 326
182 386
182 452
183 20
183 48
183 144
183 155
183 174
183 184
183 301
184 67
184 109
184 183
184 314
184 437
184 460
185 103
185 158
185 187
185 192
185 268
186 333
186 411
186 433
186 442
186 447
186 459
186 468
186 487
187 185
187 411
187 433
187 447
187 459
187 470
188 34
188 275
188 350
188 428
188 488
189 72
189 99
189 282
189 284
189 317
189 321
190 8
190 191
190 217
190 229
190 318
190 337
191 70
191 91
191 168
191 190
191 287
191 402
192 107
192 185
192 268
192 372
193 64
193 196
193 210
193 376
193 397
193 405
194 95
194 143
194 240
194 334
194 360
194 406
195 181
195 392
195 394
195 416
196 113
196 161
196 162
196 163
196 193
196 218
196 245
196 256
196 403
196 408
196 412
197 29
197 80
197 156
197 164
197 198
197 312
198 197
198 211
198 377
198 385
198 401
199 123
199 145
199 202
199 423
199 463
200 130
200 175
200 209
200 315
200 374
200 419
201 208
201 215
201 223
201 341
201 356
201 363
201 413
202 69
202 181
202 199
202 221
202 392
202 394
202 416
203 95
203 143
203 246
203 310
203 334
203 406
204 380
204 424
204 462
204 464
204 478
205 112
205 125
205 214
205 230
205 241
205 431
206 9
206 98
206 207
206 249
206 396
206 418
207 88
207 119
207 206
207 262
207 367
207 399
208 151
208 177
208 201
208 363
208 413
209 200
209 235
209 270
209 306
209 315
209 374
210 64
210 73
210 142
210 193
210 213
210 376
210 405
211 30
211 36
211 37
211 198
211 343
211 377
211 385
211 401
212 47
212 353
212 477
212 490
212 491
212 493
213 15
213 62
213 210
213 320
213 348
213 361
214 112
214 125
214 132
214 205
214 230
215 151
215 201
215 217
215 345
215 363
215 413
216 47
216 353
216 477
216 490
216 491
216 493
217 190
217 215
217 229
217 318
217 379
218 162
218 196
218 219
218 387
218 403
218 412
219 81
219 122
219 218
219 267
219 330
219 344
220 435
220 438
220 440
220 455
220 479
220 486
221 33
221 181
221 202
221 222
221 394
221 416
222 44
222 221
222 242
222 302
222 308
223 102
223 151
223 201
223 363
223 413
224 82
224 111
224 114
224 227
224 228
224 351
225 46
225 136
225 229
225 243
226 233
226 288
226 294
226 443
226 445
226 450
227 111
227 114
227 224
227 228
227 273
227 351
228 82
228 224
228 227
228 273
228 351
229 27
229 190
229 217
229 225
229 318
229 337
229 379
230 16
230 112
230 167
230 205
230 214
230 238
230 355
231 121
231 237
231 252
231 277
231 373
231 391
232 66
232 142
232 376
232 397
232 405
233 3
233 53
233 61
233 74
233 118
233 226
233 288
233 294
233 352
233 443
233 445
234 5
234 63
234 87
234 278
234 326
234 386
235 146
235 175
235 209
235 270
235 282
235 297
235 304
235 306
235 315
235 419
236 5
236 63
236 89
236 274
236 326
236 386
237 18
237 28
237 42
237 77
237 170
237 231
238 16
238 115
238 125
238 132
238 230
238 241
238 355
239 123
239 133
239 150
239 180
239 243
239 463
240 95
240 143
240 194
240 310
240 334
240 406
241 16
241 112
241 125
241 205
241 238
241 355
242 43
242 44
242 71
242 134
242 172
242 222
242 308
242 370
243 19
243 22
243 46
243 131
243 136
243 148
243 225
243 239
243 244
243 303
243 439
243 448
244 19
244 131
244 136
244 243
244 245
244 448
245 162
245 196
245 244
245 256
245 387
245 403
246 203
246 310
246 334
246 360
246 406
247 124
247 260
247 276
247 349
247 369
248 47
248 353
248 477
248 490
248 491
248 493
249 59
249 206
249 289
249 299
249 400
249 418
250 20
250 48
250 144
250 174
250 301
251 87
251 182
251 252
251 274
251 326
252 231
252 251
252 263
252 323
252 342
252 373
252 391
253 21
253 50
253 75
253 106
253 120
253 347
253 404
253 414
253 430
253 435
253 441
253 449
254 179
254 269
254 325
254 368
254 375
254 378
254 409
254 415
254 420
254 436
254 458
254 469
254 472
254 473
254 475
254 480
254 489
254 494
254 499
254 500
255 18
255 28
255 42
255 77
255 170
255 258
256 162
256 163
256 196
256 245
256 387
256 412
257 380
257 424
257 462
257 464
257 466
257 478
258 99
258 167
258 255
258 282
258 321
259 13
259 76
259 124
259 260
259 349
259 369
260 13
260 124
260 247
260 259
260 276
260 349
261 51
261 70
261 168
261 287
261 311
261 402
262 55
262 88
262 119
262 207
262 265
262 367
263 252
263 277
263 291
263 342
263 373
263 391
264 123
264 145
264 150
264 180
264 319
264 329
264 346
265 7
265 58
265 68
265 262
265 271
265 305
265 307
265 313
266 90
266 269
266 300
266 390
266 437
266 460
267 6
267 45
267 127
267 219
267 309
267 330
267 344
268 54
268 103
268 158
268 166
268 185
268 192
268 354
268 372
269 254
269 266
269 473
269 489
269 494
269 498
269 499
270 146
270 175
270 209
270 235
270 306
270 362
270 419
271 7
271 58
271 68
271 265
271 305
271 307
271 313
272 26
272 57
272 79
272 100
272 316
272 482
273 82
273 111
273 114
273 227
273 228
273 278
273 351
274 89
274 126
274 236
274 251
274 386
274 452
275 2
275 14
275 38
275 94
275 188
275 381
275 421
275 426
275 434
275 451
275 454
275 467
275 488
276 13
276 124
276 160
276 247
276 260
276 358
276 369
277 231
277 263
277 291
277 323
277 342
277 373
277 391
278 63
278 89
278 234
278 273
278 326
278 452
279 128
279 280
279 389
279 432
279 444
279 446
279 461
280 279
280 298
280 364
280 424
280 462
280 464
280 466
280 476
280 478
281 435
281 438
281 440
281 455
281 479
281 483
281 486
282 92
282 167
282 189
282 235
282 258
282 317
282 472
283 106
283 137
283 284
283 347
283 404
284 40
284 72
284 92
284 167
284 189
284 283
285 109
285 110
285 154
285 300
285 390
285 437
285 460
286 29
286 80
286 140
286 156
286 164
286 290
286 312
287 25
287 51
287 91
287 168
287 191
287 261
287 410
288 3
288 61
288 226
288 233
288 443
288 445
288 450
289 9
289 98
289 249
289 396
289 418
290 27
290 286
290 318
290 337
290 379
291 35
291 121
291 263
291 277
291 292
291 323
291 342
291 391
292 291
292 431
292 438
292 440
292 455
292 483
292 486
293 294
293 380
293 462
293 464
293 466
293 476
293 478
294 74
294 226
294 233
294 293
294 352
294 443
294 450
295 128
295 389
295 432
295 444
295 446
295 456
295 461
296 47
296 298
296 353
296 477
296 490
296 491
296 493
297 235
297 424
297 462
297 464
297 466
297 476
297 478
297 483
298 280
298 296
298 364
298 464
298 466
298 476
298 478
299 9
299 98
299 249
299 396
299 418
300 67
300 90
300 266
300 285
300 301
300 314
300 388
300 390
300 460
301 20
301 48
301 144
301 155
301 183
301 250
301 300
302 43
302 71
302 134
302 172
302 222
302 303
302 370
303 19
303 136
303 148
303 243
303 302
303 439
304 130
304 175
304 235
304 306
304 374
305 7
305 265
305 271
305 307
305 313
306 130
306 209
306 235
306 270
306 304
306 307
306 362
306 374
306 419
307 7
307 58
307 68
307 265
307 271
307 305
307 306
308 43
308 71
308 134
308 222
308 242
308 370
309 49
309 122
309 267
309 310
309 344
310 143
310 203
310 240
310 246
310 309
310 334
310 406
311 70
311 168
311 261
311 402
311 410
312 29
312 80
312 140
312 156
312 164
312 197
312 286
313 7
313 265
313 271
313 305
314 67
314 109
314 110
314 184
314 300
314 437
314 460
315 130
315 175
315 200
315 209
315 235
315 316
315 419
316 26
316 57
316 79
316 93
316 100
316 272
316 315
317 40
317 72
317 92
317 99
317 167
317 189
317 282
317 319
318 8
318 17
318 190
318 217
318 229
318 290
318 337
318 379
318 383
319 123
319 145
319 264
319 317
319 346
319 365
319 463
320 11
320 15
320 62
320 138
320 213
320 348
320 361
321 92
321 167
321 189
321 258
322 10
322 56
322 117
322 139
322 323
322 327
322 340
323 35
323 252
323 277
323 291
323 322
323 373
323 391
324 84
324 86
324 105
324 169
324 179
324 336
324 371
325 254
325 473
325 480
325 489
325 494
325 498
325 499
326 5
326 63
326 87
326 89
326 126
326 182
326 234
326 236
326 251
326 278
326 329
326 386
326 452
327 10
327 56
327 117
327 139
327 157
327 322
327 340
328 47
328 353
328 477
328 482
328 490
328 491
328 493
329 123
329 145
329 264
329 326
329 346
329 423
329 463
330 6
330 45
330 49
330 81
330 219
330 267
330 332
331 64
331 376
331 397
331 405
332 83
332 88
332 119
332 330
332 367
332 399
333 135
333 186
333 339
333 407
333 411
333 429
333 433
333 447
333 470
333 495
333 497
334 95
334 165
334 194
334 203
334 240
334 246
334 310
334 360
335 128
335 357
335 389
335 398
335 432
335 444
335 446
335 456
335 461
335 484
336 324
336 337
336 371
336 382
336 395
337 17
337 190
337 229
337 290
337 318
337 336
337 379
337 383
338 431
338 435
338 438
338 440
338 455
338 479
338 483
338 486
339 135
339 333
339 340
339 407
339 411
339 429
339 433
339 442
339 447
339 459
339 468
339 471
340 10
340 56
340 117
340 139
340 157
340 322
340 327
340 339
341 102
341 151
341 201
341 363
341 413
342 252
342 263
342 277
342 291
342 343
342 391
343 30
343 36
343 37
343 211
343 342
343 366
343 377
343 385
344 6
344 45
344 49
344 127
344 219
344 267
344 309
344 345
345 102
345 151
345 177
345 215
345 344
345 356
345 363
346 133
346 145
346 264
346 319
346 329
346 348
346 463
347 106
347 253
347 283
347 371
347 404
347 414
347 430
348 15
348 213
348 320
348 346
348 361
349 13
349 76
349 160
349 247
349 259
349 260
349 358
349 369
350 2
350 14
350 38
350 94
350 188
350 381
350 421
350 426
350 434
350 451
350 454
350 467
351 82
351 111
351 114
351 224
351 227
351 228
351 273
351 354
352 53
352 61
352 74
352 118
352 233
352 294
352 445
352 450
353 47
353 78
353 147
353 171
353 176
353 212
353 216
353 248
353 296
353 328
353 457
353 477
353 481
353 485
353 490
353 492
353 493
353 496
354 54
354 103
354 107
354 158
354 166
354 268
354 351
354 372
355 16
355 115
355 132
355 230
355 238
355 241
355 356
356 102
356 177
356 201
356 345
356 355
356 363
356 413
357 128
357 335
357 432
357 444
357 446
357 456
357 461
357 484
358 13
358 124
358 276
358 349
358 369
359 425
359 431
359 435
359 438
359 440
359 483
359 486
360 194
360 246
360 334
360 361
360 406
361 11
361 15
361 62
361 138
361 213
361 320
361 348
361 360
362 130
362 270
362 306
362 419
363 102
363 177
363 201
363 208
363 215
363 223
363 341
363 345
363 356
364 280
364 298
364 424
364 462
364 464
364 466
364 476
364 478
365 123
365 133
365 145
365 319
365 463
366 343
366 377
366 385
366 401
367 55
367 83
367 88
367 207
367 262
367 332
367 368
367 399
368 254
368 367
368 473
368 480
368 489
368 494
368 498
368 499
369 13
369 76
369 160
369 247
369 259
369 276
369 349
369 358
370 23
370 44
370 242
370 302
370 308
371 84
371 86
371 105
371 169
371 179
371 324
371 336
371 347
371 382
372 54
372 103
372 158
372 166
372 192
372 268
372 354
373 35
373 121
373 231
373 252
373 263
373 277
373 323
373 375
374 130
374 146
374 200
374 209
374 304
374 306
375 254
375 373
375 473
375 475
375 480
375 494
375 498
375 499
375 500
376 64
376 66
376 73
376 142
376 193
376 210
376 232
376 331
376 452
377 30
377 36
377 37
377 198
377 211
377 343
377 366
377 401
377 453
378 254
378 473
378 475
378 480
378 489
378 491
378 494
378 498
378 499
379 8
379 17
379 126
379 217
379 229
379 290
379 318
379 337
379 383
380 204
380 257
380 293
380 438
380 462
380 464
380 478
381 116
381 275
381 350
381 382
381 488
382 84
382 86
382 97
382 105
382 169
382 179
382 336
382 371
382 381
383 8
383 27
383 318
383 337
383 379
384 385
384 411
384 433
384 447
384 459
385 30
385 36
385 37
385 198
385 211
385 343
385 366
385 384
385 401
386 182
386 234
386 236
386 274
386 326
386 388
387 113
387 161
387 163
387 218
387 245
387 256
387 403
387 408
387 412
388 67
388 300
388 386
388 390
388 437
388 460
389 128
389 279
389 295
389 335
389 392
389 398
389 427
389 432
389 444
389 453
389 461
389 465
389 484
390 90
390 154
390 266
390 285
390 300
390 388
390 393
390 437
390 460
391 35
391 121
391 231
391 252
391 263
391 277
391 291
391 323
391 342
392 33
392 69
392 181
392 195
392 202
392 389
392 393
392 394
392 416
393 69
393 181
393 390
393 392
393 394
393 416
394 33
394 69
394 195
394 202
394 221
394 392
394 393
394 395
394 416
395 84
395 86
395 97
395 105
395 169
395 179
395 336
395 394
396 9
396 59
396 98
396 206
396 289
396 299
396 397
396 400
396 417
397 64
397 66
397 73
397 142
397 193
397 232
397 331
397 396
397 405
398 128
398 335
398 389
398 432
398 444
398 446
398 456
398 484
399 88
399 119
399 207
399 332
399 367
399 400
400 9
400 59
400 98
400 249
400 396
400 399
400 418
401 30
401 36
401 37
401 198
401 211
401 366
401 377
401 385
401 402
402 25
402 51
402 70
402 91
402 191
402 261
402 311
402 401
402 410
403 113
403 161
403 162
403 196
403 218
403 245
403 387
403 404
403 408
404 50
404 75
404 120
404 253
404 283
404 347
404 403
404 430
404 449
405 64
405 66
405 73
405 142
405 193
405 210
405 232
405 331
405 397
405 406
406 95
406 143
406 165
406 194
406 203
406 240
406 246
406 310
406 360
406 405
407 333
407 339
407 411
407 442
407 447
407 459
407 468
407 470
407 471
407 487
408 162
408 163
408 196
408 387
408 403
408 417
409 254
409 417
409 473
409 475
409 480
409 489
409 494
409 498
409 499
409 500
410 25
410 168
410 287
410 311
410 402
410 411
411 135
411 186
411 187
411 333
411 339
411 384
411 407
411 410
411 422
411 429
411 442
411 447
411 459
411 468
411 470
411 471
411 474
411 487
411 495
411 497
412 113
412 196
412 218
412 256
412 387
413 102
413 151
413 201
413 208
413 215
413 223
413 341
413 356
413 414
414 137
414 253
414 347
414 413
414 430
415 254
415 416
415 473
415 475
415 480
415 489
415 494
415 498
415 499
415 500
416 33
416 69
416 181
416 195
416 202
416 221
416 392
416 393
416 394
416 415
417 9
417 98
417 396
417 408
417 409
417 418
418 9
418 59
418 98
418 206
418 249
418 289
418 299
418 400
418 417
418 419
419 130
419 146
419 175
419 200
419 235
419 270
419 306
419 315
419 362
419 418
420 254
420 421
420 473
420 475
420 480
420 489
420 494
420 498
420 499
420 500
421 34
421 38
421 116
421 275
421 350
421 420
421 426
421 428
421 454
421 488
422 411
422 433
422 447
422 459
422 468
422 470
422 487
423 150
423 180
423 199
423 329
423 463
423 499
424 39
424 204
424 257
424 280
424 297
424 364
424 462
424 464
424 466
424 478
424 499
425 359
425 426
425 431
425 435
425 438
425 440
425 479
425 483
425 486
426 34
426 38
426 116
426 275
426 350
426 421
426 425
426 454
426 467
426 488
427 128
427 161
427 389
427 432
427 444
427 446
427 456
427 461
427 484
428 2
428 14
428 38
428 94
428 188
428 421
428 434
428 451
428 454
428 467
428 488
429 141
429 333
429 339
429 411
429 442
429 447
429 459
429 468
429 470
429 471
429 487
430 21
430 75
430 106
430 120
430 141
430 253
430 347
430 404
430 414
430 441
430 449
431 205
431 292
431 338
431 359
431 425
431 440
431 455
431 479
431 483
431 486
432 128
432 279
432 295
432 335
432 357
432 389
432 398
432 427
432 444
432 453
432 465
432 484
433 135
433 186
433 187
433 333
433 339
433 384
433 422
433 434
433 468
433 470
433 471
433 474
433 487
433 495
433 497
434 116
434 275
434 350
434 428
434 433
434 488
435 173
435 220
435 253
435 281
435 338
435 359
435 425
435 438
435 440
435 479
435 483
436 254
436 437
436 458
436 472
436 473
436 475
436 480
436 489
436 494
436 498
436 499
436 500
437 67
437 90
437 109
437 110
437 154
437 184
437 266
437 285
437 314
437 388
437 390
437 436
438 32
438 41
438 173
438 178
438 220
438 281
438 292
438 338
438 359
438 380
438 425
438 435
438 479
438 483
438 486
439 65
439 136
439 243
439 303
439 498
440 178
440 220
440 281
440 292
440 338
440 359
440 425
440 431
440 435
440 442
440 479
440 483
440 486
441 106
441 137
441 141
441 253
441 430
442 135
442 186
442 339
442 407
442 411
442 429
442 440
442 447
442 459
442 470
442 495
442 497
443 226
443 233
443 288
443 294
443 444
443 445
443 450
444 128
444 279
444 295
444 335
444 357
444 389
444 398
444 427
444 432
444 443
444 453
444 456
444 465
445 3
445 53
445 61
445 74
445 118
445 226
445 233
445 288
445 352
445 443
445 446
445 450
446 128
446 279
446 295
446 335
446 357
446 398
446 427
446 445
446 453
446 456
446 461
446 484
447 49
447 135
447 186
447 187
447 333
447 339
447 384
447 407
447 411
447 422
447 429
447 442
447 459
447 468
447 470
447 471
447 474
447 487
447 495
448 22
448 65
448 136
448 243
448 244
448 449
449 106
449 141
449 253
449 404
449 430
449 448
450 3
450 53
450 61
450 74
450 118
450 226
450 288
450 294
450 352
450 443
450 445
450 451
451 34
451 275
451 350
451 428
451 450
451 488
452 63
452 182
452 274
452 278
452 326
452 376
453 128
453 377
453 389
453 432
453 444
453 446
453 456
453 461
453 484
454 34
454 116
454 275
454 350
454 421
454 426
454 428
454 455
454 488
455 32
455 41
455 173
455 178
455 220
455 281
455 292
455 338
455 431
455 454
455 479
455 486
456 128
456 295
456 335
456 357
456 398
456 427
456 444
456 446
456 453
456 457
456 461
456 484
457 47
457 353
457 456
457 477
457 481
457 482
457 485
457 491
457 493
458 254
458 436
458 459
458 472
458 473
458 475
458 480
458 489
458 494
458 498
458 499
458 500
459 135
459 186
459 187
459 339
459 384
459 407
459 411
459 422
459 429
459 442
459 447
459 458
459 468
459 471
459 474
459 495
459 497
460 67
460 90
460 109
460 110
460 154
460 184
460 266
460 285
460 300
460 314
460 388
460 390
460 461
461 279
461 295
461 335
461 357
461 389
461 427
461 446
461 453
461 456
461 460
461 465
461 484
462 104
462 159
462 204
462 257
462 280
462 293
462 297
462 364
462 380
462 424
462 463
462 466
462 476
463 123
463 133
463 145
463 150
463 180
463 199
463 239
463 319
463 329
463 346
463 365
463 423
463 462
464 39
464 52
464 104
464 159
464 204
464 257
464 280
464 293
464 297
464 298
464 364
464 380
464 424
464 465
465 128
465 389
465 432
465 444
465 461
465 464
466 39
466 52
466 104
466 257
466 280
466 293
466 297
466 298
466 364
466 424
466 462
466 468
466 476
466 478
467 34
467 116
467 275
467 350
467 426
467 428
467 470
467 488
468 135
468 186
468 339
468 407
468 411
468 422
468 429
468 433
468 447
468 459
468 466
468 470
468 471
468 495
469 254
469 471
469 473
469 489
469 494
469 498
470 187
470 333
470 407
470 411
470 422
470 429
470 433
470 442
470 447
470 467
470 468
470 471
470 474
470 497
471 135
471 339
471 407
471 411
471 429
471 433
471 447
471 459
471 468
471 469
471 470
471 487
471 497
472 254
472 282
472 436
472 458
472 473
472 475
472 480
472 489
472 494
472 498
472 499
472 500
473 60
473 101
473 254
473 269
473 325
473 368
473 375
473 378
473 409
473 415
473 420
473 436
473 458
473 469
473 472
473 474
473 475
473 480
473 498
473 500
474 411
474 433
474 447
474 459
474 470
474 473
474 487
475 254
475 375
475 378
475 409
475 415
475 420
475 436
475 458
475 472
475 473
475 478
475 480
475 494
475 498
475 500
476 39
476 52
476 67
476 69
476 104
476 159
476 280
476 293
476 297
476 298
476 364
476 462
476 466
476 478
477 47
477 58
477 60
477 212
477 216
477 248
477 296
477 328
477 353
477 457
477 481
477 482
477 485
477 490
477 491
477 493
477 496
478 39
478 52
478 104
478 159
478 204
478 257
478 280
478 293
478 297
478 298
478 364
478 380
478 424
478 466
478 475
478 476
479 32
479 41
479 173
479 178
479 220
479 281
479 338
479 425
479 431
479 435
479 438
479 440
479 455
479 481
479 483
479 486
480 254
480 325
480 368
480 375
480 378
480 409
480 415
480 420
480 436
480 458
480 472
480 473
480 475
480 485
480 489
480 498
481 47
481 353
481 457
481 477
481 479
481 482
481 485
481 490
481 491
481 493
481 496
482 47
482 272
482 328
482 457
482 477
482 481
482 485
482 490
482 491
482 493
482 496
483 281
483 292
483 297
483 338
483 359
483 425
483 431
483 435
483 438
483 440
483 479
483 486
483 489
484 127
484 128
484 129
484 335
484 357
484 389
484 398
484 427
484 432
484 446
484 453
484 456
484 461
485 47
485 353
485 457
485 477
485 480
485 481
485 482
485 490
485 491
485 493
486 32
486 41
486 173
486 178
486 220
486 281
486 292
486 338
486 359
486 425
486 431
486 438
486 440
486 455
486 479
486 483
486 487
487 135
487 186
487 407
487 411
487 422
487 429
487 433
487 447
487 471
487 474
487 486
487 495
487 497
488 2
488 14
488 34
488 38
488 94
488 116
488 188
488 275
488 381
488 421
488 426
488 428
488 434
488 451
488 454
488 467
488 490
489 60
489 101
489 254
489 269
489 325
489 368
489 378
489 409
489 415
489 420
489 436
489 458
489 469
489 472
489 480
489 483
489 492
489 498
490 47
490 78
490 147
490 171
490 176
490 212
490 216
490 248
490 296
490 328
490 353
490 477
490 481
490 482
490 485
490 488
490 492
490 496
491 78
491 147
491 171
491 176
491 212
491 216
491 248
491 296
491 328
491 378
491 457
491 477
491 481
491 482
491 485
491 492
491 493
491 496
492 47
492 353
492 489
492 490
492 491
492 493
492 494
493 47
493 78
493 147
493 171
493 176
493 212
493 216
493 248
493 296
493 328
493 353
493 457
493 477
493 481
493 482
493 485
493 491
493 492
493 496
493 497
494 60
494 101
494 254
494 269
494 325
494 368
494 375
494 378
494 409
494 415
494 420
494 436
494 458
494 469
494 472
494 475
494 492
494 495
494 498
494 500
495 333
495 411
495 433
495 442
495 447
495 459
495 468
495 487
495 494
495 496
496 47
496 353
496 477
496 481
496 482
496 490
496 491
496 493
496 495
496 500
497 333
497 411
497 433
497 442
497 459
497 470
497 471
497 487
497 493
498 60
498 101
498 269
498 325
498 368
498 375
498 378
498 409
498 415
498 420
498 436
498 439
498 458
498 469
498 472
498 473
498 475
498 480
498 489
498 494
498 500
499 101
499 254
499 269
499 325
499 368
499 375
499 378
499 409
499 415
499 420
499 423
499 424
499 436
499 458
499 472
499 500
500 1
500 254
500 375
500 409
500 415
500 420
500 436
500 458
500 472
500 473
500 475
500 494
500 496
500 498
500 499
