1 140
1 184
1 351
1 446
1 463
2 4
2 115
2 129
2 176
2 326
3 6
3 143
3 171
3 259
3 496
4 2
4 27
4 103
4 296
4 380
5 9
5 39
5 98
5 130
5 294
6 3
6 12
6 64
6 373
6 460
7 8
7 16
7 83
7 150
7 215
7 314
8 7
8 16
8 43
8 142
8 189
8 412
9 5
9 59
9 63
9 131
9 161
10 11
10 104
10 489
10 495
10 496
11 10
11 50
11 414
11 443
11 493
12 6
12 16
12 199
12 221
12 318
12 341
12 356
12 421
12 496
13 14
13 95
13 129
13 176
13 249
14 13
14 27
14 147
14 250
14 296
15 18
15 141
15 185
15 463
16 7
16 8
16 12
16 78
16 225
16 372
16 383
16 421
17 20
17 21
17 152
17 389
17 444
17 464
17 469
17 470
18 15
18 94
18 322
18 338
18 477
19 22
19 82
19 232
19 393
19 497
20 17
20 21
20 26
20 33
20 145
21 17
21 20
21 122
21 401
21 488
22 19
22 24
22 124
22 232
22 393
22 454
23 76
23 96
23 177
23 208
24 22
24 223
24 268
24 415
24 442
25 27
25 37
25 193
25 339
25 369
25 376
25 390
25 415
25 458
26 20
26 33
26 145
26 200
26 286
26 287
27 4
27 14
27 25
27 103
27 147
27 250
27 256
27 296
27 415
28 208
28 467
28 476
28 491
28 494
29 165
29 245
29 284
29 322
29 486
30 138
30 244
30 468
30 484
30 500
31 40
31 169
31 184
31 375
31 407
31 453
32 33
32 84
32 88
32 139
32 179
32 271
32 285
32 288
32 308
32 440
33 20
33 26
33 32
33 158
33 200
34 36
34 38
34 80
34 226
34 388
35 37
35 396
35 405
35 437
35 473
36 34
36 38
36 41
36 137
36 205
36 283
37 25
37 35
37 339
37 369
37 458
38 34
38 36
38 41
38 137
38 205
38 283
39 5
39 43
39 98
39 172
39 210
39 228
39 361
40 31
40 79
40 80
40 169
40 279
40 375
40 407
40 453
41 36
41 38
41 60
41 280
41 281
41 282
41 343
41 346
41 403
41 411
41 468
42 44
42 45
42 71
42 77
42 419
43 8
43 39
43 142
43 412
44 42
44 45
44 188
44 248
44 396
44 405
44 485
45 42
45 44
45 300
45 351
45 424
45 425
46 48
46 57
46 62
46 107
46 148
46 307
46 357
46 360
46 436
46 441
47 54
47 55
47 286
47 419
47 465
48 46
48 348
48 387
48 439
48 462
49 357
49 360
49 451
49 497
50 11
50 51
50 255
50 275
50 333
50 364
50 365
50 379
50 392
50 443
50 479
50 480
50 490
50 493
51 50
51 169
51 407
51 429
51 453
52 76
52 96
52 167
52 177
53 143
53 171
53 210
53 211
53 259
54 47
54 55
54 495
54 496
54 498
55 47
55 54
55 290
55 317
55 321
56 59
56 302
56 303
56 328
56 493
57 46
57 350
57 370
57 451
57 490
58 352
58 363
58 368
58 410
58 497
59 9
59 56
59 62
59 63
59 161
60 41
60 63
60 280
60 282
60 346
60 358
60 484
60 500
61 92
61 147
61 149
61 178
61 181
61 292
61 310
62 46
62 59
62 350
62 405
62 451
63 9
63 59
63 60
63 131
63 161
64 6
64 112
64 186
64 192
64 242
64 377
64 415
64 500
65 142
65 194
65 195
65 196
65 201
65 412
66 68
66 290
66 317
66 321
66 405
67 72
67 75
67 163
67 233
67 243
68 66
68 300
68 351
68 359
68 405
68 424
68 425
69 70
69 71
69 152
69 469
69 470
70 69
70 160
70 190
70 191
70 420
71 42
71 69
71 77
71 419
71 420
72 67
72 166
72 398
72 491
72 494
73 75
73 91
73 105
73 122
73 235
73 265
73 355
73 401
74 76
74 400
74 420
74 478
74 487
75 67
75 73
75 233
75 243
76 23
76 52
76 74
76 77
76 167
76 177
77 42
77 71
77 76
77 127
77 146
77 238
77 404
77 464
77 465
78 16
78 81
78 83
78 225
78 356
78 383
78 421
79 40
79 93
79 114
79 304
79 315
79 391
79 418
80 34
80 40
80 251
80 258
80 388
81 78
81 83
81 194
81 371
81 457
81 461
82 19
82 219
82 277
82 393
82 452
83 7
83 78
83 81
83 215
83 314
84 32
84 85
84 179
84 308
84 434
85 84
85 124
85 219
85 393
86 88
86 166
86 198
86 476
86 491
87 116
87 400
87 433
87 474
87 478
87 487
88 32
88 86
88 139
88 179
88 285
88 434
89 90
89 93
89 102
89 109
89 118
89 166
89 262
89 467
89 491
90 89
90 93
90 125
90 180
90 213
90 277
90 312
91 73
91 92
91 235
91 450
91 488
92 61
92 91
92 181
92 292
92 310
93 79
93 89
93 90
93 114
93 344
93 391
93 418
94 18
94 245
94 246
94 252
94 284
94 322
94 338
94 342
94 367
94 477
95 13
95 97
95 173
95 326
95 408
96 23
96 52
96 177
96 246
96 247
97 95
97 123
97 128
97 133
97 144
98 5
98 39
98 100
98 101
98 228
99 102
99 218
99 264
99 334
99 345
100 98
100 101
100 235
100 413
100 488
101 98
101 100
101 354
101 400
101 445
101 448
101 474
101 478
101 482
101 487
102 89
102 99
102 118
102 166
102 182
102 198
102 262
102 340
102 397
102 398
102 459
102 467
102 491
103 4
103 27
103 105
103 380
104 10
104 110
104 149
104 157
104 174
104 203
104 320
104 330
104 370
104 426
104 447
104 471
104 483
104 489
104 495
104 498
104 499
105 73
105 103
105 235
105 401
105 488
106 111
106 309
106 363
106 456
107 46
107 252
107 357
107 436
107 451
108 109
108 222
108 224
108 227
108 236
109 89
109 108
109 118
109 166
109 491
110 104
110 160
110 190
110 191
110 370
111 106
111 112
111 113
111 223
111 268
111 363
111 442
112 64
112 111
112 113
112 287
112 373
112 460
113 111
113 112
113 489
113 496
113 498
114 79
114 93
114 115
114 344
114 391
114 418
115 2
115 114
115 129
115 132
115 408
116 87
116 348
116 384
116 387
116 433
116 439
116 462
117 290
117 317
117 321
117 373
117 424
118 89
118 102
118 109
118 119
118 166
118 262
118 459
118 467
119 118
119 297
119 324
119 347
119 475
120 121
120 194
120 204
120 332
120 457
120 461
121 120
121 188
121 248
121 405
121 473
122 21
122 73
122 123
122 265
122 488
123 97
123 122
123 128
123 133
123 144
124 22
124 85
124 127
124 219
124 373
124 393
125 90
125 126
125 180
125 213
125 277
126 125
126 188
126 248
126 405
126 473
127 77
127 124
127 286
127 419
127 426
128 97
128 123
128 129
128 133
128 144
129 2
129 13
129 115
129 128
129 408
130 5
130 140
130 142
130 172
130 361
131 9
131 63
131 161
131 274
131 500
132 115
132 133
132 249
132 267
132 362
133 97
133 123
133 128
133 132
133 144
134 135
134 226
134 251
134 258
134 388
135 134
135 235
135 355
135 401
135 488
136 138
136 165
136 245
136 322
136 338
137 36
137 38
137 394
137 398
137 495
138 30
138 136
138 358
138 484
138 500
139 32
139 88
139 141
139 288
139 308
140 1
140 130
140 142
140 185
140 306
140 463
141 15
141 139
141 306
141 446
141 463
142 8
142 43
142 65
142 130
142 140
142 189
142 195
142 201
143 3
143 53
143 147
143 171
143 259
143 291
143 478
144 97
144 123
144 128
144 133
144 145
145 20
145 26
145 144
145 158
145 200
146 77
146 150
146 286
146 419
146 465
147 14
147 27
147 61
147 143
147 256
147 296
148 46
148 149
148 350
148 357
148 451
148 494
149 61
149 104
149 148
149 489
149 495
149 496
149 498
150 7
150 146
150 215
150 314
151 152
151 400
151 478
151 487
152 17
152 69
152 151
152 247
152 269
152 299
152 389
152 464
152 469
152 470
153 157
153 194
153 370
153 457
153 461
154 155
154 175
154 302
154 303
154 328
154 441
155 154
155 355
155 441
155 450
155 488
156 159
156 223
156 363
156 441
156 442
157 104
157 153
157 495
157 496
157 498
158 33
158 145
158 163
158 487
158 495
159 156
159 162
159 400
159 478
159 487
160 70
160 110
160 161
160 190
160 191
161 9
161 59
161 63
161 131
161 160
162 159
162 164
162 172
162 210
162 294
162 361
163 67
163 158
163 243
163 251
163 292
164 162
164 167
164 218
164 334
164 345
165 29
165 136
165 166
165 245
165 322
166 72
166 86
166 89
166 102
166 109
166 118
166 165
166 182
166 198
166 262
166 340
166 397
166 459
166 467
167 52
167 76
167 164
167 172
167 177
168 169
168 323
168 381
168 428
168 438
169 31
169 40
169 51
169 168
169 239
169 335
169 375
170 188
170 197
170 248
170 346
170 396
170 472
171 3
171 53
171 143
171 173
171 259
171 291
172 39
172 130
172 162
172 167
172 228
172 260
172 439
173 95
173 171
173 249
173 267
173 362
173 408
174 104
174 175
174 177
174 489
174 495
174 498
175 154
175 174
175 177
175 302
175 303
175 328
176 2
176 13
176 231
176 317
176 339
176 408
177 23
177 52
177 76
177 96
177 167
177 174
177 175
178 61
178 179
178 181
178 292
178 310
178 451
179 32
179 84
179 88
179 178
179 271
179 285
179 288
179 440
179 451
180 90
180 125
180 181
180 213
180 277
180 451
181 61
181 92
181 178
181 180
181 183
182 102
182 166
182 198
182 329
182 397
182 491
183 181
183 185
183 348
183 384
183 439
183 462
184 1
184 31
184 244
184 293
184 446
184 463
185 15
185 140
185 183
185 369
185 446
185 463
186 64
186 187
186 369
186 373
186 377
186 460
187 186
187 206
187 274
187 369
187 385
187 409
187 492
188 44
188 121
188 126
188 170
188 202
188 248
188 305
188 379
188 396
188 437
188 472
189 8
189 142
189 190
189 191
189 366
189 412
190 70
190 110
190 160
190 189
190 191
190 476
191 70
191 110
191 160
191 189
191 190
191 476
192 64
192 194
192 287
192 373
192 460
192 476
193 25
193 313
193 379
193 390
193 394
193 458
194 65
194 81
194 120
194 153
194 192
194 371
194 457
194 461
195 65
195 142
195 199
195 366
195 412
195 480
196 65
196 199
196 263
196 295
196 454
196 492
197 170
197 325
197 346
197 410
197 427
197 497
198 86
198 102
198 166
198 182
198 213
198 491
199 12
199 195
199 196
199 221
199 225
199 341
199 372
199 421
200 26
200 33
200 145
200 268
200 269
201 65
201 142
201 254
201 412
201 446
202 188
202 203
202 204
202 248
202 405
202 472
202 473
203 104
203 202
203 204
203 489
203 496
203 498
204 120
204 202
204 203
204 371
204 457
204 461
205 36
205 38
205 274
205 280
205 283
206 187
206 207
206 353
206 401
206 481
206 492
207 206
207 279
207 335
207 375
207 401
207 407
208 23
208 28
208 323
208 329
208 438
208 455
209 210
209 234
209 356
209 383
209 401
210 39
210 53
210 162
210 209
210 228
210 294
211 53
211 300
211 351
211 424
211 425
211 437
212 214
212 263
212 399
212 437
212 454
212 481
212 492
213 90
213 125
213 180
213 198
213 277
213 312
214 212
214 323
214 347
214 381
214 422
214 482
215 7
215 83
215 150
215 216
215 314
215 337
216 215
216 302
216 303
216 328
216 337
217 219
217 223
217 268
217 337
217 363
217 442
218 99
218 164
218 221
218 264
218 334
218 345
219 82
219 85
219 124
219 217
219 222
219 393
220 222
220 224
220 293
220 306
220 446
220 463
221 12
221 199
221 218
221 341
221 356
221 372
222 108
222 219
222 220
222 224
222 236
222 254
223 24
223 111
223 156
223 217
223 228
223 266
223 309
223 378
223 442
223 456
224 108
224 220
224 222
224 226
224 227
224 254
225 16
225 78
225 199
225 318
225 361
225 457
226 34
226 134
226 224
226 227
226 388
227 108
227 224
227 226
227 229
227 236
227 254
228 39
228 98
228 172
228 210
228 223
228 294
229 227
229 231
229 242
229 287
229 377
229 460
230 234
230 257
230 261
230 270
230 331
230 337
231 176
231 229
231 232
231 326
231 362
231 408
232 19
232 22
232 231
232 393
232 498
233 67
233 75
233 235
233 236
233 243
234 209
234 230
234 318
234 356
235 73
235 91
235 100
235 105
235 135
235 233
235 236
235 265
235 355
235 488
236 108
236 222
236 227
236 233
236 235
236 254
237 246
237 338
237 340
237 341
237 342
237 367
238 77
238 242
238 243
238 286
238 419
238 465
239 169
239 269
239 270
239 279
239 375
239 429
240 241
240 495
240 496
240 498
241 240
241 304
241 344
241 418
242 64
242 229
242 238
242 243
242 287
242 460
243 67
243 75
243 163
243 233
243 238
243 242
244 30
244 184
244 300
244 351
244 425
245 29
245 94
245 136
245 165
245 253
245 322
246 94
246 96
246 237
246 248
246 322
246 477
247 96
247 152
247 248
247 464
247 469
247 470
248 44
248 121
248 126
248 170
248 188
248 202
248 246
248 247
248 349
248 396
248 405
248 437
248 466
248 472
248 473
248 486
249 13
249 132
249 173
249 250
249 267
249 419
250 14
250 27
250 249
250 296
250 380
250 484
251 80
251 134
251 163
251 292
251 314
251 388
252 94
252 107
252 272
252 273
252 325
252 497
253 245
253 348
253 384
253 387
253 439
253 462
254 201
254 222
254 224
254 227
254 236
254 255
255 50
255 254
255 414
255 443
255 476
255 493
256 27
256 147
256 257
256 380
256 389
257 230
257 256
257 270
257 331
257 337
257 389
258 80
258 134
258 261
258 388
258 389
259 3
259 53
259 143
259 171
259 260
259 291
260 172
260 259
260 294
260 361
261 230
261 258
261 264
261 270
261 331
261 337
262 89
262 102
262 118
262 166
262 340
262 374
262 397
262 459
262 476
262 480
263 196
263 212
263 274
263 299
263 300
263 311
263 399
263 481
264 99
264 218
264 261
264 267
264 334
264 345
265 73
265 122
265 235
265 279
265 413
265 488
266 223
266 268
266 276
266 363
266 394
266 442
267 132
267 173
267 249
267 264
267 268
267 362
268 24
268 111
268 200
268 217
268 266
268 267
268 378
269 152
269 200
269 239
269 444
269 464
269 469
269 470
270 230
270 239
270 257
270 261
270 272
270 331
270 337
271 32
271 179
271 273
271 285
271 308
271 386
271 440
272 252
272 270
272 368
272 386
272 416
272 431
272 497
273 252
273 271
273 278
273 298
273 386
273 410
273 497
274 131
274 187
274 205
274 263
274 316
274 382
274 385
274 399
274 402
274 406
274 492
275 50
275 345
275 378
275 414
275 443
275 490
275 493
276 266
276 393
276 400
276 448
276 474
276 478
276 487
277 82
277 90
277 125
277 180
277 213
277 280
277 312
278 273
278 281
278 325
278 368
278 410
278 427
278 431
278 433
278 491
278 497
279 40
279 207
279 239
279 265
279 335
279 407
279 432
279 453
280 41
280 60
280 205
280 277
280 282
280 343
280 346
280 500
281 41
281 278
281 284
281 346
281 468
281 484
281 500
282 41
282 60
282 280
282 285
282 343
282 411
282 476
282 484
282 500
283 36
283 38
283 205
283 450
283 482
283 497
284 29
284 94
284 281
284 285
284 322
284 342
284 367
285 32
285 88
285 179
285 271
285 282
285 284
285 440
286 26
286 47
286 127
286 146
286 238
286 289
286 419
287 26
287 112
287 192
287 229
287 242
287 289
287 373
287 460
288 32
288 139
288 179
288 374
288 377
288 434
289 286
289 287
289 297
289 323
289 347
289 381
289 475
290 55
290 66
290 117
290 291
290 317
290 321
290 466
291 143
291 171
291 259
291 290
291 466
292 61
292 92
292 163
292 178
292 251
292 310
292 314
293 184
293 220
293 294
293 306
293 446
293 463
293 466
294 5
294 162
294 210
294 228
294 260
294 293
294 295
295 196
295 294
295 296
295 311
295 382
295 385
295 481
296 4
296 14
296 27
296 147
296 250
296 295
296 297
297 119
297 289
297 296
297 298
297 323
297 324
297 329
297 422
297 428
297 455
298 273
298 297
298 368
298 416
298 433
298 482
298 497
299 152
299 263
299 444
299 464
299 469
299 470
299 479
300 45
300 68
300 211
300 244
300 263
300 301
300 319
300 351
300 420
301 300
301 400
301 448
301 474
301 478
301 487
301 488
302 56
302 154
302 175
302 216
302 303
302 304
302 427
303 56
303 154
303 175
303 216
303 302
303 315
303 328
304 79
304 241
304 302
304 305
304 344
304 418
305 188
305 304
305 307
305 396
305 485
306 140
306 141
306 220
306 293
306 308
306 446
306 466
307 46
307 305
307 308
307 357
307 360
307 436
307 451
308 32
308 84
308 139
308 271
308 306
308 307
308 434
309 106
309 223
309 310
309 311
309 363
309 442
309 456
310 61
310 92
310 178
310 292
310 309
310 311
311 263
311 295
311 309
311 310
311 382
311 492
312 90
312 213
312 277
312 313
312 316
313 193
313 312
313 316
313 339
313 369
313 376
313 458
314 7
314 83
314 150
314 215
314 251
314 292
314 331
315 79
315 303
315 344
315 391
315 418
316 274
316 312
316 313
316 336
316 385
316 402
316 492
317 55
317 66
317 117
317 176
317 290
317 321
317 338
318 12
318 225
318 234
318 319
318 320
318 383
318 421
319 300
319 318
319 320
319 351
319 359
319 424
319 425
320 104
320 318
320 319
320 489
320 495
320 496
320 498
321 55
321 66
321 117
321 290
321 317
321 322
321 323
322 18
322 29
322 94
322 136
322 165
322 245
322 246
322 284
322 321
322 323
322 338
322 367
322 449
322 477
323 168
323 208
323 214
323 289
323 297
323 321
323 322
323 324
323 329
323 381
323 395
323 428
323 438
323 455
324 119
324 297
324 323
324 325
324 333
324 395
324 455
324 475
325 197
325 252
325 278
325 324
325 333
325 427
325 431
325 497
326 2
326 95
326 231
326 331
326 332
326 362
326 408
326 499
327 348
327 412
327 413
327 439
327 448
327 462
328 56
328 154
328 175
328 216
328 303
328 342
328 343
328 344
329 182
329 208
329 297
329 323
329 360
329 422
329 428
329 469
329 475
330 104
330 426
330 445
330 471
330 483
330 489
330 496
331 230
331 257
331 261
331 270
331 314
331 326
331 332
331 337
332 120
332 326
332 331
332 334
332 371
332 457
332 461
333 50
333 324
333 325
333 379
333 414
333 443
333 490
333 493
334 99
334 164
334 218
334 264
334 332
334 335
334 336
334 345
335 169
335 207
335 279
335 334
335 336
335 350
335 407
335 453
336 316
336 334
336 335
336 350
336 409
336 481
336 492
337 215
337 216
337 217
337 230
337 257
337 261
337 270
337 331
338 18
338 94
338 136
338 237
338 317
338 322
338 339
338 342
339 25
339 37
339 176
339 313
339 338
339 376
339 390
339 458
340 102
340 166
340 237
340 262
340 374
340 399
340 467
341 12
341 199
341 221
341 237
341 399
341 421
342 94
342 237
342 284
342 328
342 338
342 367
342 399
342 449
343 41
343 280
343 282
343 328
343 344
343 346
343 411
343 500
344 93
344 114
344 241
344 304
344 315
344 328
344 343
344 391
345 99
345 164
345 218
345 264
345 275
345 334
345 380
345 469
346 41
346 60
346 170
346 197
346 280
346 281
346 343
346 358
346 435
346 468
346 484
346 500
347 119
347 214
347 289
347 348
347 395
347 429
347 455
348 48
348 116
348 183
348 253
348 327
348 347
348 429
348 462
349 248
349 353
349 396
349 405
349 429
349 437
349 473
349 486
350 57
350 62
350 148
350 335
350 336
350 352
350 360
350 441
351 1
351 45
351 68
351 211
351 244
351 300
351 319
351 359
351 360
351 396
351 420
352 58
352 350
352 355
352 364
352 416
352 431
352 433
352 497
353 206
353 349
353 354
353 385
353 406
353 417
353 454
353 481
354 101
354 353
354 356
354 400
354 448
354 474
354 478
354 487
355 73
355 135
355 155
355 235
355 352
355 362
355 364
355 488
356 12
356 78
356 209
356 221
356 234
356 354
356 357
356 421
357 46
357 49
357 107
357 148
357 307
357 356
357 359
357 436
357 441
357 451
358 60
358 138
358 346
358 421
358 484
358 489
358 500
359 68
359 319
359 351
359 357
359 421
359 425
360 46
360 49
360 307
360 329
360 350
360 351
360 398
360 436
361 39
361 130
361 162
361 225
361 260
361 417
362 132
362 173
362 231
362 267
362 326
362 355
362 364
362 365
363 58
363 106
363 111
363 156
363 217
363 266
363 309
363 396
364 50
364 352
364 355
364 362
364 414
364 443
364 479
364 490
364 493
365 50
365 362
365 366
365 379
365 414
365 443
365 490
365 493
365 494
366 189
366 195
366 365
366 367
366 412
366 494
367 94
367 237
367 284
367 322
367 342
367 366
367 375
367 449
367 494
368 58
368 272
368 278
368 298
368 374
368 417
368 427
368 431
368 497
369 25
369 37
369 185
369 186
369 187
369 313
369 376
369 390
369 458
370 57
370 104
370 110
370 153
370 457
370 461
371 81
371 194
371 204
371 332
371 391
371 392
371 457
371 461
371 495
372 16
372 199
372 221
372 382
372 384
372 460
373 6
373 112
373 117
373 124
373 186
373 192
373 287
373 377
373 415
373 426
374 262
374 288
374 340
374 368
374 467
374 491
375 31
375 40
375 169
375 207
375 239
375 367
375 381
375 429
375 432
375 453
375 460
376 25
376 313
376 339
376 369
376 377
376 390
376 394
376 458
376 472
377 64
377 186
377 229
377 288
377 373
377 376
377 460
378 223
378 268
378 275
378 383
378 442
379 50
379 188
379 193
379 333
379 365
379 414
379 443
379 479
379 493
380 4
380 103
380 250
380 256
380 345
380 383
381 168
381 214
381 289
381 323
381 375
381 395
381 438
381 460
381 481
382 274
382 295
382 311
382 372
382 384
382 417
382 460
382 481
382 492
383 16
383 78
383 209
383 318
383 378
383 380
384 116
384 183
384 253
384 372
384 382
384 387
384 439
384 462
384 496
385 187
385 274
385 295
385 316
385 353
385 388
385 402
385 443
385 492
385 496
386 271
386 272
386 273
386 447
386 471
386 483
386 489
386 495
386 496
386 498
387 48
387 116
387 253
387 384
387 391
387 392
387 397
387 439
387 462
388 34
388 80
388 134
388 226
388 251
388 258
388 385
388 390
388 443
389 17
389 152
389 256
389 257
389 258
389 444
389 464
389 470
390 25
390 193
390 339
390 369
390 376
390 388
390 443
390 458
390 496
391 79
391 93
391 114
391 315
391 344
391 371
391 387
391 418
391 443
392 50
392 371
392 387
392 395
392 414
392 443
392 479
392 490
392 493
393 19
393 22
393 82
393 85
393 124
393 219
393 232
393 276
393 487
394 137
394 193
394 266
394 376
394 458
395 323
395 324
395 347
395 381
395 392
395 397
395 400
395 422
395 455
396 35
396 44
396 170
396 188
396 248
396 305
396 349
396 351
396 363
396 405
396 437
396 473
397 102
397 166
397 182
397 262
397 387
397 395
397 398
397 400
397 491
398 72
398 102
398 137
398 360
398 397
398 491
399 212
399 263
399 274
399 340
399 341
399 342
399 406
399 481
399 492
400 74
400 87
400 101
400 151
400 159
400 276
400 301
400 354
400 395
400 397
400 402
400 430
400 445
400 448
400 482
400 487
401 21
401 73
401 105
401 135
401 206
401 207
401 209
401 413
401 450
401 488
402 274
402 316
402 385
402 400
402 403
402 404
402 406
402 417
402 454
402 481
403 41
403 402
403 404
403 406
403 435
403 484
403 500
404 77
404 402
404 403
404 406
404 419
404 465
405 35
405 44
405 62
405 66
405 68
405 121
405 126
405 202
405 248
405 349
405 396
405 437
405 466
405 472
405 473
405 486
406 274
406 353
406 399
406 402
406 403
406 404
406 408
406 409
406 454
406 481
407 31
407 40
407 51
407 207
407 279
407 335
407 408
407 409
407 411
407 453
408 95
408 115
408 129
408 173
408 176
408 231
408 326
408 406
408 407
408 409
409 187
409 336
409 406
409 407
409 408
409 411
409 492
410 58
410 197
410 273
410 278
410 423
410 432
410 434
410 481
410 497
411 41
411 282
411 343
411 407
411 409
411 412
411 435
411 452
411 484
411 500
412 8
412 43
412 65
412 189
412 195
412 201
412 327
412 366
412 411
412 413
413 100
413 265
413 327
413 401
413 412
413 448
413 488
414 11
414 255
414 275
414 333
414 364
414 365
414 379
414 392
414 422
414 443
414 448
414 463
414 479
414 480
414 490
414 493
415 24
415 25
415 27
415 64
415 373
415 460
416 272
416 298
416 352
416 418
416 427
416 428
416 431
416 433
416 473
416 497
417 353
417 361
417 368
417 382
417 402
417 421
417 481
417 492
418 79
418 93
418 114
418 241
418 304
418 315
418 391
418 416
418 428
418 455
419 42
419 47
419 71
419 127
419 146
419 238
419 249
419 286
419 404
419 446
419 465
419 482
419 500
420 70
420 71
420 74
420 300
420 351
420 425
421 12
421 16
421 78
421 199
421 318
421 341
421 356
421 358
421 359
421 417
422 214
422 297
422 329
422 395
422 414
422 438
422 448
422 455
422 463
422 475
423 410
423 432
423 434
423 435
423 464
423 469
423 470
424 45
424 68
424 117
424 211
424 319
424 425
424 426
424 433
425 45
425 68
425 211
425 244
425 319
425 359
425 420
425 424
425 428
425 455
425 473
426 104
426 127
426 330
426 373
426 424
426 447
426 471
426 483
426 489
426 496
426 498
427 197
427 278
427 302
427 325
427 368
427 416
427 431
427 445
427 452
427 457
427 497
428 168
428 297
428 323
428 329
428 416
428 418
428 425
428 455
429 51
429 239
429 347
429 348
429 349
429 375
429 453
430 400
430 431
430 436
430 440
430 478
430 487
431 272
431 278
431 325
431 352
431 368
431 416
431 427
431 430
431 433
431 436
431 440
432 279
432 375
432 410
432 423
432 434
432 435
432 453
433 87
433 116
433 278
433 298
433 352
433 416
433 424
433 431
433 497
434 84
434 88
434 288
434 308
434 410
434 423
434 432
434 435
435 346
435 403
435 411
435 423
435 432
435 434
435 447
435 484
435 500
436 46
436 107
436 307
436 357
436 360
436 430
436 431
436 440
436 451
437 35
437 188
437 211
437 212
437 248
437 349
437 396
437 405
437 486
437 488
438 168
438 208
438 323
438 381
438 422
438 444
438 449
438 455
438 457
438 469
438 475
439 48
439 116
439 172
439 183
439 253
439 327
439 384
439 387
439 454
439 462
439 464
439 497
440 32
440 179
440 271
440 285
440 430
440 431
440 436
441 46
441 154
441 155
441 156
441 350
441 357
441 451
442 24
442 111
442 156
442 217
442 223
442 266
442 309
442 378
442 444
442 449
442 456
442 469
443 11
443 50
443 255
443 275
443 333
443 364
443 365
443 379
443 385
443 388
443 390
443 391
443 392
443 414
443 479
443 480
443 493
444 17
444 269
444 299
444 389
444 438
444 442
444 449
445 101
445 330
445 400
445 427
445 446
445 448
445 452
445 474
445 478
445 482
445 487
446 1
446 141
446 184
446 185
446 201
446 220
446 293
446 306
446 419
446 445
446 463
446 500
447 104
447 386
447 426
447 435
447 453
447 456
447 458
447 471
447 483
447 489
447 495
447 498
448 101
448 276
448 301
448 327
448 354
448 400
448 413
448 414
448 422
448 445
448 474
448 487
449 322
449 342
449 367
449 438
449 442
449 444
449 477
450 91
450 155
450 283
450 401
450 454
450 480
450 485
450 488
451 49
451 57
451 62
451 107
451 148
451 178
451 179
451 180
451 307
451 357
451 436
451 441
452 82
452 411
452 427
452 445
452 457
452 484
452 500
453 31
453 40
453 51
453 279
453 335
453 375
453 407
453 429
453 432
453 447
453 456
453 458
453 459
454 22
454 196
454 212
454 353
454 402
454 406
454 439
454 450
454 464
454 481
454 492
455 208
455 297
455 323
455 324
455 347
455 395
455 418
455 422
455 425
455 428
455 438
455 463
455 473
456 106
456 223
456 309
456 442
456 447
456 453
456 458
456 459
457 81
457 120
457 153
457 194
457 204
457 225
457 332
457 370
457 371
457 427
457 438
457 452
457 461
458 25
458 37
458 193
458 313
458 339
458 369
458 376
458 390
458 394
458 447
458 453
458 456
458 459
459 102
459 118
459 166
459 262
459 453
459 456
459 458
459 461
459 467
459 494
460 6
460 112
460 186
460 192
460 229
460 242
460 287
460 372
460 375
460 377
460 381
460 382
460 415
461 81
461 120
461 153
461 194
461 204
461 332
461 370
461 371
461 457
461 459
461 462
461 467
461 483
462 48
462 116
462 183
462 253
462 327
462 348
462 384
462 387
462 439
462 461
462 467
462 477
462 483
463 1
463 15
463 140
463 141
463 184
463 185
463 220
463 293
463 414
463 422
463 446
463 455
463 473
464 17
464 77
464 152
464 247
464 269
464 299
464 389
464 423
464 439
464 454
464 469
464 470
464 485
465 47
465 77
465 146
465 238
465 404
465 419
465 472
465 477
465 483
465 499
466 248
466 290
466 291
466 293
466 306
466 405
466 472
466 473
467 28
467 89
467 102
467 118
467 166
467 340
467 374
467 459
467 461
467 462
467 472
467 477
467 483
467 491
468 30
468 41
468 281
468 346
468 469
468 474
468 475
468 484
468 487
468 495
468 500
469 17
469 69
469 152
469 247
469 269
469 299
469 329
469 345
469 423
469 438
469 442
469 464
469 468
469 470
470 17
470 69
470 152
470 247
470 269
470 299
470 389
470 423
470 464
470 469
470 471
470 478
470 486
470 489
470 492
471 104
471 330
471 386
471 426
471 447
471 470
471 483
471 486
471 489
471 492
471 495
472 170
472 188
472 202
472 248
472 376
472 405
472 465
472 466
472 467
472 473
472 479
472 486
472 499
473 35
473 121
473 126
473 202
473 248
473 349
473 396
473 405
473 416
473 425
473 455
473 463
473 466
473 472
473 485
473 486
474 87
474 101
474 276
474 301
474 354
474 445
474 448
474 468
474 475
474 478
474 482
474 484
474 488
474 493
475 119
475 289
475 324
475 329
475 422
475 438
475 468
475 474
475 480
475 487
475 495
476 28
476 86
476 190
476 191
476 192
476 255
476 262
476 282
477 18
477 94
477 246
477 322
477 449
477 462
477 465
477 467
477 483
477 499
478 74
478 87
478 101
478 143
478 151
478 159
478 276
478 301
478 354
478 430
478 445
478 470
478 474
478 481
478 490
478 491
478 498
479 50
479 299
479 364
479 379
479 392
479 414
479 443
479 472
479 484
479 488
479 493
479 499
480 50
480 195
480 262
480 414
480 443
480 450
480 475
480 485
480 493
481 206
481 212
481 263
481 295
481 336
481 353
481 381
481 382
481 399
481 402
481 406
481 410
481 417
481 454
481 478
481 490
481 491
481 498
482 101
482 214
482 283
482 298
482 400
482 419
482 445
482 474
482 487
482 500
483 104
483 330
483 386
483 426
483 447
483 461
483 462
483 465
483 467
483 471
483 477
483 495
484 30
484 60
484 138
484 250
484 281
484 282
484 346
484 358
484 403
484 411
484 435
484 452
484 468
484 474
484 479
484 488
484 493
484 500
485 44
485 305
485 450
485 464
485 473
485 480
485 486
485 497
486 29
486 248
486 349
486 405
486 437
486 470
486 471
486 472
486 473
486 485
486 489
486 492
486 498
487 74
487 87
487 101
487 151
487 158
487 159
487 276
487 301
487 354
487 393
487 400
487 430
487 445
487 448
487 468
487 475
487 482
487 494
487 495
488 21
488 91
488 100
488 105
488 122
488 135
488 155
488 235
488 265
488 301
488 355
488 401
488 413
488 437
488 450
488 474
488 479
488 484
488 493
489 10
489 104
489 113
489 149
489 174
489 203
489 320
489 330
489 358
489 386
489 426
489 447
489 470
489 471
489 486
489 490
489 491
489 492
489 495
490 50
490 57
490 275
490 333
490 364
490 365
490 392
490 414
490 478
490 481
490 489
490 491
490 493
490 498
491 28
491 72
491 86
491 89
491 102
491 109
491 182
491 198
491 278
491 374
491 397
491 398
491 467
491 478
491 481
491 489
491 490
491 494
491 498
492 187
492 196
492 206
492 212
492 274
492 311
492 316
492 336
492 382
492 385
492 399
492 409
492 417
492 454
492 470
492 471
492 486
492 489
493 11
493 50
493 56
493 255
493 275
493 333
493 364
493 365
493 379
493 392
493 414
493 443
493 474
493 479
493 480
493 484
493 488
493 490
493 499
494 28
494 72
494 148
494 365
494 366
494 367
494 459
494 487
494 491
494 496
495 10
495 54
495 104
495 137
495 149
495 157
495 158
495 174
495 240
495 320
495 371
495 386
495 447
495 468
495 471
495 475
495 483
495 487
495 489
495 496
496 3
496 10
496 12
496 54
496 113
496 149
496 157
496 203
496 240
496 320
496 330
496 384
496 385
496 386
496 390
496 426
496 494
496 495
496 498
496 499
497 19
497 49
497 58
497 197
497 252
497 272
497 273
497 278
497 283
497 298
497 325
497 352
497 368
497 410
497 416
497 427
497 433
497 439
497 485
497 500
498 54
498 104
498 113
498 149
498 157
498 174
498 203
498 232
498 240
498 320
498 386
498 426
498 447
498 478
498 481
498 486
498 490
498 491
498 496
498 499
499 104
499 326
499 465
499 472
499 477
499 479
499 493
499 496
499 498
500 30
500 60
500 64
500 131
500 138
500 280
500 281
500 282
500 343
500 346
500 358
500 403
500 411
500 419
500 435
500 446
500 452
500 468
500 482
500 484
500 497
