1 2
1 6
1 219
1 329
1 444
1 480
1 497
2 1
2 6
2 101
2 271
2 498
3 7
3 79
3 304
3 314
3 315
4 91
4 136
4 137
4 445
4 468
5 29
5 264
5 287
5 302
5 374
5 445
5 488
6 1
6 2
6 122
6 454
6 458
7 3
7 432
7 451
7 456
7 474
8 12
8 174
8 481
8 482
8 500
9 58
9 93
9 166
9 235
9 467
10 63
10 354
10 356
11 26
11 378
11 398
11 410
11 426
12 8
12 13
12 295
12 302
12 409
12 447
13 12
13 14
13 17
13 69
13 135
13 260
13 345
14 13
14 15
14 355
14 404
14 420
15 14
15 17
15 38
15 218
15 352
15 385
16 22
16 122
16 301
16 414
16 469
17 13
17 15
17 260
17 345
17 476
18 20
18 24
18 102
18 145
18 336
19 23
19 236
19 351
19 392
19 465
20 18
20 24
20 74
20 78
20 202
21 135
21 180
21 361
21 411
21 477
22 16
22 122
22 330
22 375
22 473
23 19
23 105
23 177
23 376
23 455
24 18
24 20
24 210
24 215
24 220
24 232
24 275
24 322
25 27
25 28
25 98
25 327
25 335
25 443
26 11
26 55
26 71
26 94
26 303
27 25
27 28
27 56
27 114
27 146
28 25
28 27
28 89
28 450
28 461
29 5
29 116
29 209
29 247
29 292
29 353
30 77
30 78
30 181
30 479
30 481
30 486
31 33
31 224
31 410
31 458
31 488
32 67
32 68
32 204
32 276
32 430
33 31
33 37
33 377
33 383
33 462
34 36
34 42
34 43
34 52
34 133
34 280
35 84
35 169
35 377
35 383
35 457
36 34
36 38
36 52
36 280
36 294
37 33
37 38
37 214
37 380
37 403
38 15
38 36
38 37
38 54
38 218
38 341
39 40
39 123
39 206
39 270
39 417
40 39
40 66
40 417
40 418
40 483
41 50
41 107
41 142
41 190
41 210
41 220
41 232
41 238
41 275
41 285
41 322
41 416
41 452
41 494
42 34
42 44
42 46
42 218
42 385
43 34
43 44
43 183
43 277
43 498
44 42
44 43
44 258
44 265
44 361
44 466
45 46
45 56
45 114
45 146
45 366
46 42
46 45
46 54
46 366
46 467
47 51
47 161
47 370
47 379
47 423
48 51
48 335
48 370
48 396
48 443
49 89
49 96
49 297
49 433
49 461
49 487
50 41
50 219
50 329
50 388
50 444
50 480
50 496
50 497
51 47
51 48
51 64
51 200
51 244
52 34
52 36
52 54
52 55
52 133
53 89
53 368
53 433
53 450
53 461
54 38
54 46
54 52
54 55
54 467
55 26
55 52
55 54
55 94
55 303
56 27
56 45
56 58
56 60
56 114
57 242
57 250
57 276
57 430
57 495
58 9
58 56
58 60
58 68
58 93
58 108
59 134
59 407
59 431
59 484
59 493
60 56
60 58
60 382
60 383
60 462
61 62
61 63
61 355
61 404
61 420
62 61
62 63
62 180
62 258
62 477
63 10
63 61
63 62
63 95
63 205
63 354
63 356
64 51
64 73
64 137
64 200
64 244
65 66
65 169
65 324
65 382
65 462
66 40
66 65
66 192
66 227
66 294
66 324
66 418
66 441
67 32
67 430
67 479
67 481
67 486
68 32
68 58
68 69
68 108
68 235
69 13
69 68
69 70
69 135
69 345
70 69
70 262
70 330
70 375
70 490
71 26
71 341
71 357
71 365
71 391
71 442
71 444
72 75
72 163
72 255
72 288
72 289
72 320
72 389
72 398
72 453
72 491
73 64
73 126
73 147
73 340
73 489
74 20
74 78
74 82
74 202
74 297
75 72
75 76
75 110
75 143
75 459
76 75
76 77
76 150
76 252
76 299
76 307
77 30
77 76
77 144
77 301
77 414
78 20
78 30
78 74
78 79
78 175
78 256
78 291
79 3
79 78
79 80
79 221
79 304
79 314
79 315
80 79
80 110
80 283
80 385
80 415
80 459
81 83
81 385
81 479
81 481
81 486
82 74
82 190
82 238
82 285
83 81
83 425
83 451
83 474
83 490
84 35
84 85
84 373
84 487
84 500
85 84
85 86
85 125
85 303
85 310
86 85
86 89
86 136
86 206
86 270
87 91
87 236
87 351
87 392
87 465
88 132
88 153
88 155
88 271
88 323
88 372
88 393
88 417
88 472
88 498
88 499
89 28
89 49
89 53
89 86
89 96
89 325
89 326
89 362
89 398
89 450
89 470
89 498
90 92
90 116
90 247
90 463
90 484
91 4
91 87
91 296
91 445
91 468
92 90
92 186
92 441
92 483
92 484
93 9
93 58
93 235
93 379
94 26
94 55
94 95
94 125
94 261
94 305
94 484
95 63
95 94
95 96
95 354
95 356
96 49
96 89
96 95
96 97
96 325
96 326
96 450
97 96
97 100
97 262
97 330
97 375
98 25
98 103
98 127
98 335
98 443
99 280
99 339
99 479
99 481
99 486
100 97
100 101
100 120
100 241
100 500
101 2
101 100
101 271
101 396
101 498
102 18
102 104
102 107
102 145
102 172
103 98
103 168
103 258
103 274
103 477
104 102
104 190
104 210
104 238
104 396
105 23
105 229
105 300
105 364
105 455
106 184
106 229
106 334
106 337
106 344
106 370
107 41
107 102
107 109
107 210
107 275
107 322
108 58
108 68
108 235
108 277
108 278
109 107
109 112
109 169
109 382
109 383
109 462
110 75
110 80
110 114
110 269
110 415
110 459
111 259
111 261
111 431
111 484
111 493
112 109
112 116
112 214
112 380
112 403
113 204
113 250
113 257
113 362
113 430
114 27
114 45
114 56
114 110
114 146
115 117
115 293
115 479
115 481
115 486
116 29
116 90
116 112
116 253
116 254
116 267
116 273
116 292
116 331
116 353
116 463
117 115
117 167
117 195
117 198
117 353
118 119
118 219
118 427
118 480
118 496
118 497
119 118
119 148
119 448
119 449
119 489
120 100
120 232
120 234
120 241
120 324
120 482
120 490
120 500
121 125
121 287
121 302
121 374
121 447
122 6
122 16
122 22
122 454
122 473
123 39
123 124
123 206
123 253
123 270
124 123
124 195
124 253
124 254
124 267
125 85
125 94
125 121
125 298
125 310
126 73
126 127
126 128
126 449
126 489
127 98
127 126
127 128
127 396
127 443
128 126
128 127
128 377
128 382
128 462
129 132
129 159
129 197
129 411
129 423
130 151
130 185
130 366
130 371
131 166
131 233
131 317
131 415
131 498
132 88
132 129
132 372
132 411
132 460
132 472
132 498
132 499
133 34
133 52
133 135
133 280
133 499
134 59
134 204
134 276
134 430
134 450
135 13
135 21
135 69
135 133
135 345
136 4
136 86
136 138
136 206
136 270
137 4
137 64
137 138
137 200
137 244
138 136
138 137
138 431
138 484
138 493
139 140
139 170
139 245
139 420
139 436
140 139
140 141
140 372
140 417
140 460
141 140
141 142
141 196
141 407
141 422
141 431
141 435
142 41
142 141
142 215
142 438
142 489
143 75
143 144
143 147
143 269
143 459
144 77
144 143
144 147
144 153
144 301
145 18
145 102
145 146
145 148
145 240
146 27
146 45
146 114
146 145
146 148
147 73
147 143
147 144
147 448
147 489
148 119
148 145
148 146
148 448
148 449
148 489
149 150
149 178
149 438
149 496
149 497
150 76
150 149
150 153
150 160
150 252
150 307
151 130
151 290
151 381
151 471
151 475
152 158
152 219
152 281
152 480
152 496
153 88
153 144
153 150
153 201
153 301
153 414
154 177
154 180
154 199
154 252
154 299
155 88
155 395
155 445
155 468
155 491
156 182
156 193
156 194
156 379
156 423
157 160
157 179
157 279
157 395
157 419
158 152
158 306
158 434
158 478
158 482
159 129
159 161
159 163
159 182
159 423
160 150
160 157
160 161
160 266
160 299
161 47
161 159
161 160
161 165
161 197
161 379
162 214
162 222
162 223
162 380
162 403
163 72
163 159
163 255
163 289
163 389
163 408
163 445
163 468
164 170
164 392
164 465
164 476
165 161
165 170
165 431
165 484
165 493
165 495
166 9
166 131
166 191
166 231
166 233
167 117
167 169
167 198
167 273
167 331
168 103
168 258
168 287
168 332
168 381
169 35
169 65
169 109
169 167
169 348
169 377
169 382
170 139
170 164
170 165
170 246
170 436
171 411
171 426
171 454
171 461
171 481
172 102
172 173
172 237
172 240
173 172
173 346
173 410
173 426
173 454
174 8
174 314
174 315
174 490
174 500
175 78
175 177
175 202
175 291
175 386
176 300
176 376
176 386
176 455
176 461
177 23
177 154
177 175
177 364
177 455
178 149
178 219
178 345
178 480
178 496
179 157
179 218
179 220
179 358
179 367
179 390
179 446
180 21
180 62
180 154
180 184
180 249
181 30
181 182
181 194
181 212
181 228
181 293
181 318
181 413
181 464
181 481
182 156
182 159
182 181
182 423
183 43
183 230
183 338
183 491
183 498
184 106
184 180
184 334
184 338
184 344
184 350
184 370
185 130
185 189
185 207
185 217
185 366
185 371
185 496
186 92
186 188
186 192
186 227
186 483
187 189
187 312
187 324
187 338
187 457
187 482
187 500
188 186
188 311
188 319
188 406
188 429
189 185
189 187
189 234
189 340
189 448
189 489
190 41
190 82
190 104
190 191
190 192
190 416
191 166
191 190
191 192
191 231
191 233
192 66
192 186
192 190
192 191
192 213
192 227
192 278
192 338
192 395
192 473
192 485
193 156
193 194
193 425
193 451
193 456
193 474
194 156
194 181
194 193
194 464
194 479
194 486
195 117
195 124
195 196
195 197
195 198
195 353
196 141
196 195
196 197
196 313
196 407
196 431
196 435
197 129
197 161
197 195
197 196
197 379
197 423
198 117
198 167
198 195
198 199
198 200
198 247
199 154
199 198
199 200
199 203
199 252
199 307
200 51
200 64
200 137
200 198
200 199
200 244
201 153
201 203
201 204
201 301
201 414
202 20
202 74
202 175
202 291
202 297
202 487
203 199
203 201
203 204
203 252
203 266
203 307
204 32
204 113
204 134
204 201
204 203
204 430
205 63
205 217
205 225
205 354
205 356
205 473
206 39
206 86
206 123
206 136
206 207
206 208
207 185
207 206
207 208
207 366
208 206
208 207
208 311
208 319
208 406
208 429
209 29
209 210
209 267
209 272
209 292
209 477
210 24
210 41
210 104
210 107
210 209
210 484
211 212
211 255
211 325
211 389
211 445
211 468
212 181
212 211
212 325
212 479
212 481
212 486
213 192
213 227
213 379
213 426
213 483
213 485
214 37
214 112
214 162
214 216
214 272
214 380
215 24
215 142
215 216
215 272
215 275
215 438
216 214
216 215
216 401
216 415
216 459
217 185
217 205
217 225
217 366
217 371
217 473
218 15
218 38
218 42
218 179
218 220
218 357
219 1
219 50
219 118
219 152
219 178
219 226
219 281
219 359
219 360
219 388
219 427
219 444
219 492
219 496
219 497
220 24
220 41
220 179
220 218
220 232
220 452
221 79
221 222
221 304
221 315
221 500
222 162
222 221
222 360
222 381
222 471
222 475
223 162
223 224
223 243
223 245
223 246
223 436
224 31
224 223
224 378
224 399
224 411
224 426
225 205
225 217
225 250
225 300
225 376
225 455
226 219
226 228
226 363
226 388
226 399
226 444
226 480
226 497
227 66
227 186
227 192
227 213
227 228
227 278
227 338
227 395
227 399
227 418
227 441
227 473
227 483
227 485
228 181
228 226
228 227
228 464
228 479
228 486
229 105
229 106
229 360
229 381
229 471
229 475
230 183
230 267
230 277
230 316
230 498
230 499
231 166
231 191
231 232
231 233
231 439
232 24
232 41
232 120
232 220
232 231
232 238
232 275
232 452
233 131
233 166
233 191
233 231
233 234
233 448
234 120
234 189
234 233
234 449
234 489
235 9
235 68
235 93
235 108
235 236
235 448
236 19
236 87
236 235
236 237
236 259
236 339
236 343
236 465
237 172
237 236
237 238
237 240
237 394
237 442
238 41
238 82
238 104
238 232
238 237
238 239
239 238
239 240
239 425
239 432
239 456
239 474
240 145
240 172
240 237
240 239
240 308
241 100
241 120
241 243
241 308
241 384
241 500
242 57
242 243
242 290
242 360
242 381
242 471
243 223
243 241
243 242
243 245
243 246
243 436
244 51
244 64
244 137
244 200
244 245
244 421
245 139
245 223
245 243
245 244
245 436
245 461
246 170
246 223
246 243
246 247
246 248
246 436
247 29
247 90
247 198
247 246
247 248
247 463
248 246
248 247
248 293
248 479
248 486
249 180
249 251
249 258
249 342
249 477
249 499
250 57
250 113
250 225
250 276
250 319
250 320
251 249
251 252
251 380
251 403
252 76
252 150
252 154
252 199
252 203
252 251
252 254
253 116
253 123
253 124
253 425
253 451
253 474
254 116
254 124
254 252
254 255
254 272
254 331
255 72
255 163
255 211
255 254
255 362
255 445
256 78
256 257
256 291
256 362
257 113
257 256
257 484
257 493
257 495
258 44
258 62
258 103
258 168
258 249
258 265
258 274
258 304
258 305
258 332
258 342
258 361
259 111
259 236
259 262
259 351
259 392
259 465
260 13
260 17
260 345
260 426
261 94
261 111
261 262
261 298
261 310
261 412
262 70
262 97
262 259
262 261
262 330
262 375
263 265
263 425
263 449
263 456
263 474
264 5
264 265
264 302
264 374
264 409
264 428
264 477
265 44
265 258
265 263
265 264
265 477
266 160
266 203
266 270
266 271
266 307
267 116
267 124
267 209
267 230
267 292
267 332
268 276
268 283
268 401
268 410
268 415
268 459
269 110
269 143
269 279
269 401
269 415
270 39
270 86
270 123
270 136
270 266
270 271
271 2
271 88
271 101
271 266
271 270
271 460
272 209
272 214
272 215
272 254
272 273
272 325
273 116
273 167
273 272
273 274
273 292
273 410
274 103
274 258
274 273
274 410
274 466
274 477
275 24
275 41
275 107
275 215
275 232
275 276
275 322
275 438
275 494
275 497
276 32
276 57
276 134
276 250
276 268
276 275
277 43
277 108
277 230
277 393
277 493
277 499
278 108
278 192
278 227
278 280
278 418
278 483
279 157
279 269
279 309
279 367
279 390
279 405
279 419
279 446
280 34
280 36
280 99
280 133
280 278
281 152
281 219
281 282
281 339
281 444
281 480
282 281
282 311
282 316
282 319
282 339
282 429
283 80
283 268
283 284
283 286
283 401
283 459
284 283
284 286
284 393
284 476
284 498
284 499
285 41
285 82
285 289
285 290
285 416
285 452
286 283
286 284
286 340
286 424
286 439
286 448
286 449
286 489
287 5
287 121
287 168
287 302
288 72
288 292
288 293
288 445
288 453
288 468
288 473
289 72
289 163
289 285
289 291
289 296
289 408
289 445
290 151
290 242
290 285
290 291
290 369
290 381
290 471
291 78
291 175
291 202
291 256
291 289
291 290
291 297
292 29
292 116
292 209
292 267
292 273
292 288
292 293
293 115
293 181
293 248
293 288
293 292
293 413
293 481
294 36
294 66
294 338
294 375
294 452
294 483
294 487
295 12
295 302
295 349
295 393
295 402
295 447
296 91
296 289
296 318
296 397
296 438
296 445
296 468
297 49
297 74
297 202
297 291
297 298
298 125
298 261
298 297
298 305
298 310
298 389
298 412
299 76
299 154
299 160
299 300
299 499
300 105
300 176
300 225
300 299
300 364
300 389
300 455
301 16
301 77
301 144
301 153
301 201
301 302
301 303
301 414
302 5
302 12
302 121
302 264
302 287
302 295
302 301
302 303
302 308
302 374
302 428
302 447
302 488
303 26
303 55
303 85
303 301
303 302
303 305
303 310
304 3
304 79
304 221
304 258
304 306
304 314
304 315
305 94
305 258
305 298
305 303
305 306
305 310
305 412
306 158
306 304
306 305
306 324
306 373
306 434
306 440
306 457
306 478
306 482
306 487
306 490
306 500
307 76
307 150
307 199
307 203
307 266
307 309
307 310
308 240
308 241
308 302
308 374
308 409
308 447
308 489
309 279
309 307
309 310
309 358
309 390
309 405
309 446
310 85
310 125
310 261
310 298
310 303
310 305
310 307
310 309
311 188
311 208
311 282
311 319
311 364
311 429
311 455
312 187
312 314
312 364
312 457
312 500
313 196
313 334
313 431
313 435
313 439
313 484
313 493
314 3
314 79
314 174
314 304
314 312
314 315
315 3
315 79
315 174
315 221
315 304
315 314
315 400
316 230
316 282
316 319
316 332
316 333
316 406
316 429
317 131
317 340
317 415
317 418
317 424
317 448
317 489
318 181
318 296
318 413
318 444
318 446
318 464
318 479
319 188
319 208
319 250
319 282
319 311
319 316
319 320
319 429
319 495
320 72
320 250
320 319
320 321
320 408
320 445
320 491
321 320
321 327
321 328
321 341
321 396
321 443
322 24
322 41
322 107
322 275
322 327
322 400
322 494
323 88
323 329
323 330
323 399
323 460
323 498
323 499
324 65
324 66
324 120
324 187
324 306
324 373
324 384
324 397
324 434
324 440
324 478
324 482
324 490
325 89
325 96
325 211
325 212
325 272
325 326
325 433
325 450
326 89
326 96
326 325
326 327
326 400
326 461
327 25
327 321
327 322
327 326
327 335
327 396
327 443
328 321
328 336
328 341
328 360
328 369
328 381
328 471
329 1
329 50
329 323
329 331
329 496
329 497
330 22
330 70
330 97
330 262
330 323
330 331
330 375
331 116
331 167
331 254
331 329
331 330
331 353
332 168
332 258
332 267
332 316
332 342
332 361
332 477
333 316
333 346
333 348
333 378
333 410
333 411
333 454
334 106
334 184
334 313
334 337
334 344
334 348
334 370
335 25
335 48
335 98
335 327
335 337
335 348
335 396
336 18
336 328
336 342
336 357
336 394
336 467
336 469
337 106
337 334
337 335
337 340
337 344
337 370
338 183
338 184
338 187
338 192
338 227
338 294
338 483
339 99
339 236
339 281
339 282
339 351
339 392
339 465
340 73
340 189
340 286
340 317
340 337
340 343
340 448
340 489
341 38
341 71
341 321
341 328
341 342
341 365
341 391
341 442
342 249
342 258
342 332
342 336
342 341
342 347
342 466
342 477
343 236
343 340
343 351
343 465
343 484
344 106
344 184
344 334
344 337
344 350
344 422
344 470
344 500
345 13
345 17
345 69
345 135
345 178
345 260
345 368
345 478
346 173
346 333
346 411
346 421
346 449
346 454
346 455
346 458
347 342
347 352
347 353
347 360
347 369
347 381
347 471
347 475
348 169
348 333
348 334
348 335
348 377
348 382
348 387
349 295
349 392
349 393
349 431
349 484
349 493
350 184
350 344
350 370
350 445
350 450
350 463
351 19
351 87
351 259
351 339
351 343
351 355
351 357
351 465
352 15
352 347
352 353
352 354
352 391
352 467
353 29
353 116
353 117
353 195
353 331
353 347
353 352
353 354
354 10
354 63
354 95
354 205
354 352
354 353
354 356
354 358
355 14
355 61
355 351
355 357
355 359
355 400
355 404
355 420
356 10
356 63
356 95
356 205
356 354
356 366
356 370
356 465
357 71
357 218
357 336
357 351
357 355
357 394
357 442
357 467
358 179
358 309
358 354
358 361
358 365
358 390
358 405
358 419
359 219
359 355
359 360
359 400
359 404
359 420
360 219
360 222
360 229
360 242
360 328
360 347
360 359
360 475
361 21
361 44
361 258
361 332
361 358
361 365
361 367
361 477
362 89
362 113
362 255
362 256
362 433
362 461
363 226
363 377
363 382
363 480
363 496
363 497
364 105
364 177
364 300
364 311
364 312
364 376
364 455
364 464
365 71
365 341
365 358
365 361
365 367
365 385
365 391
365 467
366 45
366 46
366 130
366 185
366 207
366 217
366 356
366 371
367 179
367 279
367 361
367 365
367 369
367 419
368 53
368 345
368 379
368 422
368 431
368 484
368 493
368 495
369 290
369 328
369 347
369 367
369 371
369 373
369 381
369 471
370 47
370 48
370 106
370 184
370 334
370 337
370 350
370 356
371 130
371 185
371 217
371 366
371 369
371 373
371 374
372 88
372 132
372 140
372 383
372 393
372 417
372 427
372 499
373 84
373 306
373 324
373 369
373 371
373 374
373 482
373 487
374 5
374 121
374 264
374 302
374 308
374 371
374 373
374 376
374 409
374 447
375 22
375 70
375 97
375 262
375 294
375 330
375 452
375 487
376 23
376 176
376 225
376 364
376 374
376 378
376 384
376 455
377 33
377 35
377 128
377 169
377 348
377 363
377 387
377 427
378 11
378 224
378 333
378 376
378 384
378 392
378 410
378 458
379 47
379 93
379 156
379 161
379 197
379 213
379 368
379 423
380 37
380 112
380 162
380 214
380 251
380 383
380 387
380 403
381 151
381 168
381 222
381 229
381 242
381 290
381 328
381 347
381 369
381 475
382 60
382 65
382 109
382 128
382 169
382 348
382 363
382 383
382 387
382 421
382 427
383 33
383 35
383 60
383 109
383 372
383 380
383 382
383 421
384 241
384 324
384 376
384 378
384 392
384 440
384 482
384 490
385 15
385 42
385 80
385 81
385 365
385 442
385 446
385 467
386 175
386 176
386 461
386 492
386 496
386 497
387 348
387 377
387 380
387 382
387 388
388 50
388 219
388 226
388 387
388 390
388 444
388 480
388 497
389 72
389 163
389 211
389 298
389 300
389 408
389 445
389 471
390 179
390 279
390 309
390 358
390 388
390 405
390 419
390 426
391 71
391 341
391 352
391 365
391 467
391 486
391 495
391 498
391 500
392 19
392 87
392 164
392 259
392 339
392 349
392 378
392 384
392 465
393 88
393 277
393 284
393 295
393 349
393 372
393 399
393 402
393 417
393 472
393 498
393 499
394 237
394 336
394 357
394 424
394 436
394 442
394 467
394 486
394 495
395 155
395 157
395 192
395 227
395 418
395 499
396 48
396 101
396 104
396 127
396 321
396 327
396 335
396 443
396 485
397 296
397 324
397 407
397 442
397 476
397 484
397 493
397 495
398 11
398 72
398 89
398 433
398 442
398 461
399 224
399 226
399 227
399 323
399 393
399 499
400 315
400 322
400 326
400 355
400 359
400 404
400 420
401 216
401 268
401 269
401 283
401 403
401 421
401 437
401 439
401 459
402 295
402 393
402 406
402 457
402 482
402 500
403 37
403 112
403 162
403 251
403 380
403 401
403 421
403 437
403 448
404 14
404 61
404 355
404 359
404 400
404 405
404 407
404 420
404 486
405 279
405 309
405 358
405 390
405 404
405 406
405 407
405 419
405 446
406 188
406 208
406 316
406 402
406 405
406 407
406 429
407 59
407 141
407 196
407 397
407 404
407 405
407 406
407 422
407 431
407 493
408 163
408 289
408 320
408 389
408 409
408 412
408 414
408 453
408 468
409 12
409 264
409 308
409 374
409 408
409 412
409 414
409 428
409 488
410 11
410 31
410 173
410 268
410 273
410 274
410 333
410 378
410 458
411 21
411 129
411 132
411 171
411 224
411 333
411 346
411 426
411 458
412 261
412 298
412 305
412 408
412 409
412 414
413 181
413 293
413 318
413 445
413 453
413 456
413 464
413 469
413 486
414 16
414 77
414 153
414 201
414 301
414 408
414 409
414 412
415 80
415 110
415 131
415 216
415 268
415 269
415 317
415 416
415 459
416 41
416 190
416 285
416 415
416 418
416 419
416 494
417 39
417 40
417 88
417 140
417 372
417 393
417 452
417 460
417 472
418 40
418 66
418 227
418 278
418 317
418 395
418 416
418 419
418 441
418 483
419 157
419 279
419 358
419 367
419 390
419 405
419 416
419 418
419 423
419 446
420 14
420 61
420 139
420 355
420 359
420 400
420 404
420 437
420 477
420 499
421 244
421 346
421 382
421 383
421 401
421 403
421 462
422 141
422 344
422 368
422 407
422 435
422 463
422 467
422 484
422 493
422 495
423 47
423 129
423 156
423 159
423 182
423 197
423 379
423 419
423 425
423 428
424 286
424 317
424 394
424 436
424 439
424 449
424 486
424 489
424 498
425 83
425 193
425 239
425 253
425 263
425 423
425 428
425 429
425 432
425 451
426 11
426 171
426 173
426 213
426 224
426 260
426 390
426 411
426 454
426 458
427 118
427 219
427 372
427 377
427 382
427 496
427 497
428 264
428 302
428 409
428 423
428 425
428 429
428 488
429 188
429 208
429 282
429 311
429 316
429 319
429 406
429 425
429 428
429 433
430 32
430 57
430 67
430 113
430 134
430 204
430 465
430 469
430 481
430 490
431 59
431 111
431 138
431 141
431 165
431 196
431 313
431 349
431 368
431 407
431 435
431 475
431 481
431 485
431 489
431 493
431 495
432 7
432 239
432 425
432 440
432 441
432 443
432 451
432 454
432 456
432 474
433 49
433 53
433 325
433 362
433 398
433 429
433 434
433 435
433 450
433 461
434 158
434 306
434 324
434 433
434 435
434 437
434 440
434 470
434 478
434 490
435 141
435 196
435 313
435 422
435 431
435 433
435 434
435 470
435 484
436 139
436 170
436 223
436 243
436 245
436 246
436 394
436 424
436 440
436 441
437 401
437 403
437 420
437 434
437 439
437 457
437 487
437 490
437 500
438 142
438 149
438 215
438 275
438 296
438 446
438 457
439 231
439 286
439 313
439 401
439 424
439 437
439 449
439 489
440 306
440 324
440 384
440 432
440 434
440 436
440 441
440 443
440 457
440 490
440 500
441 66
441 92
441 227
441 418
441 432
441 436
441 440
441 443
441 473
441 483
442 71
442 237
442 341
442 357
442 385
442 394
442 397
442 398
442 444
442 467
442 476
443 25
443 48
443 98
443 127
443 321
443 327
443 396
443 432
443 440
443 441
443 454
444 1
444 50
444 71
444 219
444 226
444 281
444 318
444 388
444 442
444 476
444 480
445 4
445 5
445 91
445 155
445 163
445 211
445 255
445 288
445 289
445 296
445 320
445 350
445 389
445 413
445 463
445 468
445 491
446 179
446 279
446 309
446 318
446 385
446 405
446 419
446 438
446 457
447 12
447 121
447 295
447 302
447 308
447 374
447 451
447 454
447 458
447 482
447 488
448 119
448 147
448 148
448 189
448 233
448 235
448 286
448 317
448 340
448 403
448 449
449 119
449 126
449 148
449 234
449 263
449 286
449 346
449 424
449 439
449 448
449 453
449 456
450 28
450 53
450 89
450 96
450 134
450 325
450 350
450 433
450 461
450 463
450 467
450 470
451 7
451 83
451 193
451 253
451 425
451 432
451 447
451 454
451 456
451 458
451 474
451 482
452 41
452 220
452 232
452 285
452 294
452 375
452 417
452 487
453 72
453 288
453 408
453 413
453 449
453 455
453 456
454 6
454 122
454 171
454 173
454 333
454 346
454 426
454 432
454 443
454 447
454 451
454 458
455 23
455 105
455 176
455 177
455 225
455 300
455 311
455 346
455 364
455 376
455 453
455 456
456 7
456 193
456 239
456 263
456 413
456 432
456 449
456 451
456 453
456 455
456 474
457 35
457 187
457 306
457 312
457 402
457 437
457 438
457 440
457 446
457 490
457 499
457 500
458 6
458 31
458 346
458 378
458 410
458 411
458 426
458 447
458 451
458 454
458 459
458 482
459 75
459 80
459 110
459 143
459 216
459 268
459 283
459 401
459 415
459 458
459 468
459 482
459 494
460 132
460 140
460 271
460 323
460 417
460 472
460 474
460 492
460 494
460 496
460 497
460 498
460 499
461 28
461 49
461 53
461 171
461 176
461 245
461 326
461 362
461 386
461 398
461 433
461 450
461 470
462 33
462 60
462 65
462 109
462 128
462 421
462 466
462 468
462 479
462 482
463 90
463 116
463 247
463 350
463 422
463 445
463 450
464 181
464 194
464 228
464 318
464 364
464 413
464 466
464 468
464 469
464 475
464 478
464 481
464 486
465 19
465 87
465 164
465 236
465 259
465 339
465 343
465 351
465 356
465 392
465 430
465 469
465 481
465 490
466 44
466 274
466 342
466 462
466 464
466 468
466 477
466 479
467 9
467 46
467 54
467 336
467 352
467 357
467 365
467 385
467 391
467 394
467 422
467 442
467 450
467 470
468 4
468 91
468 155
468 163
468 211
468 288
468 296
468 408
468 445
468 459
468 462
468 464
468 466
468 479
469 16
469 336
469 413
469 430
469 464
469 465
469 479
469 481
469 490
470 89
470 344
470 434
470 435
470 450
470 461
470 467
471 151
471 222
471 229
471 242
471 290
471 328
471 347
471 369
471 389
471 475
471 478
471 479
471 485
471 489
472 88
472 132
472 393
472 417
472 460
472 474
472 492
472 494
472 496
472 497
472 499
473 22
473 122
473 192
473 205
473 217
473 227
473 288
473 441
473 483
474 7
474 83
474 193
474 239
474 253
474 263
474 432
474 451
474 456
474 460
474 472
474 480
474 483
474 493
475 151
475 222
475 229
475 347
475 360
475 381
475 431
475 464
475 471
475 477
475 478
475 485
475 489
476 17
476 164
476 284
476 397
476 442
476 444
476 487
476 498
476 499
477 21
477 62
477 103
477 209
477 249
477 264
477 265
477 274
477 332
477 342
477 361
477 420
477 466
477 475
477 499
478 158
478 306
478 324
478 345
478 434
478 464
478 471
478 475
478 479
479 30
479 67
479 81
479 99
479 115
479 194
479 212
479 228
479 248
479 318
479 462
479 466
479 468
479 469
479 471
479 478
480 1
480 50
480 118
480 152
480 178
480 226
480 281
480 363
480 388
480 444
480 474
480 483
480 488
480 491
480 493
480 496
481 8
481 30
481 67
481 81
481 99
481 115
481 171
481 181
481 212
481 293
481 430
481 431
481 464
481 465
481 469
481 490
482 8
482 120
482 158
482 187
482 306
482 324
482 373
482 384
482 402
482 447
482 451
482 458
482 459
482 462
482 487
482 490
483 40
483 92
483 186
483 213
483 227
483 278
483 294
483 338
483 418
483 441
483 473
483 474
483 480
483 485
483 488
483 491
483 493
484 59
484 90
484 92
484 94
484 111
484 138
484 165
484 210
484 257
484 313
484 343
484 349
484 368
484 397
484 422
484 435
484 493
485 192
485 213
485 227
485 396
485 431
485 471
485 475
485 483
485 489
486 30
486 67
486 81
486 99
486 115
486 194
486 212
486 228
486 248
486 391
486 394
486 404
486 413
486 424
486 464
486 495
486 498
487 49
487 84
487 202
487 294
487 306
487 373
487 375
487 437
487 452
487 476
487 482
487 490
488 5
488 31
488 302
488 409
488 428
488 447
488 480
488 483
488 491
488 493
488 500
489 73
489 119
489 126
489 142
489 147
489 148
489 189
489 234
489 286
489 308
489 317
489 340
489 424
489 431
489 439
489 471
489 475
489 485
490 70
490 83
490 120
490 174
490 306
490 324
490 384
490 430
490 434
490 437
490 440
490 457
490 465
490 469
490 481
490 482
490 487
490 500
491 72
491 155
491 183
491 320
491 445
491 480
491 483
491 488
491 493
491 500
492 219
492 386
492 460
492 472
492 494
492 496
492 497
493 59
493 111
493 138
493 165
493 257
493 277
493 313
493 349
493 368
493 397
493 407
493 422
493 431
493 474
493 480
493 483
493 484
493 488
493 491
494 41
494 275
494 322
494 416
494 459
494 460
494 472
494 492
494 496
494 497
495 57
495 165
495 257
495 319
495 368
495 391
495 394
495 397
495 422
495 431
495 486
495 498
495 500
496 50
496 118
496 149
496 152
496 178
496 185
496 219
496 329
496 363
496 386
496 427
496 460
496 472
496 480
496 492
496 494
496 497
497 1
497 50
497 118
497 149
497 219
497 226
497 275
497 329
497 363
497 386
497 388
497 427
497 460
497 472
497 492
497 494
497 496
498 2
498 43
498 88
498 89
498 101
498 131
498 132
498 183
498 230
498 284
498 323
498 391
498 393
498 424
498 460
498 476
498 486
498 495
498 499
498 500
499 88
499 132
499 133
499 230
499 249
499 277
499 284
499 299
499 323
499 372
499 393
499 395
499 399
499 420
499 457
499 460
499 472
499 476
499 477
499 498
500 8
500 84
500 100
500 120
500 174
500 187
500 221
500 241
500 306
500 312
500 344
500 391
500 402
500 437
500 440
500 457
500 488
500 490
500 491
500 495
500 498
