1 10
2 39
3 27
4 2
5 22
6 38
7 23
8 18
9 41
10 43
11 9
12 19
13 16
14 15
15 46
16 4
17 31
18 26
19 28
20 44
21 43
22 24
23 46
24 3
25 22
26 12
27 15
28 45
29 46
30 27
31 23
32 33
33 41
34 45
35 36
36 42
37 1
38 7
39 40
40 1
41 22
42 2
43 9
44 46
45 8
46 43
47 6
48 11
49 22
50 40
51 46
52 13
53 8
54 20
55 47
56 27
57 44
58 31
59 47
60 24
61 15
62 15
63 31
64 4
65 34
66 25
67 37
68 46
69 29
70 2
71 46
72 22
73 2
74 36
75 48
76 4
77 30
78 39
79 40
80 29
81 3
82 48
83 22
84 36
85 33
86 44
87 44
88 20
89 16
90 48
91 41
92 34
93 40
94 21
95 7
96 22
97 36
98 12
99 13
100 1
101 39
102 24
103 46
104 28
105 39
106 18
107 10
108 28
109 48
110 10
111 16
112 16
113 35
114 36
115 16
116 27
117 21
118 27
119 38
120 5
121 22
122 12
123 48
124 4
125 3
126 33
127 7
128 33
129 24
130 38
131 42
132 39
133 27
134 33
135 41
136 12
137 37
138 22
139 26
140 47
141 15
142 48
143 39
144 16
145 38
146 43
147 1
148 45
149 27
150 16
151 48
152 7
153 16
154 17
155 36
156 41
157 34
158 11
159 20
160 27
161 14
162 46
163 5
164 41
165 20
166 37
167 18
168 12
169 31
170 36
171 41
172 13
173 47
174 38
175 28
176 31
177 43
178 46
179 23
180 35
181 38
182 39
183 18
184 1
185 13
186 35
187 47
188 45
189 21
190 8
191 23
192 34
193 29
194 12
195 6
196 20
197 1
198 42
199 11
200 4
201 37
202 42
203 45
204 44
205 44
206 1
207 19
208 2
209 22
210 14
211 34
212 6
213 16
214 18
215 42
216 7
217 24
218 8
219 3
220 17
221 14
222 28
223 43
224 24
225 23
226 39
227 21
228 13
229 22
230 15
231 36
232 4
233 48
234 38
235 27
236 15
237 39
238 13
239 35
240 34
241 42
242 25
243 33
244 7
245 15
246 13
247 34
248 25
249 10
250 42
251 22
252 19
253 30
254 9
255 22
256 2
257 17
258 38
259 34
260 33
261 25
262 17
263 39
264 39
265 43
266 23
267 23
268 25
269 21
270 43
271 23
272 26
273 24
274 25
275 37
276 11
277 15
278 36
279 30
280 48
281 36
282 31
283 31
284 32
285 1
286 41
287 24
288 17
289 15
290 39
291 48
292 48
293 2
294 42
295 10
296 45
297 9
298 11
299 8
300 6
301 29
302 27
303 38
304 27
305 32
306 20
307 19
308 30
309 1
310 34
311 31
312 13
313 45
314 5
315 29
316 32
317 23
318 46
319 45
320 18
321 16
322 26
323 34
324 19
325 12
326 6
327 30
328 43
329 14
330 23
331 27
332 35
333 48
334 40
335 36
336 30
337 34
338 16
339 4
340 6
341 26
342 40
343 36
344 27
345 27
346 37
347 34
348 31
349 45
350 22
351 5
352 5
353 17
354 9
355 12
356 8
357 16
358 26
359 28
360 9
361 18
362 22
363 37
364 31
365 12
366 46
367 32
368 12
369 9
370 17
371 42
372 17
373 32
374 19
375 31
376 39
377 22
378 3
379 9
380 39
381 32
382 24
383 32
384 44
385 39
386 14
387 48
388 18
389 4
390 23
391 41
392 22
393 24
394 35
395 45
396 34
397 3
398 5
399 14
400 8
401 41
402 6
403 30
404 16
405 24
406 34
407 34
408 1
409 7
410 17
411 2
412 31
413 43
414 1
415 41
416 15
417 15
418 8
419 36
420 34
421 42
422 36
423 22
424 33
425 44
426 16
427 39
428 42
429 44
430 24
431 27
432 15
433 24
434 5
435 12
436 15
437 2
438 14
439 1
440 14
441 27
442 38
443 48
444 12
445 31
446 48
447 33
448 18
449 43
450 22
451 36
452 41
453 8
454 36
455 27
456 6
457 43
458 13
459 16
460 34
461 14
462 45
463 14
464 32
465 17
466 8
467 2
468 23
469 36
470 46
471 45
472 23
473 14
474 36
475 17
476 31
477 31
478 1
479 12
480 14
481 46
482 41
483 31
484 17
485 1
486 17
487 22
488 23
489 46
490 34
491 48
492 48
493 22
494 15
495 39
496 46
497 12
498 27
499 15
500 27
