1 70
1 311
1 359
1 428
1 434
2 130
2 235
2 270
2 323
2 426
3 63
3 79
3 172
3 307
3 368
4 213
4 216
4 285
4 295
4 417
5 185
5 346
5 400
5 492
5 495
6 157
6 207
6 215
6 244
6 292
7 84
7 246
7 258
7 278
7 444
8 449
8 466
8 474
8 476
8 490
9 60
9 148
9 217
9 219
9 229
10 195
10 369
10 415
10 418
10 436
11 103
11 124
11 184
11 389
11 420
12 369
12 415
12 433
12 436
12 448
13 232
13 324
13 330
13 334
13 382
14 90
14 212
14 325
14 346
14 437
15 329
15 469
15 470
15 482
15 494
16 206
16 259
16 360
16 454
16 476
17 253
17 345
17 449
17 492
17 495
18 19
18 246
18 258
18 278
18 380
19 18
19 314
19 345
19 481
19 492
20 216
20 373
20 446
20 483
20 498
21 88
21 122
21 186
21 192
21 304
22 52
22 100
22 166
22 171
22 195
23 241
23 242
23 429
23 481
23 495
24 429
24 481
24 491
24 492
24 495
25 144
25 233
25 286
25 299
25 328
26 365
26 375
26 431
26 433
26 443
27 29
27 68
27 69
27 146
27 496
28 233
28 265
28 299
28 322
28 328
29 27
29 68
29 69
29 146
29 413
30 121
30 136
30 168
30 231
30 249
31 35
31 101
31 170
31 288
31 363
32 106
32 134
32 286
32 326
32 450
33 57
33 442
33 477
33 482
33 494
34 114
34 347
34 444
34 471
34 496
35 31
35 203
35 238
35 362
35 451
36 88
36 122
36 171
36 186
36 192
37 141
37 164
37 181
37 189
37 352
38 64
38 430
38 447
38 489
38 496
39 43
39 80
39 111
39 211
39 341
40 248
40 261
40 272
40 279
40 334
41 401
41 425
41 483
41 493
41 498
42 81
42 93
42 125
42 193
42 445
43 39
43 80
43 110
43 111
43 211
44 187
44 321
44 380
44 425
44 456
45 69
45 405
45 456
45 484
45 488
46 377
46 387
46 457
46 465
46 470
47 228
47 252
47 303
47 344
47 458
48 196
48 424
48 426
48 463
48 487
49 275
49 321
49 380
49 415
49 425
50 174
50 194
50 270
50 428
50 434
51 306
51 335
51 390
51 399
51 466
52 22
52 100
52 166
52 171
52 483
53 120
53 177
53 185
53 227
53 312
54 194
54 311
54 428
54 434
54 441
55 327
55 409
55 432
55 458
55 462
56 411
56 412
56 423
56 425
56 453
57 33
57 99
57 474
57 480
57 485
58 405
58 427
58 484
58 486
58 497
59 75
59 240
59 300
59 332
59 494
60 9
60 176
60 217
60 219
60 229
61 147
61 410
61 412
61 473
61 479
62 97
62 124
62 155
62 303
62 420
63 3
63 64
63 79
63 172
63 263
64 38
64 63
64 79
64 172
64 373
65 154
65 213
65 285
65 295
65 431
66 67
66 360
66 385
66 394
66 476
67 66
67 188
67 196
67 266
67 305
68 27
68 29
68 69
68 146
68 374
69 27
69 29
69 45
69 68
69 146
70 1
70 264
70 335
70 390
70 399
71 160
71 424
71 446
71 493
71 498
72 370
72 388
72 485
72 490
72 500
73 156
73 335
73 365
73 437
73 443
74 183
74 320
74 345
74 481
74 492
75 59
75 238
75 300
75 332
75 488
76 138
76 173
76 226
76 268
76 469
77 241
77 365
77 431
77 437
77 443
78 130
78 235
78 270
78 323
78 403
79 3
79 63
79 64
79 172
79 339
80 39
80 43
80 111
80 211
80 287
81 42
81 93
81 125
81 428
81 479
82 140
82 237
82 255
82 271
82 370
83 120
83 177
83 198
83 227
83 312
84 7
84 246
84 258
84 269
84 278
85 349
85 464
85 475
85 478
85 500
86 97
86 155
86 389
86 420
86 440
87 96
87 204
87 297
87 450
87 452
88 21
88 36
88 186
88 192
88 381
89 152
89 218
89 259
89 429
89 476
90 14
90 161
90 212
90 325
90 346
91 340
91 374
91 410
91 473
91 479
92 94
92 113
92 184
92 389
92 420
93 42
93 81
93 125
93 193
93 305
94 92
94 124
94 155
94 420
94 465
95 98
95 165
95 203
95 296
95 302
96 87
96 239
96 314
96 445
96 478
97 62
97 86
97 184
97 375
97 389
98 95
98 201
98 362
98 398
98 451
99 57
99 286
99 371
99 397
99 460
100 22
100 52
100 166
100 171
100 455
101 31
101 198
101 442
101 469
101 494
102 189
102 401
102 455
102 484
102 497
103 11
103 178
103 221
103 288
103 363
104 378
104 438
104 443
104 472
104 486
105 392
105 447
105 460
105 471
105 496
106 32
106 234
106 307
106 420
106 460
107 228
107 252
107 257
107 303
107 344
108 242
108 345
108 429
108 445
108 495
109 308
109 331
109 357
109 388
109 392
110 43
110 251
110 339
110 386
110 422
111 39
111 43
111 80
111 172
111 211
112 128
112 150
112 161
112 247
112 256
113 92
113 313
113 333
113 338
113 356
114 34
114 338
114 343
114 437
114 443
115 204
115 282
115 297
115 342
115 452
116 345
116 427
116 430
116 447
116 471
117 207
117 412
117 439
117 453
117 454
118 119
118 363
118 444
118 489
118 496
119 118
119 274
119 277
119 388
119 462
120 53
120 83
120 145
120 167
120 361
121 30
121 249
121 264
121 268
121 492
122 21
122 36
122 186
122 192
122 236
123 369
123 395
123 402
123 444
123 448
124 11
124 62
124 94
124 153
124 420
125 42
125 81
125 93
125 193
125 274
126 248
126 261
126 272
126 279
126 391
127 301
127 408
127 429
127 435
127 479
128 112
128 247
128 256
128 260
128 468
129 375
129 396
129 431
129 435
129 443
130 2
130 78
130 235
130 245
130 323
131 302
131 377
131 441
131 461
131 499
132 236
132 313
132 333
132 338
132 356
133 182
133 296
133 362
133 403
133 451
134 32
134 326
134 376
134 460
134 470
135 183
135 263
135 400
135 481
135 492
136 30
136 168
136 249
136 264
136 285
137 284
137 329
137 413
137 459
137 467
138 76
138 173
138 226
138 268
138 437
139 352
139 362
139 402
139 415
139 448
140 82
140 167
140 237
140 263
140 370
141 37
141 164
141 181
141 189
141 281
142 212
142 325
142 346
142 400
142 410
143 311
143 359
143 428
143 434
143 495
144 25
144 153
144 299
144 322
144 328
145 120
145 167
145 227
145 312
145 489
146 27
146 29
146 68
146 69
146 463
147 61
147 228
147 230
147 473
147 479
148 9
148 200
148 280
148 308
148 388
149 209
149 324
149 330
149 334
149 432
150 112
150 247
150 256
150 260
150 320
151 460
151 468
151 477
151 482
151 494
152 89
152 306
152 336
152 476
152 482
153 124
153 144
153 367
153 405
153 497
154 65
154 216
154 295
154 412
154 449
155 62
155 86
155 94
155 420
155 450
156 73
156 421
156 445
156 463
156 478
157 6
157 374
157 435
157 473
157 479
158 237
158 263
158 271
158 370
158 453
159 386
159 406
159 422
159 467
159 484
160 71
160 353
160 430
160 444
160 496
161 90
161 112
161 212
161 325
161 346
162 224
162 245
162 458
162 460
162 462
163 339
163 381
163 459
163 467
163 490
164 37
164 141
164 181
164 189
164 477
165 95
165 449
165 485
165 490
165 491
166 22
166 52
166 100
166 280
166 423
167 120
167 140
167 145
167 312
167 438
168 30
168 136
168 249
168 264
168 485
169 414
169 451
169 466
169 474
169 491
170 31
170 221
170 288
170 317
170 363
171 22
171 36
171 52
171 100
171 266
172 3
172 63
172 64
172 79
172 111
173 76
173 138
173 202
173 226
173 268
174 50
174 193
174 359
174 428
174 434
175 273
175 296
175 302
175 369
175 451
176 60
176 217
176 219
176 229
176 342
177 53
177 83
177 227
177 312
177 323
178 103
178 221
178 288
178 363
178 406
179 442
179 458
179 468
179 482
179 494
180 407
180 456
180 466
180 472
180 486
181 37
181 141
181 164
181 189
181 356
182 133
182 201
182 292
182 302
182 451
183 74
183 135
183 345
183 481
183 495
183 500
184 11
184 92
184 97
184 348
184 357
184 389
185 5
185 53
185 400
185 429
185 492
185 495
186 21
186 36
186 88
186 122
186 190
186 192
187 44
187 262
187 265
187 275
187 380
187 425
188 67
188 198
188 225
188 266
188 276
188 305
189 37
189 102
189 141
189 164
189 181
189 355
190 186
190 383
190 421
190 475
190 487
190 500
191 449
191 480
191 485
191 490
191 491
191 493
192 21
192 36
192 88
192 122
192 186
192 428
193 42
193 93
193 125
193 174
193 318
193 392
194 50
194 54
194 365
194 428
194 434
194 448
195 10
195 22
195 395
195 415
195 436
195 448
196 48
196 67
196 198
196 266
196 299
196 305
197 314
197 380
197 383
197 445
197 487
197 500
198 83
198 101
198 188
198 196
198 266
198 305
199 253
199 301
199 431
199 481
199 492
199 495
200 148
200 210
200 331
200 351
200 388
200 422
201 98
201 182
201 302
201 313
201 362
201 451
202 173
202 241
202 283
202 289
202 368
202 450
203 35
203 95
203 255
203 273
203 362
203 451
204 87
204 115
204 289
204 450
204 452
204 493
205 261
205 373
205 416
205 440
205 493
205 498
206 16
206 218
206 336
206 364
206 476
206 498
207 6
207 117
207 215
207 243
207 292
207 315
208 210
208 301
208 374
208 435
208 473
208 491
209 149
209 232
209 324
209 330
209 334
209 390
210 200
210 208
210 457
210 461
210 465
210 499
211 39
211 43
211 80
211 111
211 215
211 486
212 14
212 90
212 142
212 161
212 346
212 477
213 4
213 65
213 216
213 285
213 295
213 385
214 242
214 253
214 400
214 461
214 481
214 495
215 6
215 207
215 211
215 243
215 244
215 315
216 4
216 20
216 154
216 213
216 285
216 295
217 9
217 60
217 176
217 219
217 229
217 459
218 89
218 206
218 220
218 342
218 364
218 476
219 9
219 60
219 176
219 217
219 229
219 240
220 218
220 262
220 364
220 385
220 411
220 476
221 103
221 170
221 178
221 288
221 363
221 377
222 319
222 335
222 361
222 390
222 399
222 490
223 225
223 284
223 440
223 483
223 493
223 498
224 162
224 327
224 348
224 363
224 413
224 458
225 188
225 223
225 432
225 483
225 493
225 498
226 76
226 138
226 173
226 268
226 352
226 495
227 53
227 83
227 145
227 177
227 312
227 499
228 47
228 107
228 147
228 257
228 303
228 344
229 9
229 60
229 176
229 217
229 219
229 386
230 147
230 384
230 410
230 435
230 473
230 479
231 30
231 374
231 410
231 435
231 473
231 479
232 13
232 209
232 324
232 330
232 334
232 475
233 25
233 28
233 299
233 322
233 328
233 422
234 106
234 294
234 371
234 376
234 404
234 460
235 2
235 78
235 130
235 247
235 270
235 323
236 122
236 132
236 313
236 333
236 338
236 356
237 82
237 140
237 158
237 271
237 364
237 370
238 35
238 75
238 240
238 300
238 318
238 332
239 96
239 421
239 436
239 475
239 478
239 487
240 59
240 219
240 238
240 300
240 318
240 332
241 23
241 77
241 202
241 368
241 450
241 452
242 23
242 108
242 214
242 356
242 481
242 495
243 207
243 215
243 244
243 292
243 314
243 315
244 6
244 215
244 243
244 292
244 315
244 475
245 130
245 162
245 409
245 413
245 458
245 462
246 7
246 18
246 84
246 258
246 278
246 309
247 112
247 128
247 150
247 235
247 256
247 260
248 40
248 126
248 261
248 272
248 279
248 395
249 30
249 121
249 136
249 168
249 251
249 264
250 309
250 345
250 364
250 429
250 468
250 492
251 110
251 249
251 329
251 422
251 459
251 467
252 47
252 107
252 257
252 303
252 344
252 351
253 17
253 199
253 214
253 379
253 429
253 481
254 283
254 379
254 393
254 427
254 470
254 477
255 82
255 203
255 396
255 431
255 437
255 443
256 112
256 128
256 150
256 247
256 260
256 316
257 107
257 228
257 252
257 303
257 322
257 344
258 7
258 18
258 84
258 246
258 278
258 466
259 16
259 89
259 385
259 394
259 421
259 476
260 128
260 150
260 247
260 256
260 317
260 378
261 40
261 126
261 205
261 248
261 272
261 279
262 187
262 220
262 265
262 275
262 321
262 425
263 63
263 135
263 140
263 158
263 271
263 370
264 70
264 121
264 136
264 168
264 249
264 362
265 28
265 187
265 262
265 298
265 380
265 425
266 67
266 171
266 188
266 196
266 198
266 305
267 304
267 341
267 382
267 439
267 448
267 454
268 76
268 121
268 138
268 173
268 226
268 306
269 84
269 310
269 353
269 392
269 488
269 496
270 2
270 50
270 78
270 235
270 322
270 323
271 82
271 158
271 237
271 263
271 334
271 370
272 40
272 126
272 248
272 261
272 279
272 457
273 175
273 203
273 296
273 302
273 451
273 464
274 119
274 125
274 277
274 409
274 458
274 462
274 479
275 49
275 187
275 262
275 321
275 380
275 425
275 484
276 188
276 291
276 387
276 445
276 464
276 478
276 500
277 119
277 274
277 348
277 413
277 418
277 458
277 462
278 7
278 18
278 84
278 246
278 258
278 354
278 408
279 40
279 126
279 248
279 261
279 272
279 423
279 489
280 148
280 166
280 308
280 351
280 357
280 388
280 489
281 141
281 424
281 440
281 446
281 483
281 493
281 498
282 115
282 293
282 323
282 416
282 424
282 440
282 493
283 202
283 254
283 289
283 342
283 368
283 450
283 452
284 137
284 223
284 381
284 386
284 406
284 459
284 467
285 4
285 65
285 136
285 213
285 216
285 295
285 462
286 25
286 32
286 99
286 307
286 371
286 397
286 460
287 80
287 417
287 466
287 480
287 485
287 490
287 491
288 31
288 103
288 170
288 178
288 221
288 363
288 426
289 202
289 204
289 283
289 297
289 336
289 450
289 452
290 444
290 453
290 466
290 480
290 485
290 490
290 491
291 276
291 337
291 421
291 426
291 464
291 478
291 500
292 6
292 182
292 207
292 243
292 244
292 315
292 494
293 282
293 394
293 424
293 440
293 446
293 493
293 498
294 234
294 307
294 326
294 371
294 376
294 420
294 460
295 4
295 65
295 154
295 213
295 216
295 285
295 474
296 95
296 133
296 175
296 273
296 302
296 431
296 451
297 87
297 115
297 289
297 342
297 404
297 450
297 452
298 265
298 337
298 391
298 433
298 461
298 465
298 499
299 25
299 28
299 144
299 196
299 233
299 322
299 328
300 59
300 75
300 238
300 240
300 318
300 332
300 463
301 127
301 199
301 208
301 435
301 473
301 479
301 491
302 95
302 131
302 175
302 182
302 201
302 273
302 296
303 47
303 62
303 107
303 228
303 252
303 257
303 344
304 21
304 267
304 305
304 423
304 439
304 453
304 454
305 67
305 93
305 188
305 196
305 198
305 266
305 304
306 51
306 152
306 268
306 336
306 360
306 385
306 394
307 3
307 106
307 286
307 294
307 376
307 397
307 460
308 109
308 148
308 280
308 331
308 351
308 357
308 499
309 246
309 250
309 400
309 414
309 481
309 492
309 495
310 269
310 398
310 427
310 430
310 447
310 467
310 496
311 1
311 54
311 143
311 312
311 359
311 428
311 434
312 53
312 83
312 145
312 167
312 177
312 227
312 311
313 113
313 132
313 201
313 236
313 333
313 338
313 356
314 19
314 96
314 197
314 243
314 421
314 463
314 475
315 207
315 215
315 243
315 244
315 292
315 344
315 477
316 256
316 341
316 367
316 378
316 456
316 486
316 488
317 170
317 260
317 350
317 377
317 387
317 461
317 499
318 193
318 238
318 240
318 300
318 329
318 332
318 407
319 222
319 335
319 361
319 390
319 393
319 399
319 434
320 74
320 150
320 337
320 350
320 441
320 465
320 499
321 44
321 49
321 262
321 275
321 380
321 386
321 425
322 28
322 144
322 233
322 257
322 270
322 299
322 328
323 2
323 78
323 130
323 177
323 235
323 270
323 282
324 13
324 149
324 209
324 232
324 330
324 334
324 385
325 14
325 90
325 142
325 161
325 346
325 447
325 448
326 32
326 134
326 294
326 376
326 397
326 460
326 492
327 55
327 224
327 396
327 409
327 413
327 458
327 462
328 25
328 28
328 144
328 233
328 299
328 322
328 475
329 15
329 137
329 251
329 318
329 381
329 459
329 467
330 13
330 149
330 209
330 232
330 324
330 331
330 334
331 109
331 200
331 308
331 330
331 351
331 357
331 388
332 59
332 75
332 238
332 240
332 300
332 318
332 481
333 113
333 132
333 236
333 313
333 338
333 356
333 478
334 13
334 40
334 149
334 209
334 232
334 271
334 324
334 330
335 51
335 70
335 73
335 222
335 319
335 361
335 390
335 399
336 152
336 206
336 289
336 306
336 339
336 360
336 385
336 476
337 291
337 298
337 320
337 441
337 457
337 461
337 465
337 499
338 113
338 114
338 132
338 236
338 313
338 333
338 356
338 409
339 79
339 110
339 163
339 336
339 406
339 422
339 459
339 467
340 91
340 347
340 353
340 398
340 399
340 478
340 489
340 496
341 39
341 267
341 316
341 411
341 423
341 439
341 453
341 454
342 115
342 176
342 218
342 283
342 297
342 368
342 450
342 452
343 114
343 375
343 396
343 431
343 437
343 443
343 494
343 498
344 47
344 107
344 228
344 252
344 257
344 303
344 315
344 372
345 17
345 19
345 74
345 108
345 116
345 183
345 250
345 495
346 5
346 14
346 90
346 142
346 161
346 212
346 325
346 450
347 34
347 340
347 427
347 444
347 471
347 489
347 496
347 498
348 184
348 224
348 277
348 409
348 413
348 458
348 462
348 497
349 85
349 358
349 378
349 416
349 438
349 472
349 488
349 497
350 317
350 320
350 387
350 433
350 457
350 461
350 496
350 499
351 200
351 252
351 280
351 308
351 331
351 357
351 388
351 473
352 37
352 139
352 226
352 395
352 402
352 415
352 436
352 448
353 160
353 269
353 340
353 392
353 408
353 471
353 480
353 489
354 278
354 449
354 466
354 474
354 480
354 485
354 491
354 494
355 189
355 426
355 445
355 456
355 463
355 464
355 475
355 500
356 113
356 132
356 181
356 236
356 242
356 313
356 333
356 338
357 109
357 184
357 280
357 308
357 331
357 351
357 388
357 486
358 349
358 359
358 456
358 472
358 484
358 485
358 486
358 488
359 1
359 143
359 174
359 311
359 358
359 428
359 434
359 446
360 16
360 66
360 306
360 336
360 364
360 394
360 473
360 476
361 120
361 222
361 319
361 335
361 390
361 399
362 35
362 98
362 133
362 139
362 201
362 203
362 264
362 451
363 31
363 103
363 118
363 170
363 178
363 221
363 224
363 288
364 206
364 218
364 220
364 237
364 250
364 360
364 394
364 476
365 26
365 73
365 77
365 194
365 368
365 375
365 396
365 437
366 383
366 401
366 403
366 421
366 463
366 464
366 487
366 500
367 153
367 316
367 378
367 437
367 438
367 472
367 484
367 488
368 3
368 202
368 241
368 283
368 342
368 365
368 450
368 452
369 10
369 12
369 123
369 175
369 395
369 436
369 448
369 472
370 72
370 82
370 140
370 158
370 237
370 263
370 271
370 478
371 99
371 234
371 286
371 294
371 397
371 452
371 460
371 497
372 344
372 383
372 398
372 408
372 447
372 471
372 489
372 496
373 20
373 64
373 205
373 404
373 432
373 446
373 447
373 483
373 493
374 68
374 91
374 157
374 208
374 231
374 410
374 473
374 479
374 498
375 26
375 97
375 129
375 343
375 365
375 402
375 431
375 437
375 443
376 134
376 234
376 294
376 307
376 326
376 377
376 397
376 460
376 481
377 46
377 131
377 221
377 317
377 376
377 391
377 457
377 465
377 499
378 104
378 260
378 316
378 349
378 367
378 407
378 417
378 455
378 484
379 253
379 254
379 393
379 402
379 468
379 469
379 470
379 477
379 494
380 18
380 44
380 49
380 187
380 197
380 265
380 275
380 321
380 425
381 88
381 163
381 284
381 329
381 406
381 422
381 459
381 467
381 491
382 13
382 267
382 384
382 411
382 412
382 423
382 439
382 453
382 454
383 190
383 197
383 366
383 372
383 426
383 440
383 475
383 478
383 500
384 230
384 382
384 407
384 455
384 472
384 484
384 486
384 488
384 497
385 66
385 213
385 220
385 259
385 306
385 324
385 336
385 394
385 476
386 110
386 159
386 229
386 284
386 321
386 406
386 422
386 459
386 467
387 46
387 276
387 317
387 350
387 433
387 441
387 457
387 465
387 499
388 72
388 109
388 119
388 148
388 200
388 280
388 331
388 351
388 357
389 11
389 86
389 92
389 97
389 184
389 403
389 420
389 446
389 481
390 51
390 70
390 209
390 222
390 319
390 335
390 361
390 399
390 468
391 126
391 298
391 377
391 433
391 441
391 457
391 465
391 489
391 499
392 105
392 109
392 193
392 269
392 353
392 430
392 471
392 489
392 496
393 254
393 319
393 379
393 468
393 469
393 470
393 482
393 486
393 494
394 66
394 259
394 293
394 306
394 360
394 364
394 385
394 476
394 484
395 123
395 195
395 248
395 352
395 369
395 402
395 436
395 448
395 500
396 129
396 255
396 327
396 343
396 365
396 398
396 431
396 437
396 443
397 99
397 286
397 307
397 326
397 371
397 376
397 434
397 452
397 460
398 98
398 310
398 340
398 372
398 396
398 408
398 427
398 430
398 496
399 51
399 70
399 222
399 319
399 335
399 340
399 361
399 390
399 430
400 5
400 135
400 142
400 185
400 214
400 309
400 411
400 429
400 481
400 492
401 41
401 102
401 366
401 407
401 455
401 456
401 486
401 488
401 490
401 497
402 123
402 139
402 352
402 375
402 379
402 395
402 415
402 420
402 436
402 448
403 78
403 133
403 366
403 389
403 463
403 464
403 475
403 478
403 487
403 500
404 234
404 297
404 373
404 416
404 424
404 432
404 440
404 446
404 483
404 498
405 45
405 58
405 153
405 438
405 455
405 456
405 470
405 487
405 488
405 497
406 159
406 178
406 284
406 339
406 381
406 386
406 407
406 459
406 467
406 485
407 180
407 318
407 378
407 384
407 401
407 406
407 455
407 472
407 484
407 497
408 127
408 278
408 353
408 372
408 398
408 430
408 444
408 447
408 471
408 489
409 55
409 245
409 274
409 327
409 338
409 348
409 413
409 458
409 462
409 483
410 61
410 91
410 142
410 230
410 231
410 374
410 435
410 441
410 473
410 479
411 56
411 220
411 341
411 382
411 400
411 412
411 423
411 439
411 453
411 454
412 56
412 61
412 117
412 154
412 382
412 411
412 414
412 439
412 453
412 454
413 29
413 137
413 224
413 245
413 277
413 327
413 348
413 409
413 458
413 462
414 169
414 309
414 412
414 443
414 466
414 474
414 480
414 485
414 490
414 491
415 10
415 12
415 49
415 139
415 195
415 352
415 402
415 436
415 448
415 479
416 205
416 282
416 349
416 404
416 432
416 446
416 483
416 493
416 497
416 498
417 4
417 287
417 378
417 449
417 466
417 474
417 480
417 485
417 490
417 491
418 10
418 277
418 419
418 442
418 468
418 469
418 470
418 477
418 482
418 494
419 418
419 442
419 445
419 464
419 468
419 469
419 470
419 477
419 482
419 494
420 11
420 62
420 86
420 92
420 94
420 106
420 124
420 155
420 294
420 389
420 402
421 156
421 190
421 239
421 259
421 291
421 314
421 366
421 445
421 463
421 487
421 500
422 110
422 159
422 200
422 233
422 251
422 339
422 381
422 386
422 459
422 467
422 499
423 56
423 166
423 279
423 304
423 341
423 382
423 411
423 439
423 451
423 453
423 454
424 48
424 71
424 281
424 282
424 293
424 404
424 426
424 432
424 452
424 483
424 498
425 41
425 44
425 49
425 56
425 187
425 262
425 265
425 275
425 321
425 380
425 436
426 2
426 48
426 288
426 291
426 355
426 383
426 424
426 464
426 475
426 478
426 487
427 58
427 116
427 254
427 310
427 347
427 398
427 430
427 444
427 447
427 471
427 489
427 496
428 1
428 50
428 54
428 81
428 143
428 174
428 192
428 194
428 311
428 359
428 434
428 488
429 23
429 24
429 89
429 108
429 127
429 185
429 250
429 253
429 400
429 449
429 492
429 495
430 38
430 116
430 160
430 310
430 392
430 398
430 399
430 408
430 427
430 439
430 444
430 489
431 26
431 65
431 77
431 129
431 199
431 255
431 296
431 343
431 375
431 396
431 437
431 443
432 55
432 149
432 225
432 373
432 404
432 416
432 424
432 434
432 446
432 483
432 493
432 498
433 12
433 26
433 298
433 350
433 387
433 391
433 441
433 451
433 457
433 461
433 465
433 499
434 1
434 50
434 54
434 143
434 174
434 194
434 311
434 319
434 359
434 397
434 428
434 432
435 127
435 129
435 157
435 208
435 230
435 231
435 301
435 410
435 471
435 473
435 479
435 499
436 10
436 12
436 195
436 239
436 352
436 369
436 395
436 402
436 415
436 425
436 438
436 448
437 14
437 73
437 77
437 114
437 138
437 255
437 343
437 365
437 367
437 375
437 396
437 431
438 104
438 167
438 349
438 367
438 405
438 436
438 455
438 456
438 482
438 484
438 486
438 497
439 117
439 267
439 304
439 341
439 382
439 411
439 412
439 423
439 430
439 453
439 454
439 477
440 86
440 205
440 223
440 281
440 282
440 293
440 383
440 404
440 459
440 483
440 493
440 498
441 54
441 131
441 320
441 337
441 387
441 391
441 410
441 433
441 455
441 457
441 461
441 499
442 33
442 101
442 179
442 418
442 419
442 453
442 468
442 469
442 470
442 477
442 494
442 497
443 26
443 73
443 77
443 104
443 114
443 129
443 255
443 343
443 375
443 396
443 414
443 431
443 469
444 7
444 34
444 118
444 123
444 160
444 290
444 347
444 408
444 427
444 430
444 447
444 471
444 489
445 42
445 96
445 108
445 156
445 197
445 276
445 355
445 419
445 421
445 475
445 478
445 487
445 500
446 20
446 71
446 281
446 293
446 359
446 373
446 389
446 404
446 416
446 432
446 464
446 493
446 498
447 38
447 105
447 116
447 310
447 325
447 372
447 373
447 408
447 427
447 444
447 471
447 489
447 496
448 12
448 123
448 139
448 194
448 195
448 267
448 325
448 352
448 369
448 395
448 402
448 415
448 436
449 8
449 17
449 154
449 165
449 191
449 354
449 417
449 429
449 474
449 480
449 485
449 490
449 491
450 32
450 87
450 155
450 202
450 204
450 241
450 283
450 289
450 297
450 342
450 346
450 368
450 452
451 35
451 98
451 133
451 169
451 175
451 182
451 201
451 203
451 273
451 296
451 362
451 423
451 433
452 87
452 115
452 204
452 241
452 283
452 289
452 297
452 342
452 368
452 371
452 397
452 424
452 450
453 56
453 117
453 158
453 290
453 304
453 341
453 382
453 411
453 412
453 423
453 439
453 442
453 454
454 16
454 117
454 267
454 304
454 341
454 382
454 411
454 412
454 423
454 439
454 453
454 462
454 482
455 100
455 102
455 378
455 384
455 401
455 405
455 407
455 438
455 441
455 457
455 472
455 486
455 488
455 497
456 44
456 45
456 180
456 316
456 355
456 358
456 401
456 405
456 438
456 484
456 486
456 488
456 493
456 497
457 46
457 210
457 272
457 337
457 350
457 377
457 387
457 391
457 433
457 441
457 455
457 458
457 461
457 499
458 47
458 55
458 162
458 179
458 224
458 245
458 274
458 277
458 327
458 348
458 409
458 413
458 457
458 462
459 137
459 163
459 217
459 251
459 284
459 329
459 339
459 381
459 386
459 406
459 422
459 440
459 461
459 467
460 99
460 105
460 106
460 134
460 151
460 162
460 234
460 286
460 294
460 307
460 326
460 371
460 376
460 397
461 131
461 210
461 214
461 298
461 317
461 337
461 350
461 433
461 441
461 457
461 459
461 465
461 469
461 499
462 55
462 119
462 162
462 245
462 274
462 277
462 285
462 327
462 348
462 409
462 413
462 454
462 458
462 475
463 48
463 146
463 156
463 300
463 314
463 355
463 366
463 403
463 421
463 464
463 465
463 475
463 487
463 500
464 85
464 273
464 276
464 291
464 355
464 366
464 403
464 419
464 426
464 446
464 463
464 478
464 484
464 500
465 46
465 94
465 210
465 298
465 320
465 337
465 377
465 387
465 391
465 433
465 461
465 463
465 467
465 499
466 8
466 51
466 169
466 180
466 258
466 287
466 290
466 354
466 414
466 417
466 474
466 480
466 490
466 491
467 137
467 159
467 163
467 251
467 284
467 310
467 329
467 339
467 381
467 386
467 406
467 422
467 459
467 465
467 471
468 128
468 151
468 179
468 250
468 379
468 390
468 393
468 418
468 419
468 442
468 469
468 470
468 477
468 482
468 494
469 15
469 76
469 101
469 379
469 393
469 418
469 419
469 442
469 443
469 461
469 468
469 470
469 477
469 482
469 494
470 15
470 46
470 134
470 254
470 379
470 393
470 405
470 418
470 419
470 442
470 468
470 469
470 477
470 482
470 494
471 34
471 105
471 116
471 347
471 353
471 372
471 392
471 408
471 427
471 435
471 444
471 447
471 467
471 474
471 489
472 104
472 180
472 349
472 358
472 367
472 369
472 384
472 407
472 455
472 476
472 484
472 486
472 488
472 497
472 500
473 61
473 91
473 147
473 157
473 208
473 230
473 231
473 301
473 351
473 360
473 374
473 410
473 435
473 479
473 480
474 8
474 57
474 169
474 295
474 354
474 414
474 417
474 449
474 466
474 471
474 476
474 480
474 485
474 490
474 491
475 85
475 190
475 232
475 239
475 244
475 314
475 328
475 355
475 383
475 403
475 426
475 445
475 462
475 463
475 487
475 500
476 8
476 16
476 66
476 89
476 152
476 206
476 218
476 220
476 259
476 336
476 360
476 364
476 385
476 394
476 472
476 474
477 33
477 151
477 164
477 212
477 254
477 315
477 379
477 418
477 419
477 439
477 442
477 468
477 469
477 470
477 482
477 494
478 85
478 96
478 156
478 239
478 276
478 291
478 333
478 340
478 370
478 383
478 403
478 426
478 445
478 464
478 487
478 500
479 61
479 81
479 91
479 127
479 147
479 157
479 230
479 231
479 274
479 301
479 374
479 410
479 415
479 435
479 473
479 482
480 57
480 191
480 287
480 290
480 353
480 354
480 414
480 417
480 449
480 466
480 473
480 474
480 483
480 485
480 490
480 491
481 19
481 23
481 24
481 74
481 135
481 183
481 199
481 214
481 242
481 253
481 309
481 332
481 376
481 389
481 400
481 492
482 15
482 33
482 151
482 152
482 179
482 393
482 418
482 419
482 438
482 454
482 468
482 469
482 470
482 477
482 479
482 494
483 20
483 41
483 52
483 223
483 225
483 281
483 373
483 404
483 409
483 416
483 424
483 432
483 440
483 480
483 493
483 498
484 45
484 58
484 102
484 159
484 275
484 358
484 367
484 378
484 384
484 394
484 407
484 438
484 456
484 464
484 472
484 488
484 497
485 57
485 72
485 165
485 168
485 191
485 287
485 290
485 354
485 358
485 406
485 414
485 417
485 449
485 474
485 480
485 490
485 491
486 58
486 104
486 180
486 211
486 316
486 357
486 358
486 384
486 393
486 401
486 438
486 455
486 456
486 472
486 487
486 488
486 497
487 48
487 190
487 197
487 239
487 366
487 403
487 405
487 421
487 426
487 445
487 463
487 475
487 478
487 486
487 488
487 499
487 500
488 45
488 75
488 269
488 316
488 349
488 358
488 367
488 384
488 401
488 405
488 428
488 455
488 456
488 472
488 484
488 486
488 487
488 497
489 38
489 118
489 145
489 279
489 280
489 340
489 347
489 353
489 372
489 391
489 392
489 408
489 427
489 430
489 444
489 447
489 471
489 496
490 8
490 72
490 163
490 165
490 191
490 222
490 287
490 290
490 401
490 414
490 417
490 449
490 466
490 474
490 480
490 485
490 491
490 495
491 24
491 165
491 169
491 191
491 208
491 287
491 290
491 301
491 354
491 381
491 414
491 417
491 449
491 466
491 474
491 480
491 485
491 490
492 5
492 17
492 19
492 24
492 74
492 121
492 135
492 185
492 199
492 250
492 309
492 326
492 400
492 429
492 481
492 493
492 495
492 496
493 41
493 71
493 191
493 204
493 205
493 223
493 225
493 281
493 282
493 293
493 373
493 416
493 432
493 440
493 446
493 456
493 483
493 492
493 498
494 15
494 33
494 59
494 101
494 151
494 179
494 292
494 343
494 354
494 379
494 393
494 418
494 419
494 442
494 468
494 469
494 470
494 477
494 482
495 5
495 17
495 23
495 24
495 108
495 143
495 183
495 185
495 199
495 214
495 226
495 242
495 309
495 345
495 429
495 490
495 492
495 496
495 500
496 27
496 34
496 38
496 105
496 118
496 160
496 269
496 310
496 340
496 347
496 350
496 372
496 392
496 398
496 427
496 447
496 489
496 492
496 495
496 497
497 58
497 102
497 153
497 348
497 349
497 371
497 384
497 401
497 405
497 407
497 416
497 438
497 442
497 455
497 456
497 472
497 484
497 486
497 488
497 496
498 20
498 41
498 71
498 205
498 206
498 223
498 225
498 281
498 293
498 343
498 347
498 374
498 404
498 416
498 424
498 432
498 440
498 446
498 483
498 493
499 131
499 210
499 227
499 298
499 308
499 317
499 320
499 337
499 350
499 377
499 387
499 391
499 422
499 433
499 435
499 441
499 457
499 461
499 465
499 487
500 72
500 85
500 183
500 190
500 197
500 276
500 291
500 355
500 366
500 383
500 395
500 403
500 421
500 445
500 463
500 464
500 472
500 475
500 478
500 487
500 495
