1 2
1 3
1 441
1 470
1 491
2 1
2 3
2 441
2 478
2 499
3 1
3 2
3 218
3 339
3 423
4 58
4 96
4 215
4 385
4 413
5 103
5 228
5 234
5 372
5 495
6 7
6 416
6 455
6 481
6 482
7 6
7 8
7 50
7 168
7 258
8 7
8 10
8 340
8 416
8 443
9 23
9 106
9 396
9 477
9 495
10 8
10 420
10 468
10 472
10 499
11 13
11 16
11 56
12 14
12 137
12 335
12 396
12 484
13 11
13 16
13 71
13 185
13 286
14 12
14 21
14 218
14 339
14 423
15 34
15 191
15 282
15 314
15 483
16 11
16 13
16 200
16 254
16 331
16 332
16 363
16 442
16 471
17 79
17 82
17 439
17 490
17 495
18 19
18 23
18 180
18 418
18 492
19 18
19 23
19 191
19 246
19 248
19 342
19 347
19 425
20 82
20 150
20 152
20 166
20 425
21 14
21 28
21 194
21 293
21 339
22 114
22 285
22 406
22 486
22 500
23 9
23 18
23 19
23 106
23 150
23 178
23 388
24 27
24 97
24 170
24 237
24 404
25 27
25 52
25 170
25 263
25 414
26 253
26 472
26 478
26 499
26 500
27 24
27 25
27 280
27 284
27 353
27 479
28 21
28 34
28 339
28 487
28 497
29 30
29 457
29 468
29 478
29 499
30 29
30 139
30 326
30 485
30 494
31 127
31 208
31 275
31 292
31 415
31 496
32 261
32 293
32 330
32 336
32 349
33 293
33 369
33 386
33 405
33 462
34 15
34 28
34 35
34 65
34 483
35 34
35 65
35 330
35 336
35 339
36 133
36 293
36 302
36 365
36 387
36 406
36 463
37 186
37 194
37 255
37 259
37 293
38 78
38 81
38 411
38 422
38 432
39 206
39 302
39 307
39 397
39 483
40 42
40 76
40 307
40 361
40 431
41 42
41 307
41 472
41 478
41 499
42 40
42 41
42 60
42 146
42 169
42 266
42 352
43 45
43 338
43 371
43 457
44 58
44 97
44 212
44 413
44 490
45 43
45 115
45 145
45 241
45 361
46 48
46 241
46 445
46 455
46 477
47 48
47 440
47 448
47 464
47 491
48 46
48 47
48 182
48 245
48 497
49 50
49 256
49 320
49 378
49 455
50 7
50 49
50 179
50 258
50 445
51 52
51 78
51 306
51 363
51 471
52 25
52 51
52 306
52 322
52 414
53 54
53 306
53 371
53 498
53 500
54 53
54 55
54 183
54 230
54 275
54 308
55 54
55 132
55 222
55 247
55 401
56 11
56 58
56 95
56 144
56 468
57 141
57 250
57 254
57 369
57 462
58 4
58 44
58 56
58 60
58 290
58 413
59 69
59 100
59 287
59 289
59 383
60 42
60 58
60 266
60 352
60 425
61 64
61 149
61 321
61 355
61 465
62 298
62 329
62 481
62 482
62 483
63 264
63 352
63 430
63 446
63 487
63 497
64 61
64 66
64 352
64 490
64 495
65 34
65 35
65 185
65 286
65 379
66 64
66 69
66 211
66 285
66 289
66 352
66 450
66 458
66 460
66 484
66 490
67 158
67 236
67 242
67 288
67 429
68 72
68 74
68 108
68 321
68 412
69 59
69 66
69 274
69 278
69 380
69 383
70 253
70 311
70 359
70 371
70 500
71 13
71 73
71 185
71 273
71 286
72 68
72 74
72 367
72 440
72 447
73 71
73 153
73 273
73 426
73 430
74 68
74 72
74 290
74 367
74 413
75 94
75 210
75 211
75 214
75 369
76 40
76 77
76 79
76 145
76 367
77 76
77 79
77 367
77 498
77 500
78 38
78 51
78 81
78 200
78 363
79 17
79 76
79 77
79 205
79 426
80 119
80 133
80 394
80 436
80 439
81 38
81 78
81 449
81 473
81 476
82 17
82 20
82 85
82 88
82 485
83 84
83 376
83 412
83 456
83 465
84 83
84 86
84 120
84 251
84 269
85 82
85 88
85 90
85 470
85 491
86 84
86 359
86 392
86 498
86 500
87 119
87 147
87 271
87 281
87 366
87 424
87 428
88 82
88 85
88 90
88 453
88 489
89 271
89 343
89 365
89 387
89 463
90 85
90 88
90 95
90 144
90 427
91 369
91 374
91 408
91 427
91 462
92 271
92 336
92 410
92 412
92 456
93 95
93 143
93 332
93 471
93 479
94 75
94 98
94 102
94 374
94 431
95 56
95 90
95 93
95 97
95 300
96 4
96 215
96 284
96 440
96 447
97 24
97 44
97 95
97 229
97 233
98 94
98 102
98 473
98 476
98 498
99 198
99 283
99 337
99 382
99 421
100 59
100 290
100 394
100 423
100 493
101 102
101 277
101 374
101 429
101 464
102 94
102 98
102 101
102 208
102 415
103 5
103 105
103 212
103 372
103 492
104 105
104 212
104 389
104 401
104 457
105 103
105 104
105 139
105 203
105 227
106 9
106 23
106 108
106 111
106 150
107 109
107 110
107 238
107 303
107 373
108 68
108 106
108 111
108 121
108 272
108 321
109 107
109 110
109 277
109 373
109 429
110 107
110 109
110 373
110 423
110 493
111 106
111 108
111 126
111 236
111 407
112 281
112 361
112 387
112 396
112 431
113 281
113 325
113 326
113 331
113 387
114 22
114 173
114 213
114 452
114 480
115 45
115 127
115 384
115 387
115 431
116 216
116 219
116 343
116 491
116 492
117 125
117 276
117 326
117 465
117 497
118 133
118 382
118 389
118 401
118 457
119 80
119 87
119 120
119 281
119 366
120 84
120 119
120 244
120 251
120 259
120 463
121 108
121 238
121 321
121 362
121 364
122 154
122 318
122 437
122 441
122 444
122 474
122 488
123 128
123 203
123 288
123 322
123 414
124 154
124 201
124 203
124 386
124 462
125 117
125 326
125 384
125 461
125 500
126 111
126 128
126 162
126 376
126 407
127 31
127 115
127 326
127 384
127 415
128 123
128 126
128 201
128 386
128 391
129 279
129 291
129 336
129 453
129 489
130 137
130 139
130 181
130 395
130 426
131 213
131 285
131 301
131 451
131 467
132 55
132 192
132 193
132 222
132 404
133 36
133 80
133 118
133 167
133 355
134 135
134 326
134 409
134 435
134 497
135 134
135 136
135 138
135 321
135 362
136 135
136 138
136 147
136 477
136 482
137 12
137 130
137 139
137 304
137 335
138 135
138 136
138 147
138 468
138 499
139 30
139 105
139 130
139 137
139 434
140 247
140 353
140 406
140 413
140 459
141 57
141 252
141 256
141 453
141 489
142 143
142 144
142 359
142 498
142 500
143 93
143 142
143 144
143 442
143 471
144 56
144 90
144 142
144 143
144 300
145 45
145 76
145 146
145 279
145 431
146 42
146 145
146 169
146 352
146 457
147 87
147 136
147 138
147 150
147 424
148 209
148 327
148 369
148 438
148 485
149 61
149 151
149 260
149 294
149 314
149 329
150 20
150 23
150 106
150 147
150 152
151 149
151 155
151 253
151 312
151 434
152 20
152 150
152 276
152 395
152 430
153 73
153 313
153 318
153 340
153 426
154 122
154 124
154 203
154 394
154 439
155 151
155 210
155 323
155 418
155 492
156 158
156 188
156 448
156 464
156 491
157 159
157 189
157 276
157 418
157 474
158 67
158 156
158 188
158 243
158 429
159 157
159 160
159 276
159 470
159 491
160 159
160 162
160 173
160 276
160 373
161 235
161 238
161 305
161 369
161 462
162 126
162 160
162 164
162 236
162 451
163 164
163 165
163 233
163 358
163 374
163 485
164 162
164 163
164 344
164 358
164 416
164 443
165 163
165 358
165 408
165 455
165 481
165 496
166 20
166 167
166 189
166 233
166 404
166 405
167 133
167 166
167 187
167 189
167 406
167 463
168 7
168 179
168 265
168 266
168 269
168 411
169 42
169 146
169 172
169 174
169 266
169 320
170 24
170 25
170 410
170 477
170 482
170 496
171 214
171 257
171 295
171 393
171 428
171 463
172 169
172 174
172 320
172 464
172 470
172 491
173 114
173 160
173 247
173 248
173 373
173 408
174 169
174 172
174 175
174 296
174 452
174 480
175 174
175 176
175 198
175 337
175 421
175 469
176 175
176 177
176 179
176 344
176 416
176 443
177 176
177 179
177 334
177 354
177 410
177 452
178 23
178 224
178 226
178 388
178 455
179 50
179 168
179 176
179 177
179 180
179 258
180 18
180 179
180 181
180 418
180 477
180 492
181 130
181 180
181 324
181 363
181 430
181 465
182 48
182 183
182 184
182 185
182 435
182 497
183 54
183 182
183 185
183 275
183 308
183 363
184 182
184 185
184 363
184 402
184 452
184 480
185 13
185 65
185 71
185 182
185 183
185 184
186 37
186 187
186 190
186 194
186 220
186 293
187 167
187 186
187 190
187 220
187 387
187 463
188 156
188 158
188 248
188 389
188 420
188 425
189 157
189 166
189 167
189 441
189 444
189 474
190 186
190 187
190 220
190 367
190 422
190 432
191 15
191 19
191 246
191 314
191 347
191 420
192 132
192 193
192 219
192 341
192 403
192 471
193 132
193 192
193 196
193 477
193 482
193 496
194 21
194 37
194 186
194 198
194 244
194 293
195 268
195 272
195 440
195 464
195 470
195 491
196 193
196 212
196 238
196 303
196 401
196 404
197 199
197 200
197 324
197 395
197 401
197 430
198 99
198 175
198 194
198 201
198 382
198 421
199 197
199 200
199 206
199 346
199 404
199 483
200 16
200 78
200 197
200 199
200 401
200 442
201 124
201 128
201 198
201 206
201 386
201 391
202 204
202 207
202 362
202 402
202 452
202 480
203 105
203 123
203 124
203 154
203 227
203 428
204 202
204 334
204 354
204 362
204 410
204 485
205 79
205 321
205 322
205 324
205 380
205 430
206 39
206 199
206 201
206 397
206 483
206 496
207 202
207 347
207 362
207 420
207 425
207 478
208 31
208 102
208 216
208 219
208 292
208 415
209 148
209 327
209 353
209 362
209 469
209 479
210 75
210 155
210 211
210 369
210 372
210 492
211 66
211 75
211 210
211 327
211 490
211 495
212 44
212 103
212 104
212 196
212 238
212 303
213 114
213 131
213 247
213 472
213 478
213 499
214 75
214 171
214 295
214 453
214 467
214 489
215 4
215 96
215 221
215 284
215 378
215 407
216 116
216 208
216 283
216 409
216 449
216 473
217 305
217 427
217 457
217 466
217 468
217 478
218 3
218 14
218 221
218 295
218 339
218 428
219 116
219 192
219 208
219 306
219 403
219 499
220 186
220 187
220 190
220 459
220 469
220 479
221 215
221 218
221 223
221 305
221 407
221 428
222 55
222 132
222 223
222 225
222 247
222 480
223 221
223 222
223 225
223 287
223 373
223 408
224 178
224 225
224 227
224 335
225 222
225 223
225 224
225 268
225 375
225 465
226 178
226 227
226 344
226 360
226 416
226 443
227 105
227 203
227 224
227 226
227 360
227 428
228 5
228 230
228 360
228 367
228 411
228 422
229 97
229 290
229 297
229 374
229 485
229 489
230 54
230 228
230 234
230 275
230 308
230 345
231 237
231 239
231 339
231 345
232 263
232 288
232 311
232 322
232 343
232 392
233 97
233 163
233 166
233 305
233 381
233 404
234 5
234 230
234 345
234 353
234 469
234 479
235 161
235 367
235 411
235 422
235 432
235 500
236 67
236 111
236 162
236 242
236 288
236 407
237 24
237 231
237 239
237 270
237 345
237 399
238 107
238 121
238 161
238 196
238 212
238 303
239 231
239 237
239 348
239 427
239 469
239 479
240 249
240 251
240 286
240 351
240 357
240 489
241 45
241 46
241 364
241 444
241 474
241 486
242 67
242 236
242 288
242 402
242 452
242 480
243 158
243 245
243 246
243 277
243 288
243 429
244 120
244 194
244 251
244 269
244 314
244 492
245 48
245 243
245 246
245 285
245 392
245 487
246 19
246 191
246 243
246 245
246 285
246 342
247 55
247 140
247 173
247 213
247 222
247 248
248 19
248 173
248 188
248 247
248 249
248 342
249 240
249 248
249 252
249 384
249 430
249 467
250 57
250 254
250 267
250 400
250 419
250 423
251 84
251 120
251 240
251 244
251 255
251 259
252 141
252 249
252 256
252 464
252 470
252 491
253 26
253 70
253 151
253 273
253 325
253 475
254 16
254 57
254 250
254 267
254 332
254 454
255 37
255 251
255 328
255 448
255 464
255 470
256 49
256 141
256 252
256 267
256 305
256 378
257 171
257 321
257 322
257 371
257 393
257 463
258 7
258 50
258 179
258 260
258 267
258 432
259 37
259 120
259 251
259 269
259 283
260 149
260 258
260 262
260 314
260 465
260 486
261 32
261 262
261 263
261 264
261 330
261 336
262 260
262 261
262 264
262 287
262 373
262 408
263 25
263 232
263 261
263 264
263 322
263 414
263 441
264 63
264 261
264 262
264 263
264 433
264 446
265 168
265 266
265 269
265 394
265 411
265 436
265 439
266 42
266 60
266 168
266 169
266 265
266 269
266 411
267 250
267 254
267 256
267 258
267 328
267 448
267 464
268 195
268 225
268 270
268 277
268 375
268 465
269 84
269 168
269 244
269 259
269 265
269 266
269 274
270 237
270 268
270 277
270 317
270 374
270 438
270 490
271 87
271 89
271 92
271 333
271 356
271 419
271 493
272 108
272 195
272 277
272 329
272 362
272 469
273 71
273 73
273 253
273 468
273 472
273 478
273 499
274 69
274 269
274 278
274 294
274 309
274 315
274 383
275 31
275 54
275 183
275 230
275 410
275 421
275 457
276 117
276 152
276 157
276 159
276 160
276 487
276 497
277 101
277 109
277 243
277 268
277 270
277 272
277 429
278 69
278 274
278 280
278 282
278 383
278 423
279 129
279 145
279 291
279 336
279 358
279 428
279 494
280 27
280 278
280 282
280 348
280 394
280 469
280 479
281 87
281 112
281 113
281 119
281 331
281 373
281 424
282 15
282 278
282 280
282 346
282 394
282 397
282 483
283 99
283 216
283 259
283 380
283 449
283 473
283 476
284 27
284 96
284 215
284 287
284 469
284 479
285 22
285 66
285 131
285 245
285 246
285 490
285 495
286 13
286 65
286 71
286 240
286 296
286 381
286 491
287 59
287 223
287 262
287 284
287 315
287 394
287 408
288 67
288 123
288 232
288 236
288 242
288 243
288 414
289 59
289 66
289 290
289 383
289 450
289 490
289 495
290 58
290 74
290 100
290 229
290 289
290 413
291 129
291 279
291 306
291 323
291 329
291 341
291 403
292 31
292 208
292 297
292 299
292 415
292 476
293 21
293 32
293 33
293 36
293 37
293 186
293 194
294 149
294 274
294 309
294 315
294 375
294 465
294 478
295 171
295 214
295 218
295 400
295 413
295 423
295 493
296 174
296 286
296 299
296 359
296 364
296 402
296 480
297 229
297 292
297 299
297 340
297 344
297 416
297 443
298 62
298 323
298 380
298 449
298 459
298 473
298 476
299 292
299 296
299 297
299 303
299 310
299 452
299 480
300 95
300 144
300 316
300 370
300 385
300 412
300 465
301 131
301 356
301 400
301 418
301 446
301 451
301 494
302 36
302 39
302 307
302 351
302 384
302 467
302 489
303 107
303 196
303 212
303 238
303 299
303 308
303 310
304 137
304 335
304 391
304 402
304 462
304 476
304 477
305 161
305 217
305 221
305 233
305 256
305 311
305 320
306 51
306 52
306 53
306 219
306 291
306 341
306 403
307 39
307 40
307 41
307 302
307 334
307 376
307 410
308 54
308 183
308 230
308 303
308 310
308 312
309 274
309 294
309 315
309 317
309 359
309 461
309 500
310 299
310 303
310 308
310 312
310 402
310 452
310 480
311 70
311 232
311 305
311 320
311 335
311 376
311 378
312 151
312 308
312 310
312 313
312 434
312 475
312 494
313 153
313 312
313 318
313 333
313 360
313 419
313 493
314 15
314 149
314 191
314 244
314 260
314 375
314 465
315 274
315 287
315 294
315 309
315 317
315 373
315 408
316 300
316 353
316 412
316 452
316 463
316 469
316 479
317 270
317 309
317 315
317 325
317 365
317 399
317 405
317 438
318 122
318 153
318 313
318 340
318 437
318 441
318 444
318 474
319 337
319 338
319 377
319 378
319 389
319 401
319 457
319 492
320 49
320 169
320 172
320 305
320 311
320 358
320 378
320 481
321 61
321 68
321 108
321 121
321 135
321 205
321 257
321 349
322 52
322 123
322 205
322 232
322 257
322 263
322 335
322 376
323 155
323 291
323 298
323 327
323 329
323 345
323 440
323 447
324 181
324 197
324 205
324 383
324 405
324 420
324 426
324 469
325 113
325 253
325 317
325 328
325 330
325 365
325 475
325 494
326 30
326 113
326 117
326 125
326 127
326 134
326 475
326 494
327 148
327 209
327 211
327 323
327 345
327 369
327 440
327 447
328 255
328 267
328 325
328 330
328 365
328 499
329 62
329 149
329 272
329 291
329 323
329 362
330 32
330 35
330 261
330 325
330 328
330 332
330 336
330 365
331 16
331 113
331 281
331 384
331 387
331 442
331 454
331 471
332 16
332 93
332 254
332 330
332 334
332 338
332 341
332 442
333 271
333 313
333 340
333 344
333 351
333 360
333 400
333 485
334 177
334 204
334 307
334 332
334 338
334 341
334 410
334 489
335 12
335 137
335 224
335 304
335 311
335 322
335 371
335 376
336 32
336 35
336 92
336 129
336 261
336 279
336 330
336 392
337 99
337 175
337 319
337 377
337 378
337 382
337 386
337 421
338 43
338 319
338 332
338 334
338 341
338 365
338 457
339 3
339 14
339 21
339 28
339 35
339 218
339 231
339 463
340 8
340 153
340 297
340 318
340 333
340 344
341 192
341 291
341 306
341 332
341 334
341 338
341 346
341 403
342 19
342 246
342 248
342 388
342 397
342 398
342 425
342 443
343 89
343 116
343 232
343 372
343 392
343 418
343 448
343 492
344 164
344 176
344 226
344 297
344 333
344 340
344 351
344 366
345 230
345 231
345 234
345 237
345 323
345 327
345 440
345 447
346 199
346 282
346 341
346 347
346 397
346 437
346 442
346 483
347 19
347 191
347 207
347 346
347 411
347 425
347 437
347 442
348 239
348 280
348 350
348 417
348 426
348 437
348 469
348 479
349 32
349 321
349 368
349 371
349 380
349 433
349 446
349 487
350 348
350 392
350 396
350 417
350 426
350 442
350 487
350 497
351 240
351 302
351 333
351 344
351 357
351 366
351 467
351 489
352 42
352 60
352 63
352 64
352 66
352 146
353 27
353 140
353 209
353 234
353 316
353 406
353 407
353 413
354 177
354 204
354 361
354 372
354 375
354 376
354 417
354 456
355 61
355 133
355 357
355 375
355 382
355 399
355 405
355 465
356 271
356 301
356 400
356 413
356 419
356 446
356 459
356 493
357 240
357 351
357 355
357 382
357 384
357 399
357 456
357 467
358 163
358 164
358 165
358 279
358 320
358 434
358 451
358 475
359 70
359 86
359 142
359 296
359 309
359 366
359 371
359 390
359 417
359 461
359 481
359 498
360 226
360 227
360 228
360 313
360 333
360 370
360 400
360 493
361 40
361 45
361 112
361 354
361 372
361 417
361 431
361 484
362 121
362 135
362 202
362 204
362 207
362 209
362 272
362 329
363 16
363 51
363 78
363 181
363 183
363 184
363 471
363 492
364 121
364 241
364 296
364 366
364 381
364 437
364 474
365 36
365 89
365 317
365 325
365 328
365 330
365 338
365 387
365 406
366 87
366 119
366 344
366 351
366 359
366 364
366 424
367 72
367 74
367 76
367 77
367 190
367 228
367 235
367 422
367 432
368 349
368 370
368 392
368 400
368 425
368 433
368 446
368 484
368 487
369 33
369 57
369 75
369 91
369 148
369 161
369 210
369 327
369 462
370 300
370 360
370 368
370 385
370 409
370 427
370 466
370 472
370 499
371 43
371 53
371 70
371 257
371 335
371 349
371 359
371 390
371 417
371 461
371 488
371 498
371 500
372 5
372 103
372 210
372 343
372 354
372 361
372 375
372 377
372 492
373 107
373 109
373 110
373 160
373 173
373 223
373 262
373 281
373 315
374 91
374 94
374 101
374 163
374 229
374 270
374 408
374 438
374 485
375 225
375 268
375 294
375 314
375 354
375 355
375 372
375 377
375 426
376 83
376 126
376 307
376 311
376 322
376 335
376 354
376 412
376 456
377 319
377 337
377 372
377 375
377 427
377 466
377 468
377 472
377 499
378 49
378 215
378 256
378 311
378 319
378 320
378 337
378 386
378 443
379 65
379 412
379 427
379 441
379 452
379 459
379 463
379 466
379 468
380 69
380 205
380 283
380 298
380 349
380 409
380 473
380 476
380 497
381 233
381 286
381 364
381 393
381 445
381 455
381 482
381 496
382 99
382 118
382 198
382 337
382 355
382 357
382 399
382 405
382 421
383 59
383 69
383 274
383 278
383 289
383 324
383 395
383 420
383 469
384 115
384 125
384 127
384 249
384 302
384 331
384 357
384 453
384 467
385 4
385 300
385 370
385 394
385 409
385 424
385 436
385 439
386 33
386 124
386 128
386 201
386 337
386 378
386 390
386 391
386 443
387 36
387 89
387 112
387 113
387 115
387 187
387 331
387 365
387 463
388 23
388 178
388 342
388 390
388 397
388 491
389 104
389 118
389 188
389 319
389 393
389 401
389 455
389 457
389 499
390 359
390 371
390 386
390 388
390 397
390 443
390 461
390 498
390 500
391 128
391 201
391 304
391 386
391 402
391 403
391 414
391 462
391 476
392 86
392 232
392 245
392 336
392 343
392 350
392 368
392 433
392 487
393 171
393 257
393 381
393 389
393 395
393 406
393 454
394 80
394 100
394 154
394 265
394 280
394 282
394 287
394 385
394 439
395 130
395 152
395 197
395 383
395 393
395 405
395 420
395 426
395 469
396 9
396 12
396 112
396 350
396 423
396 433
396 435
396 441
396 446
397 39
397 206
397 282
397 342
397 346
397 388
397 390
397 398
397 483
398 342
398 397
398 399
398 455
398 477
398 481
398 482
398 496
398 497
399 237
399 317
399 355
399 357
399 382
399 398
399 405
399 438
399 485
400 250
400 295
400 301
400 333
400 356
400 360
400 368
400 409
400 418
400 425
401 55
401 104
401 118
401 196
401 197
401 200
401 319
401 389
401 404
401 457
402 184
402 202
402 242
402 296
402 304
402 310
402 391
402 403
402 414
402 476
403 192
403 219
403 291
403 306
403 341
403 391
403 402
403 414
403 415
403 419
404 24
404 132
404 166
404 196
404 199
404 233
404 401
404 405
404 438
404 485
405 33
405 166
405 317
405 324
405 355
405 382
405 395
405 399
405 404
405 485
406 22
406 36
406 140
406 167
406 353
406 365
406 393
406 413
406 459
406 463
407 111
407 126
407 215
407 221
407 236
407 353
407 430
407 432
407 455
407 459
408 91
408 165
408 173
408 223
408 262
408 287
408 315
408 374
408 427
408 452
409 134
409 216
409 370
409 380
409 385
409 400
409 449
409 465
409 473
409 476
410 92
410 170
410 177
410 204
410 275
410 307
410 334
410 412
410 416
410 457
411 38
411 168
411 228
411 235
411 265
411 266
411 347
411 432
411 484
411 492
412 68
412 83
412 92
412 300
412 316
412 376
412 379
412 410
412 456
412 465
413 4
413 44
413 58
413 74
413 140
413 290
413 295
413 353
413 356
413 406
414 25
414 52
414 123
414 263
414 288
414 391
414 402
414 403
414 415
414 419
415 31
415 102
415 127
415 208
415 292
415 403
415 414
415 419
415 429
415 433
416 6
416 8
416 164
416 176
416 226
416 297
416 410
416 443
416 457
416 473
417 348
417 350
417 354
417 359
417 361
417 371
417 426
417 461
417 486
417 498
418 18
418 155
418 157
418 180
418 301
418 343
418 400
418 425
418 446
418 492
419 250
419 271
419 313
419 356
419 403
419 414
419 415
419 423
419 429
419 433
419 493
420 10
420 188
420 191
420 207
420 324
420 383
420 395
420 469
421 99
421 175
421 198
421 275
421 337
421 382
421 434
421 435
421 438
421 445
421 448
422 38
422 190
422 228
422 235
422 367
422 431
422 432
422 434
422 445
422 464
422 480
423 3
423 14
423 100
423 110
423 250
423 278
423 295
423 396
423 419
423 424
423 493
424 87
424 147
424 281
424 366
424 385
424 423
424 461
424 467
424 470
424 484
424 492
425 19
425 20
425 60
425 188
425 207
425 342
425 347
425 368
425 400
425 418
425 446
426 73
426 79
426 130
426 153
426 324
426 348
426 350
426 375
426 395
426 417
426 442
427 90
427 91
427 217
427 239
427 370
427 377
427 379
427 408
427 459
427 466
427 470
428 87
428 171
428 203
428 218
428 221
428 227
428 279
428 437
428 451
428 475
428 494
429 67
429 101
429 109
429 158
429 243
429 277
429 415
429 419
429 433
429 464
429 480
430 63
430 73
430 152
430 181
430 197
430 205
430 249
430 407
430 432
430 455
430 492
431 40
431 94
431 112
431 115
431 145
431 361
431 422
431 434
431 438
431 464
431 480
432 38
432 190
432 235
432 258
432 367
432 407
432 411
432 422
432 430
432 440
432 455
433 264
433 349
433 368
433 392
433 396
433 415
433 419
433 429
433 435
433 464
433 480
434 139
434 151
434 312
434 358
434 421
434 422
434 431
434 435
434 451
434 464
434 494
435 134
435 182
435 396
435 421
435 433
435 434
435 438
435 445
435 446
435 448
435 487
436 80
436 265
436 385
436 439
436 447
436 449
436 472
436 475
436 487
436 497
437 122
437 318
437 346
437 347
437 348
437 364
437 428
437 441
437 442
437 474
437 488
438 148
438 270
438 317
438 374
438 399
438 404
438 421
438 431
438 435
438 445
438 448
438 485
439 17
439 80
439 154
439 265
439 385
439 394
439 436
439 444
439 451
439 454
439 470
439 485
440 47
440 72
440 96
440 195
440 323
440 327
440 345
440 432
440 443
440 447
440 455
440 461
441 1
441 2
441 122
441 189
441 263
441 318
441 379
441 396
441 437
441 444
441 463
441 474
442 16
442 143
442 200
442 331
442 332
442 346
442 347
442 350
442 426
442 437
442 443
442 471
443 8
443 164
443 176
443 226
443 297
443 342
443 378
443 386
443 390
443 416
443 440
443 442
444 122
444 189
444 241
444 318
444 439
444 441
444 451
444 452
444 454
444 470
444 474
444 485
445 46
445 50
445 381
445 421
445 422
445 435
445 438
445 448
445 477
445 481
445 496
446 63
446 264
446 301
446 349
446 356
446 368
446 396
446 418
446 425
446 435
446 465
446 497
447 72
447 96
447 323
447 327
447 345
447 436
447 440
447 449
447 460
447 472
447 487
447 497
448 47
448 156
448 255
448 267
448 343
448 421
448 435
448 438
448 445
448 470
448 485
448 491
449 81
449 216
449 283
449 298
449 409
449 436
449 447
449 453
449 460
449 472
449 473
449 476
449 497
450 66
450 289
450 458
450 460
450 466
450 482
450 493
450 494
450 495
450 496
450 498
451 131
451 162
451 301
451 358
451 428
451 434
451 439
451 444
451 454
451 462
451 475
451 485
451 494
452 114
452 174
452 177
452 184
452 202
452 242
452 299
452 310
452 316
452 379
452 408
452 444
452 463
453 88
453 129
453 141
453 214
453 384
453 449
453 460
453 467
453 468
453 472
453 479
453 489
453 490
454 254
454 331
454 393
454 439
454 444
454 451
454 471
454 475
454 485
455 6
455 46
455 49
455 165
455 178
455 381
455 389
455 398
455 407
455 430
455 432
455 440
455 496
456 83
456 92
456 354
456 357
456 376
456 412
456 475
456 482
456 487
456 495
456 496
456 499
456 500
457 29
457 43
457 104
457 118
457 146
457 217
457 275
457 319
457 338
457 389
457 401
457 410
457 416
458 66
458 450
458 460
458 466
458 482
458 490
458 493
458 494
458 495
458 496
458 498
459 140
459 220
459 298
459 356
459 379
459 406
459 407
459 427
459 466
459 472
460 66
460 447
460 449
460 450
460 453
460 458
460 468
460 472
460 479
460 490
460 495
461 125
461 309
461 359
461 371
461 390
461 417
461 424
461 440
461 467
461 470
461 484
461 486
461 492
461 498
462 33
462 57
462 91
462 124
462 161
462 304
462 369
462 391
462 451
462 474
462 476
462 477
462 478
462 487
463 36
463 89
463 120
463 167
463 171
463 187
463 257
463 316
463 339
463 379
463 387
463 406
463 441
463 452
464 47
464 101
464 156
464 172
464 195
464 252
464 255
464 267
464 422
464 429
464 431
464 433
464 434
464 480
465 61
465 83
465 117
465 181
465 225
465 260
465 268
465 294
465 300
465 314
465 355
465 409
465 412
465 446
466 217
466 370
466 377
466 379
466 427
466 450
466 458
466 459
466 482
466 493
466 494
466 496
466 498
466 499
467 131
467 214
467 249
467 302
467 351
467 357
467 384
467 424
467 453
467 461
467 469
467 470
467 484
467 489
467 492
468 10
468 29
468 56
468 138
468 217
468 273
468 377
468 379
468 453
468 460
468 473
468 478
468 479
468 486
468 490
469 175
469 209
469 220
469 234
469 239
469 272
469 280
469 284
469 316
469 324
469 348
469 383
469 395
469 420
469 467
470 1
470 85
470 159
470 172
470 195
470 252
470 255
470 424
470 427
470 439
470 444
470 448
470 461
470 467
470 480
471 16
471 51
471 93
471 143
471 192
471 331
471 363
471 442
471 454
471 473
471 481
471 483
471 486
471 489
471 490
472 10
472 26
472 41
472 213
472 273
472 370
472 377
472 436
472 447
472 449
472 453
472 459
472 460
472 473
472 477
472 497
473 81
473 98
473 216
473 283
473 298
473 380
473 409
473 416
473 449
473 468
473 471
473 472
473 476
473 479
473 486
473 490
474 122
474 157
474 189
474 241
474 318
474 364
474 437
474 441
474 444
474 462
474 476
474 477
474 478
474 488
474 489
474 491
475 253
475 312
475 325
475 326
475 358
475 428
475 436
475 451
475 454
475 456
475 487
475 494
475 495
475 497
475 499
475 500
476 81
476 98
476 283
476 292
476 298
476 304
476 380
476 391
476 402
476 409
476 449
476 462
476 473
476 474
476 477
476 480
477 9
477 46
477 136
477 170
477 180
477 193
477 304
477 398
477 445
477 462
477 472
477 474
477 476
477 478
477 481
477 496
478 2
478 26
478 29
478 41
478 207
478 213
478 217
478 273
478 294
478 462
478 468
478 474
478 477
478 483
478 488
478 491
479 27
479 93
479 209
479 220
479 234
479 239
479 280
479 284
479 316
479 348
479 453
479 460
479 468
479 473
479 486
479 490
480 114
480 174
480 184
480 202
480 222
480 242
480 296
480 299
480 310
480 422
480 429
480 431
480 433
480 464
480 470
480 476
481 6
481 62
481 165
481 320
481 359
481 398
481 445
481 471
481 477
481 482
481 483
481 486
481 488
481 489
481 491
481 496
482 6
482 62
482 136
482 170
482 193
482 381
482 398
482 450
482 456
482 458
482 466
482 481
482 494
482 495
482 496
482 500
483 15
483 34
483 39
483 62
483 199
483 206
483 282
483 346
483 397
483 471
483 478
483 481
483 488
483 489
483 491
483 497
484 12
484 66
484 361
484 368
484 411
484 424
484 461
484 467
484 490
484 492
484 495
485 30
485 82
485 148
485 163
485 204
485 229
485 333
485 374
485 399
485 404
485 405
485 438
485 439
485 444
485 448
485 451
485 454
486 22
486 241
486 260
486 417
486 461
486 468
486 471
486 473
486 479
486 481
486 488
486 490
487 28
487 63
487 245
487 276
487 349
487 350
487 368
487 392
487 435
487 436
487 447
487 456
487 462
487 475
487 495
487 499
487 500
488 122
488 371
488 437
488 474
488 478
488 481
488 483
488 486
488 489
488 491
488 498
488 500
489 88
489 129
489 141
489 214
489 229
489 240
489 302
489 334
489 351
489 453
489 467
489 471
489 474
489 481
489 483
489 488
489 491
490 17
490 44
490 64
490 66
490 211
490 270
490 285
490 289
490 453
490 458
490 460
490 468
490 471
490 473
490 479
490 484
490 486
491 1
491 47
491 85
491 116
491 156
491 159
491 172
491 195
491 252
491 286
491 388
491 448
491 474
491 478
491 481
491 483
491 488
491 489
492 18
492 103
492 116
492 155
492 180
492 210
492 244
492 319
492 343
492 363
492 372
492 411
492 418
492 424
492 430
492 461
492 467
492 484
493 100
493 110
493 271
493 295
493 313
493 356
493 360
493 419
493 423
493 450
493 458
493 466
493 494
493 498
494 30
494 279
494 301
494 312
494 325
494 326
494 428
494 434
494 450
494 451
494 458
494 466
494 475
494 482
494 493
494 498
495 5
495 9
495 17
495 64
495 211
495 285
495 289
495 450
495 456
495 458
495 460
495 475
495 482
495 484
495 487
495 496
495 499
495 500
496 31
496 165
496 170
496 193
496 206
496 381
496 398
496 445
496 450
496 455
496 456
496 458
496 466
496 477
496 481
496 482
496 495
496 499
496 500
497 28
497 48
497 63
497 117
497 134
497 182
497 276
497 350
497 380
497 398
497 436
497 446
497 447
497 449
497 472
497 475
497 483
497 499
497 500
498 53
498 77
498 86
498 98
498 142
498 359
498 371
498 390
498 417
498 450
498 458
498 461
498 466
498 488
498 493
498 494
499 2
499 10
499 26
499 29
499 41
499 138
499 213
499 219
499 273
499 328
499 370
499 377
499 389
499 456
499 466
499 475
499 487
499 495
499 496
499 497
499 500
500 22
500 26
500 53
500 70
500 77
500 86
500 125
500 142
500 235
500 309
500 371
500 390
500 456
500 475
500 482
500 487
500 488
500 495
500 496
500 497
500 499
