1 17
1 22
1 53
1 94
1 108
2 4
2 65
2 67
2 97
2 131
3 5
3 39
3 112
3 134
3 486
4 2
4 67
4 97
4 131
4 310
5 3
5 39
5 112
5 134
5 171
6 465
6 474
6 485
6 490
6 500
7 319
7 412
7 470
7 475
7 483
8 83
8 327
8 429
8 445
8 471
9 403
9 450
9 464
9 476
9 479
10 164
10 422
10 441
10 467
10 492
11 62
11 68
11 70
11 119
11 362
12 16
12 42
12 81
12 122
12 383
13 46
13 79
13 86
13 96
13 151
14 189
14 193
14 226
14 308
14 394
15 135
15 347
15 387
15 452
15 480
16 12
16 42
16 81
16 122
16 491
17 1
17 18
17 22
17 53
17 94
18 17
18 365
18 399
18 431
18 434
19 146
19 273
19 321
19 407
19 437
20 41
20 117
20 154
20 243
20 393
21 37
21 93
21 141
21 154
21 350
22 1
22 17
22 53
22 94
22 363
23 47
23 87
23 115
23 143
23 208
24 193
24 383
24 394
24 409
24 412
25 422
25 467
25 468
25 482
25 492
26 279
26 366
26 411
26 451
26 487
27 211
27 303
27 380
27 411
27 418
28 264
28 382
28 428
28 463
28 466
29 436
29 459
29 494
29 495
29 498
30 131
30 226
30 383
30 394
30 409
31 200
31 250
31 254
31 269
31 341
32 80
32 209
32 359
32 373
32 496
33 443
33 484
33 488
33 495
33 497
34 37
34 278
34 429
34 445
34 471
35 230
35 376
35 447
35 455
35 460
36 50
36 152
36 190
36 348
36 410
37 21
37 34
37 93
37 141
37 154
38 57
38 88
38 108
38 132
38 150
39 3
39 5
39 112
39 134
39 440
40 446
40 454
40 493
40 498
40 499
41 20
41 98
41 243
41 393
41 499
42 12
42 16
42 81
42 122
42 408
43 369
43 389
43 467
43 468
43 492
44 53
44 422
44 467
44 482
44 492
45 236
45 351
45 470
45 475
45 483
46 13
46 79
46 86
46 96
46 204
47 23
47 48
47 87
47 115
47 208
48 47
48 87
48 113
48 115
48 208
49 138
49 176
49 302
49 309
49 320
50 36
50 102
50 348
50 357
50 410
51 59
51 82
51 135
51 151
51 492
52 222
52 355
52 429
52 456
52 471
53 1
53 17
53 22
53 44
53 94
54 60
54 127
54 256
54 309
54 320
55 332
55 420
55 470
55 475
55 483
56 64
56 136
56 181
56 194
56 266
57 38
57 59
57 88
57 108
57 150
58 274
58 329
58 368
58 399
58 417
59 51
59 57
59 82
59 135
59 151
60 54
60 150
60 176
60 256
60 320
61 291
61 321
61 378
61 397
61 476
62 11
62 68
62 70
62 119
62 192
63 346
63 459
63 472
63 494
63 495
64 56
64 181
64 199
64 262
64 266
65 2
65 107
65 362
65 374
65 391
66 253
66 380
66 393
66 423
66 458
67 2
67 4
67 97
67 104
67 131
68 11
68 62
68 70
68 119
68 222
69 231
69 293
69 338
69 380
69 411
70 11
70 62
70 68
70 119
70 480
71 209
71 281
71 371
71 391
71 478
72 153
72 327
72 378
72 385
72 397
73 162
73 192
73 207
73 294
73 390
74 168
74 184
74 275
74 302
74 315
75 84
75 287
75 292
75 370
75 377
76 284
76 305
76 461
76 464
76 476
77 242
77 268
77 282
77 376
77 388
78 386
78 397
78 447
78 455
78 460
79 13
79 46
79 86
79 96
79 339
80 32
80 187
80 359
80 478
80 496
81 12
81 16
81 42
81 122
81 222
82 51
82 59
82 90
82 135
82 151
83 8
83 223
83 294
83 429
83 456
84 75
84 140
84 292
84 377
84 500
85 133
85 161
85 241
85 249
85 346
86 13
86 46
86 79
86 96
86 147
87 23
87 47
87 48
87 113
87 208
88 38
88 57
88 108
88 150
88 463
89 166
89 317
89 474
89 490
89 500
90 82
90 323
90 428
90 463
90 466
91 385
91 412
91 420
91 470
91 483
92 205
92 252
92 335
92 356
92 473
93 21
93 37
93 141
93 154
93 469
94 1
94 17
94 22
94 53
94 493
95 329
95 365
95 368
95 399
95 431
96 13
96 46
96 79
96 86
96 378
97 2
97 4
97 67
97 131
97 317
98 41
98 107
98 144
98 257
98 393
99 124
99 310
99 427
99 494
99 498
100 105
100 111
100 120
100 130
100 261
101 158
101 333
101 484
101 488
101 497
102 50
102 323
102 348
102 357
102 410
103 372
103 432
103 486
103 493
103 499
104 67
104 352
104 392
104 449
104 481
105 100
105 111
105 124
105 130
105 261
106 234
106 270
106 280
106 300
106 474
107 65
107 98
107 362
107 374
107 391
108 1
108 38
108 57
108 88
108 150
109 110
109 125
109 192
109 207
109 294
110 109
110 453
110 485
110 489
110 500
111 100
111 105
111 124
111 130
111 261
112 3
112 5
112 39
112 134
112 427
113 48
113 87
113 115
113 208
113 210
114 179
114 182
114 232
114 295
114 407
115 23
115 47
115 48
115 113
115 208
116 271
116 285
116 477
116 481
116 491
117 20
117 142
117 243
117 393
117 477
118 330
118 379
118 478
118 480
118 482
119 11
119 62
119 68
119 70
119 459
120 100
120 124
120 130
120 261
120 436
121 370
121 411
121 438
121 451
121 457
122 12
122 16
122 42
122 81
122 319
123 320
123 418
123 438
123 451
123 457
124 99
124 105
124 111
124 120
124 261
125 109
125 162
125 192
125 207
125 294
126 293
126 379
126 387
126 480
126 496
127 54
127 426
127 430
127 441
127 497
128 402
128 439
128 442
128 444
128 462
129 174
129 201
129 224
129 400
129 458
130 100
130 105
130 111
130 120
130 261
131 2
131 4
131 30
131 67
131 97
132 38
132 234
132 239
132 270
132 300
133 85
133 172
133 306
133 408
133 433
134 3
134 5
134 39
134 112
134 469
135 15
135 51
135 59
135 82
135 151
136 56
136 143
136 199
136 266
136 435
137 295
137 334
137 447
137 455
137 460
138 49
138 176
138 256
138 309
138 320
139 182
139 295
139 321
139 407
139 409
140 84
140 244
140 288
140 292
140 314
141 21
141 37
141 93
141 154
141 331
142 117
142 144
142 243
142 257
142 393
143 23
143 136
143 181
143 199
143 266
144 98
144 142
144 257
144 393
144 493
145 268
145 282
145 324
145 336
145 388
146 19
146 295
146 321
146 326
146 407
147 86
147 190
147 348
147 357
147 410
148 340
148 352
148 405
148 481
148 491
149 373
149 478
149 480
149 484
149 496
150 38
150 57
150 60
150 88
150 108
151 13
151 51
151 59
151 82
151 135
152 36
152 190
152 348
152 357
152 410
153 72
153 331
153 385
153 397
153 487
154 20
154 21
154 37
154 93
154 141
155 306
155 402
155 439
155 442
155 444
156 157
156 211
156 303
156 457
156 487
157 156
157 439
157 442
157 444
157 462
158 101
158 465
158 474
158 489
158 500
159 186
159 303
159 380
159 423
159 458
160 435
160 437
160 467
160 468
160 482
161 85
161 225
161 241
161 408
161 433
162 73
162 125
162 192
162 207
162 294
163 239
163 270
163 280
163 300
163 386
164 10
164 229
164 361
164 437
164 467
164 492
165 451
165 474
165 485
165 489
165 490
165 500
166 89
166 453
166 465
166 485
166 490
166 500
167 318
167 436
167 472
167 494
167 495
167 498
168 74
168 184
168 202
168 275
168 302
168 315
169 177
169 342
169 426
169 430
169 484
169 488
170 402
170 439
170 442
170 444
170 462
170 491
171 5
171 283
171 416
171 454
171 493
171 499
172 133
172 218
172 305
172 307
172 346
172 433
173 225
173 469
173 472
173 494
173 495
173 498
174 129
174 221
174 251
174 253
174 400
174 423
175 240
175 329
175 366
175 399
175 417
175 434
176 49
176 60
176 138
176 309
176 320
176 442
177 169
177 441
177 443
177 484
177 488
177 497
178 212
178 337
178 368
178 489
178 490
178 500
179 114
179 182
179 232
179 321
179 388
179 407
180 181
180 260
180 267
180 345
180 362
180 391
181 56
181 64
181 143
181 180
181 199
181 266
182 114
182 139
182 179
182 273
182 321
182 407
183 363
183 462
183 465
183 485
183 489
183 490
184 74
184 168
184 202
184 275
184 302
184 315
185 197
185 205
185 252
185 265
185 335
185 356
186 159
186 224
186 380
186 423
186 458
186 485
187 80
187 283
187 398
187 416
187 493
187 499
188 215
188 260
188 267
188 355
188 374
188 391
189 14
189 214
189 308
189 383
189 394
189 409
190 36
190 147
190 152
190 348
190 357
190 410
191 233
191 448
191 450
191 473
191 476
191 479
192 62
192 73
192 109
192 125
192 162
192 294
193 14
193 24
193 196
193 237
193 383
193 394
194 56
194 288
194 338
194 418
194 438
194 487
195 223
195 355
195 429
195 445
195 456
195 471
196 193
196 308
196 313
196 383
196 394
196 409
197 185
197 252
197 265
197 335
197 356
197 400
198 200
198 250
198 269
198 272
198 341
198 399
199 64
199 136
199 143
199 181
199 266
199 482
200 31
200 198
200 250
200 269
200 272
200 341
201 129
201 221
201 400
201 423
201 447
201 458
202 168
202 184
202 275
202 302
202 315
202 483
203 419
203 425
203 452
203 478
203 480
203 496
204 46
204 318
204 325
204 459
204 495
204 498
205 92
205 185
205 240
205 265
205 335
205 356
206 207
206 231
206 279
206 438
206 457
206 487
207 73
207 109
207 125
207 162
207 206
207 294
208 23
208 47
208 48
208 87
208 113
208 115
209 32
209 71
209 330
209 387
209 480
209 496
210 113
210 306
210 402
210 442
210 444
210 462
211 27
211 156
211 288
211 411
211 457
211 487
212 178
212 453
212 474
212 477
212 489
212 490
213 301
213 371
213 435
213 468
213 482
213 492
214 189
214 290
214 442
214 444
214 462
214 468
215 188
215 267
215 345
215 362
215 374
215 391
216 223
216 262
216 382
216 404
216 415
216 463
217 254
217 258
217 349
217 401
217 406
217 414
218 172
218 305
218 346
218 408
218 433
218 484
219 228
219 297
219 375
219 477
219 481
219 491
220 356
220 381
220 424
220 443
220 484
220 497
221 174
221 201
221 251
221 400
221 414
221 458
222 52
222 68
222 81
222 445
222 456
222 471
223 83
223 195
223 216
223 445
223 456
223 471
224 129
224 186
224 253
224 380
224 423
224 458
225 161
225 173
225 249
225 286
225 305
225 433
226 14
226 30
226 264
226 308
226 394
226 409
227 267
227 327
227 331
227 378
227 385
227 397
228 219
228 278
228 355
228 445
228 456
228 471
229 164
229 369
229 468
229 475
229 482
229 492
230 35
230 334
230 376
230 447
230 455
230 460
231 69
231 206
231 293
231 304
231 338
231 420
232 114
232 179
232 273
232 295
232 369
232 407
233 191
233 237
233 437
233 467
233 468
233 492
234 106
234 132
234 239
234 270
234 280
234 300
235 262
235 328
235 404
235 428
235 463
235 466
236 45
236 332
236 412
236 470
236 475
236 483
237 193
237 233
237 369
237 435
237 482
237 492
238 255
238 272
238 449
238 477
238 481
238 491
239 132
239 163
239 234
239 270
239 280
239 300
240 175
240 205
240 365
240 417
240 431
240 434
241 85
241 161
241 249
241 346
241 426
241 433
242 77
242 289
242 324
242 336
242 388
242 497
243 20
243 41
243 117
243 142
243 257
243 393
244 140
244 276
244 313
244 314
244 370
244 377
245 384
245 424
245 484
245 488
245 496
245 497
246 265
246 288
246 304
246 438
246 451
246 487
247 384
247 392
247 449
247 477
247 481
247 491
248 334
248 386
248 447
248 455
248 460
248 486
249 85
249 225
249 241
249 286
249 408
249 433
250 31
250 198
250 200
250 254
250 272
250 341
251 174
251 221
251 253
251 400
251 423
251 458
252 92
252 185
252 197
252 265
252 335
252 356
253 66
253 174
253 224
253 251
253 400
253 489
254 31
254 217
254 250
254 269
254 272
254 341
255 238
255 271
255 297
255 405
255 454
255 491
256 54
256 60
256 138
256 309
256 320
256 496
257 98
257 142
257 144
257 243
257 364
257 393
258 217
258 322
258 326
258 349
258 401
258 406
258 414
259 338
259 416
259 425
259 432
259 446
259 486
259 499
260 180
260 188
260 267
260 345
260 347
260 362
260 391
261 100
261 105
261 111
261 120
261 124
261 130
261 349
262 64
262 216
262 235
262 264
262 358
262 404
262 463
263 296
263 340
263 376
263 386
263 447
263 455
263 460
264 28
264 226
264 262
264 328
264 382
264 428
264 466
265 185
265 197
265 205
265 246
265 252
265 335
265 356
266 56
266 64
266 136
266 143
266 181
266 199
266 377
267 180
267 188
267 215
267 227
267 260
267 345
267 374
268 77
268 145
268 281
268 289
268 324
268 336
268 388
269 31
269 198
269 200
269 254
269 272
269 341
269 474
270 106
270 132
270 163
270 234
270 239
270 280
270 488
271 116
271 255
271 449
271 471
271 477
271 481
271 491
272 198
272 200
272 238
272 250
272 254
272 269
272 341
273 19
273 182
273 232
273 295
273 321
273 407
273 470
274 58
274 312
274 329
274 366
274 417
274 431
274 434
275 74
275 168
275 184
275 202
275 302
275 315
275 336
276 244
276 287
276 313
276 314
276 370
276 377
276 490
277 361
277 423
277 425
277 454
277 486
277 493
277 499
278 34
278 228
278 355
278 445
278 456
278 471
278 483
279 26
279 206
279 280
279 288
279 293
279 438
279 451
280 106
280 163
280 234
280 239
280 270
280 279
280 300
281 71
281 268
281 373
281 419
281 452
281 478
281 496
282 77
282 145
282 289
282 324
282 336
282 388
282 466
283 171
283 187
283 284
283 353
283 372
283 486
283 493
284 76
284 283
284 367
284 450
284 473
284 476
284 479
285 116
285 337
285 465
285 485
285 489
285 490
285 500
286 225
286 249
286 305
286 346
286 408
286 433
286 479
287 75
287 276
287 292
287 313
287 314
287 370
287 401
288 140
288 194
288 211
288 246
288 279
288 338
288 487
289 242
289 268
289 282
289 324
289 336
289 388
289 464
290 214
290 306
290 421
290 439
290 442
290 444
290 462
291 61
291 327
291 331
291 378
291 385
291 397
291 424
292 75
292 84
292 140
292 287
292 304
292 370
292 377
293 69
293 126
293 231
293 279
293 418
293 451
293 487
294 73
294 83
294 109
294 125
294 162
294 192
294 207
295 114
295 137
295 139
295 146
295 232
295 273
295 407
296 263
296 376
296 386
296 447
296 455
296 460
296 485
297 219
297 255
297 375
297 449
297 477
297 481
297 491
298 379
298 395
298 469
298 472
298 494
298 495
298 498
299 319
299 332
299 344
299 444
299 470
299 475
299 483
300 106
300 132
300 163
300 234
300 239
300 280
300 454
301 213
301 435
301 467
301 468
301 478
301 482
301 492
302 49
302 74
302 168
302 184
302 202
302 275
302 315
303 27
303 156
303 159
303 418
303 438
303 457
303 487
304 231
304 246
304 292
304 411
304 438
304 457
304 487
305 76
305 172
305 218
305 225
305 286
305 408
305 433
306 133
306 155
306 210
306 290
306 402
306 439
306 462
307 172
307 326
307 339
307 349
307 401
307 406
307 414
308 14
308 189
308 196
308 226
308 383
308 394
308 409
309 49
309 54
309 138
309 176
309 256
309 320
309 351
310 4
310 99
310 469
310 472
310 494
310 495
310 498
311 330
311 335
311 359
311 419
311 452
311 478
311 496
312 274
312 384
312 424
312 443
312 484
312 488
312 497
313 196
313 244
313 276
313 287
313 314
313 370
313 377
314 140
314 244
314 276
314 287
314 313
314 377
314 445
315 74
315 168
315 184
315 202
315 275
315 302
315 424
316 322
316 326
316 339
316 401
316 406
316 414
316 427
317 89
317 97
317 465
317 474
317 485
317 490
317 500
318 167
318 204
318 416
318 427
318 494
318 495
318 498
319 7
319 122
319 299
319 332
319 350
319 420
319 475
319 483
320 49
320 54
320 60
320 123
320 138
320 176
320 256
320 309
321 19
321 61
321 139
321 146
321 179
321 182
321 273
321 407
322 258
322 316
322 339
322 349
322 401
322 406
322 413
322 414
323 90
323 102
323 328
323 358
323 382
323 415
323 463
323 466
324 145
324 242
324 268
324 282
324 289
324 336
324 388
324 392
325 204
325 390
325 427
325 436
325 459
325 494
325 495
325 498
326 146
326 258
326 307
326 316
326 339
326 349
326 406
326 414
327 8
327 72
327 227
327 291
327 331
327 378
327 385
327 397
328 235
328 264
328 323
328 358
328 415
328 428
328 463
328 466
329 58
329 95
329 175
329 274
329 365
329 368
329 417
329 431
330 118
330 209
330 311
330 371
330 373
330 387
330 439
330 496
331 141
331 153
331 227
331 291
331 327
331 378
331 385
331 397
332 55
332 236
332 299
332 319
332 333
332 343
332 350
332 475
333 101
333 332
333 381
333 384
333 426
333 430
333 488
333 497
334 137
334 230
334 248
334 360
334 376
334 386
334 455
334 460
335 92
335 185
335 197
335 205
335 252
335 265
335 311
335 356
336 145
336 242
336 268
336 275
336 282
336 289
336 324
336 388
337 178
337 285
337 367
337 453
337 465
337 485
337 489
337 500
338 69
338 194
338 231
338 259
338 288
338 411
338 457
338 487
339 79
339 307
339 316
339 322
339 326
339 401
339 406
339 414
340 148
340 263
340 375
340 405
340 449
340 477
340 481
340 491
341 31
341 198
341 200
341 250
341 254
341 269
341 272
341 500
342 169
342 424
342 430
342 441
342 443
342 488
342 492
342 497
343 332
343 344
343 350
343 412
343 434
343 470
343 475
343 483
344 299
344 343
344 351
344 370
344 412
344 470
344 475
344 483
345 180
345 215
345 260
345 267
345 362
345 374
345 391
345 438
346 63
346 85
346 172
346 218
346 241
346 286
346 408
346 433
347 15
347 260
347 373
347 387
347 419
347 478
347 480
347 496
348 36
348 50
348 102
348 147
348 152
348 190
348 357
348 410
349 217
349 258
349 261
349 307
349 322
349 326
349 406
349 414
350 21
350 319
350 332
350 343
350 351
350 420
350 475
350 483
351 45
351 309
351 344
351 350
351 420
351 470
351 475
351 483
352 104
352 148
352 405
352 449
352 461
352 477
352 481
352 491
353 283
353 361
353 421
353 432
353 453
353 454
353 486
353 499
354 375
354 392
354 405
354 449
354 458
354 477
354 481
354 491
355 52
355 188
355 195
355 228
355 278
355 429
355 456
355 471
356 92
356 185
356 197
356 205
356 220
356 252
356 265
356 335
357 50
357 102
357 147
357 152
357 190
357 348
357 359
357 410
358 262
358 323
358 328
358 404
358 415
358 428
358 463
358 466
359 32
359 80
359 311
359 357
359 371
359 419
359 452
359 496
360 334
360 396
360 440
360 461
360 464
360 473
360 476
360 479
361 164
361 277
361 353
361 425
361 446
361 486
361 493
361 499
362 11
362 65
362 107
362 180
362 215
362 260
362 345
362 374
363 22
363 183
363 465
363 474
363 485
363 489
363 490
363 500
364 257
364 382
364 453
364 474
364 485
364 489
364 490
364 500
365 18
365 95
365 240
365 329
365 368
365 431
365 434
365 464
366 26
366 175
366 274
366 399
366 417
366 431
366 434
366 498
367 284
367 337
367 448
367 450
367 461
367 473
367 476
367 479
368 58
368 95
368 178
368 329
368 365
368 399
368 417
368 431
368 434
369 43
369 229
369 232
369 237
369 389
369 437
369 468
369 482
369 492
370 75
370 121
370 244
370 276
370 287
370 292
370 313
370 344
370 377
371 71
371 213
371 330
371 359
371 379
371 387
371 452
371 478
371 496
372 103
372 283
372 413
372 425
372 446
372 460
372 486
372 493
372 499
373 32
373 149
373 281
373 330
373 347
373 374
373 379
373 480
373 496
374 65
374 107
374 188
374 215
374 267
374 345
374 362
374 373
374 391
375 219
375 297
375 340
375 354
375 392
375 446
375 449
375 477
375 491
376 35
376 77
376 230
376 263
376 296
376 334
376 386
376 455
376 460
377 75
377 84
377 244
377 266
377 276
377 292
377 313
377 314
377 370
378 61
378 72
378 96
378 227
378 291
378 327
378 331
378 385
378 397
379 118
379 126
379 298
379 371
379 373
379 419
379 478
379 480
379 496
380 27
380 66
380 69
380 159
380 186
380 224
380 400
380 423
380 458
381 220
381 333
381 418
381 426
381 430
381 441
381 484
381 488
381 497
382 28
382 216
382 264
382 323
382 364
382 404
382 415
382 463
382 466
383 12
383 24
383 30
383 189
383 193
383 196
383 308
383 394
383 409
384 245
384 247
384 312
384 333
384 426
384 443
384 484
384 488
384 497
385 72
385 91
385 153
385 227
385 291
385 327
385 331
385 378
385 397
386 78
386 163
386 248
386 263
386 296
386 334
386 376
386 447
386 455
387 15
387 126
387 209
387 330
387 347
387 371
387 404
387 478
387 480
388 77
388 145
388 179
388 242
388 268
388 282
388 289
388 324
388 336
389 43
389 369
389 422
389 437
389 467
389 468
389 482
389 492
389 494
390 73
390 325
390 436
390 459
390 469
390 472
390 494
390 495
390 498
391 65
391 71
391 107
391 180
391 188
391 215
391 260
391 345
391 374
392 104
392 247
392 324
392 354
392 375
392 405
392 477
392 481
392 491
393 20
393 41
393 66
393 98
393 117
393 142
393 144
393 243
393 257
394 14
394 24
394 30
394 189
394 193
394 196
394 226
394 308
394 383
394 409
395 298
395 405
395 427
395 436
395 459
395 469
395 472
395 494
395 495
395 498
396 360
396 403
396 440
396 448
396 461
396 464
396 473
396 476
396 479
396 481
397 61
397 72
397 78
397 153
397 227
397 291
397 327
397 331
397 378
397 385
398 187
398 413
398 421
398 425
398 432
398 454
398 486
398 493
398 497
398 499
399 18
399 58
399 95
399 175
399 198
399 366
399 368
399 417
399 431
399 434
400 129
400 174
400 197
400 201
400 221
400 251
400 253
400 380
400 423
400 458
401 217
401 258
401 287
401 307
401 316
401 322
401 339
401 406
401 408
401 414
402 128
402 155
402 170
402 210
402 306
402 403
402 439
402 442
402 444
402 462
403 9
403 396
403 402
403 440
403 448
403 450
403 464
403 473
403 476
403 479
404 216
404 235
404 262
404 358
404 382
404 387
404 415
404 428
404 463
404 466
405 148
405 255
405 340
405 352
405 354
405 392
405 395
405 477
405 481
405 491
406 217
406 258
406 307
406 316
406 322
406 326
406 339
406 349
406 401
406 411
407 19
407 114
407 139
407 146
407 179
407 182
407 232
407 273
407 295
407 321
408 42
408 133
408 161
408 218
408 249
408 286
408 305
408 346
408 401
408 433
409 24
409 30
409 139
409 189
409 196
409 226
409 308
409 383
409 394
409 419
410 36
410 50
410 102
410 147
410 152
410 190
410 348
410 357
410 422
410 461
411 26
411 27
411 69
411 121
411 211
411 304
411 338
411 406
411 457
411 487
412 7
412 24
412 91
412 236
412 343
412 344
412 420
412 470
412 475
412 483
413 322
413 372
413 398
413 416
413 425
413 432
413 446
413 454
413 486
413 499
414 217
414 221
414 258
414 307
414 316
414 322
414 326
414 339
414 349
414 401
415 216
415 323
415 328
415 358
415 382
415 404
415 428
415 463
415 466
415 488
416 171
416 187
416 259
416 318
416 413
416 421
416 432
416 486
416 493
416 499
417 58
417 175
417 240
417 274
417 329
417 366
417 368
417 399
417 434
417 457
418 27
418 123
418 194
418 293
418 303
418 381
418 438
418 451
418 457
418 487
419 203
419 281
419 311
419 347
419 359
419 379
419 409
419 452
419 480
419 496
420 55
420 91
420 231
420 319
420 350
420 351
420 412
420 470
420 475
420 483
421 290
421 353
421 398
421 416
421 422
421 425
421 446
421 454
421 486
421 493
421 499
422 10
422 25
422 44
422 389
422 410
422 421
422 435
422 437
422 467
422 482
422 492
423 66
423 159
423 174
423 186
423 201
423 224
423 251
423 277
423 380
423 400
423 458
424 220
424 245
424 291
424 312
424 315
424 342
424 430
424 441
424 484
424 488
424 497
425 203
425 259
425 277
425 361
425 372
425 398
425 413
425 421
425 446
425 486
425 493
426 127
426 169
426 241
426 333
426 381
426 384
426 430
426 441
426 484
426 488
426 497
427 99
427 112
427 316
427 318
427 325
427 395
427 459
427 469
427 472
427 494
427 498
428 28
428 90
428 235
428 264
428 328
428 358
428 404
428 415
428 430
428 463
428 466
429 8
429 34
429 52
429 83
429 195
429 355
429 439
429 445
429 447
429 456
429 471
430 127
430 169
430 333
430 342
430 381
430 424
430 426
430 428
430 443
430 484
430 497
431 18
431 95
431 240
431 274
431 329
431 365
431 366
431 368
431 399
431 434
431 475
432 103
432 259
432 353
432 398
432 413
432 416
432 443
432 446
432 454
432 493
432 499
433 133
433 161
433 172
433 218
433 225
433 241
433 249
433 286
433 305
433 346
433 408
434 18
434 175
434 240
434 274
434 343
434 365
434 366
434 368
434 399
434 417
434 431
435 136
435 160
435 213
435 237
435 301
435 422
435 437
435 440
435 467
435 468
435 482
436 29
436 120
436 167
436 325
436 390
436 395
436 459
436 469
436 494
436 495
436 498
437 19
437 160
437 164
437 233
437 369
437 389
437 422
437 435
437 468
437 482
437 492
438 121
438 123
438 194
438 206
438 246
438 279
438 303
438 304
438 345
438 418
438 451
438 487
439 128
439 155
439 157
439 170
439 290
439 306
439 330
439 402
439 429
439 442
439 444
439 462
440 39
440 360
440 396
440 403
440 435
440 448
440 450
440 461
440 464
440 473
440 476
440 479
441 10
441 127
441 177
441 342
441 381
441 424
441 426
441 443
441 445
441 484
441 488
441 497
442 128
442 155
442 157
442 170
442 176
442 210
442 214
442 290
442 402
442 439
442 444
442 462
443 33
443 177
443 220
443 312
443 342
443 384
443 430
443 432
443 441
443 484
443 488
443 497
444 128
444 155
444 157
444 170
444 210
444 214
444 290
444 299
444 402
444 439
444 442
444 462
445 8
445 34
445 195
445 222
445 223
445 228
445 278
445 314
445 429
445 441
445 456
445 471
446 40
446 259
446 361
446 372
446 375
446 413
446 421
446 425
446 432
446 486
446 493
446 499
447 35
447 78
447 137
447 201
447 230
447 248
447 263
447 296
447 386
447 429
447 455
447 460
448 191
448 367
448 396
448 403
448 440
448 449
448 450
448 461
448 464
448 473
448 476
448 479
449 104
449 238
449 247
449 271
449 297
449 340
449 352
449 354
449 375
449 448
449 477
449 481
450 9
450 191
450 284
450 367
450 403
450 440
450 448
450 456
450 461
450 464
450 473
450 479
451 26
451 121
451 123
451 165
451 246
451 279
451 293
451 418
451 438
451 452
451 457
451 487
452 15
452 203
452 281
452 311
452 359
452 371
452 419
452 451
452 453
452 478
452 480
452 496
453 110
453 166
453 212
453 337
453 353
453 364
453 452
453 465
453 485
453 489
453 490
453 500
454 40
454 171
454 255
454 277
454 300
454 353
454 398
454 413
454 421
454 432
454 486
454 493
455 35
455 78
455 137
455 230
455 248
455 263
455 296
455 334
455 376
455 386
455 447
455 460
456 52
456 83
456 195
456 222
456 223
456 228
456 278
456 355
456 429
456 445
456 450
456 471
457 121
457 123
457 156
457 206
457 211
457 303
457 304
457 338
457 411
457 417
457 418
457 451
458 66
458 129
458 159
458 186
458 201
458 221
458 224
458 251
458 354
458 380
458 400
458 423
458 462
459 29
459 63
459 119
459 204
459 325
459 390
459 395
459 427
459 436
459 469
459 472
459 495
459 498
460 35
460 78
460 137
460 230
460 248
460 263
460 296
460 334
460 372
460 376
460 447
460 455
460 495
461 76
461 352
461 360
461 367
461 396
461 410
461 440
461 448
461 450
461 464
461 473
461 476
461 479
462 128
462 157
462 170
462 183
462 210
462 214
462 290
462 306
462 402
462 439
462 442
462 444
462 458
463 28
463 88
463 90
463 216
463 235
463 262
463 323
463 328
463 358
463 382
463 404
463 415
463 428
463 466
464 9
464 76
464 289
464 360
464 365
464 396
464 403
464 440
464 448
464 450
464 461
464 473
464 476
464 479
465 6
465 158
465 166
465 183
465 285
465 317
465 337
465 363
465 453
465 474
465 485
465 489
465 499
465 500
466 28
466 90
466 235
466 264
466 282
466 323
466 328
466 358
466 382
466 404
466 415
466 428
466 463
466 489
467 10
467 25
467 43
467 44
467 160
467 164
467 233
467 301
467 389
467 422
467 435
467 482
467 487
467 492
468 25
468 43
468 160
468 213
468 214
468 229
468 233
468 301
468 369
468 389
468 435
468 437
468 482
468 492
469 93
469 134
469 173
469 298
469 310
469 390
469 395
469 427
469 436
469 459
469 472
469 494
469 495
469 498
470 7
470 45
470 55
470 91
470 236
470 273
470 299
470 343
470 344
470 351
470 412
470 420
470 483
470 494
471 8
471 34
471 52
471 195
471 222
471 223
471 228
471 271
471 278
471 355
471 429
471 445
471 456
471 472
472 63
472 167
472 173
472 298
472 310
472 390
472 395
472 427
472 459
472 469
472 471
472 480
472 494
472 495
472 498
473 92
473 191
473 284
473 360
473 367
473 396
473 403
473 440
473 448
473 450
473 461
473 464
473 476
473 479
473 487
474 6
474 89
474 106
474 158
474 165
474 212
474 269
474 317
474 363
474 364
474 465
474 485
474 489
474 490
474 500
475 7
475 45
475 55
475 229
475 236
475 299
475 319
475 332
475 343
475 344
475 350
475 351
475 412
475 420
475 431
475 483
476 9
476 61
476 76
476 191
476 284
476 360
476 367
476 396
476 403
476 440
476 448
476 461
476 464
476 473
476 479
476 499
477 116
477 117
477 212
477 219
477 238
477 247
477 271
477 297
477 340
477 352
477 354
477 375
477 392
477 405
477 449
477 491
478 71
478 80
478 118
478 149
478 203
478 281
478 301
478 311
478 347
478 371
478 379
478 387
478 452
478 479
478 480
478 496
479 9
479 191
479 284
479 286
479 360
479 367
479 396
479 403
479 440
479 448
479 450
479 461
479 464
479 473
479 476
479 478
480 15
480 70
480 118
480 126
480 149
480 203
480 209
480 347
480 373
480 379
480 387
480 419
480 452
480 472
480 478
480 496
481 104
481 116
481 148
481 219
481 238
481 247
481 271
481 297
481 340
481 352
481 354
481 392
481 396
481 405
481 449
481 490
481 491
482 25
482 44
482 118
482 160
482 199
482 213
482 229
482 237
482 301
482 369
482 389
482 422
482 435
482 437
482 467
482 468
482 492
483 7
483 45
483 55
483 91
483 202
483 236
483 278
483 299
483 319
483 343
483 344
483 350
483 351
483 412
483 420
483 470
483 475
484 33
484 101
484 149
484 169
484 177
484 218
484 220
484 245
484 312
484 381
484 384
484 424
484 426
484 430
484 441
484 443
484 488
484 497
485 6
485 110
485 165
485 166
485 183
485 186
485 285
485 296
485 317
485 337
485 363
485 364
485 453
485 465
485 474
485 489
485 490
485 500
486 3
486 103
486 248
486 259
486 277
486 283
486 353
486 361
486 372
486 398
486 413
486 416
486 421
486 425
486 446
486 454
486 493
486 499
487 26
487 153
487 156
487 194
487 206
487 211
487 246
487 288
487 293
487 303
487 304
487 338
487 411
487 418
487 438
487 451
487 467
487 473
488 33
488 101
488 169
488 177
488 245
488 270
488 312
488 333
488 342
488 381
488 384
488 415
488 424
488 426
488 441
488 443
488 484
488 497
489 110
489 158
489 165
489 178
489 183
489 212
489 253
489 285
489 337
489 363
489 364
489 453
489 465
489 466
489 474
489 485
489 490
489 500
490 6
490 89
490 165
490 166
490 178
490 183
490 212
490 276
490 285
490 317
490 363
490 364
490 453
490 474
490 481
490 485
490 489
490 500
491 16
491 116
491 148
491 170
491 219
491 238
491 247
491 255
491 271
491 297
491 340
491 352
491 354
491 375
491 392
491 405
491 477
491 481
492 10
492 25
492 43
492 44
492 51
492 164
492 213
492 229
492 233
492 237
492 301
492 342
492 369
492 389
492 422
492 437
492 467
492 468
492 482
493 40
493 94
493 103
493 144
493 171
493 187
493 277
493 283
493 361
493 372
493 398
493 416
493 421
493 425
493 432
493 446
493 454
493 486
493 499
494 29
494 63
494 99
494 167
494 173
494 298
494 310
494 318
494 325
494 389
494 390
494 395
494 427
494 436
494 469
494 470
494 472
494 495
494 498
495 29
495 33
495 63
495 167
495 173
495 204
495 298
495 310
495 318
495 325
495 390
495 395
495 436
495 459
495 460
495 469
495 472
495 494
495 498
496 32
496 80
496 126
496 149
496 203
496 209
496 245
496 256
496 281
496 311
496 330
496 347
496 359
496 371
496 373
496 379
496 419
496 452
496 478
496 480
497 33
497 101
497 127
497 177
497 220
497 242
497 245
497 312
497 333
497 342
497 381
497 384
497 398
497 424
497 426
497 430
497 441
497 443
497 484
497 488
498 29
498 40
498 99
498 167
498 173
498 204
498 298
498 310
498 318
498 325
498 366
498 390
498 395
498 427
498 436
498 459
498 469
498 472
498 494
498 495
499 40
499 41
499 103
499 171
499 187
499 259
499 277
499 353
499 361
499 372
499 398
499 413
499 416
499 421
499 432
499 446
499 465
499 476
499 486
499 493
500 6
500 84
500 89
500 110
500 158
500 165
500 166
500 178
500 285
500 317
500 337
500 341
500 363
500 364
500 453
500 465
500 474
500 485
500 489
500 490
