1 128
1 388
1 445
1 492
1 496
2 342
2 399
2 408
2 460
2 499
3 221
3 304
3 314
3 315
3 416
4 91
4 136
4 362
4 445
4 491
5 29
5 409
5 428
5 445
5 447
6 11
6 23
6 31
6 411
6 457
7 425
7 432
7 440
7 451
7 474
8 189
8 434
8 437
8 481
8 500
9 93
9 108
9 166
9 235
9 467
10 63
10 95
10 205
10 354
10 356
11 6
11 26
11 398
11 454
11 458
12 16
12 374
12 401
12 447
12 488
13 17
13 36
13 250
13 260
13 345
14 355
14 387
14 404
14 420
14 450
15 46
15 283
15 352
15 373
15 385
16 12
16 144
16 310
16 324
16 414
17 13
17 90
17 260
17 345
17 476
18 102
18 123
18 145
18 240
18 392
19 140
19 259
19 343
19 392
19 465
20 74
20 202
20 297
20 430
20 471
21 103
21 135
21 411
21 466
21 477
22 79
22 330
22 375
22 436
22 450
23 6
23 105
23 300
23 364
23 455
24 41
24 97
24 285
24 335
24 416
25 95
25 321
25 396
25 433
25 443
26 11
26 55
26 261
26 274
26 305
27 56
27 114
27 146
27 171
27 394
28 53
28 174
28 189
28 461
28 470
29 5
29 117
29 198
29 209
29 463
30 78
30 115
30 194
30 318
30 443
31 6
31 328
31 410
31 454
31 488
32 68
32 113
32 250
32 321
32 430
33 132
33 258
33 387
33 421
33 462
34 36
34 42
34 52
34 280
34 424
35 65
35 84
35 169
35 421
35 457
36 13
36 34
36 133
36 280
36 294
37 107
37 214
37 251
37 380
37 412
38 50
38 71
38 391
38 464
38 467
39 86
39 123
39 142
39 270
39 441
40 66
40 417
40 473
40 485
40 494
41 24
41 142
41 190
41 215
41 316
42 34
42 218
42 352
42 442
42 456
43 358
43 466
43 472
43 498
43 499
44 236
44 332
44 466
44 473
44 477
45 47
45 56
45 114
45 146
45 306
46 15
46 156
46 442
46 467
46 497
47 45
47 129
47 156
47 370
47 423
48 127
48 289
48 335
48 375
48 443
49 297
49 326
49 450
49 470
49 487
50 38
50 427
50 492
50 496
50 497
51 64
51 177
51 200
51 244
51 475
52 34
52 133
52 280
52 470
52 491
53 28
53 96
53 368
53 461
53 470
54 120
54 357
54 391
54 467
54 476
55 26
55 125
55 383
55 412
55 497
56 27
56 45
56 81
56 114
56 229
57 204
57 242
57 276
57 430
57 495
58 68
58 93
58 192
58 235
58 485
59 134
59 407
59 435
59 484
59 495
60 61
60 318
60 377
60 383
60 462
61 60
61 188
61 355
61 404
61 420
62 177
62 265
62 394
62 466
62 477
63 10
63 68
63 354
63 356
63 472
64 51
64 137
64 200
64 244
64 366
65 35
65 377
65 427
65 462
65 471
66 40
66 234
66 324
66 483
66 485
67 181
67 430
67 469
67 481
67 495
68 32
68 58
68 63
68 108
68 235
69 122
69 135
69 260
69 281
69 345
70 262
70 330
70 375
70 426
70 490
71 38
71 361
71 394
71 444
71 467
72 91
72 217
72 398
72 408
72 491
73 117
73 119
73 147
73 448
73 489
74 20
74 207
74 256
74 291
74 297
75 145
75 169
75 269
75 283
75 459
76 199
76 266
76 295
76 307
76 447
77 201
77 226
77 301
77 393
77 414
78 30
78 202
78 256
78 291
78 500
79 22
79 115
79 304
79 314
79 315
80 269
80 410
80 415
80 451
80 459
81 56
81 385
81 469
81 479
81 486
82 104
82 285
82 416
82 492
82 494
83 371
83 425
83 451
83 456
83 490
84 35
84 409
84 440
84 487
84 490
85 221
85 261
85 298
85 303
85 447
86 39
86 206
86 270
86 414
86 423
87 339
87 343
87 392
87 402
87 465
88 155
88 211
88 284
88 460
88 498
89 273
89 433
89 450
89 470
89 498
90 17
90 116
90 209
90 273
90 440
91 4
91 72
91 403
91 408
91 491
92 412
92 433
92 441
92 473
92 483
93 9
93 58
93 108
93 235
93 379
94 298
94 310
94 412
94 451
94 484
95 10
95 25
95 270
95 354
95 356
96 53
96 225
96 271
96 326
96 450
97 24
97 262
97 320
97 330
97 375
98 127
98 327
98 396
98 443
98 474
99 248
99 251
99 293
99 339
99 479
100 180
100 306
100 319
100 324
100 500
101 237
101 395
101 460
101 476
101 498
102 18
102 218
102 391
102 413
102 423
103 21
103 274
103 314
103 342
103 477
104 82
104 190
104 328
104 396
104 438
105 23
105 176
105 376
105 455
105 461
106 229
106 334
106 337
106 350
106 370
107 37
107 232
107 322
107 452
107 466
108 9
108 68
108 93
108 278
108 472
109 286
109 348
109 382
109 421
109 435
110 143
110 268
110 343
110 401
110 415
111 259
111 378
111 397
111 431
111 493
112 251
112 380
112 403
112 434
112 492
113 32
113 134
113 201
113 257
113 276
114 27
114 45
114 56
114 146
114 482
115 30
115 79
115 464
115 479
115 481
116 90
116 292
116 359
116 463
116 470
117 29
117 73
117 254
117 267
117 463
118 388
118 480
118 492
118 494
118 497
119 73
119 189
119 376
119 439
119 448
120 54
120 234
120 384
120 440
120 500
121 264
121 287
121 308
121 451
121 488
122 69
122 236
122 378
122 454
122 493
123 18
123 39
123 136
123 163
123 206
124 195
124 253
124 267
124 273
124 420
125 55
125 170
125 303
125 305
125 310
126 147
126 338
126 436
126 448
126 489
127 48
127 98
127 263
127 295
127 443
128 1
128 348
128 377
128 382
128 442
129 47
129 161
129 215
129 423
129 495
130 207
130 217
130 262
130 366
130 371
131 166
131 233
131 317
131 496
131 498
132 33
132 353
132 399
132 472
132 499
133 36
133 52
133 280
133 416
133 499
134 59
134 113
134 204
134 276
134 450
135 21
135 69
135 260
135 345
135 447
136 4
136 123
136 206
136 270
136 500
137 64
137 200
137 244
137 252
137 414
138 216
138 368
138 411
138 484
138 495
139 223
139 246
139 420
139 428
139 436
140 19
140 372
140 390
140 472
140 498
141 167
141 195
141 407
141 422
141 493
142 39
142 41
142 190
142 489
142 494
143 110
143 144
143 254
143 283
143 459
144 16
144 143
144 291
144 301
144 414
145 18
145 75
145 365
145 376
145 467
146 27
146 45
146 114
146 379
146 446
147 73
147 126
147 243
147 440
147 449
148 346
148 424
148 430
148 439
148 489
149 197
149 219
149 438
149 496
149 497
150 154
150 157
150 199
150 307
150 495
151 311
151 347
151 369
151 381
151 471
152 178
152 342
152 492
152 496
152 497
153 201
153 301
153 340
153 414
153 478
154 150
154 180
154 194
154 252
154 299
155 88
155 320
155 384
155 389
155 491
156 46
156 47
156 159
156 194
156 379
157 150
157 309
157 390
157 395
157 419
158 267
158 373
158 402
158 482
158 490
159 156
159 186
159 197
159 379
159 423
160 170
160 199
160 203
160 266
160 336
161 129
161 182
161 416
161 423
161 491
162 214
162 223
162 239
162 380
162 403
163 123
163 445
163 453
163 468
163 491
164 236
164 326
164 351
164 465
164 476
165 349
165 422
165 424
165 443
165 493
166 9
166 131
166 191
166 231
166 233
167 141
167 254
167 292
167 353
167 463
168 274
168 342
168 381
168 466
168 483
169 35
169 75
169 383
169 387
169 462
170 125
170 160
170 243
170 245
170 436
171 27
171 410
171 411
171 458
171 481
172 323
172 336
172 341
172 365
172 467
173 333
173 348
173 410
173 454
173 458
174 28
174 315
174 478
174 482
174 490
175 184
175 202
175 291
175 297
175 386
176 105
176 284
176 376
176 406
176 455
177 51
177 62
177 300
177 364
177 455
178 152
178 329
178 345
178 480
178 497
179 212
179 220
179 358
179 405
179 419
180 100
180 154
180 265
180 361
180 466
181 67
181 284
181 469
181 479
181 486
182 161
182 197
182 379
182 423
182 498
183 230
183 366
183 476
183 491
183 498
184 175
184 344
184 350
184 355
184 370
185 207
185 366
185 371
185 490
185 496
186 159
186 213
186 227
186 441
186 473
187 338
187 357
187 440
187 457
187 500
188 61
188 316
188 319
188 406
188 429
189 8
189 28
189 119
189 317
189 424
189 489
190 41
190 104
190 142
190 433
190 494
190 496
191 166
191 220
191 231
191 233
191 458
192 58
192 418
192 441
192 444
192 483
192 485
193 367
193 377
193 425
193 432
193 456
193 474
194 30
194 154
194 156
194 479
194 481
194 486
195 124
195 141
195 247
195 254
195 331
195 392
196 326
196 331
196 422
196 484
196 493
196 495
197 149
197 159
197 182
197 247
197 379
197 423
198 29
198 247
198 272
198 317
198 331
198 477
199 76
199 150
199 160
199 261
199 307
199 442
200 51
200 64
200 137
200 244
200 396
200 400
201 77
201 113
201 153
201 218
201 301
201 414
202 20
202 78
202 175
202 291
202 297
202 487
203 160
203 252
203 266
203 299
203 419
203 460
204 57
204 134
204 250
204 351
204 430
204 440
205 10
205 212
205 225
205 354
205 356
205 473
206 86
206 123
206 136
206 214
206 270
206 463
207 74
207 130
207 185
207 271
207 366
207 371
208 223
208 303
208 311
208 319
208 406
208 429
209 29
209 90
209 353
209 461
209 463
209 477
210 220
210 438
210 452
210 484
210 494
210 496
211 88
211 288
211 406
211 445
211 468
211 491
212 179
212 205
212 413
212 464
212 479
212 486
213 186
213 310
213 379
213 473
213 483
213 485
214 37
214 162
214 206
214 272
214 380
214 403
215 41
215 129
215 355
215 416
215 438
215 494
216 138
216 269
216 401
216 415
216 459
216 488
217 72
217 130
217 337
217 366
217 371
217 486
218 42
218 102
218 201
218 341
218 357
218 407
219 149
219 321
219 360
219 480
219 496
219 497
220 179
220 191
220 210
220 232
220 238
220 494
221 3
221 85
221 304
221 314
221 315
221 500
222 274
222 290
222 305
222 347
222 471
222 475
223 139
223 162
223 208
223 243
223 246
223 436
224 227
224 378
224 391
224 411
224 426
224 458
225 96
225 205
225 300
225 364
225 453
225 455
226 77
226 363
226 399
226 444
226 480
226 492
227 186
227 224
227 319
227 418
227 483
227 485
228 331
228 349
228 413
228 469
228 481
228 486
229 56
229 106
229 360
229 381
229 471
229 475
230 183
230 271
230 316
230 472
230 486
230 498
231 166
231 191
231 233
231 439
231 472
232 107
232 220
232 240
232 378
232 452
232 494
233 131
233 166
233 191
233 231
233 465
233 474
234 66
234 120
234 286
234 448
234 449
234 489
235 9
235 58
235 68
235 93
235 380
235 448
236 44
236 122
236 164
236 339
236 343
236 465
237 101
237 238
237 240
237 336
237 357
237 442
238 220
238 237
238 322
238 344
238 452
238 494
239 162
239 263
239 369
239 451
239 456
239 474
240 18
240 232
240 237
240 357
240 394
240 403
241 306
241 308
241 434
241 449
241 482
241 487
242 57
242 294
242 328
242 360
242 471
242 475
243 147
243 170
243 223
243 245
243 384
243 436
244 51
244 64
244 137
244 200
244 421
244 483
245 170
245 243
245 246
245 259
245 436
245 461
246 139
246 223
246 245
246 367
246 436
246 460
247 195
247 197
247 198
247 279
247 331
247 463
248 99
248 371
248 413
248 444
248 464
248 469
249 265
249 332
249 342
249 477
249 489
249 499
250 13
250 32
250 204
250 430
250 490
250 497
251 37
251 99
251 112
251 265
251 380
251 403
252 137
252 154
252 203
252 299
252 307
252 358
253 124
253 425
253 432
253 469
253 474
253 479
254 117
254 143
254 167
254 195
254 458
254 463
255 280
255 320
255 449
255 453
255 468
255 491
256 74
256 78
256 291
256 297
256 362
256 500
257 113
257 281
257 313
257 484
257 493
257 495
258 33
258 304
258 332
258 361
258 466
258 477
259 19
259 111
259 245
259 351
259 392
259 465
260 13
260 17
260 69
260 135
260 345
260 426
261 26
261 85
261 199
261 262
261 305
261 412
262 70
262 97
262 130
262 261
262 330
262 375
263 127
263 239
263 449
263 451
263 456
263 474
264 121
264 405
264 428
264 447
264 477
264 488
265 62
265 180
265 249
265 251
265 332
265 443
266 76
266 160
266 203
266 299
266 438
266 492
267 117
267 124
267 158
267 273
267 292
267 332
268 110
268 276
268 401
268 410
268 415
268 459
269 75
269 80
269 216
269 315
269 415
269 459
270 39
270 86
270 95
270 136
270 206
270 497
271 96
271 207
271 230
271 476
271 498
271 499
272 198
272 214
272 276
272 325
272 331
272 353
273 89
273 90
273 124
273 267
273 353
273 456
274 26
274 103
274 168
274 222
274 466
274 477
275 322
275 438
275 452
275 494
275 497
275 500
276 57
276 113
276 134
276 268
276 272
276 430
277 393
277 472
277 474
277 493
277 498
277 499
278 108
278 395
278 418
278 425
278 473
278 485
279 247
279 309
279 390
279 405
279 419
279 446
280 34
280 36
280 52
280 133
280 255
280 484
281 69
281 257
281 444
281 480
281 492
281 497
282 311
282 316
282 339
282 370
282 406
282 429
283 15
283 75
283 143
283 401
283 419
283 459
284 88
284 176
284 181
284 393
284 472
284 499
285 24
285 82
285 289
285 412
285 452
285 494
286 109
286 234
286 340
286 358
286 449
286 489
287 121
287 374
287 409
287 446
287 447
287 488
288 211
288 289
288 293
288 391
288 445
288 453
288 473
289 48
289 285
289 288
289 389
289 453
289 468
289 491
290 222
290 328
290 347
290 360
290 361
290 362
290 475
291 74
291 78
291 144
291 175
291 202
291 256
291 493
292 116
292 167
292 267
292 325
292 331
292 419
292 463
293 99
293 288
293 464
293 469
293 479
293 486
293 488
294 36
294 242
294 338
294 375
294 441
294 483
294 487
295 76
295 127
295 302
295 402
295 428
295 447
295 488
296 389
296 397
296 438
296 453
296 468
296 469
296 491
297 20
297 49
297 74
297 175
297 202
297 256
297 345
298 85
298 94
298 303
298 310
298 374
298 412
298 485
299 154
299 203
299 252
299 266
299 307
299 497
299 499
300 23
300 177
300 225
300 301
300 376
300 389
300 455
301 77
301 144
301 153
301 201
301 300
301 414
301 465
302 295
302 308
302 382
302 409
302 428
302 488
302 492
303 85
303 125
303 208
303 298
303 304
303 305
303 310
304 3
304 79
304 221
304 258
304 303
304 314
304 315
305 26
305 125
305 222
305 261
305 303
305 412
305 489
306 45
306 100
306 241
306 384
306 482
306 486
306 487
307 76
307 150
307 199
307 252
307 299
307 378
307 486
308 121
308 241
308 302
308 408
308 409
308 488
308 489
309 157
309 279
309 367
309 405
309 435
309 446
309 498
310 16
310 94
310 125
310 213
310 298
310 303
310 412
311 151
311 208
311 282
311 316
311 406
311 429
311 455
312 321
312 364
312 440
312 457
312 478
312 487
312 490
313 257
313 334
313 435
313 439
313 484
313 493
313 495
314 3
314 79
314 103
314 221
314 304
314 315
314 347
315 3
315 79
315 174
315 221
315 269
315 304
315 314
316 41
316 188
316 230
316 282
316 311
316 333
316 429
317 131
317 189
317 198
317 418
317 439
317 449
317 489
318 30
318 60
318 444
318 479
318 481
318 486
318 492
319 100
319 188
319 208
319 227
319 406
319 429
319 495
320 97
320 155
320 255
320 408
320 459
320 483
320 491
321 25
321 32
321 219
321 312
321 327
321 335
321 396
322 107
322 238
322 275
322 394
322 400
322 416
322 494
323 172
323 329
323 372
323 460
323 476
323 498
323 499
324 16
324 66
324 100
324 397
324 457
324 478
324 487
325 272
325 292
325 362
325 398
325 409
325 461
325 470
326 49
326 96
326 164
326 196
326 398
326 433
326 461
327 98
327 321
327 335
327 396
327 420
327 443
327 482
328 31
328 104
328 242
328 290
328 369
328 441
328 471
329 178
329 323
329 363
329 444
329 495
329 496
329 497
330 22
330 70
330 97
330 262
330 375
330 400
330 452
331 195
331 196
331 198
331 228
331 247
331 272
331 292
332 44
332 249
332 258
332 265
332 267
332 361
332 418
333 173
333 316
333 346
333 378
333 389
333 426
333 458
334 106
334 313
334 337
334 344
334 350
334 370
334 386
335 24
335 48
335 321
335 327
335 348
335 396
335 443
336 160
336 172
336 237
336 442
336 467
336 469
336 475
337 106
337 217
337 334
337 344
337 350
337 370
337 487
338 126
338 187
338 294
338 364
338 395
338 483
338 485
339 87
339 99
339 236
339 282
339 351
339 424
339 465
340 153
340 286
340 424
340 439
340 449
340 478
340 489
341 172
341 218
341 385
341 394
341 402
341 452
341 467
341 488
342 2
342 103
342 152
342 168
342 249
342 405
342 466
342 477
343 19
343 87
343 110
343 236
343 351
343 392
343 465
343 484
344 184
344 238
344 334
344 337
344 350
344 370
344 422
344 500
345 13
345 17
345 69
345 135
345 178
345 260
345 297
345 478
346 148
346 333
346 378
346 421
346 426
346 454
346 458
346 499
347 151
347 222
347 290
347 314
347 381
347 407
347 475
347 479
348 109
348 128
348 173
348 335
348 382
348 421
348 462
348 482
349 165
349 228
349 393
349 407
349 430
349 484
349 493
349 495
350 106
350 184
350 334
350 337
350 344
350 373
350 441
350 445
351 164
351 204
351 259
351 339
351 343
351 392
351 425
351 465
352 15
352 42
352 365
352 374
352 391
352 432
352 467
352 484
353 132
353 167
353 209
353 272
353 273
353 401
353 463
353 469
354 10
354 63
354 95
354 205
354 356
354 399
354 454
354 465
355 14
355 61
355 184
355 215
355 359
355 400
355 404
355 420
356 10
356 63
356 95
356 205
356 354
356 366
356 370
356 465
357 54
357 187
357 218
357 237
357 240
357 385
357 394
357 437
358 43
358 179
358 252
358 286
358 390
358 405
358 419
358 446
359 116
359 355
359 400
359 404
359 420
359 457
360 219
360 229
360 242
360 290
360 381
360 429
360 471
360 475
361 71
361 180
361 258
361 290
361 332
361 466
361 472
361 477
362 4
362 256
362 290
362 325
362 433
362 450
362 461
362 470
363 226
363 329
363 368
363 388
363 480
363 483
363 492
363 496
364 23
364 177
364 225
364 312
364 338
364 376
364 455
364 464
365 145
365 172
365 352
365 385
365 391
365 406
365 441
365 480
366 64
366 130
366 183
366 185
366 207
366 217
366 356
366 371
367 193
367 246
367 309
367 390
367 405
367 419
367 446
367 476
368 53
368 138
368 363
368 422
368 435
368 484
368 495
368 499
369 151
369 239
369 328
369 371
369 381
369 471
369 475
369 493
370 47
370 106
370 184
370 282
370 334
370 337
370 344
370 356
371 83
371 130
371 185
371 207
371 217
371 248
371 366
371 369
372 140
372 323
372 427
372 460
372 476
372 483
372 498
372 499
373 15
373 158
373 350
373 407
373 434
373 487
373 490
373 500
374 12
374 287
374 298
374 352
374 428
374 447
374 466
374 488
375 22
375 48
375 70
375 97
375 262
375 294
375 330
375 382
376 105
376 119
376 145
376 176
376 300
376 364
376 455
376 475
377 60
377 65
377 128
377 193
377 382
377 383
377 387
377 390
378 111
378 122
378 224
378 232
378 307
378 333
378 346
378 426
379 93
379 146
379 156
379 159
379 182
379 197
379 213
379 423
380 37
380 112
380 162
380 214
380 235
380 251
380 403
380 454
381 151
381 168
381 229
381 347
381 360
381 369
381 471
381 475
382 109
382 128
382 302
382 348
382 375
382 377
382 383
382 462
383 55
383 60
383 169
383 377
383 382
383 387
383 462
383 493
384 120
384 155
384 243
384 306
384 405
384 440
384 482
384 500
385 15
385 81
385 341
385 357
385 365
385 442
385 446
385 488
386 175
386 334
386 427
386 461
386 480
386 492
386 496
386 497
387 14
387 33
387 169
387 377
387 383
387 414
387 421
387 462
388 1
388 118
388 363
388 427
388 444
388 450
388 490
388 496
389 155
389 289
389 296
389 300
389 333
389 468
389 471
389 491
390 140
390 157
390 279
390 358
390 367
390 377
390 419
390 446
391 38
391 54
391 102
391 224
391 288
391 352
391 365
391 426
391 479
392 18
392 19
392 87
392 195
392 259
392 343
392 351
392 464
392 465
393 77
393 277
393 284
393 349
393 399
393 417
393 472
393 489
393 499
394 27
394 62
394 71
394 240
394 322
394 341
394 357
394 442
394 500
395 101
395 157
395 278
395 338
395 418
395 473
395 483
395 485
395 499
396 25
396 98
396 104
396 200
396 321
396 327
396 335
396 443
396 485
397 111
397 296
397 324
397 431
397 466
397 481
397 484
397 493
397 495
398 11
398 72
398 325
398 326
398 433
398 442
398 450
398 461
398 470
399 2
399 132
399 226
399 354
399 393
399 417
399 423
399 460
399 499
400 200
400 322
400 330
400 355
400 359
400 404
400 420
401 12
401 110
401 216
401 268
401 283
401 353
401 436
401 439
401 459
402 87
402 158
402 295
402 341
402 457
402 478
402 482
402 490
402 500
403 91
403 112
403 162
403 214
403 240
403 251
403 380
403 448
403 467
404 14
404 61
404 355
404 359
404 400
404 420
404 443
404 449
404 486
405 179
405 264
405 279
405 309
405 342
405 358
405 367
405 384
405 446
406 176
406 188
406 208
406 211
406 282
406 311
406 319
406 365
406 429
407 59
407 141
407 218
407 347
407 349
407 373
407 435
407 484
407 493
408 2
408 72
408 91
408 308
408 320
408 409
408 445
408 468
408 491
409 5
409 84
409 287
409 302
409 308
409 325
409 408
409 428
409 488
410 31
410 80
410 171
410 173
410 268
410 411
410 426
410 454
410 496
411 6
411 21
411 138
411 171
411 224
411 410
411 426
411 458
411 494
412 37
412 55
412 92
412 94
412 261
412 285
412 298
412 305
412 310
413 102
413 212
413 228
413 248
413 415
413 453
413 469
413 481
413 486
414 16
414 77
414 86
414 137
414 144
414 153
414 201
414 301
414 387
415 80
415 110
415 216
415 268
415 269
415 413
415 428
415 459
415 473
416 3
416 24
416 82
416 133
416 161
416 215
416 322
416 452
416 494
417 40
417 393
417 399
417 446
417 452
417 460
417 476
417 498
417 499
418 192
418 227
418 278
418 317
418 332
418 395
418 480
418 483
418 485
419 157
419 179
419 203
419 279
419 283
419 292
419 358
419 367
419 390
419 446
420 14
420 61
420 124
420 139
420 327
420 355
420 359
420 400
420 404
420 432
421 33
421 35
421 109
421 244
421 346
421 348
421 387
421 431
421 462
421 468
422 141
422 165
422 196
422 344
422 368
422 431
422 435
422 463
422 491
422 495
423 47
423 86
423 102
423 129
423 159
423 161
423 182
423 197
423 379
423 399
424 34
424 148
424 165
424 189
424 339
424 340
424 448
424 449
424 489
424 498
425 7
425 83
425 193
425 253
425 278
425 351
425 451
425 456
425 474
425 477
426 70
426 224
426 260
426 333
426 346
426 378
426 391
426 410
426 411
426 454
427 50
427 65
427 372
427 386
427 388
427 436
427 480
427 492
427 496
427 497
428 5
428 139
428 264
428 295
428 302
428 374
428 409
428 415
428 429
428 488
429 188
429 208
429 282
429 311
429 316
429 319
429 360
429 406
429 428
429 475
430 20
430 32
430 57
430 67
430 148
430 204
430 250
430 276
430 349
430 460
431 111
431 397
431 421
431 422
431 465
431 475
431 481
431 484
431 493
431 495
432 7
432 193
432 253
432 352
432 420
432 451
432 454
432 456
432 470
432 474
433 25
433 89
433 92
433 190
433 326
433 362
433 398
433 450
433 461
433 470
434 8
434 112
434 241
434 373
434 435
434 457
434 482
434 487
434 490
434 498
435 59
435 109
435 309
435 313
435 368
435 407
435 422
435 434
435 493
435 495
436 22
436 126
436 139
436 170
436 223
436 243
436 245
436 246
436 401
436 427
437 8
437 357
437 439
437 451
437 460
437 478
437 482
437 487
437 490
437 500
438 104
438 149
438 210
438 215
438 266
438 275
438 296
438 447
438 452
438 494
439 119
439 148
439 231
439 313
439 317
439 340
439 401
439 437
439 448
439 489
440 7
440 84
440 90
440 120
440 147
440 187
440 204
440 312
440 384
440 478
440 500
441 39
441 92
441 186
441 192
441 294
441 328
441 350
441 365
441 473
441 483
441 485
442 42
442 46
442 128
442 199
442 237
442 336
442 385
442 394
442 398
442 467
442 485
443 25
443 30
443 48
443 98
443 127
443 165
443 265
443 327
443 335
443 396
443 404
444 71
444 192
444 226
444 248
444 281
444 318
444 329
444 388
444 492
444 496
444 497
445 1
445 4
445 5
445 163
445 211
445 288
445 350
445 408
445 453
445 463
445 468
446 146
446 279
446 287
446 309
446 358
446 367
446 385
446 390
446 405
446 417
446 419
447 5
447 12
447 76
447 85
447 135
447 264
447 287
447 295
447 374
447 438
447 488
448 73
448 119
448 126
448 234
448 235
448 403
448 424
448 439
448 449
448 489
448 498
449 147
449 234
449 241
449 255
449 263
449 286
449 317
449 340
449 404
449 424
449 448
449 489
450 14
450 22
450 49
450 89
450 96
450 134
450 362
450 388
450 398
450 433
450 461
450 470
451 7
451 80
451 83
451 94
451 121
451 239
451 263
451 425
451 432
451 437
451 456
451 474
452 107
452 210
452 232
452 238
452 275
452 285
452 330
452 341
452 416
452 417
452 438
452 456
453 163
453 225
453 255
453 288
453 289
453 296
453 413
453 445
453 455
453 462
453 468
453 491
454 11
454 31
454 122
454 173
454 346
454 354
454 380
454 410
454 426
454 432
454 458
454 480
455 23
455 105
455 176
455 177
455 225
455 300
455 311
455 364
455 376
455 453
455 456
455 494
456 42
456 83
456 193
456 239
456 263
456 273
456 425
456 432
456 451
456 452
456 455
456 474
457 6
457 35
457 187
457 312
457 324
457 359
457 402
457 434
457 468
457 482
457 490
457 500
458 11
458 171
458 173
458 191
458 224
458 254
458 333
458 346
458 411
458 454
458 462
458 474
459 75
459 80
459 143
459 216
459 268
459 269
459 283
459 320
459 401
459 415
459 472
459 494
459 496
460 2
460 88
460 101
460 203
460 246
460 323
460 372
460 399
460 417
460 430
460 437
460 468
460 476
461 28
461 53
461 105
461 209
461 245
461 325
461 326
461 362
461 386
461 398
461 433
461 450
461 470
462 33
462 60
462 65
462 169
462 348
462 382
462 383
462 387
462 421
462 453
462 458
462 482
462 492
463 29
463 116
463 117
463 167
463 206
463 209
463 247
463 254
463 292
463 353
463 422
463 445
463 495
464 38
464 115
464 212
464 248
464 293
464 364
464 392
464 468
464 469
464 478
464 479
464 481
464 486
465 19
465 87
465 164
465 233
465 236
465 259
465 301
465 339
465 343
465 351
465 354
465 356
465 392
465 431
466 21
466 43
466 44
466 62
466 107
466 168
466 180
466 258
466 274
466 342
466 361
466 374
466 397
466 477
467 9
467 38
467 46
467 54
467 71
467 145
467 172
467 336
467 341
467 352
467 403
467 442
467 470
467 493
468 163
468 211
468 255
468 289
468 296
468 389
468 408
468 421
468 445
468 453
468 457
468 460
468 464
468 476
469 67
469 81
469 181
469 228
469 248
469 253
469 293
469 296
469 336
469 353
469 413
469 464
469 481
469 494
470 28
470 49
470 52
470 53
470 89
470 116
470 325
470 362
470 398
470 432
470 433
470 450
470 461
470 467
471 20
471 65
471 151
471 222
471 229
471 242
471 328
471 360
471 369
471 381
471 389
471 473
471 475
471 479
472 43
472 63
472 108
472 132
472 140
472 230
472 231
472 277
472 284
472 361
472 393
472 459
472 498
472 499
473 40
473 44
473 92
473 186
473 205
473 213
473 278
473 288
473 395
473 415
473 441
473 471
473 483
473 485
474 7
474 98
474 193
474 233
474 239
474 253
474 263
474 277
474 425
474 432
474 451
474 456
474 458
474 478
475 51
475 222
475 229
475 242
475 290
475 336
475 347
475 360
475 369
475 376
475 381
475 429
475 431
475 471
475 477
476 17
476 54
476 101
476 164
476 183
476 271
476 323
476 367
476 372
476 417
476 460
476 468
476 487
476 498
476 499
477 21
477 44
477 62
477 103
477 198
477 209
477 249
477 258
477 264
477 274
477 342
477 361
477 425
477 466
477 475
478 153
478 174
478 312
478 324
478 340
478 345
478 402
478 437
478 440
478 464
478 474
478 482
478 487
478 490
478 500
479 81
479 99
479 115
479 181
479 194
479 212
479 253
479 293
479 318
479 347
479 391
479 464
479 471
479 481
479 482
479 486
480 118
480 178
480 219
480 226
480 281
480 363
480 365
480 386
480 418
480 427
480 454
480 491
480 492
480 494
480 496
480 497
481 8
481 67
481 115
481 171
481 194
481 228
481 318
481 397
481 413
481 431
481 464
481 469
481 479
481 486
481 488
481 491
482 114
482 158
482 174
482 241
482 306
482 327
482 348
482 384
482 402
482 434
482 437
482 457
482 462
482 478
482 479
482 500
483 66
483 92
483 168
483 192
483 213
483 227
483 244
483 294
483 320
483 338
483 363
483 372
483 395
483 418
483 441
483 473
483 485
484 59
484 94
484 138
484 196
484 210
484 257
484 280
484 313
484 343
484 349
484 352
484 368
484 397
484 407
484 431
484 493
484 495
485 40
485 58
485 66
485 192
485 213
485 227
485 278
485 298
485 338
485 395
485 396
485 418
485 441
485 442
485 473
485 483
485 496
486 81
486 181
486 194
486 212
486 217
486 228
486 230
486 293
486 306
486 307
486 318
486 404
486 413
486 464
486 479
486 481
486 490
487 49
487 84
487 202
487 241
487 294
487 306
487 312
487 324
487 337
487 373
487 434
487 437
487 476
487 478
487 489
487 490
487 500
488 12
488 31
488 121
488 216
488 264
488 287
488 293
488 295
488 302
488 308
488 341
488 374
488 385
488 409
488 428
488 447
488 481
489 73
489 126
489 142
489 148
489 189
489 234
489 249
489 286
489 305
489 308
489 317
489 340
489 393
489 424
489 439
489 448
489 449
489 487
490 70
490 83
490 84
490 158
490 174
490 185
490 250
490 312
490 373
490 388
490 402
490 434
490 437
490 457
490 478
490 486
490 487
490 500
491 4
491 52
491 72
491 91
491 155
491 161
491 163
491 183
491 211
491 255
491 289
491 296
491 320
491 389
491 408
491 422
491 453
491 480
491 481
492 1
492 50
492 82
492 112
492 118
492 152
492 226
492 266
492 281
492 302
492 318
492 363
492 386
492 427
492 444
492 462
492 480
492 496
492 497
493 111
493 122
493 141
493 165
493 196
493 257
493 277
493 291
493 313
493 349
493 369
493 383
493 397
493 407
493 431
493 435
493 467
493 484
493 495
494 40
494 82
494 118
494 142
494 190
494 210
494 215
494 220
494 232
494 238
494 275
494 285
494 322
494 411
494 416
494 438
494 455
494 459
494 469
494 480
495 57
495 59
495 67
495 129
495 138
495 150
495 196
495 257
495 313
495 319
495 329
495 349
495 368
495 397
495 422
495 431
495 435
495 463
495 484
495 493
496 1
496 50
496 131
496 149
496 152
496 185
496 190
496 210
496 219
496 329
496 363
496 386
496 388
496 410
496 427
496 444
496 459
496 480
496 485
496 492
497 46
497 50
497 55
497 118
497 149
497 152
497 178
497 219
497 250
497 270
497 275
497 281
497 299
497 329
497 386
497 427
497 444
497 480
497 492
497 499
498 43
498 88
498 89
498 101
498 131
498 140
498 182
498 183
498 230
498 271
498 277
498 309
498 323
498 372
498 417
498 424
498 434
498 448
498 472
498 476
499 2
499 43
499 132
499 133
499 249
499 271
499 277
499 284
499 299
499 323
499 346
499 368
499 372
499 393
499 395
499 399
499 417
499 472
499 476
499 497
500 8
500 78
500 100
500 120
500 136
500 187
500 221
500 256
500 275
500 344
500 373
500 384
500 394
500 402
500 437
500 440
500 457
500 478
500 482
500 487
500 490
