1 221
1 298
1 438
1 463
1 492
2 80
2 228
2 315
2 325
2 372
3 9
3 81
3 474
3 492
3 499
4 218
4 299
4 439
4 466
4 495
5 35
5 229
5 315
5 405
5 499
6 20
6 201
6 219
6 405
6 456
7 17
7 143
7 282
7 346
7 430
8 162
8 270
8 469
8 485
8 498
9 3
9 221
9 320
9 487
9 492
10 172
10 217
10 455
10 475
10 481
11 155
11 191
11 208
11 215
11 318
12 153
12 300
12 367
12 388
12 400
13 219
13 246
13 364
13 393
13 422
14 364
14 371
14 374
14 432
14 500
15 87
15 100
15 279
15 310
15 481
16 243
16 265
16 371
16 471
16 493
17 7
17 143
17 247
17 281
17 400
18 148
18 251
18 264
18 328
18 404
19 62
19 323
19 407
19 446
19 486
20 6
20 270
20 308
20 380
20 494
21 153
21 171
21 263
21 333
21 347
22 53
22 70
22 378
22 436
22 440
23 288
23 352
23 418
23 442
23 498
24 232
24 296
24 342
24 392
24 438
25 74
25 376
25 430
25 436
25 478
26 52
26 219
26 221
26 350
26 415
27 333
27 448
27 452
27 490
27 495
28 47
28 85
28 229
28 236
28 353
29 78
29 290
29 308
29 351
29 472
30 153
30 212
30 279
30 458
30 467
31 37
31 169
31 346
31 417
31 476
32 100
32 261
32 394
32 454
32 465
33 34
33 95
33 136
33 303
33 433
34 33
34 152
34 429
34 462
34 464
35 5
35 420
35 461
35 462
35 479
36 118
36 133
36 327
36 411
36 498
37 31
37 199
37 201
37 205
37 378
38 305
38 430
38 447
38 460
38 488
39 311
39 432
39 483
39 484
39 498
40 174
40 337
40 400
40 404
40 490
41 43
41 257
41 445
41 457
41 473
42 74
42 309
42 332
42 351
42 483
43 41
43 84
43 422
43 459
43 488
44 116
44 185
44 292
44 301
44 316
45 247
45 347
45 362
45 421
45 477
46 151
46 213
46 326
46 489
46 495
47 28
47 190
47 229
47 315
47 435
48 81
48 125
48 273
48 313
48 397
49 154
49 269
49 365
49 401
49 460
50 160
50 322
50 407
50 441
50 472
51 164
51 353
51 382
51 427
51 453
52 26
52 79
52 219
52 293
52 482
53 22
53 289
53 429
53 451
53 486
54 118
54 363
54 399
54 440
54 449
55 322
55 383
55 452
55 490
55 493
56 265
56 322
56 363
56 367
56 449
57 101
57 302
57 391
57 459
57 494
58 266
58 397
58 408
58 498
58 499
59 148
59 377
59 419
59 497
59 499
60 161
60 328
60 362
60 397
60 500
61 239
61 247
61 318
61 332
61 498
62 19
62 128
62 360
62 452
62 488
63 251
63 371
63 448
63 485
63 487
64 348
64 366
64 380
64 450
64 482
65 72
65 172
65 344
65 446
65 472
66 86
66 150
66 197
66 349
66 396
67 101
67 334
67 341
67 401
67 441
68 124
68 126
68 284
68 463
68 488
69 292
69 316
69 461
69 483
69 500
70 22
70 73
70 339
70 356
70 441
71 189
71 402
71 444
71 468
71 477
72 65
72 174
72 417
72 446
72 466
73 70
73 221
73 398
73 424
73 457
74 25
74 42
74 108
74 403
74 420
75 325
75 353
75 427
75 428
75 445
76 267
76 307
76 383
76 452
76 490
77 86
77 200
77 326
77 487
77 493
78 29
78 306
78 351
78 427
78 489
79 52
79 131
79 308
79 452
79 454
80 2
80 101
80 284
80 372
80 451
81 3
81 48
81 255
81 366
81 467
82 294
82 329
82 344
82 370
82 439
83 112
83 257
83 442
83 497
83 499
84 43
84 296
84 447
84 477
84 488
85 28
85 368
85 381
85 428
85 493
86 66
86 77
86 170
86 216
86 349
87 15
87 88
87 268
87 481
87 490
88 87
88 89
88 271
88 423
88 440
89 88
89 106
89 277
89 440
89 482
90 207
90 368
90 462
90 470
90 479
91 101
91 189
91 275
91 291
91 495
92 375
92 399
92 406
92 431
92 440
93 322
93 345
93 450
93 453
93 489
94 257
94 383
94 456
94 471
94 493
95 33
95 241
95 303
95 462
95 498
96 211
96 267
96 324
96 362
96 444
97 285
97 299
97 477
97 480
97 489
98 145
98 368
98 421
98 459
98 495
99 165
99 295
99 311
99 420
99 478
100 15
100 32
100 152
100 312
100 465
101 57
101 67
101 80
101 91
101 394
102 279
102 386
102 415
102 467
102 472
103 184
103 364
103 433
103 437
103 497
104 117
104 249
104 250
104 273
104 497
105 178
105 278
105 448
105 470
105 493
106 89
106 300
106 333
106 389
106 460
107 199
107 220
107 314
107 395
107 485
108 74
108 379
108 403
108 464
108 488
109 301
109 383
109 418
109 455
109 496
110 310
110 375
110 440
110 448
110 481
111 141
111 194
111 201
111 393
111 457
112 83
112 209
112 378
112 379
112 403
113 232
113 240
113 407
113 419
113 446
114 180
114 241
114 397
114 487
114 500
115 189
115 275
115 291
115 299
115 370
116 44
116 297
116 321
116 385
116 439
117 104
117 124
117 353
117 422
117 427
118 36
118 54
118 136
118 188
118 306
119 157
119 333
119 345
119 399
119 449
120 144
120 290
120 323
120 351
120 389
121 140
121 217
121 283
121 483
121 494
122 139
122 171
122 190
122 223
122 383
123 221
123 360
123 417
123 438
123 472
124 68
124 117
124 158
124 262
124 439
125 48
125 272
125 276
125 313
125 366
126 68
126 331
126 435
126 467
126 486
127 381
127 435
127 460
127 463
127 496
128 62
128 350
128 435
128 438
128 472
129 312
129 376
129 402
129 446
129 481
130 154
130 269
130 365
130 407
130 408
131 79
131 208
131 403
131 452
131 490
132 164
132 233
132 428
132 482
132 484
133 36
133 170
133 306
133 319
133 455
134 311
134 338
134 408
134 455
134 498
135 179
135 192
135 377
135 416
135 462
136 33
136 118
136 401
136 458
136 466
137 408
137 418
137 483
137 498
137 500
138 266
138 318
138 351
138 437
138 500
139 122
139 415
139 467
139 491
139 496
140 121
140 192
140 290
140 342
140 397
141 111
141 198
141 212
141 279
141 402
142 143
142 247
142 358
142 434
142 481
143 7
143 17
143 142
143 247
143 470
144 120
144 145
144 168
144 416
144 423
145 98
145 144
145 302
145 390
145 489
146 240
146 281
146 376
146 384
146 430
147 219
147 238
147 308
147 353
147 490
148 18
148 59
148 243
148 383
148 428
149 175
149 201
149 205
149 314
149 376
150 66
150 170
150 183
150 349
150 461
151 46
151 213
151 288
151 474
151 492
152 34
152 100
152 188
152 435
152 479
153 12
153 21
153 30
153 259
153 486
154 49
154 130
154 365
154 436
154 464
155 11
155 191
155 196
155 208
155 468
156 214
156 356
156 423
156 461
156 462
157 119
157 322
157 402
157 449
157 494
158 124
158 398
158 401
158 406
158 424
159 384
159 469
159 480
159 482
159 499
160 50
160 182
160 239
160 261
160 291
161 60
161 303
161 468
161 482
161 484
162 8
162 341
162 462
162 463
162 496
163 186
163 200
163 384
163 402
163 471
164 51
164 132
164 378
164 390
164 466
165 99
165 237
165 339
165 398
165 441
166 363
166 425
166 443
166 478
166 491
167 273
167 337
167 421
167 434
167 482
168 144
168 222
168 254
168 405
168 456
169 31
169 434
169 471
169 487
169 493
170 86
170 133
170 150
170 272
170 349
171 21
171 122
171 374
171 404
171 452
172 10
172 65
172 239
172 453
172 465
173 302
173 328
173 393
173 437
173 500
174 40
174 72
174 404
174 454
174 495
175 149
175 422
175 441
175 473
175 484
176 202
176 412
176 426
176 446
176 454
177 193
177 338
177 343
177 344
177 433
178 105
178 448
178 451
178 455
178 470
178 477
179 135
179 181
179 289
179 377
179 416
179 497
180 114
180 358
180 398
180 413
180 433
180 458
181 179
181 203
181 254
181 380
181 456
181 476
182 160
182 227
182 312
182 465
182 491
182 492
183 150
183 185
183 335
183 439
183 497
183 499
184 103
184 336
184 391
184 441
184 450
184 498
185 44
185 183
185 292
185 312
185 316
185 499
186 163
186 211
186 264
186 396
186 444
186 494
187 314
187 346
187 424
187 467
187 476
187 494
188 118
188 152
188 409
188 446
188 462
188 479
189 71
189 91
189 115
189 240
189 291
189 317
190 47
190 122
190 311
190 419
190 441
190 475
191 11
191 155
191 196
191 372
191 477
191 482
192 135
192 140
192 228
192 406
192 409
192 481
193 177
193 370
193 388
193 410
193 451
193 469
194 111
194 246
194 327
194 393
194 473
194 491
195 241
195 271
195 303
195 414
195 418
195 474
196 155
196 191
196 198
196 208
196 295
196 443
197 66
197 287
197 382
197 399
197 448
197 468
198 141
198 196
198 330
198 334
198 386
198 467
199 37
199 107
199 233
199 352
199 369
199 476
200 77
200 163
200 281
200 288
200 299
200 402
201 6
201 37
201 111
201 149
201 487
201 493
202 176
202 329
202 347
202 421
202 442
202 459
203 181
203 210
203 266
203 357
203 375
203 405
204 207
204 250
204 361
204 442
204 454
204 499
205 37
205 149
205 312
205 346
205 394
205 476
206 317
206 341
206 407
206 425
206 486
206 496
207 90
207 204
207 225
207 398
207 469
207 491
208 11
208 131
208 155
208 196
208 360
208 444
209 112
209 339
209 379
209 403
209 427
209 479
210 203
210 272
210 280
210 422
210 456
210 473
211 96
211 186
211 380
211 453
211 484
211 496
212 30
212 141
212 279
212 327
212 345
212 372
213 46
213 151
213 352
213 453
213 494
213 497
214 156
214 242
214 261
214 285
214 360
214 389
215 11
215 281
215 361
215 447
215 460
215 488
216 86
216 310
216 337
216 387
216 429
216 494
217 10
217 121
217 333
217 464
217 483
217 498
218 4
218 281
218 376
218 402
218 451
218 466
219 6
219 13
219 26
219 52
219 147
219 490
220 107
220 224
220 292
220 418
220 439
220 476
221 1
221 9
221 26
221 73
221 123
221 492
222 168
222 288
222 307
222 430
222 447
222 478
223 122
223 224
223 318
223 395
223 471
223 496
224 220
224 223
224 419
224 481
224 482
224 499
225 207
225 356
225 361
225 485
225 491
225 496
226 425
226 442
226 443
226 444
226 474
226 500
227 182
227 243
227 307
227 430
227 455
227 478
228 2
228 192
228 395
228 416
228 433
228 475
229 5
229 28
229 47
229 315
229 344
229 486
230 340
230 359
230 452
230 463
230 466
230 496
231 238
231 275
231 301
231 383
231 479
231 490
232 24
232 113
232 284
232 343
232 413
232 472
233 132
233 199
233 378
233 380
233 480
233 484
234 257
234 315
234 350
234 371
234 398
234 493
235 242
235 325
235 360
235 389
235 432
235 483
236 28
236 334
236 386
236 415
236 467
236 496
237 165
237 344
237 457
237 473
237 480
237 490
238 147
238 231
238 241
238 393
238 406
238 490
239 61
239 160
239 172
239 264
239 465
239 475
240 113
240 146
240 189
240 272
240 275
240 489
241 95
241 114
241 195
241 238
241 303
241 432
242 214
242 235
242 360
242 389
242 407
242 500
243 16
243 148
243 227
243 465
243 489
243 491
244 263
244 373
244 409
244 462
244 479
244 496
245 399
245 422
245 480
245 482
245 484
245 496
246 13
246 194
246 248
246 379
246 393
246 488
247 17
247 45
247 61
247 142
247 143
247 292
248 246
248 278
248 310
248 406
248 413
248 455
249 104
249 340
249 438
249 463
249 486
249 496
250 104
250 204
250 251
250 346
250 414
250 469
251 18
251 63
251 250
251 264
251 288
251 381
252 257
252 314
252 458
252 471
252 487
252 493
253 321
253 385
253 392
253 403
253 412
253 439
254 168
254 181
254 272
254 365
254 405
254 410
255 81
255 313
255 357
255 366
255 451
255 486
256 286
256 331
256 390
256 396
256 426
256 454
257 41
257 83
257 94
257 234
257 252
257 442
258 260
258 431
258 449
258 464
258 470
258 477
259 153
259 260
259 428
259 486
259 487
259 496
260 258
260 259
260 261
260 324
260 463
260 470
261 32
261 160
261 214
261 260
261 449
261 465
262 124
262 268
262 385
262 439
262 452
262 477
263 21
263 244
263 368
263 409
263 479
263 497
264 18
264 186
264 239
264 251
264 328
264 453
265 16
265 56
265 280
265 464
265 468
265 477
266 58
266 138
266 203
266 277
266 283
266 432
267 76
267 96
267 335
267 429
267 453
267 494
268 87
268 262
268 352
268 419
268 443
268 481
269 49
269 130
269 365
269 372
269 435
269 458
270 8
270 20
270 434
270 437
270 451
270 489
271 88
271 195
271 277
271 323
271 412
271 440
272 125
272 170
272 210
272 240
272 254
272 385
272 456
273 48
273 104
273 167
273 297
273 419
273 495
273 497
274 293
274 300
274 336
274 354
274 400
274 432
274 449
275 91
275 115
275 231
275 240
275 285
275 291
275 434
276 125
276 298
276 388
276 425
276 474
276 480
276 492
277 89
277 266
277 271
277 338
277 355
277 375
277 440
278 105
278 248
278 342
278 417
278 419
278 475
278 481
279 15
279 30
279 102
279 141
279 212
279 327
279 474
280 210
280 265
280 415
280 448
280 464
280 477
280 492
281 17
281 146
281 200
281 215
281 218
281 376
281 470
282 7
282 296
282 349
282 396
282 412
282 426
282 454
283 121
283 266
283 302
283 304
283 343
283 371
283 498
284 68
284 80
284 232
284 340
284 435
284 486
284 488
285 97
285 214
285 275
285 451
285 466
285 486
285 494
286 256
286 351
286 362
286 393
286 412
286 426
286 454
287 197
287 346
287 365
287 448
287 468
287 470
287 492
288 23
288 151
288 200
288 222
288 251
288 328
288 499
289 53
289 179
289 342
289 407
289 426
289 472
289 481
290 29
290 120
290 140
290 294
290 406
290 411
290 416
291 91
291 115
291 160
291 189
291 275
291 424
291 445
292 44
292 69
292 185
292 220
292 247
292 316
292 417
293 52
293 274
293 300
293 317
293 354
293 396
293 400
294 82
294 290
294 295
294 373
294 410
294 471
294 481
295 99
295 196
295 294
295 357
295 412
295 413
295 420
296 24
296 84
296 282
296 361
296 469
296 478
296 491
297 116
297 273
297 315
297 319
297 413
297 497
297 499
298 1
298 276
298 358
298 418
298 443
298 448
298 492
299 4
299 97
299 115
299 200
299 489
299 492
299 495
300 12
300 106
300 274
300 293
300 309
300 367
300 497
301 44
301 109
301 231
301 357
301 373
301 452
301 458
302 57
302 145
302 173
302 283
302 355
302 390
302 459
303 33
303 95
303 161
303 195
303 241
303 361
303 424
304 283
304 366
304 457
304 473
304 480
304 484
304 488
305 38
305 307
305 309
305 409
305 447
305 460
305 488
306 78
306 118
306 133
306 341
306 389
306 433
306 492
307 76
307 222
307 227
307 305
307 361
307 426
307 491
308 20
308 29
308 79
308 147
308 444
308 475
308 494
309 42
309 300
309 305
309 350
309 408
309 456
309 483
310 15
310 110
310 216
310 248
310 395
310 445
310 474
311 39
311 99
311 134
311 190
311 385
311 411
311 420
312 100
312 129
312 182
312 185
312 205
312 443
312 465
313 48
313 125
313 255
313 353
313 354
313 361
313 366
314 107
314 149
314 187
314 252
314 392
314 462
314 476
315 2
315 5
315 47
315 229
315 234
315 297
315 485
316 44
316 69
316 185
316 292
316 320
316 327
316 335
317 189
317 206
317 293
317 378
317 381
317 428
317 436
318 11
318 61
318 138
318 223
318 374
318 392
318 500
319 133
319 297
319 337
319 374
319 418
319 497
319 499
320 9
320 316
320 381
320 421
320 430
320 485
320 491
321 116
321 253
321 369
321 385
321 425
321 439
321 472
322 50
322 55
322 56
322 93
322 157
322 399
322 449
323 19
323 120
323 271
323 390
323 394
323 459
323 478
324 96
324 260
324 468
324 470
324 477
324 480
324 497
325 2
325 75
325 235
325 353
325 372
325 427
325 485
326 46
326 77
326 343
326 471
326 480
326 487
326 493
327 36
327 194
327 212
327 279
327 316
327 341
327 393
328 18
328 60
328 173
328 264
328 288
328 429
328 485
329 82
329 202
329 347
329 359
329 362
329 421
329 458
330 198
330 336
330 340
330 381
330 391
330 392
330 450
331 126
331 256
331 369
331 412
331 460
331 485
331 488
332 42
332 61
332 343
332 409
332 486
332 498
332 500
333 21
333 27
333 106
333 119
333 217
333 363
333 490
334 67
334 198
334 236
334 415
334 467
334 469
334 500
335 183
335 267
335 316
335 369
335 414
335 487
335 497
335 499
336 184
336 274
336 330
336 345
336 350
336 386
336 391
336 450
337 40
337 167
337 216
337 319
337 423
337 434
337 489
337 495
338 134
338 177
338 277
338 411
338 433
338 436
338 455
338 493
339 70
339 165
339 209
339 401
339 424
339 441
339 472
339 493
340 230
340 249
340 284
340 330
340 367
340 400
340 496
340 498
341 67
341 162
341 206
341 306
341 327
341 463
341 496
341 500
342 24
342 140
342 278
342 289
342 417
342 438
342 457
342 472
343 177
343 232
343 283
343 326
343 332
343 384
343 483
343 498
344 65
344 82
344 177
344 229
344 237
344 373
344 388
344 473
345 93
345 119
345 212
345 336
345 385
345 391
345 450
345 500
346 7
346 31
346 187
346 205
346 250
346 287
346 431
346 476
347 21
347 45
347 202
347 329
347 362
347 415
347 421
347 458
348 64
348 393
348 422
348 427
348 457
348 461
348 473
348 480
349 66
349 86
349 150
349 170
349 282
349 427
349 441
349 474
350 26
350 128
350 234
350 309
350 336
350 408
350 432
350 476
351 29
351 42
351 78
351 120
351 138
351 286
351 377
351 416
352 23
352 199
352 213
352 268
352 429
352 453
352 471
352 494
353 28
353 51
353 75
353 117
353 147
353 313
353 325
353 427
354 274
354 293
354 313
354 367
354 400
354 421
354 438
354 457
355 277
355 302
355 377
355 382
355 423
355 431
355 461
355 486
356 70
356 156
356 225
356 375
356 423
356 431
356 461
356 486
357 203
357 255
357 295
357 301
357 363
357 368
357 433
357 458
358 142
358 180
358 298
358 382
358 423
358 431
358 461
358 462
359 230
359 329
359 444
359 448
359 464
359 468
359 470
359 484
360 62
360 123
360 208
360 214
360 235
360 242
360 389
360 476
361 204
361 215
361 225
361 296
361 303
361 307
361 313
361 436
362 45
362 60
362 96
362 286
362 329
362 347
362 386
362 421
363 54
363 56
363 166
363 333
363 357
363 369
363 399
363 449
364 13
364 14
364 103
364 374
364 397
364 464
364 478
364 500
365 49
365 130
365 154
365 254
365 269
365 287
365 410
365 483
366 64
366 81
366 125
366 255
366 304
366 313
366 377
366 485
367 12
367 56
367 300
367 340
367 354
367 400
367 430
367 497
368 85
368 90
368 98
368 263
368 357
368 409
368 462
368 479
369 199
369 321
369 331
369 335
369 363
369 447
369 460
369 488
370 82
370 115
370 193
370 373
370 388
370 391
370 410
370 487
371 14
371 16
371 63
371 234
371 283
371 487
371 490
371 493
372 2
372 80
372 191
372 212
372 269
372 325
372 394
372 459
373 244
373 294
373 301
373 344
373 370
373 388
373 410
373 494
374 14
374 171
374 318
374 319
374 364
374 402
374 437
374 500
375 92
375 110
375 203
375 277
375 356
375 440
375 483
375 487
376 25
376 129
376 146
376 149
376 218
376 281
376 384
376 468
377 59
377 135
377 179
377 351
377 355
377 366
377 416
377 459
378 22
378 37
378 112
378 164
378 233
378 317
378 489
378 495
379 108
379 112
379 209
379 246
379 381
379 403
379 414
379 457
380 20
380 64
380 181
380 211
380 233
380 387
380 429
380 478
380 494
381 85
381 127
381 251
381 317
381 320
381 330
381 379
381 478
381 485
382 51
382 197
382 355
382 358
382 417
382 423
382 431
382 456
382 461
383 55
383 76
383 94
383 109
383 122
383 148
383 231
383 452
383 490
384 146
384 159
384 163
384 343
384 376
384 402
384 442
384 453
384 469
385 116
385 253
385 262
385 272
385 311
385 321
385 345
385 408
385 439
386 102
386 198
386 236
386 336
386 362
386 415
386 444
386 467
386 472
387 216
387 380
387 413
387 419
387 429
387 437
387 444
387 483
387 494
388 12
388 193
388 276
388 344
388 370
388 373
388 410
388 435
388 491
389 106
389 120
389 214
389 235
389 242
389 306
389 360
389 436
389 487
390 145
390 164
390 256
390 302
390 323
390 394
390 459
390 486
390 497
391 57
391 184
391 330
391 336
391 345
391 370
391 450
391 465
391 481
392 24
392 253
392 314
392 318
392 330
392 397
392 437
392 456
392 500
393 13
393 111
393 173
393 194
393 238
393 246
393 286
393 327
393 348
394 32
394 101
394 205
394 323
394 372
394 390
394 459
394 483
394 495
395 107
395 223
395 228
395 310
395 415
395 445
395 463
395 475
395 490
396 66
396 186
396 256
396 282
396 293
396 399
396 412
396 426
396 454
397 48
397 58
397 60
397 114
397 140
397 364
397 392
397 438
397 500
398 73
398 158
398 165
398 180
398 207
398 234
398 401
398 424
398 449
399 54
399 92
399 119
399 197
399 245
399 322
399 363
399 396
399 449
400 12
400 17
400 40
400 274
400 293
400 340
400 354
400 367
400 490
401 49
401 67
401 136
401 158
401 339
401 398
401 441
401 463
401 476
402 71
402 129
402 141
402 157
402 163
402 200
402 218
402 374
402 384
403 74
403 108
403 112
403 131
403 209
403 253
403 379
403 464
403 475
404 18
404 40
404 171
404 174
404 410
404 466
404 473
404 489
404 495
405 5
405 6
405 168
405 203
405 254
405 416
405 446
405 456
405 468
406 92
406 158
406 192
406 238
406 248
406 290
406 445
406 475
406 481
407 19
407 50
407 113
407 130
407 206
407 242
407 289
407 443
407 446
408 58
408 130
408 134
408 137
408 309
408 350
408 385
408 432
408 451
408 487
409 188
409 192
409 244
409 263
409 305
409 332
409 368
409 445
409 447
409 479
410 193
410 254
410 294
410 365
410 370
410 373
410 388
410 404
410 413
410 414
411 36
411 290
411 311
411 338
411 420
411 447
411 455
411 458
411 466
411 477
412 176
412 253
412 271
412 282
412 286
412 295
412 331
412 396
412 433
412 454
413 180
413 232
413 248
413 295
413 297
413 387
413 410
413 433
413 455
413 458
414 195
414 250
414 335
414 379
414 410
414 425
414 442
414 491
414 497
414 499
415 26
415 102
415 139
415 236
415 280
415 334
415 347
415 386
415 395
415 467
416 135
416 144
416 179
416 228
416 290
416 351
416 377
416 405
416 426
416 428
417 31
417 72
417 123
417 278
417 292
417 342
417 382
417 421
417 438
417 472
418 23
418 109
418 137
418 195
418 220
418 298
418 319
418 442
418 497
418 499
419 59
419 113
419 190
419 224
419 268
419 273
419 278
419 387
419 445
419 475
420 35
420 74
420 99
420 295
420 311
420 411
420 433
420 456
420 463
420 482
421 45
421 98
421 167
421 202
421 320
421 329
421 347
421 354
421 362
421 417
422 13
422 43
422 117
422 175
422 210
422 245
422 348
422 459
422 480
422 482
423 88
423 144
423 156
423 337
423 355
423 356
423 358
423 382
423 431
423 461
424 73
424 158
424 187
424 291
424 303
424 339
424 398
424 441
424 492
424 496
425 166
425 206
425 226
425 276
425 321
425 414
425 443
425 453
425 474
425 492
426 176
426 256
426 282
426 286
426 289
426 307
426 396
426 416
426 446
426 454
427 51
427 75
427 78
427 117
427 209
427 325
427 348
427 349
427 353
427 465
428 75
428 85
428 132
428 148
428 259
428 317
428 416
428 430
428 469
428 485
429 34
429 53
429 216
429 267
429 328
429 352
429 380
429 387
429 444
429 453
429 484
430 7
430 25
430 38
430 146
430 222
430 227
430 320
430 367
430 428
430 474
430 491
431 92
431 258
431 346
431 355
431 356
431 358
431 382
431 423
431 461
431 476
431 483
432 14
432 39
432 235
432 241
432 266
432 274
432 350
432 408
432 483
432 489
432 498
433 33
433 103
433 177
433 180
433 228
433 306
433 338
433 357
433 412
433 413
433 420
434 142
434 167
434 169
434 270
434 275
434 337
434 450
434 451
434 466
434 495
434 498
435 47
435 126
435 127
435 128
435 152
435 269
435 284
435 388
435 480
435 486
435 496
436 22
436 25
436 154
436 317
436 338
436 361
436 389
436 450
436 469
436 478
436 485
437 103
437 138
437 173
437 270
437 374
437 387
437 392
437 442
437 455
437 495
437 500
438 1
438 24
438 123
438 128
438 249
438 342
438 354
438 397
438 417
438 446
438 448
439 4
439 82
439 116
439 124
439 183
439 220
439 253
439 262
439 321
439 385
439 476
440 22
440 54
440 88
440 89
440 92
440 110
440 271
440 277
440 375
440 463
440 468
441 50
441 67
441 70
441 165
441 175
441 184
441 190
441 339
441 349
441 401
441 424
442 23
442 83
442 202
442 204
442 226
442 257
442 384
442 414
442 418
442 437
442 499
443 166
443 196
443 226
443 268
443 298
443 312
443 407
443 425
443 474
443 492
443 495
444 71
444 96
444 186
444 208
444 226
444 308
444 359
444 386
444 387
444 429
444 494
445 41
445 75
445 291
445 310
445 395
445 406
445 409
445 419
445 449
445 475
445 481
446 19
446 65
446 72
446 113
446 129
446 176
446 188
446 405
446 407
446 426
446 438
446 480
447 38
447 84
447 215
447 222
447 305
447 369
447 409
447 411
447 460
447 467
447 475
447 488
448 27
448 63
448 105
448 110
448 178
448 197
448 280
448 287
448 298
448 359
448 438
448 464
449 54
449 56
449 119
449 157
449 258
449 261
449 274
449 322
449 363
449 398
449 399
449 445
450 64
450 93
450 184
450 330
450 336
450 345
450 391
450 434
450 436
450 456
450 458
450 479
451 53
451 80
451 178
451 193
451 218
451 255
451 270
451 285
451 408
451 434
451 489
451 495
452 27
452 55
452 62
452 76
452 79
452 131
452 171
452 230
452 262
452 301
452 383
452 471
453 51
453 93
453 172
453 211
453 213
453 264
453 267
453 352
453 384
453 425
453 429
453 494
454 32
454 79
454 174
454 176
454 204
454 256
454 282
454 286
454 396
454 412
454 426
454 493
455 10
455 109
455 133
455 134
455 178
455 227
455 248
455 338
455 411
455 413
455 437
455 458
456 6
456 94
456 168
456 181
456 210
456 272
456 309
456 382
456 392
456 405
456 420
456 450
457 41
457 73
457 111
457 237
457 304
457 342
457 348
457 354
457 379
457 473
457 482
457 484
458 30
458 136
458 180
458 252
458 269
458 301
458 329
458 347
458 357
458 411
458 413
458 450
458 455
459 43
459 57
459 98
459 202
459 302
459 323
459 372
459 377
459 390
459 394
459 422
459 477
459 484
460 38
460 49
460 106
460 127
460 215
460 305
460 331
460 369
460 447
460 461
460 475
460 488
460 495
461 35
461 69
461 150
461 156
461 348
461 355
461 356
461 358
461 382
461 423
461 431
461 460
461 482
462 34
462 35
462 90
462 95
462 135
462 156
462 162
462 188
462 244
462 314
462 358
462 368
462 479
463 1
463 68
463 127
463 162
463 230
463 249
463 260
463 341
463 395
463 401
463 420
463 440
463 496
464 34
464 108
464 154
464 217
464 258
464 265
464 280
464 359
464 364
464 403
464 448
464 470
464 477
465 32
465 100
465 172
465 182
465 239
465 243
465 261
465 312
465 391
465 427
465 468
465 470
465 473
466 4
466 72
466 136
466 164
466 218
466 230
466 285
466 404
466 411
466 434
466 489
466 490
466 495
467 30
467 81
467 102
467 126
467 139
467 187
467 198
467 236
467 334
467 386
467 415
467 447
467 484
468 71
468 155
468 161
468 197
468 265
468 287
468 324
468 359
468 376
468 405
468 440
468 465
468 477
469 8
469 159
469 193
469 207
469 250
469 296
469 334
469 384
469 428
469 436
469 470
469 474
469 485
469 491
470 90
470 105
470 143
470 178
470 258
470 260
470 281
470 287
470 324
470 359
470 464
470 465
470 469
470 473
471 16
471 94
471 163
471 169
471 223
471 252
471 294
471 326
471 352
471 452
471 474
471 479
471 487
471 493
472 29
472 50
472 65
472 102
472 123
472 128
472 232
472 289
472 321
472 339
472 342
472 386
472 417
472 490
473 41
473 175
473 194
473 210
473 237
473 304
473 344
473 348
473 404
473 457
473 465
473 470
473 480
473 484
474 3
474 151
474 195
474 226
474 276
474 279
474 310
474 349
474 425
474 430
474 443
474 469
474 471
474 492
475 10
475 190
475 228
475 239
475 278
475 308
475 395
475 403
475 406
475 419
475 445
475 447
475 460
475 493
476 31
476 181
476 187
476 199
476 205
476 220
476 314
476 346
476 350
476 360
476 401
476 431
476 439
476 499
477 45
477 71
477 84
477 97
477 178
477 191
477 258
477 262
477 265
477 280
477 324
477 411
477 459
477 464
477 468
478 25
478 99
478 166
478 222
478 227
478 296
478 323
478 364
478 380
478 381
478 436
478 480
478 485
478 491
478 498
479 35
479 90
479 152
479 188
479 209
479 231
479 244
479 263
479 368
479 409
479 450
479 462
479 471
479 490
479 491
479 492
480 97
480 159
480 233
480 237
480 245
480 276
480 304
480 324
480 326
480 348
480 422
480 435
480 446
480 473
480 478
480 482
481 10
481 15
481 87
481 110
481 129
481 142
481 192
481 224
481 268
481 278
481 289
481 294
481 391
481 406
481 445
481 492
482 52
482 64
482 89
482 132
482 159
482 161
482 167
482 191
482 224
482 245
482 420
482 422
482 457
482 461
482 480
482 484
483 39
483 42
483 69
483 121
483 137
483 217
483 235
483 309
483 343
483 365
483 375
483 387
483 394
483 431
483 432
483 498
484 39
484 132
484 161
484 175
484 211
484 233
484 245
484 304
484 359
484 429
484 457
484 459
484 467
484 473
484 482
484 489
485 8
485 63
485 107
485 225
485 315
485 320
485 325
485 328
485 331
485 366
485 381
485 428
485 436
485 469
485 478
485 491
485 494
486 19
486 53
486 126
486 153
486 206
486 229
486 249
486 255
486 259
486 284
486 285
486 332
486 355
486 356
486 390
486 435
486 496
487 9
487 63
487 77
487 114
487 169
487 201
487 252
487 259
487 326
487 335
487 370
487 371
487 375
487 389
487 408
487 471
487 493
488 38
488 43
488 62
488 68
488 84
488 108
488 215
488 246
488 284
488 304
488 305
488 331
488 369
488 447
488 460
488 494
488 499
489 46
489 78
489 93
489 97
489 145
489 240
489 243
489 270
489 299
489 337
489 378
489 404
489 432
489 451
489 466
489 484
489 495
489 499
490 27
490 40
490 55
490 76
490 87
490 131
490 147
490 219
490 231
490 237
490 238
490 333
490 371
490 383
490 395
490 400
490 466
490 472
490 479
491 139
491 166
491 182
491 194
491 207
491 225
491 243
491 296
491 307
491 320
491 388
491 414
491 430
491 469
491 478
491 479
491 485
491 492
491 500
492 1
492 3
492 9
492 151
492 182
492 221
492 276
492 280
492 287
492 298
492 299
492 306
492 424
492 425
492 443
492 474
492 479
492 481
492 491
493 16
493 55
493 77
493 85
493 94
493 105
493 169
493 201
493 234
493 252
493 326
493 338
493 339
493 371
493 454
493 471
493 475
493 487
493 497
494 20
494 57
494 121
494 157
494 186
494 187
494 213
494 216
494 267
494 285
494 308
494 352
494 373
494 380
494 387
494 444
494 453
494 485
494 488
494 498
495 4
495 27
495 46
495 91
495 98
495 174
495 273
495 299
495 337
495 378
495 394
495 404
495 434
495 437
495 443
495 451
495 460
495 466
495 489
495 500
496 109
496 127
496 139
496 162
496 206
496 211
496 223
496 225
496 230
496 236
496 244
496 245
496 249
496 259
496 340
496 341
496 424
496 435
496 463
496 486
497 59
497 83
497 103
497 104
497 179
497 183
497 213
497 263
497 273
497 297
497 300
497 319
497 324
497 335
497 367
497 390
497 414
497 418
497 493
497 499
498 8
498 23
498 36
498 39
498 58
498 61
498 95
498 134
498 137
498 184
498 217
498 283
498 332
498 340
498 343
498 432
498 434
498 478
498 483
498 494
499 3
499 5
499 58
499 59
499 83
499 159
499 183
499 185
499 204
499 224
499 288
499 297
499 319
499 335
499 414
499 418
499 442
499 476
499 488
499 489
499 497
500 14
500 60
500 69
500 114
500 137
500 138
500 173
500 226
500 242
500 318
500 332
500 334
500 341
500 345
500 364
500 374
500 392
500 397
500 437
500 491
500 495
