1 108
1 319
1 448
1 475
1 491
2 21
2 97
2 142
2 466
2 468
3 138
3 218
3 339
3 416
3 498
4 96
4 231
4 290
4 385
4 413
5 43
5 234
5 418
5 492
5 495
6 79
6 416
6 477
6 481
6 482
7 50
7 179
7 182
7 258
7 326
8 127
8 176
8 340
8 443
8 468
9 150
9 388
9 456
9 477
9 495
10 237
10 420
10 466
10 472
10 478
11 95
11 144
11 300
11 345
11 468
12 25
12 137
12 335
12 396
12 484
13 65
13 71
13 185
13 407
13 465
14 231
14 339
14 365
14 423
14 450
15 181
15 282
15 314
15 397
15 483
16 239
16 312
16 332
16 442
16 454
17 82
17 439
17 450
17 481
17 495
18 103
18 343
18 429
18 492
18 499
19 207
19 420
19 425
19 438
19 471
20 152
20 166
20 404
20 425
20 494
21 2
21 162
21 183
21 194
21 293
22 114
22 406
22 417
22 434
22 498
23 106
23 178
23 179
23 388
23 481
24 163
24 170
24 241
24 317
24 404
25 12
25 52
25 288
25 375
25 414
26 253
26 273
26 379
26 472
26 500
27 191
27 348
27 353
27 469
27 483
28 245
28 266
28 306
28 418
28 435
29 51
29 213
29 273
29 377
29 457
30 253
30 428
30 485
30 494
30 499
31 208
31 275
31 292
31 415
31 496
32 185
32 261
32 330
32 336
32 349
33 161
33 369
33 386
33 405
33 477
34 282
34 285
34 320
34 391
34 483
35 85
35 330
35 336
35 339
35 422
36 133
36 257
36 293
36 463
36 493
37 186
37 194
37 259
37 293
37 356
38 81
38 235
38 367
38 422
38 470
39 199
39 200
39 206
39 475
39 483
40 112
40 307
40 361
40 388
40 431
41 167
41 213
41 307
41 427
41 459
42 146
42 266
42 352
42 472
42 474
43 5
43 371
43 389
43 401
43 457
44 168
44 212
44 290
44 413
44 490
45 76
45 107
45 115
45 313
45 431
46 136
46 241
46 398
46 496
46 498
47 85
47 135
47 440
47 464
47 470
48 252
48 396
48 435
48 488
48 497
49 111
49 378
49 407
49 417
49 455
50 7
50 179
50 258
50 445
50 468
51 29
51 93
51 363
51 415
51 454
52 25
52 263
52 322
52 405
52 445
53 306
53 347
53 359
53 488
53 498
54 183
54 215
54 230
54 291
54 308
55 132
55 222
55 247
55 401
55 499
56 90
56 144
56 300
56 468
56 497
57 128
57 141
57 250
57 330
57 462
58 72
58 74
58 290
58 302
58 413
59 278
59 289
59 375
59 383
59 478
60 124
60 146
60 169
60 352
60 425
61 287
61 321
61 355
61 375
61 465
62 65
62 165
62 329
62 477
62 483
63 182
63 430
63 446
63 487
63 500
64 386
64 450
64 469
64 484
64 490
65 13
65 62
65 286
65 379
65 474
66 67
66 352
66 484
66 490
66 495
67 66
67 277
67 288
67 429
67 489
68 329
68 362
68 412
68 433
68 494
69 274
69 278
69 362
69 380
69 383
70 185
70 311
70 461
70 498
70 500
71 13
71 185
71 286
71 363
71 486
72 58
72 185
72 221
72 440
72 447
73 197
73 273
73 395
73 430
73 437
74 58
74 406
74 413
74 425
74 466
75 183
75 214
75 275
75 361
75 369
76 45
76 108
76 367
76 431
76 486
77 371
77 385
77 466
77 467
77 500
78 264
78 438
78 442
78 454
78 471
79 6
79 153
79 205
79 257
79 446
80 119
80 133
80 394
80 436
80 439
81 38
81 263
81 283
81 473
81 476
82 17
82 226
82 405
82 433
82 485
83 92
83 410
83 425
83 456
83 465
84 120
84 151
84 234
84 244
84 251
85 35
85 47
85 424
85 451
85 470
86 239
86 392
86 461
86 486
86 500
87 119
87 366
87 424
87 428
87 496
88 344
88 387
88 453
88 463
88 489
89 254
89 343
89 365
89 387
89 406
90 56
90 91
90 95
90 116
90 460
91 90
91 369
91 427
91 462
91 464
92 83
92 271
92 334
92 336
92 456
93 51
93 392
93 454
93 471
93 479
94 132
94 145
94 374
94 400
94 431
95 11
95 90
95 144
95 322
95 475
96 4
96 197
96 284
96 440
96 447
97 2
97 374
97 399
97 404
97 480
98 365
98 449
98 461
98 473
98 498
99 175
99 198
99 288
99 382
99 421
100 290
100 333
100 356
100 394
100 438
101 109
101 429
101 439
101 464
101 482
102 161
102 208
102 311
102 415
102 490
103 18
103 212
103 300
103 343
103 492
104 118
104 172
104 267
104 401
104 457
105 173
105 253
105 338
105 358
105 475
106 23
106 178
106 276
106 388
106 414
107 45
107 238
107 303
107 327
107 500
108 1
108 76
108 121
108 272
108 321
109 101
109 259
109 269
109 429
109 489
110 397
110 404
110 407
110 419
110 493
111 49
111 192
111 320
111 407
111 480
112 40
112 387
112 396
112 427
112 431
113 279
113 360
113 372
113 486
113 494
114 22
114 173
114 310
114 480
114 482
115 45
115 361
115 387
115 466
115 495
116 90
116 216
116 372
116 491
116 492
117 140
117 207
117 368
117 446
117 465
118 104
118 309
118 319
118 382
118 457
119 80
119 87
119 362
119 366
119 424
120 84
120 259
120 269
120 302
120 463
121 108
121 135
121 238
121 272
121 364
122 241
122 441
122 474
122 481
122 488
123 203
123 232
123 263
123 322
123 326
124 60
124 201
124 386
124 462
124 498
125 198
125 261
125 384
125 390
125 461
126 256
126 311
126 376
126 407
126 476
127 8
127 237
127 292
127 415
127 478
128 57
128 311
128 391
128 462
128 488
129 336
129 351
129 377
129 429
129 467
130 153
130 160
130 324
130 426
130 490
131 213
131 285
131 451
131 467
131 494
132 55
132 94
132 247
132 404
132 477
133 36
133 80
133 184
133 187
133 355
134 264
134 326
134 340
134 409
134 435
135 47
135 121
135 329
135 332
135 474
136 46
136 274
136 277
136 460
136 482
137 12
137 224
137 246
137 282
137 335
138 3
138 283
138 297
138 472
138 499
139 227
139 253
139 301
139 456
139 496
140 117
140 210
140 222
140 413
140 487
141 57
141 176
141 248
141 453
141 489
142 2
142 391
142 486
142 488
142 500
143 144
143 254
143 331
143 352
143 442
144 11
144 56
144 95
144 143
144 274
145 94
145 279
145 330
145 361
145 431
146 42
146 60
146 352
146 420
146 457
147 154
147 242
147 281
147 366
147 462
148 369
148 438
148 446
148 481
148 485
149 267
149 294
149 329
149 375
149 465
150 9
150 388
150 419
150 435
150 500
151 84
151 312
151 428
151 479
151 494
152 20
152 411
152 422
152 426
152 430
153 79
153 130
153 340
153 364
153 382
154 147
154 203
154 385
154 418
154 439
155 323
155 343
155 372
155 396
155 492
156 172
156 252
156 451
156 462
156 470
157 318
157 354
157 366
157 418
157 474
158 188
158 243
158 277
158 429
158 497
159 162
159 187
159 255
159 491
159 494
160 130
160 186
160 223
160 276
160 287
161 33
161 102
161 238
161 305
161 391
162 21
162 159
162 236
162 378
162 451
163 24
163 229
163 324
163 349
163 421
163 485
164 297
164 317
164 416
164 433
164 443
164 493
165 62
165 349
165 408
165 445
165 477
165 489
166 20
166 270
166 295
166 404
166 453
166 485
167 41
167 365
167 393
167 406
167 463
167 482
168 44
168 179
168 258
168 265
168 307
168 424
169 60
169 266
169 282
169 320
169 352
169 493
170 24
170 410
170 448
170 455
170 482
170 496
171 358
171 387
171 393
171 397
171 406
171 428
172 104
172 156
172 414
172 464
172 474
172 491
173 105
173 114
173 248
173 287
173 373
173 408
174 402
174 421
174 428
174 452
174 461
174 480
175 99
175 337
175 421
175 460
175 469
175 473
176 8
176 141
176 349
176 416
176 443
176 458
177 376
177 411
177 412
177 452
177 456
177 494
178 23
178 106
178 226
178 388
178 455
178 461
179 7
179 23
179 50
179 168
179 327
179 374
180 277
180 372
180 418
180 471
180 477
180 492
181 15
181 324
181 395
181 412
181 426
181 465
182 7
182 63
182 349
182 463
182 486
182 487
183 21
183 54
183 75
183 275
183 308
183 328
184 133
184 202
184 299
184 363
184 402
184 471
185 13
185 32
185 70
185 71
185 72
185 286
186 37
186 160
186 194
186 293
186 342
186 442
187 133
187 159
187 205
187 365
187 410
187 463
188 158
188 246
188 342
188 347
188 389
188 457
189 301
189 364
189 437
189 444
189 450
189 474
190 220
190 228
190 276
190 289
190 422
190 432
191 27
191 246
191 248
191 347
191 420
191 491
192 111
192 219
192 249
192 341
192 403
192 471
193 279
193 398
193 403
193 459
193 477
193 496
194 21
194 37
194 186
194 244
194 293
194 488
195 268
195 328
195 440
195 448
195 449
195 470
196 212
196 238
196 303
196 367
196 447
196 477
197 73
197 96
197 347
197 379
197 426
197 430
198 99
198 125
198 337
198 382
198 407
198 421
199 39
199 397
199 404
199 447
199 454
199 483
200 39
200 332
200 363
200 401
200 447
200 471
201 124
201 234
201 369
201 386
201 425
201 462
202 184
202 296
202 452
202 468
202 474
202 499
203 123
203 154
203 301
203 357
203 434
203 494
204 227
204 376
204 410
204 412
204 481
204 485
205 79
205 187
205 322
205 324
205 380
205 430
206 39
206 346
206 397
206 463
206 483
206 496
207 19
207 117
207 347
207 420
207 478
207 496
208 31
208 102
208 219
208 292
208 367
208 415
209 280
209 284
209 362
209 423
209 448
209 479
210 140
210 212
210 372
210 404
210 418
210 492
211 303
211 327
211 414
211 460
211 484
211 495
212 44
212 103
212 196
212 210
212 238
212 303
213 29
213 41
213 131
213 247
213 317
213 499
214 75
214 357
214 436
214 453
214 467
214 472
215 54
215 284
215 311
215 320
215 378
215 421
216 116
216 228
216 380
216 409
216 473
216 476
217 370
217 427
217 439
217 457
217 468
217 499
218 3
218 231
218 295
218 332
218 339
218 495
219 192
219 208
219 265
219 306
219 403
219 499
220 190
220 284
220 459
220 479
220 494
220 498
221 72
221 236
221 295
221 305
221 320
221 428
222 55
222 140
222 225
222 247
222 480
222 500
223 160
223 225
223 373
223 408
223 423
223 464
224 137
224 227
224 251
224 304
224 335
224 476
225 222
225 223
225 294
225 375
225 452
225 465
226 82
226 178
226 340
226 344
226 402
226 416
227 139
227 204
227 224
227 434
227 469
227 475
228 190
228 216
228 360
228 411
228 432
228 496
229 163
229 293
229 297
229 374
229 485
229 489
230 54
230 275
230 305
230 308
230 395
230 476
231 4
231 14
231 218
231 278
231 339
231 345
232 123
232 288
232 311
232 414
232 436
232 487
233 237
233 270
233 381
233 405
233 458
233 485
234 5
234 84
234 201
234 316
234 469
234 479
235 38
235 367
235 422
235 432
235 499
235 500
236 162
236 221
236 288
236 378
236 419
236 491
237 10
237 127
237 233
237 270
237 391
237 438
238 107
238 121
238 161
238 196
238 212
238 303
239 16
239 86
239 280
239 427
239 469
239 479
240 286
240 351
240 398
240 453
240 467
240 489
241 24
241 46
241 122
241 444
241 474
241 486
242 147
242 272
242 401
242 402
242 452
242 480
243 158
243 277
243 288
243 429
243 441
243 495
244 84
244 194
244 251
244 259
244 314
244 492
245 28
245 339
245 368
245 417
245 485
245 497
246 137
246 188
246 191
246 342
246 449
246 499
247 55
247 132
247 213
247 222
247 330
247 409
248 141
248 173
248 191
248 420
248 425
248 471
249 192
249 384
249 430
249 467
249 482
249 489
250 57
250 295
250 423
250 472
250 481
250 493
251 84
251 224
251 244
251 259
251 269
251 493
252 48
252 156
252 255
252 293
252 372
252 491
253 26
253 30
253 105
253 139
253 273
253 478
254 89
254 143
254 325
254 399
254 442
254 471
255 159
255 252
255 392
255 448
255 458
255 491
256 126
256 305
256 367
256 383
256 407
256 444
257 36
257 79
257 273
257 321
257 387
257 463
258 7
258 50
258 168
258 267
258 419
258 432
259 37
259 109
259 120
259 244
259 251
259 269
260 314
260 369
260 375
260 465
260 474
260 486
261 32
261 125
261 330
261 336
261 466
261 473
262 287
262 292
262 315
262 355
262 373
262 454
263 52
263 81
263 123
263 322
263 414
263 439
263 441
264 78
264 134
264 368
264 433
264 480
264 487
264 491
265 168
265 219
265 324
265 334
265 394
265 436
265 439
266 28
266 42
266 169
266 328
266 352
266 484
266 485
267 104
267 149
267 258
267 310
267 464
267 470
267 491
268 195
268 294
268 304
268 314
268 341
268 355
268 465
269 109
269 120
269 251
269 259
269 280
269 361
269 469
270 166
270 233
270 237
270 410
270 438
270 487
270 490
271 92
271 305
271 356
271 400
271 420
271 423
271 493
272 108
272 121
272 242
272 321
272 362
272 439
272 469
273 26
273 29
273 73
273 253
273 257
273 466
273 499
274 69
274 136
274 144
274 278
274 351
274 379
274 383
275 31
275 75
275 183
275 230
275 308
275 421
275 460
276 106
276 160
276 190
276 329
276 368
276 446
276 497
277 67
277 136
277 158
277 180
277 243
277 429
277 471
278 59
278 69
278 231
278 274
278 383
278 423
278 450
279 113
279 145
279 193
279 281
279 291
279 428
279 475
280 209
280 239
280 269
280 350
280 366
280 469
280 479
281 147
281 279
281 331
281 366
281 373
281 392
281 424
282 15
282 34
282 137
282 169
282 346
282 455
282 483
283 81
283 138
283 331
283 409
283 449
283 473
283 476
284 96
284 209
284 215
284 220
284 316
284 379
284 479
285 34
285 131
285 339
285 346
285 458
285 490
285 495
286 65
286 71
286 185
286 240
286 296
286 337
286 491
287 61
287 160
287 173
287 262
287 303
287 343
287 408
288 25
288 67
288 99
288 232
288 236
288 243
288 414
289 59
289 190
289 383
289 458
289 460
289 484
289 490
290 4
290 44
290 58
290 100
290 325
290 413
290 435
291 54
291 279
291 306
291 341
291 388
291 403
291 444
292 31
292 127
292 208
292 262
292 415
292 476
292 483
293 21
293 36
293 37
293 186
293 194
293 229
293 252
294 149
294 225
294 268
294 403
294 452
294 457
294 478
295 166
295 218
295 221
295 250
295 313
295 413
295 493
296 202
296 286
296 310
296 384
296 430
296 452
296 480
297 138
297 164
297 229
297 340
297 344
297 393
297 443
298 323
298 380
298 415
298 449
298 459
298 473
298 476
299 184
299 377
299 402
299 449
299 452
299 479
299 480
300 11
300 56
300 103
300 316
300 350
300 370
300 385
301 139
301 189
301 203
301 322
301 323
301 400
301 451
302 58
302 120
302 307
302 357
302 384
302 453
302 489
303 107
303 196
303 211
303 212
303 238
303 287
303 436
304 224
304 268
304 335
304 431
304 467
304 477
304 497
305 161
305 221
305 230
305 256
305 271
305 378
305 407
306 28
306 53
306 219
306 291
306 341
306 403
306 439
307 40
307 41
307 168
307 302
307 334
307 410
307 412
308 54
308 183
308 230
308 275
308 333
308 443
308 456
309 118
309 472
309 473
309 475
309 488
309 498
309 500
310 114
310 267
310 296
310 312
310 325
310 452
310 480
311 70
311 102
311 126
311 128
311 215
311 232
311 320
312 16
312 151
312 310
312 325
312 434
312 438
312 451
313 45
313 295
313 353
313 360
313 400
313 408
313 493
314 15
314 244
314 260
314 268
314 355
314 416
314 465
315 262
315 316
315 338
315 348
315 373
315 408
315 475
316 234
316 284
316 300
316 315
316 453
316 463
316 469
317 24
317 164
317 213
317 374
317 404
317 405
317 430
317 462
318 157
318 364
318 385
318 411
318 441
318 444
318 467
318 474
319 1
319 118
319 338
319 358
319 378
319 389
319 457
319 492
320 34
320 111
320 169
320 215
320 221
320 311
320 358
320 481
321 61
321 108
321 257
321 272
321 329
321 362
321 398
321 436
322 52
322 95
322 123
322 205
322 263
322 301
322 376
322 414
323 155
323 298
323 301
323 327
323 345
323 401
323 440
323 447
324 130
324 163
324 181
324 205
324 265
324 383
324 426
324 445
325 254
325 290
325 310
325 312
325 326
325 434
325 451
325 455
326 7
326 123
326 134
326 325
326 358
326 451
326 489
326 494
327 107
327 179
327 211
327 323
327 345
327 440
327 447
327 450
328 183
328 195
328 266
328 449
328 464
328 470
328 491
328 499
329 62
329 68
329 135
329 149
329 276
329 321
329 362
329 489
330 32
330 35
330 57
330 145
330 247
330 261
330 336
330 498
331 143
331 281
331 283
331 346
331 363
331 384
331 454
331 471
332 16
332 135
332 200
332 218
332 334
332 442
332 471
332 498
333 100
333 308
333 344
333 355
333 419
333 423
333 485
333 493
334 92
334 265
334 307
334 332
334 354
334 376
334 489
334 496
335 12
335 137
335 224
335 304
335 353
335 371
335 455
335 484
336 32
336 35
336 92
336 129
336 261
336 330
336 419
336 487
337 175
337 198
337 286
337 348
337 382
337 386
337 421
337 493
338 105
338 315
338 319
338 365
338 389
338 401
338 420
338 457
339 3
339 14
339 35
339 218
339 231
339 245
339 285
339 463
340 8
340 134
340 153
340 226
340 297
340 344
340 416
340 430
341 192
341 268
341 291
341 306
341 390
341 403
341 426
341 493
342 186
342 188
342 246
342 343
342 398
342 420
342 425
342 443
343 18
343 89
343 103
343 155
343 287
343 342
343 418
343 448
344 88
344 226
344 297
344 333
344 340
344 348
344 416
344 443
345 11
345 231
345 323
345 327
345 440
345 447
345 477
345 479
346 206
346 282
346 285
346 331
346 373
346 386
346 397
346 483
347 53
347 188
347 191
347 197
347 207
347 381
347 411
347 425
348 27
348 315
348 337
348 344
348 353
348 437
348 469
348 479
349 32
349 163
349 165
349 176
349 182
349 350
349 446
349 487
350 280
350 300
350 349
350 407
350 433
350 487
350 496
350 497
351 129
351 240
351 274
351 384
351 390
351 453
351 489
351 494
352 42
352 60
352 66
352 143
352 146
352 169
352 266
352 406
353 27
353 313
353 335
353 348
353 413
353 422
353 469
353 479
354 157
354 334
354 376
354 410
354 412
354 417
354 464
354 498
355 61
355 133
355 262
355 268
355 314
355 333
355 357
355 488
356 37
356 100
356 271
356 400
356 402
356 419
356 446
356 476
357 203
357 214
357 302
357 355
357 456
357 467
357 479
357 489
358 105
358 171
358 319
358 320
358 326
358 454
358 475
358 494
359 53
359 426
359 461
359 466
359 481
359 486
359 498
359 500
360 113
360 228
360 313
360 370
360 419
360 423
360 453
360 493
361 40
361 75
361 115
361 145
361 269
361 409
361 410
361 484
362 68
362 69
362 119
362 209
362 272
362 321
362 329
362 363
363 51
363 71
363 184
363 200
363 331
363 362
363 454
363 492
364 121
364 153
364 189
364 318
364 366
364 429
364 437
364 441
364 474
365 14
365 89
365 98
365 167
365 187
365 338
365 368
365 447
365 463
366 87
366 119
366 147
366 157
366 280
366 281
366 364
366 424
366 459
367 38
367 76
367 196
367 208
367 235
367 256
367 411
367 422
367 432
368 117
368 245
368 264
368 276
368 365
368 370
368 372
368 484
368 497
369 33
369 75
369 91
369 148
369 201
369 260
369 371
369 386
369 462
370 217
370 300
370 360
370 368
370 429
370 459
370 468
370 480
370 499
371 43
371 77
371 335
371 369
371 461
371 485
371 486
371 488
371 500
372 113
372 116
372 155
372 180
372 210
372 252
372 368
372 448
372 492
373 173
373 223
373 262
373 281
373 315
373 346
373 408
373 484
373 490
374 94
374 97
374 179
374 229
374 317
374 399
374 408
374 438
374 487
375 25
375 59
375 61
375 149
375 225
375 260
375 381
375 426
375 465
376 126
376 177
376 204
376 322
376 334
376 354
376 410
376 445
376 466
377 29
377 129
377 299
377 379
377 390
377 468
377 478
377 483
377 499
378 49
378 162
378 215
378 236
378 305
378 319
378 400
378 415
378 453
379 26
379 65
379 197
379 274
379 284
379 377
379 402
379 459
379 472
380 69
380 205
380 216
380 298
380 421
380 449
380 473
380 476
380 497
381 233
381 347
381 375
381 412
381 445
381 455
381 477
381 481
381 496
382 99
382 118
382 153
382 198
382 337
382 421
382 473
382 491
382 492
383 59
383 69
383 256
383 274
383 278
383 289
383 324
383 395
383 469
384 125
384 249
384 296
384 302
384 331
384 351
384 467
384 489
384 493
385 4
385 77
385 154
385 300
385 318
385 394
385 424
385 436
385 439
386 33
386 64
386 124
386 201
386 337
386 346
386 369
386 391
386 399
387 88
387 89
387 112
387 115
387 171
387 257
387 393
387 451
387 463
388 9
388 23
388 40
388 106
388 150
388 178
388 291
388 488
388 491
389 43
389 188
389 319
389 338
389 393
389 401
389 455
389 457
389 499
390 125
390 341
390 351
390 377
390 478
390 486
390 488
390 498
390 500
391 34
391 128
391 142
391 161
391 237
391 386
391 420
391 456
391 462
392 86
392 93
392 255
392 281
392 396
392 433
392 446
392 487
392 497
393 167
393 171
393 297
393 387
393 389
393 395
393 406
393 454
393 463
394 80
394 100
394 265
394 385
394 406
394 436
394 439
394 443
394 447
395 73
395 181
395 230
395 383
395 393
395 426
395 430
395 458
395 498
396 12
396 48
396 112
396 155
396 392
396 424
396 441
396 487
396 497
397 15
397 110
397 171
397 199
397 206
397 346
397 412
397 483
397 490
398 46
398 193
398 240
398 321
398 342
398 481
398 482
398 496
398 497
399 97
399 254
399 374
399 386
399 405
399 418
399 438
399 470
399 485
400 94
400 271
400 301
400 313
400 356
400 378
400 405
400 409
400 423
400 493
401 43
401 55
401 104
401 200
401 242
401 323
401 338
401 389
401 457
401 472
402 174
402 184
402 226
402 242
402 299
402 356
402 379
402 421
402 480
402 499
403 192
403 193
403 219
403 291
403 294
403 306
403 341
403 461
403 479
403 497
404 20
404 24
404 97
404 110
404 132
404 166
404 199
404 210
404 317
404 485
405 33
405 52
405 82
405 233
405 317
405 399
405 400
405 412
405 434
405 438
406 22
406 74
406 89
406 167
406 171
406 352
406 393
406 394
406 413
406 463
407 13
407 49
407 110
407 111
407 126
407 198
407 256
407 305
407 350
407 459
408 165
408 173
408 223
408 287
408 313
408 315
408 373
408 374
408 452
408 455
409 134
409 216
409 247
409 283
409 361
409 400
409 449
409 456
409 473
409 476
410 83
410 170
410 187
410 204
410 270
410 307
410 354
410 361
410 376
410 456
411 152
411 177
411 228
411 318
411 347
411 367
411 422
411 432
411 441
411 494
412 68
412 177
412 181
412 204
412 307
412 354
412 381
412 397
412 405
412 456
413 4
413 44
413 58
413 74
413 140
413 290
413 295
413 353
413 406
413 458
414 25
414 106
414 172
414 211
414 232
414 263
414 288
414 322
414 482
414 492
415 31
415 51
415 102
415 127
415 208
415 292
415 298
415 378
415 419
415 483
416 3
416 6
416 164
416 176
416 226
416 314
416 340
416 344
416 443
416 473
417 22
417 49
417 245
417 354
417 452
417 486
417 488
417 492
417 498
417 500
418 5
418 28
418 154
418 157
418 180
418 210
418 343
418 399
418 471
418 492
419 110
419 150
419 236
419 258
419 333
419 336
419 356
419 360
419 415
419 423
419 493
420 10
420 19
420 146
420 191
420 207
420 248
420 271
420 338
420 342
420 391
420 425
421 99
421 163
421 174
421 175
421 198
421 215
421 275
421 337
421 380
421 382
421 402
422 35
422 38
422 152
422 190
422 235
422 353
422 367
422 411
422 432
422 445
422 483
423 14
423 209
423 223
423 250
423 271
423 278
423 333
423 360
423 400
423 419
423 424
424 85
424 87
424 119
424 168
424 281
424 366
424 385
424 396
424 423
424 440
424 478
425 19
425 20
425 60
425 74
425 83
425 201
425 248
425 342
425 347
425 420
425 473
426 130
426 152
426 181
426 197
426 324
426 341
426 359
426 375
426 395
426 442
426 487
427 41
427 91
427 112
427 217
427 239
427 433
427 459
427 466
427 470
427 472
427 478
428 30
428 87
428 151
428 171
428 174
428 221
428 279
428 434
428 437
428 475
428 494
429 18
429 67
429 101
429 109
429 129
429 158
429 243
429 277
429 364
429 370
429 433
430 63
430 73
430 152
430 197
430 205
430 249
430 296
430 317
430 340
430 395
430 492
431 40
431 45
431 76
431 94
431 112
431 145
431 304
431 434
431 438
431 464
431 480
432 190
432 228
432 235
432 258
432 367
432 411
432 422
432 435
432 444
432 486
432 500
433 68
433 82
433 164
433 264
433 350
433 392
433 427
433 429
433 435
433 446
433 497
434 22
434 203
434 227
434 312
434 325
434 405
434 428
434 431
434 435
434 464
434 475
435 28
435 48
435 134
435 150
435 290
435 432
435 433
435 434
435 464
435 487
435 497
436 80
436 214
436 232
436 265
436 303
436 321
436 385
436 394
436 439
436 442
436 472
437 73
437 189
437 348
437 364
437 428
437 441
437 444
437 474
437 488
437 493
437 500
438 19
438 78
438 100
438 148
438 237
438 270
438 312
438 374
438 399
438 405
438 431
438 485
439 17
439 80
439 101
439 154
439 217
439 263
439 265
439 272
439 306
439 385
439 394
439 436
440 47
440 72
440 96
440 195
440 323
440 327
440 345
440 424
440 442
440 443
440 447
440 461
441 122
441 243
441 263
441 318
441 364
441 396
441 411
441 437
441 444
441 450
441 459
441 474
442 16
442 78
442 143
442 186
442 254
442 332
442 426
442 436
442 440
442 443
442 453
442 471
443 8
443 164
443 176
443 297
443 308
443 342
443 344
443 394
443 416
443 440
443 442
443 470
444 189
444 241
444 256
444 291
444 318
444 432
444 437
444 441
444 449
444 451
444 452
444 474
445 50
445 52
445 165
445 324
445 376
445 381
445 422
445 455
445 461
445 481
445 482
445 496
446 63
446 79
446 117
446 148
446 276
446 349
446 356
446 392
446 433
446 465
446 487
446 495
447 72
447 96
447 196
447 199
447 200
447 323
447 327
447 345
447 365
447 394
447 440
447 460
448 1
448 170
448 195
448 209
448 255
448 343
448 372
448 450
448 464
448 470
448 491
448 497
449 98
449 195
449 246
449 283
449 298
449 299
449 328
449 380
449 409
449 444
449 462
449 473
449 476
450 14
450 17
450 64
450 189
450 278
450 327
450 441
450 448
450 460
450 462
450 484
450 490
450 495
451 85
451 131
451 156
451 162
451 301
451 312
451 325
451 326
451 387
451 444
451 462
451 475
451 494
452 174
452 177
452 202
452 225
452 242
452 294
452 296
452 299
452 310
452 408
452 417
452 444
452 480
453 88
453 141
453 166
453 214
453 240
453 302
453 316
453 351
453 360
453 378
453 442
453 467
453 492
454 16
454 51
454 78
454 93
454 199
454 262
454 331
454 358
454 363
454 393
454 471
454 475
454 491
455 49
455 170
455 178
455 282
455 325
455 335
455 381
455 389
455 408
455 445
455 481
455 482
455 496
456 9
456 83
456 92
456 139
456 177
456 308
456 357
456 391
456 409
456 410
456 412
456 475
456 495
457 29
457 43
457 104
457 118
457 146
457 188
457 217
457 294
457 319
457 338
457 389
457 401
457 467
458 176
458 233
458 255
458 285
458 289
458 395
458 413
458 460
458 475
458 476
458 484
458 490
458 495
459 41
459 193
459 220
459 298
459 366
459 370
459 379
459 407
459 427
459 441
459 466
459 478
459 499
460 90
460 136
460 175
460 211
460 275
460 289
460 447
460 450
460 458
460 470
460 484
460 490
460 495
461 70
461 86
461 98
461 125
461 174
461 178
461 359
461 371
461 403
461 440
461 445
461 486
461 488
461 498
462 57
462 91
462 124
462 128
462 147
462 156
462 201
462 317
462 369
462 391
462 449
462 450
462 451
462 487
463 36
463 88
463 120
463 167
463 182
463 187
463 206
463 257
463 316
463 339
463 365
463 387
463 393
463 406
464 47
464 91
464 101
464 172
464 223
464 267
464 328
464 354
464 431
464 434
464 435
464 448
464 470
464 491
465 13
465 61
465 83
465 117
465 149
465 181
465 225
465 260
465 268
465 314
465 375
465 446
465 466
465 468
466 2
466 10
466 74
466 77
466 115
466 261
466 273
466 359
466 376
466 427
466 459
466 465
466 468
466 478
466 499
467 77
467 129
467 131
467 214
467 240
467 249
467 304
467 318
467 357
467 384
467 453
467 457
467 469
467 470
467 489
468 2
468 8
468 11
468 50
468 56
468 202
468 217
468 370
468 377
468 465
468 466
468 472
468 478
468 490
468 499
469 27
469 64
469 175
469 227
469 234
469 239
469 269
469 272
469 280
469 316
469 348
469 353
469 383
469 467
469 479
470 38
470 47
470 85
470 156
470 195
470 267
470 328
470 399
470 427
470 443
470 448
470 460
470 464
470 467
470 480
471 19
471 78
471 93
471 180
471 184
471 192
471 200
471 248
471 254
471 277
471 331
471 332
471 418
471 442
471 454
472 10
472 26
472 42
472 138
472 214
472 250
472 309
472 379
472 401
472 427
472 436
472 468
472 473
472 477
472 478
472 499
473 81
473 98
473 175
473 216
473 261
473 283
473 298
473 309
473 380
473 382
473 409
473 416
473 425
473 449
473 472
473 476
474 42
474 65
474 122
474 135
474 157
474 172
474 189
474 202
474 241
474 260
474 318
474 364
474 437
474 441
474 444
474 476
475 1
475 39
475 95
475 105
475 227
475 279
475 309
475 315
475 358
475 428
475 434
475 451
475 454
475 456
475 458
475 494
476 81
476 126
476 216
476 224
476 230
476 283
476 292
476 298
476 356
476 380
476 409
476 449
476 458
476 473
476 474
476 480
477 6
477 9
477 33
477 62
477 132
477 165
477 180
477 193
477 196
477 304
477 345
477 381
477 472
477 481
477 482
477 496
478 10
478 59
478 127
478 207
478 253
478 294
478 377
478 390
478 424
478 427
478 459
478 466
478 468
478 472
478 483
478 499
479 93
479 151
479 209
479 220
479 234
479 239
479 280
479 284
479 299
479 345
479 348
479 353
479 357
479 403
479 469
479 496
480 97
480 111
480 114
480 174
480 222
480 242
480 264
480 296
480 299
480 310
480 370
480 402
480 431
480 452
480 470
480 476
481 6
481 17
481 23
481 122
481 148
481 204
481 250
481 320
481 359
481 381
481 398
481 445
481 455
481 477
481 482
481 496
482 6
482 101
482 114
482 136
482 167
482 170
482 249
482 398
482 414
482 445
482 455
482 477
482 481
482 492
482 495
482 496
483 15
483 27
483 34
483 39
483 62
483 199
483 206
483 282
483 292
483 346
483 377
483 397
483 415
483 422
483 478
483 497
484 12
484 64
484 66
484 211
484 266
484 289
484 335
484 361
484 368
484 373
484 450
484 458
484 460
484 485
484 490
484 495
484 498
485 30
485 82
485 148
485 163
485 166
485 204
485 229
485 233
485 245
485 266
485 333
485 371
485 399
485 404
485 438
485 484
485 495
486 71
486 76
486 86
486 113
486 142
486 182
486 241
486 260
486 359
486 371
486 390
486 417
486 432
486 461
486 487
486 488
486 498
487 63
487 140
487 182
487 232
487 264
487 270
487 336
487 349
487 350
487 374
487 392
487 396
487 426
487 435
487 446
487 462
487 486
488 48
488 53
488 122
488 128
488 142
488 194
488 309
488 355
488 371
488 388
488 390
488 417
488 437
488 461
488 486
488 497
488 500
489 67
489 88
489 109
489 141
489 165
489 229
489 240
489 249
489 302
489 326
489 329
489 334
489 351
489 357
489 384
489 467
489 490
490 44
490 64
490 66
490 102
490 130
490 270
490 285
490 289
490 373
490 397
490 450
490 458
490 460
490 468
490 484
490 489
490 495
491 1
491 116
491 159
491 172
491 191
491 236
491 252
491 255
491 264
491 267
491 286
491 328
491 382
491 388
491 448
491 454
491 464
491 494
492 5
492 18
492 103
492 116
492 155
492 180
492 210
492 244
492 319
492 363
492 372
492 382
492 414
492 417
492 418
492 430
492 453
492 482
493 36
493 110
493 164
493 169
493 250
493 251
493 271
493 295
493 313
493 333
493 337
493 341
493 360
493 384
493 400
493 419
493 437
493 500
494 20
494 30
494 68
494 113
494 131
494 151
494 159
494 177
494 203
494 220
494 326
494 351
494 358
494 411
494 428
494 451
494 475
494 491
495 5
495 9
495 17
495 66
495 115
495 211
495 218
495 243
495 285
495 446
495 450
495 456
495 458
495 460
495 482
495 484
495 485
495 490
496 31
496 46
496 87
496 139
496 170
496 193
496 206
496 207
496 228
496 334
496 350
496 381
496 398
496 445
496 455
496 477
496 479
496 481
496 482
497 48
497 56
497 158
497 245
497 276
497 304
497 350
497 368
497 380
497 392
497 396
497 398
497 403
497 433
497 435
497 448
497 483
497 488
497 500
498 3
498 22
498 46
498 53
498 70
498 98
498 124
498 220
498 309
498 330
498 332
498 354
498 359
498 390
498 395
498 417
498 461
498 484
498 486
498 500
499 18
499 30
499 55
499 138
499 202
499 213
499 217
499 219
499 235
499 246
499 273
499 328
499 370
499 377
499 389
499 402
499 459
499 466
499 468
499 472
499 478
500 26
500 63
500 70
500 77
500 86
500 107
500 142
500 150
500 222
500 235
500 309
500 359
500 371
500 390
500 417
500 432
500 437
500 488
500 493
500 497
500 498
