1 46
1 47
1 164
1 446
1 455
2 17
2 77
2 190
2 200
2 229
2 237
2 243
2 295
2 447
2 455
2 456
2 485
3 29
3 351
3 436
3 489
3 495
4 88
4 170
4 280
4 298
4 436
5 7
5 89
5 273
5 284
5 297
6 108
6 305
6 448
6 479
6 492
7 5
7 55
7 70
7 91
7 166
8 9
8 179
8 227
8 290
8 323
8 332
8 333
8 410
8 465
8 468
9 8
9 189
9 278
9 438
9 455
10 11
10 240
10 388
10 395
10 429
11 10
11 113
11 236
11 377
11 467
11 473
11 477
11 497
11 498
12 213
12 283
12 294
12 352
12 438
13 28
13 50
13 186
13 312
13 438
14 16
14 116
14 147
14 222
14 387
15 29
15 423
15 452
15 482
15 489
15 495
16 14
16 29
16 351
16 489
16 495
17 2
17 19
17 77
17 83
17 190
17 200
17 229
17 237
17 243
17 295
17 331
17 435
17 447
17 456
17 485
18 73
18 79
18 185
18 209
18 226
19 17
19 123
19 268
19 292
19 329
20 21
20 376
20 449
20 461
20 466
21 20
21 278
21 344
21 345
21 414
21 438
21 455
22 23
22 57
22 201
22 328
22 356
23 22
23 36
23 69
23 192
23 218
24 114
24 133
24 145
24 160
24 167
25 128
25 248
25 269
25 422
25 483
26 27
26 40
26 176
26 248
26 483
27 26
27 324
27 339
27 432
27 490
28 13
28 50
28 186
28 312
28 399
29 3
29 15
29 16
29 30
29 34
29 72
29 286
29 291
29 398
29 443
29 452
29 495
30 29
30 49
30 266
30 402
30 413
31 32
31 87
31 135
31 324
31 432
31 436
32 31
32 56
32 137
32 215
32 219
32 275
33 34
33 78
33 126
33 404
33 446
34 29
34 33
34 452
34 489
34 495
35 116
35 147
35 222
35 387
35 474
36 23
36 67
36 69
36 151
36 192
37 38
37 60
37 102
37 107
37 139
38 37
38 61
38 128
38 150
38 168
39 41
39 46
39 126
39 404
39 446
40 26
40 176
40 422
40 483
41 39
41 136
41 138
41 161
41 193
42 43
42 74
42 129
42 343
42 493
43 42
43 46
43 63
43 74
43 96
43 129
43 343
43 392
43 394
43 424
43 440
43 459
44 74
44 129
44 343
44 475
44 493
45 47
45 473
45 477
45 497
45 498
46 1
46 39
46 43
46 47
46 78
46 126
46 164
46 232
46 288
47 1
47 45
47 46
47 164
47 446
48 50
48 184
48 202
48 230
48 267
48 426
49 30
49 175
49 177
49 195
49 266
49 371
49 383
49 402
49 413
50 13
50 28
50 48
50 53
50 121
50 186
50 312
50 399
51 236
51 467
51 473
51 497
51 498
52 53
52 235
52 315
52 325
52 327
52 341
52 378
52 408
53 50
53 52
53 121
53 186
54 55
54 123
54 268
54 292
54 329
55 7
55 54
55 70
55 91
55 166
56 32
56 137
56 219
56 275
57 22
57 125
57 173
57 328
57 356
58 59
58 248
58 269
58 330
58 364
58 380
58 483
59 58
59 151
59 197
59 198
59 203
59 263
60 37
60 63
60 102
60 107
60 139
61 38
61 128
61 150
61 168
61 289
62 64
62 260
62 296
62 360
62 361
63 43
63 60
63 74
63 394
63 440
63 475
64 62
64 129
64 424
64 475
64 493
65 66
65 342
65 381
65 382
65 405
66 65
66 473
66 477
66 497
66 498
67 36
67 68
67 69
67 192
67 218
68 67
68 101
68 302
68 322
68 444
68 451
69 23
69 36
69 67
69 192
69 218
69 487
70 7
70 55
70 91
70 166
70 469
71 217
71 220
71 318
71 384
71 409
71 469
72 29
72 74
72 443
72 489
72 495
73 18
73 185
73 209
73 226
73 284
74 42
74 43
74 44
74 63
74 72
74 112
74 129
74 163
74 247
74 343
74 394
74 424
74 440
74 459
74 475
74 493
75 76
75 301
75 305
75 368
75 445
75 448
75 462
75 476
75 479
75 492
76 75
76 130
76 390
76 461
76 466
77 2
77 17
77 78
77 435
77 482
78 33
78 46
78 77
78 232
78 288
78 446
79 18
79 83
79 185
79 209
79 226
80 92
80 199
80 225
80 249
80 300
81 221
81 358
81 453
81 463
82 103
82 206
82 272
82 282
82 316
83 17
83 79
83 190
83 200
83 229
83 237
83 295
83 435
83 456
83 482
84 86
84 154
84 159
84 363
84 429
84 470
84 478
84 484
85 86
85 299
85 337
85 355
85 369
85 374
85 385
85 428
86 84
86 85
86 97
86 148
86 287
86 299
86 355
86 369
86 374
86 385
86 428
86 453
87 31
87 253
87 324
87 432
87 436
88 4
88 115
88 162
88 170
88 171
88 280
88 416
89 5
89 273
89 284
89 297
89 342
90 98
90 117
90 143
90 180
90 244
91 7
91 55
91 70
91 166
91 344
92 80
92 199
92 225
92 249
92 300
93 95
93 134
93 153
93 348
93 396
94 265
94 274
94 302
94 353
94 444
95 93
95 429
95 478
95 484
95 494
96 43
96 163
96 440
96 493
97 86
97 287
97 309
97 428
97 463
97 489
98 90
98 117
98 180
98 205
98 244
99 100
99 245
99 248
99 380
99 422
99 483
100 99
100 106
100 156
100 165
100 178
100 373
101 68
101 102
101 353
101 420
101 444
102 37
102 60
102 101
102 107
102 139
103 82
103 104
103 157
103 239
103 282
103 308
103 316
104 103
104 124
104 223
104 250
104 255
105 106
105 110
105 155
105 158
105 303
106 100
106 105
106 156
106 178
106 373
107 37
107 60
107 102
107 139
107 425
108 6
108 224
108 301
108 305
108 367
108 368
108 445
108 476
108 492
109 212
109 376
109 390
109 461
109 466
110 105
110 155
110 158
110 303
110 439
111 112
111 342
111 381
111 382
111 405
112 74
112 111
112 424
112 475
112 493
113 11
113 114
113 144
113 236
113 377
113 415
113 467
113 473
113 477
113 487
113 497
113 498
114 24
114 113
114 133
114 145
114 167
115 88
115 116
115 162
115 170
115 298
116 14
116 35
116 115
116 132
116 387
117 90
117 98
117 143
117 180
117 244
118 119
118 189
118 278
118 344
118 455
119 118
119 217
119 220
119 384
119 409
120 121
120 141
120 273
120 284
120 297
121 50
121 53
121 120
121 312
122 123
122 260
122 296
122 360
122 361
123 19
123 54
123 122
123 174
123 191
123 292
123 329
124 104
124 127
124 223
124 241
124 250
124 255
125 57
125 201
125 295
125 328
125 356
126 33
126 39
126 46
126 232
126 446
127 124
127 433
127 449
127 461
127 466
128 25
128 38
128 61
128 150
128 168
129 42
129 43
129 44
129 64
129 74
129 392
129 475
130 76
130 188
130 309
130 347
130 376
130 390
130 449
130 466
131 132
131 262
131 407
131 417
131 425
131 472
132 116
132 131
132 147
132 222
132 387
133 24
133 114
133 134
133 145
133 167
134 93
134 133
134 153
134 281
134 293
134 348
134 396
135 31
135 136
135 320
135 324
135 432
136 41
136 135
136 138
136 161
136 193
137 32
137 56
137 215
137 219
137 275
137 429
138 41
138 136
138 161
138 193
138 429
139 37
139 60
139 102
139 107
139 450
140 278
140 345
140 414
140 438
140 450
140 455
141 120
141 142
141 273
141 284
141 297
142 141
142 152
142 155
142 158
142 303
143 90
143 117
143 180
143 244
143 475
144 113
144 145
144 236
144 377
144 467
144 473
144 477
144 487
144 497
144 498
145 24
145 114
145 133
145 144
145 167
146 148
146 440
146 475
146 488
146 493
147 14
147 35
147 132
147 208
147 387
148 86
148 146
148 175
148 374
148 453
148 463
149 150
149 260
149 296
149 360
149 361
150 38
150 61
150 128
150 149
150 168
151 36
151 59
151 197
151 198
151 203
151 263
152 142
152 155
152 157
152 158
152 303
153 93
153 134
153 281
153 293
153 348
153 359
153 396
154 84
154 159
154 395
154 470
154 494
155 105
155 110
155 142
155 152
155 303
156 100
156 106
156 165
156 178
156 321
156 373
157 103
157 152
157 206
157 239
157 316
158 105
158 110
158 142
158 152
158 159
159 84
159 154
159 158
159 240
159 258
159 261
159 319
159 340
159 363
159 370
159 388
159 395
159 429
159 431
159 437
159 484
159 494
159 500
160 24
160 213
160 283
160 294
160 352
161 41
161 136
161 138
161 162
161 193
162 88
162 115
162 161
162 170
162 298
163 74
163 96
163 165
163 475
163 493
164 1
164 46
164 47
164 446
165 100
165 156
165 163
165 178
165 373
166 7
166 55
166 70
166 91
166 168
167 24
167 114
167 133
167 145
167 313
168 38
168 61
168 128
168 150
168 166
169 170
169 182
169 205
169 262
169 307
169 336
169 397
169 417
169 472
170 4
170 88
170 115
170 162
170 169
170 171
170 280
171 88
171 170
171 173
171 280
171 298
172 242
172 285
172 337
172 375
172 418
173 57
173 171
173 201
173 328
173 356
174 123
174 176
174 292
174 329
175 49
175 148
175 177
175 287
175 299
175 453
175 463
176 26
176 40
176 174
176 248
176 422
176 483
177 49
177 175
177 216
177 242
177 276
177 285
177 418
178 100
178 106
178 156
178 165
178 180
178 373
179 8
179 222
179 306
179 323
179 326
179 332
179 333
179 346
179 393
179 410
179 434
179 439
179 465
179 480
180 90
180 98
180 117
180 143
180 178
180 244
181 182
181 332
181 430
181 439
181 465
181 468
182 169
182 181
182 262
182 417
182 425
182 472
183 184
183 278
183 344
183 345
183 414
183 455
184 48
184 183
184 207
184 279
184 426
185 18
185 73
185 79
185 186
185 209
185 226
186 13
186 28
186 50
186 53
186 185
186 399
187 310
187 400
187 457
187 479
187 481
187 491
188 130
188 193
188 347
188 376
188 390
188 433
188 461
188 466
189 9
189 118
189 193
189 278
189 345
189 455
190 2
190 17
190 83
190 191
190 482
191 123
191 190
191 268
191 292
191 329
192 23
192 36
192 67
192 69
192 218
192 420
193 41
193 136
193 138
193 161
193 188
193 189
194 262
194 407
194 417
194 421
194 425
194 472
195 49
195 197
195 266
195 371
195 383
195 402
195 413
196 198
196 213
196 283
196 294
197 59
197 151
197 195
197 203
197 263
198 59
198 151
198 196
198 203
198 263
199 80
199 92
199 201
199 225
199 249
199 300
200 2
200 17
200 83
200 264
200 435
200 482
201 22
201 125
201 173
201 199
201 328
201 356
202 48
202 207
202 279
202 397
202 426
202 497
203 59
203 151
203 197
203 198
203 263
203 325
204 304
204 310
204 314
204 325
204 365
204 400
204 406
204 412
204 450
204 481
204 491
204 499
205 98
205 169
205 417
205 425
205 472
206 82
206 157
206 207
206 239
206 282
206 308
206 349
207 184
207 202
207 206
207 233
207 279
207 426
208 147
208 209
208 222
208 387
209 18
209 73
209 79
209 185
209 208
209 226
210 211
210 367
210 368
210 476
210 479
210 492
211 210
211 259
211 265
211 386
211 444
211 451
212 109
212 213
212 376
212 449
212 461
212 466
213 12
213 160
213 196
213 212
213 283
213 294
213 352
214 215
214 224
214 448
214 476
214 479
214 492
215 32
215 137
215 214
215 219
215 275
216 177
216 217
216 317
216 337
216 350
216 418
217 71
217 119
217 216
217 246
217 311
217 318
217 409
218 23
218 67
218 69
218 192
218 219
219 32
219 56
219 137
219 215
219 218
219 275
220 71
220 119
220 221
220 246
220 311
220 384
220 409
221 81
221 220
221 374
221 453
221 463
222 14
222 35
222 132
222 179
222 208
222 387
223 104
223 124
223 241
223 250
223 255
223 476
224 108
224 214
224 225
224 445
224 462
224 492
225 80
225 92
225 199
225 224
225 249
225 300
226 18
226 73
226 79
226 185
226 209
226 324
227 8
227 324
227 434
227 439
227 465
227 468
228 274
228 275
228 342
228 381
228 382
228 405
229 2
229 17
229 83
229 230
229 331
229 435
229 482
230 48
230 229
230 233
230 267
230 279
230 426
231 232
231 381
231 382
231 405
232 46
232 78
232 126
232 231
232 288
232 446
233 207
233 230
233 234
233 267
233 279
233 426
234 233
234 278
234 345
234 414
234 438
234 455
235 52
235 236
235 327
235 408
235 421
236 11
236 51
236 113
236 144
236 235
236 237
236 377
236 415
236 442
236 467
236 469
236 473
236 474
236 487
236 497
236 498
237 2
237 17
237 83
237 236
237 435
237 482
238 239
238 351
238 423
238 452
238 489
238 495
239 103
239 157
239 206
239 238
239 272
239 282
239 349
240 10
240 159
240 241
240 340
240 388
240 431
240 437
240 484
241 124
241 223
241 240
241 250
241 255
242 172
242 177
242 285
242 317
242 337
242 362
242 418
243 2
243 17
243 362
243 435
243 482
244 90
244 98
244 117
244 143
244 180
244 472
245 99
245 246
245 248
245 330
245 422
245 483
246 217
246 220
246 245
246 318
246 384
246 409
247 74
247 424
247 427
247 440
247 475
247 493
248 25
248 26
248 58
248 99
248 176
248 245
248 269
248 277
248 330
248 380
248 427
248 464
249 80
249 92
249 199
249 225
249 250
249 300
250 104
250 124
250 223
250 241
250 249
250 255
251 252
251 314
251 400
251 457
251 481
251 491
252 251
252 320
252 324
252 338
252 379
252 403
253 87
253 324
253 338
253 432
253 435
253 490
254 314
254 400
254 435
254 457
254 481
254 491
255 104
255 124
255 223
255 241
255 250
255 256
256 255
256 326
256 332
256 465
256 468
256 480
257 285
257 317
257 375
257 398
257 416
257 418
258 159
258 389
258 398
258 470
258 484
258 494
259 211
259 260
259 334
259 362
259 386
259 401
260 62
260 122
260 149
260 259
260 360
260 361
261 159
261 262
261 470
261 478
261 484
261 494
262 131
262 169
262 182
262 194
262 261
262 307
262 336
262 397
262 407
262 425
262 427
262 471
262 472
263 59
263 151
263 197
263 198
263 203
263 451
264 200
264 376
264 433
264 449
264 461
264 466
265 94
265 211
265 266
265 334
265 444
265 451
266 30
266 49
266 195
266 265
266 270
266 371
266 383
266 402
266 413
267 48
267 230
267 233
267 279
267 364
267 381
267 426
268 19
268 54
268 191
268 269
268 292
268 329
269 25
269 58
269 248
269 268
269 422
269 464
269 483
270 266
270 271
270 402
270 413
271 270
271 305
271 411
271 441
271 462
271 479
271 492
272 82
272 239
272 273
272 282
272 316
272 349
273 5
273 89
273 120
273 141
273 272
273 284
273 297
274 94
274 228
274 275
274 313
274 353
274 362
274 386
274 401
274 444
274 451
275 32
275 56
275 137
275 215
275 219
275 228
275 274
276 177
276 278
276 285
276 317
276 337
276 350
276 375
277 248
277 285
277 286
277 364
277 380
277 464
277 483
278 9
278 21
278 118
278 140
278 183
278 189
278 234
278 276
278 372
278 438
279 184
279 202
279 207
279 230
279 233
279 267
279 280
280 4
280 88
280 170
280 171
280 279
281 134
281 153
281 283
281 348
281 359
281 396
282 82
282 103
282 206
282 239
282 272
282 349
282 385
282 388
283 12
283 160
283 196
283 213
283 281
283 294
283 352
284 5
284 73
284 89
284 120
284 141
284 273
284 297
285 172
285 177
285 242
285 257
285 276
285 277
285 286
285 317
285 337
285 416
286 29
286 277
286 285
286 443
286 489
286 495
287 86
287 97
287 175
287 288
287 290
287 299
287 309
287 453
287 463
288 46
288 78
288 232
288 287
288 290
288 404
288 446
289 61
289 351
289 423
289 443
289 452
289 489
289 495
290 8
290 287
290 288
290 323
290 326
290 434
290 468
291 29
291 292
291 423
291 452
291 454
291 489
291 495
292 19
292 54
292 123
292 174
292 191
292 268
292 291
293 134
293 153
293 348
293 396
293 453
294 12
294 160
294 196
294 213
294 283
294 352
294 453
295 2
295 17
295 83
295 125
295 331
295 482
296 62
296 122
296 149
296 300
296 304
296 360
296 361
297 5
297 89
297 120
297 141
297 273
297 284
297 298
298 4
298 115
298 162
298 171
298 297
299 85
299 86
299 175
299 287
299 301
299 355
299 385
300 80
300 92
300 199
300 225
300 249
300 296
300 304
301 75
301 108
301 299
301 367
301 462
301 476
301 492
302 68
302 94
302 305
302 313
302 362
302 386
302 420
303 105
303 110
303 142
303 152
303 155
303 312
303 314
304 204
304 296
304 300
304 314
304 400
304 481
304 491
305 6
305 75
305 108
305 271
305 302
305 368
305 441
305 445
305 448
305 462
305 476
305 479
306 179
306 307
306 333
306 346
306 393
306 410
306 468
307 169
307 262
307 306
307 336
307 397
307 471
307 472
308 103
308 206
308 310
309 97
309 130
309 287
309 428
309 463
309 491
310 187
310 204
310 308
310 365
310 400
310 406
310 412
310 450
310 457
310 458
310 486
311 217
311 220
311 384
311 409
311 485
312 13
312 28
312 50
312 121
312 303
312 314
312 399
313 167
313 274
313 302
313 334
313 362
313 386
313 401
314 204
314 251
314 254
314 303
314 304
314 312
314 357
314 365
314 400
314 412
314 450
314 457
314 458
314 481
314 491
314 499
315 52
315 316
315 325
315 327
315 378
315 408
315 421
316 82
316 103
316 157
316 272
316 315
316 349
317 216
317 242
317 257
317 276
317 285
317 318
317 350
317 375
318 71
318 217
318 246
318 317
318 366
318 384
318 409
319 159
319 395
319 429
319 457
319 470
319 478
319 494
320 135
320 252
320 324
320 328
320 330
320 338
320 391
320 436
321 156
321 365
321 373
322 68
322 326
322 401
322 420
322 444
323 8
323 179
323 290
323 326
323 346
323 365
323 434
323 465
324 27
324 31
324 87
324 135
324 226
324 227
324 252
324 253
324 320
324 338
324 339
324 354
324 379
324 391
324 403
324 432
324 490
325 52
325 203
325 204
325 315
325 327
325 378
325 408
325 421
326 179
326 256
326 290
326 322
326 323
326 333
326 410
326 434
327 52
327 235
327 315
327 325
327 341
327 378
327 408
327 421
327 425
328 22
328 57
328 125
328 173
328 201
328 320
328 330
328 356
329 19
329 54
329 123
329 174
329 191
329 268
329 394
329 497
330 58
330 245
330 248
330 320
330 328
330 380
330 422
330 483
331 17
331 229
331 295
331 334
331 447
331 456
331 482
331 485
332 8
332 179
332 181
332 256
332 383
332 386
332 410
332 468
333 8
333 179
333 306
333 326
333 339
333 343
333 393
333 410
333 434
333 439
333 480
334 259
334 265
334 313
334 331
334 386
334 444
334 451
335 336
335 376
335 433
335 449
335 461
335 466
336 169
336 262
336 307
336 335
336 397
336 407
336 471
336 472
337 85
337 172
337 216
337 242
337 276
337 285
337 375
337 418
338 252
338 253
338 320
338 324
338 340
338 354
338 379
338 403
338 418
338 436
339 27
339 324
339 333
339 343
339 432
339 436
340 159
340 240
340 338
340 431
340 437
340 470
340 478
340 494
341 52
341 327
341 378
341 408
341 419
341 421
342 65
342 89
342 111
342 228
342 381
342 382
342 405
342 416
343 42
343 43
343 44
343 74
343 333
343 339
343 394
343 459
344 21
344 91
344 118
344 183
344 455
345 21
345 140
345 183
345 189
345 234
345 348
345 372
345 414
346 179
346 306
346 323
346 347
346 393
346 410
346 439
346 481
347 130
347 188
347 346
347 376
347 390
347 433
347 466
347 481
348 93
348 134
348 153
348 281
348 293
348 345
348 359
348 396
349 206
349 239
349 272
349 282
349 316
349 352
349 481
350 216
350 276
350 317
350 351
350 375
350 418
351 3
351 16
351 238
351 289
351 350
351 423
351 452
351 454
352 12
352 160
352 213
352 283
352 294
352 349
352 353
353 94
353 101
353 274
353 352
353 360
353 386
353 444
353 451
354 324
354 338
354 358
354 379
354 391
354 432
354 436
354 490
355 85
355 86
355 299
355 358
355 374
355 385
355 404
355 453
356 22
356 57
356 125
356 173
356 201
356 328
356 422
356 424
357 314
357 360
357 361
357 400
357 457
357 481
357 491
358 81
358 354
358 355
358 374
358 463
359 153
359 281
359 348
359 367
359 396
360 62
360 122
360 149
360 260
360 296
360 353
360 357
360 361
361 62
361 122
361 149
361 260
361 296
361 357
361 360
361 363
362 242
362 243
362 259
362 274
362 302
362 313
362 386
362 401
362 420
362 451
363 84
363 159
363 361
363 364
363 395
363 470
363 478
363 484
364 58
364 267
364 277
364 363
364 380
364 483
365 204
365 310
365 314
365 321
365 323
365 400
365 481
365 491
366 318
366 384
366 409
366 476
366 479
367 108
367 210
367 301
367 359
367 445
367 462
367 476
367 479
368 75
368 108
368 210
368 305
368 369
368 445
368 448
368 492
369 85
369 86
369 368
369 453
369 463
370 159
370 371
370 429
370 478
370 484
370 494
371 49
371 195
371 266
371 370
371 402
371 413
372 278
372 345
372 414
372 426
372 455
372 499
372 500
373 100
373 106
373 156
373 165
373 178
373 321
373 487
373 488
374 85
374 86
374 148
374 221
374 355
374 358
374 375
374 385
375 172
375 257
375 276
375 317
375 337
375 350
375 374
375 416
376 20
376 109
376 130
376 188
376 212
376 264
376 335
376 347
376 377
376 390
376 449
376 461
376 496
377 11
377 113
377 144
377 236
377 376
377 415
377 467
377 473
377 477
377 487
377 497
377 498
378 52
378 315
378 325
378 327
378 341
378 379
378 408
378 421
379 252
379 324
379 338
379 354
379 378
379 391
379 403
379 436
380 58
380 99
380 248
380 277
380 330
380 364
380 381
380 382
380 483
381 65
381 111
381 228
381 231
381 267
381 342
381 380
381 382
381 405
382 65
382 111
382 228
382 231
382 342
382 380
382 381
382 384
382 405
383 49
383 195
383 266
383 332
383 402
383 413
384 71
384 119
384 220
384 246
384 311
384 318
384 366
384 382
384 385
385 85
385 86
385 282
385 299
385 355
385 374
385 384
385 453
385 463
386 211
386 259
386 274
386 302
386 313
386 332
386 334
386 353
386 362
387 14
387 35
387 116
387 132
387 147
387 208
387 222
387 388
387 389
388 10
388 159
388 240
388 282
388 387
388 437
388 470
388 478
388 494
389 258
389 387
389 392
389 470
389 478
389 494
390 76
390 109
390 130
390 188
390 347
390 376
390 413
390 414
390 433
390 449
390 466
391 320
391 324
391 354
391 379
391 395
391 403
391 436
392 43
392 129
392 389
392 393
392 424
392 475
392 493
393 179
393 306
393 333
393 346
393 392
393 394
393 410
393 439
393 465
394 43
394 63
394 74
394 329
394 343
394 393
394 440
394 475
394 488
395 10
395 154
395 159
395 319
395 363
395 391
395 431
395 478
395 484
395 494
396 93
396 134
396 153
396 281
396 293
396 348
396 359
396 399
396 497
397 169
397 202
397 262
397 307
397 336
397 399
397 471
398 29
398 257
398 258
398 443
398 489
398 495
399 28
399 50
399 186
399 312
399 396
399 397
400 187
400 204
400 251
400 254
400 304
400 310
400 314
400 357
400 365
400 403
400 405
400 406
400 412
400 450
400 458
400 481
400 486
400 491
400 499
401 259
401 274
401 313
401 322
401 362
401 402
401 420
401 451
402 30
402 49
402 195
402 266
402 270
402 371
402 383
402 401
402 413
403 252
403 324
403 338
403 379
403 391
403 400
403 405
403 436
403 490
404 33
404 39
404 288
404 355
404 446
405 65
405 111
405 228
405 231
405 342
405 381
405 382
405 400
405 403
406 204
406 310
406 400
406 412
406 417
406 481
406 491
406 499
407 131
407 194
407 262
407 336
407 408
407 409
407 417
407 427
407 471
407 472
408 52
408 235
408 315
408 325
408 327
408 341
408 378
408 407
408 409
408 421
409 71
409 119
409 217
409 220
409 246
409 311
409 318
409 366
409 407
409 408
410 8
410 179
410 306
410 326
410 332
410 333
410 346
410 393
410 411
410 412
410 468
411 271
411 410
411 412
411 445
411 462
411 476
411 492
412 204
412 310
412 314
412 400
412 406
412 410
412 411
412 457
412 491
412 499
413 30
413 49
413 195
413 266
413 270
413 371
413 383
413 390
413 402
413 414
414 21
414 140
414 183
414 234
414 345
414 372
414 390
414 413
414 438
414 455
415 113
415 236
415 377
415 423
415 431
415 467
415 473
415 477
415 497
415 498
416 88
416 257
416 285
416 342
416 375
416 418
417 131
417 169
417 182
417 194
417 205
417 406
417 407
417 425
417 427
417 471
418 172
418 177
418 216
418 242
418 257
418 337
418 338
418 350
418 416
418 419
419 341
419 418
419 467
419 477
419 497
419 498
420 101
420 192
420 302
420 322
420 362
420 401
420 421
420 444
420 451
421 194
421 235
421 315
421 325
421 327
421 341
421 378
421 408
421 420
422 25
422 40
422 99
422 176
422 245
422 269
422 330
422 356
422 464
422 483
423 15
423 238
423 289
423 291
423 351
423 415
423 431
423 452
423 454
423 489
423 495
424 43
424 64
424 74
424 112
424 247
424 356
424 392
424 440
424 488
424 493
425 107
425 131
425 182
425 194
425 205
425 262
425 327
425 417
425 460
425 472
426 48
426 184
426 202
426 207
426 230
426 233
426 267
426 372
426 443
426 447
427 247
427 248
427 262
427 407
427 417
427 472
428 85
428 86
428 97
428 309
428 430
428 463
428 494
429 10
429 84
429 95
429 137
429 138
429 159
429 319
429 370
429 437
429 484
429 500
430 181
430 428
430 439
430 465
430 468
430 494
431 159
431 240
431 340
431 395
431 415
431 423
431 437
431 470
431 478
431 484
432 27
432 31
432 87
432 135
432 253
432 324
432 339
432 354
432 434
432 483
432 490
433 127
433 188
433 264
433 335
433 347
433 390
433 434
433 466
433 483
434 179
434 227
434 290
434 323
434 326
434 333
434 432
434 433
435 17
435 77
435 83
435 200
435 229
435 237
435 243
435 253
435 254
435 482
435 485
436 3
436 4
436 31
436 87
436 320
436 338
436 339
436 354
436 379
436 391
436 403
437 159
437 240
437 340
437 388
437 429
437 431
437 440
437 442
437 470
437 478
437 484
438 9
438 12
438 13
438 21
438 140
438 234
438 278
438 414
438 455
439 110
439 179
439 181
439 227
439 333
439 346
439 393
439 430
439 460
439 468
440 43
440 63
440 74
440 96
440 146
440 247
440 394
440 424
440 437
440 442
440 493
441 271
441 305
441 445
441 464
441 466
441 476
441 479
441 492
442 236
442 437
442 440
442 477
442 497
442 498
443 29
443 72
443 286
443 289
443 398
443 426
443 447
443 448
443 454
443 489
443 495
444 68
444 94
444 101
444 211
444 265
444 274
444 322
444 334
444 353
444 420
444 445
444 452
445 75
445 108
445 224
445 305
445 367
445 368
445 411
445 441
445 444
445 452
445 462
445 492
446 1
446 33
446 39
446 47
446 78
446 126
446 164
446 232
446 288
446 404
446 449
446 454
447 2
447 17
447 331
447 426
447 443
447 448
447 482
448 6
448 75
448 214
448 305
448 368
448 443
448 447
448 462
448 476
448 479
448 480
449 20
449 127
449 130
449 212
449 264
449 335
449 376
449 390
449 446
449 454
449 466
449 496
450 139
450 140
450 204
450 310
450 314
450 400
450 481
450 491
451 68
451 211
451 263
451 265
451 274
451 334
451 353
451 362
451 401
451 420
451 471
451 485
452 15
452 29
452 34
452 238
452 289
452 291
452 351
452 423
452 444
452 445
452 454
452 489
453 81
453 86
453 148
453 175
453 221
453 287
453 293
453 294
453 355
453 369
453 385
454 291
454 351
454 423
454 443
454 446
454 449
454 452
454 489
454 495
455 1
455 2
455 9
455 21
455 118
455 140
455 183
455 189
455 234
455 344
455 372
455 414
455 438
456 2
456 17
456 83
456 331
456 458
456 459
456 482
457 187
457 251
457 254
457 310
457 314
457 319
457 357
457 412
457 458
457 472
457 473
457 486
457 491
458 310
458 314
458 400
458 456
458 457
458 459
458 481
458 491
459 43
459 74
459 343
459 456
459 458
459 493
460 425
460 439
460 462
460 476
460 479
460 492
461 20
461 76
461 109
461 127
461 188
461 212
461 264
461 335
461 376
461 462
461 463
461 466
461 496
462 75
462 224
462 271
462 301
462 305
462 367
462 411
462 445
462 448
462 460
462 461
462 463
462 476
462 479
462 492
463 81
463 97
463 148
463 175
463 221
463 287
463 309
463 358
463 369
463 385
463 428
463 461
463 462
464 248
464 269
464 277
464 422
464 441
464 466
464 483
465 8
465 179
465 181
465 227
465 256
465 323
465 393
465 430
465 468
465 477
465 478
465 480
465 484
466 20
466 76
466 109
466 127
466 130
466 188
466 212
466 264
466 335
466 347
466 390
466 433
466 441
466 449
466 461
466 464
466 496
467 11
467 51
467 113
467 144
467 236
467 377
467 415
467 419
467 468
467 470
467 473
467 487
467 497
467 498
468 8
468 181
468 227
468 256
468 290
468 306
468 332
468 410
468 430
468 439
468 465
468 467
468 470
468 480
469 70
469 71
469 236
469 473
469 497
469 498
470 84
470 154
470 258
470 261
470 319
470 340
470 363
470 388
470 389
470 431
470 437
470 467
470 468
470 494
471 262
471 307
471 336
471 397
471 407
471 417
471 451
471 472
471 476
471 485
472 131
472 169
472 182
472 194
472 205
472 244
472 262
472 307
472 336
472 407
472 425
472 427
472 457
472 471
472 473
473 11
473 45
473 51
473 66
473 113
473 144
473 236
473 377
473 415
473 457
473 467
473 469
473 472
473 497
473 498
474 35
474 236
474 477
474 482
474 488
474 497
474 498
475 44
475 63
475 64
475 74
475 112
475 129
475 143
475 146
475 163
475 247
475 392
475 394
475 488
475 493
475 495
476 75
476 108
476 210
476 214
476 223
476 301
476 305
476 366
476 367
476 411
476 441
476 448
476 460
476 462
476 471
477 11
477 45
477 66
477 113
477 144
477 377
477 415
477 419
477 442
477 465
477 474
477 478
477 484
477 497
477 498
478 84
478 95
478 261
478 319
478 340
478 363
478 370
478 388
478 389
478 395
478 431
478 437
478 465
478 477
478 480
478 494
479 6
479 75
479 187
479 210
479 214
479 271
479 305
479 366
479 367
479 441
479 448
479 460
479 462
479 491
480 179
480 256
480 333
480 448
480 465
480 468
480 478
480 484
481 187
481 204
481 251
481 254
481 304
481 314
481 346
481 347
481 349
481 357
481 365
481 400
481 406
481 450
481 458
481 486
482 15
482 77
482 83
482 190
482 200
482 229
482 237
482 243
482 295
482 331
482 435
482 447
482 456
482 474
482 485
482 487
483 25
483 26
483 40
483 58
483 99
483 176
483 245
483 269
483 277
483 330
483 364
483 380
483 422
483 432
483 433
483 464
483 494
484 84
484 95
484 159
484 240
484 258
484 261
484 363
484 370
484 395
484 429
484 431
484 437
484 465
484 477
484 480
484 494
484 500
485 2
485 17
485 311
485 331
485 435
485 451
485 471
485 482
486 310
486 400
486 457
486 481
486 490
486 491
486 495
486 498
487 69
487 113
487 144
487 236
487 373
487 377
487 467
487 482
487 497
487 498
488 146
488 373
488 394
488 424
488 474
488 475
488 489
489 3
489 15
489 16
489 34
489 72
489 97
489 238
489 286
489 289
489 291
489 398
489 423
489 443
489 452
489 454
489 488
489 491
489 495
490 27
490 253
490 324
490 354
490 403
490 432
490 486
490 495
490 498
491 187
491 204
491 251
491 254
491 304
491 309
491 314
491 357
491 365
491 400
491 406
491 412
491 450
491 457
491 458
491 479
491 486
491 489
492 6
492 75
492 108
492 210
492 214
492 224
492 271
492 301
492 368
492 411
492 441
492 445
492 460
492 462
492 493
492 496
493 42
493 44
493 64
493 74
493 96
493 112
493 146
493 163
493 247
493 392
493 424
493 440
493 459
493 475
493 492
493 496
493 499
493 500
494 95
494 154
494 159
494 258
494 261
494 319
494 340
494 370
494 388
494 389
494 395
494 428
494 430
494 470
494 478
494 483
494 484
494 500
495 3
495 15
495 16
495 29
495 34
495 72
495 238
495 286
495 289
495 291
495 398
495 423
495 443
495 454
495 475
495 486
495 489
495 490
495 498
496 376
496 449
496 461
496 466
496 492
496 493
496 499
496 500
497 11
497 45
497 51
497 66
497 113
497 144
497 202
497 236
497 329
497 377
497 396
497 415
497 419
497 442
497 467
497 469
497 473
497 474
497 477
497 487
498 11
498 45
498 51
498 66
498 113
498 144
498 236
498 377
498 415
498 419
498 442
498 467
498 469
498 473
498 474
498 477
498 486
498 487
498 490
498 495
499 204
499 314
499 372
499 400
499 406
499 412
499 493
499 496
499 500
500 159
500 372
500 429
500 484
500 493
500 494
500 496
500 499
