1 34
2 42
3 36
4 42
5 20
6 29
7 14
8 28
9 21
10 33
11 34
12 17
13 9
14 5
15 2
16 34
17 16
18 27
19 2
20 33
21 12
22 16
23 40
24 34
25 35
26 19
27 27
28 3
29 25
30 5
31 28
32 28
33 2
34 1
35 34
36 10
37 17
38 2
39 29
40 4
41 41
42 9
43 20
44 1
45 32
46 2
47 39
48 13
49 14
50 31
51 30
52 37
53 7
54 40
55 4
56 22
57 37
58 3
59 32
60 25
61 20
62 7
63 9
64 5
65 29
66 19
67 8
68 30
69 2
70 11
71 41
72 18
73 23
74 27
75 14
76 1
77 26
78 39
79 16
80 8
81 21
82 28
83 6
84 33
85 17
86 31
87 8
88 29
89 21
90 20
91 42
92 23
93 44
94 26
95 18
96 18
97 37
98 34
99 43
100 17
101 41
102 36
103 20
104 27
105 28
106 39
107 29
108 34
109 1
110 23
111 13
112 27
113 29
114 38
115 22
116 24
117 1
118 6
119 28
120 16
121 36
122 8
123 7
124 42
125 13
126 38
127 40
128 2
129 12
130 35
131 3
132 3
133 40
134 11
135 15
136 7
137 25
138 41
139 9
140 14
141 20
142 20
143 13
144 10
145 42
146 7
147 13
148 8
149 28
150 6
151 14
152 4
153 43
154 24
155 21
156 8
157 44
158 43
159 28
160 34
161 2
162 28
163 3
164 6
165 41
166 13
167 23
168 15
169 16
170 13
171 4
172 22
173 20
174 40
175 36
176 35
177 38
178 19
179 18
180 6
181 21
182 30
183 29
184 34
185 2
186 27
187 35
188 1
189 32
190 22
191 15
192 1
193 40
194 42
195 2
196 39
197 29
198 40
199 3
200 4
201 13
202 22
203 6
204 36
205 40
206 37
207 13
208 24
209 6
210 29
211 5
212 7
213 41
214 34
215 26
216 44
217 40
218 33
219 20
220 17
221 20
222 28
223 16
224 29
225 15
226 13
227 9
228 42
229 29
230 14
231 1
232 17
233 26
234 24
235 5
236 34
237 23
238 42
239 25
240 31
241 4
242 2
243 18
244 19
245 30
246 38
247 32
248 28
249 37
250 7
251 1
252 8
253 13
254 17
255 26
256 30
257 10
258 44
259 27
260 39
261 41
262 27
263 39
264 14
265 17
266 15
267 35
268 2
269 3
270 14
271 34
272 23
273 11
274 8
275 16
276 19
277 13
278 43
279 44
280 18
281 11
282 20
283 10
284 2
285 27
286 17
287 12
288 8
289 4
290 13
291 35
292 3
293 19
294 10
295 8
296 38
297 11
298 13
299 28
300 30
301 7
302 32
303 1
304 7
305 29
306 42
307 40
308 13
309 40
310 14
311 34
312 9
313 16
314 18
315 33
316 38
317 31
318 20
319 7
320 43
321 25
322 28
323 41
324 6
325 21
326 7
327 10
328 36
329 20
330 32
331 8
332 11
333 24
334 12
335 28
336 30
337 35
338 22
339 17
340 27
341 29
342 25
343 19
344 5
345 27
346 30
347 23
348 26
349 13
350 20
351 28
352 28
353 2
354 42
355 10
356 17
357 19
358 20
359 12
360 28
361 26
362 1
363 39
364 23
365 17
366 20
367 1
368 20
369 20
370 14
371 20
372 8
373 40
374 34
375 4
376 5
377 38
378 6
379 28
380 10
381 34
382 41
383 29
384 6
385 11
386 31
387 9
388 39
389 12
390 7
391 31
392 34
393 26
394 30
395 16
396 25
397 38
398 2
399 41
400 20
401 18
402 4
403 40
404 41
405 32
406 9
407 32
408 13
409 26
410 40
411 18
412 27
413 21
414 28
415 3
416 35
417 14
418 42
419 35
420 20
421 23
422 23
423 13
424 5
425 3
426 39
427 41
428 40
429 41
430 3
431 13
432 3
433 35
434 17
435 18
436 8
437 9
438 38
439 17
440 14
441 1
442 34
443 9
444 2
445 41
446 27
447 27
448 21
449 28
450 42
451 40
452 5
453 3
454 29
455 8
456 23
457 30
458 2
459 7
460 38
461 13
462 1
463 17
464 17
465 8
466 38
467 5
468 26
469 28
470 42
471 3
472 17
473 35
474 38
475 4
476 4
477 17
478 23
479 38
480 1
481 4
482 27
483 27
484 3
485 17
486 29
487 27
488 13
489 40
490 17
491 20
492 42
493 38
494 14
495 17
496 8
497 34
498 1
499 29
500 34
