1 126
1 128
1 480
1 492
1 496
2 4
2 43
2 342
2 393
2 460
3 221
3 304
3 314
3 315
3 366
4 2
4 6
4 288
4 445
4 491
5 23
5 29
5 121
5 302
5 488
6 4
6 8
6 11
6 333
6 426
7 19
7 83
7 451
7 456
7 474
8 6
8 9
8 84
8 312
8 434
8 437
8 487
9 8
9 11
9 93
9 108
9 235
10 63
10 354
10 356
11 6
11 9
11 17
11 333
11 454
12 16
12 308
12 401
12 428
12 488
13 17
13 35
13 36
13 260
13 345
14 355
14 387
14 404
14 414
14 420
15 46
15 71
15 282
15 283
15 391
16 12
16 213
16 301
16 310
16 414
17 11
17 13
17 18
17 260
17 345
18 17
18 172
18 240
18 357
18 394
18 430
19 7
19 259
19 339
19 351
19 465
20 26
20 202
20 291
20 297
20 430
21 26
21 44
21 258
21 430
21 466
22 70
22 341
22 375
22 436
22 452
23 5
23 105
23 176
23 376
24 41
24 97
24 99
24 215
24 416
25 95
25 327
25 396
25 443
25 451
26 20
26 21
26 261
26 305
26 310
27 28
27 45
27 56
27 114
27 394
28 27
28 30
28 96
28 461
28 470
29 5
29 167
29 195
29 273
29 353
30 28
30 99
30 194
30 443
30 469
31 32
31 33
31 378
31 411
31 426
32 31
32 33
32 204
32 250
32 430
33 31
33 32
33 169
33 348
33 382
33 383
33 387
33 421
34 35
34 52
34 133
34 280
34 424
35 13
35 34
35 169
35 382
35 462
36 13
36 37
36 52
36 133
36 280
37 36
37 40
37 112
37 214
37 380
38 41
38 50
38 237
38 336
38 357
38 394
39 42
39 123
39 206
39 270
39 441
40 37
40 42
40 473
40 483
40 485
41 24
41 38
41 82
41 104
41 215
41 275
41 285
41 438
41 494
42 39
42 40
42 54
42 102
42 172
43 2
43 44
43 45
43 284
43 460
44 21
44 43
44 45
44 62
44 103
44 168
44 180
44 249
44 265
44 274
44 342
44 361
45 27
45 43
45 44
45 114
45 146
46 15
46 47
46 218
46 237
46 341
46 352
46 357
46 365
46 375
46 385
46 391
46 394
47 46
47 156
47 182
47 197
47 375
47 423
48 49
48 335
48 375
48 396
48 443
49 48
49 51
49 96
49 398
49 470
50 38
50 118
50 480
50 492
50 496
51 49
51 52
51 64
51 200
51 244
52 34
52 36
52 51
52 54
52 133
53 59
53 398
53 450
53 470
54 42
54 52
54 57
54 145
54 391
55 60
55 261
55 305
55 310
55 497
56 27
56 114
56 146
56 227
56 229
57 54
57 60
57 113
57 276
57 430
58 63
58 65
58 93
58 108
58 235
59 53
59 165
59 313
59 422
59 484
59 493
60 55
60 57
60 109
60 382
60 462
61 186
61 188
61 355
61 404
61 420
62 44
62 175
62 177
62 265
62 342
63 10
63 58
63 65
63 95
63 205
63 354
63 356
64 51
64 137
64 200
64 244
64 366
65 58
65 63
65 169
65 377
65 383
66 234
66 324
66 441
66 483
66 485
67 68
67 99
67 293
67 430
67 469
68 67
68 69
68 93
68 108
68 235
69 68
69 70
69 135
69 260
69 345
70 22
70 69
70 71
70 97
70 262
70 330
70 375
71 15
71 70
71 72
71 357
71 442
71 467
72 71
72 75
72 155
72 163
72 211
72 296
72 445
72 468
73 119
73 126
73 148
73 189
73 207
73 234
73 286
73 317
73 340
73 424
73 439
73 448
73 449
74 202
74 207
74 256
75 72
75 76
75 269
75 283
75 415
76 75
76 78
76 150
76 154
76 307
77 201
77 224
77 226
77 301
77 414
78 76
78 79
78 202
78 291
78 297
79 78
79 80
79 304
79 314
79 315
80 79
80 283
80 308
80 401
80 415
81 181
81 228
81 308
81 408
81 486
82 41
82 285
82 416
82 492
82 494
83 7
83 193
83 263
83 409
83 432
83 451
83 456
83 474
83 490
84 8
84 85
84 100
84 312
84 324
84 409
84 434
84 440
84 457
84 482
84 490
84 500
85 84
85 261
85 303
85 305
85 412
85 447
86 123
86 136
86 270
86 414
86 423
87 91
87 343
87 351
87 465
88 89
88 399
88 440
88 460
88 498
89 88
89 96
89 440
89 461
89 470
90 92
90 209
90 267
90 292
90 440
91 87
91 155
91 389
91 453
91 491
92 90
92 418
92 451
92 483
92 485
93 9
93 58
93 68
93 98
94 96
94 303
94 310
94 412
94 451
95 25
95 63
95 96
95 354
95 356
96 28
96 49
96 89
96 94
96 95
96 325
96 362
96 398
96 433
96 461
96 470
97 24
97 70
97 262
97 319
97 375
98 93
98 321
98 396
98 443
99 24
99 30
99 67
99 248
99 293
99 319
99 413
99 469
99 481
99 486
100 84
100 101
100 312
100 319
100 324
100 402
100 440
100 487
101 100
101 104
101 183
101 460
101 499
102 42
102 104
102 107
102 218
102 385
103 44
103 105
103 180
103 332
103 466
104 41
104 101
104 102
104 275
104 438
104 494
105 23
105 103
105 176
105 177
105 300
105 455
106 110
106 184
106 337
106 350
106 370
107 102
107 142
107 232
107 466
107 494
108 9
108 58
108 68
108 109
108 111
108 235
109 60
109 108
109 111
109 128
109 421
110 106
110 269
110 283
110 401
110 415
111 108
111 109
111 196
111 493
111 495
112 37
112 116
112 162
112 214
112 251
112 403
112 492
113 57
113 200
113 201
113 276
113 430
114 27
114 45
114 56
114 115
114 146
115 114
115 181
115 228
115 479
115 486
116 112
116 117
116 120
116 124
116 247
117 116
117 118
117 292
117 331
117 463
118 50
118 117
118 149
118 152
118 178
118 219
118 226
118 281
118 329
118 363
118 386
118 427
118 444
118 496
119 73
119 189
119 376
119 449
119 489
120 116
120 123
120 158
120 306
120 373
121 5
121 409
121 428
121 451
121 488
122 131
122 173
122 225
122 458
122 468
123 39
123 86
123 120
123 124
123 136
123 206
124 116
124 123
124 209
124 331
124 420
125 261
125 262
125 305
125 310
126 1
126 73
126 128
126 424
126 449
127 261
127 263
127 321
127 335
127 396
127 443
128 1
128 109
128 126
128 348
128 421
129 132
129 156
129 159
129 161
129 182
129 197
129 495
130 207
130 217
130 262
130 366
130 371
131 122
131 191
131 225
131 233
131 498
132 129
132 133
132 183
132 230
132 277
132 284
132 417
133 34
133 36
133 52
133 132
133 134
133 280
134 133
134 135
134 204
134 250
134 276
134 430
135 69
135 134
135 136
135 260
135 345
136 86
136 123
136 135
136 137
136 270
137 64
137 136
137 138
137 200
137 244
138 137
138 139
138 484
138 493
138 495
139 138
139 140
139 223
139 245
139 436
140 139
140 141
140 183
140 472
140 498
141 140
141 142
141 397
141 435
141 484
141 493
141 495
142 107
142 141
142 143
142 322
142 494
143 142
143 145
143 283
143 401
143 415
144 153
144 201
144 290
144 291
144 414
145 54
145 143
145 146
145 365
145 467
146 45
146 56
146 114
146 145
146 147
147 146
147 189
147 317
147 340
147 424
147 440
148 73
148 149
148 189
148 430
148 449
148 489
149 118
149 148
149 150
149 492
149 496
150 76
150 149
150 199
150 203
150 299
150 495
151 152
151 222
151 360
151 369
151 471
152 118
152 151
152 444
152 480
152 496
153 144
153 154
153 155
153 301
153 414
154 76
154 153
154 155
154 199
154 203
155 72
155 91
155 153
155 154
155 255
155 296
155 468
156 47
156 129
156 157
156 160
156 423
157 156
157 160
157 179
157 279
157 309
157 358
157 367
157 390
157 405
158 120
158 159
158 187
158 384
158 500
159 129
159 158
159 379
159 423
160 156
160 157
160 252
160 299
160 307
161 129
161 162
161 197
161 423
161 491
162 112
162 161
162 164
162 214
162 380
163 72
163 166
163 296
163 408
163 491
164 162
164 165
164 343
164 351
164 392
164 465
165 59
165 164
165 168
165 407
165 422
165 435
165 484
165 495
166 163
166 191
166 231
166 233
167 29
167 169
167 195
167 209
167 292
167 463
168 44
168 165
168 180
168 265
168 332
168 342
168 483
169 33
169 35
169 65
169 167
169 383
169 421
169 462
170 171
170 176
170 223
170 243
170 436
171 170
171 176
171 224
171 410
171 426
172 18
172 42
172 173
172 218
173 122
173 172
173 224
173 454
173 458
174 241
174 315
174 322
174 482
174 500
175 62
175 177
175 202
175 291
175 297
176 23
176 105
176 170
176 171
176 177
176 225
176 300
176 364
176 376
176 455
177 62
177 105
177 175
177 176
177 376
177 455
178 118
178 345
178 480
178 492
178 496
179 157
179 180
179 183
179 279
179 309
179 367
179 390
179 405
179 446
180 44
180 103
180 168
180 179
180 183
180 249
180 258
180 274
180 332
180 342
180 361
180 466
181 81
181 115
181 182
181 479
181 486
182 47
182 129
182 181
182 379
182 423
183 101
183 132
183 140
183 179
183 180
183 271
183 277
183 284
183 372
183 393
183 399
183 417
183 460
183 472
183 498
184 106
184 334
184 337
184 355
184 370
184 425
185 189
185 190
185 207
185 366
185 371
186 61
186 395
186 473
186 483
186 485
187 158
187 338
187 357
187 373
187 384
188 61
188 208
188 311
188 406
188 429
189 73
189 119
189 147
189 148
189 185
189 190
189 286
189 340
189 449
189 489
190 185
190 189
190 232
190 238
190 438
190 452
191 131
191 166
191 192
191 231
191 233
191 367
192 191
192 367
192 418
192 473
192 483
192 485
193 83
193 194
193 367
193 451
193 456
193 474
194 30
194 193
194 195
194 248
194 469
194 486
195 29
195 167
195 194
195 196
195 247
195 254
196 111
196 195
196 197
196 484
196 493
196 495
197 47
197 129
197 161
197 196
197 317
197 423
198 247
198 267
198 272
198 317
198 400
198 463
199 150
199 154
199 252
199 299
199 317
199 400
200 51
200 64
200 113
200 137
200 244
200 400
201 77
201 113
201 144
201 203
201 301
201 414
202 20
202 74
202 78
202 175
202 256
202 260
203 150
203 154
203 201
203 204
203 266
203 307
204 32
204 134
204 203
204 209
204 276
205 63
205 210
205 211
205 212
205 354
205 356
206 39
206 123
206 270
206 406
206 463
207 73
207 74
207 130
207 185
207 366
207 371
208 188
208 222
208 303
208 311
208 406
208 429
209 90
209 124
209 167
209 204
209 254
209 406
210 205
210 220
210 238
210 438
210 494
210 496
211 72
211 205
211 296
211 406
211 445
211 491
212 205
212 214
212 248
212 413
212 464
212 479
213 16
213 310
213 395
213 441
213 473
213 483
214 37
214 112
214 162
214 212
214 215
214 251
214 380
214 403
215 24
215 41
215 214
215 218
215 416
215 494
216 219
216 268
216 283
216 459
216 488
217 130
217 334
217 335
217 337
217 366
217 371
218 46
218 102
218 172
218 215
218 219
218 467
219 118
219 216
219 218
219 363
219 386
219 388
219 480
219 492
219 496
220 210
220 221
220 223
220 232
220 238
220 416
220 438
221 3
221 220
221 223
221 304
221 314
221 315
222 151
222 208
222 229
222 242
222 305
222 328
222 347
222 360
222 369
222 381
222 475
223 139
223 170
223 220
223 221
223 246
223 436
224 77
224 171
224 173
224 226
224 333
224 346
224 410
224 411
224 454
224 458
225 122
225 131
225 176
225 376
225 455
225 473
226 77
226 118
226 224
226 480
226 492
226 496
227 56
227 229
227 441
227 473
227 483
227 485
228 81
228 115
228 331
228 349
228 479
228 486
229 56
229 222
229 227
229 290
229 360
229 381
229 471
230 132
230 231
230 271
230 277
230 324
230 372
230 393
230 399
230 417
230 460
230 476
231 166
231 191
231 230
231 233
231 324
232 107
232 190
232 220
232 239
232 240
233 131
233 166
233 191
233 231
233 234
233 474
234 66
234 73
234 233
234 286
234 424
235 9
235 58
235 68
235 108
235 377
235 380
236 237
236 343
236 344
236 351
236 392
236 465
237 38
237 46
237 236
237 336
237 341
237 344
238 190
238 210
238 220
238 239
238 344
238 452
239 232
239 238
239 432
239 451
239 456
239 474
240 18
240 232
240 241
240 341
240 352
241 174
241 240
241 243
241 482
241 487
241 500
242 222
242 243
242 245
242 328
242 471
242 475
243 170
243 241
243 242
243 245
243 246
243 436
244 51
244 64
244 137
244 200
244 245
244 246
245 139
245 242
245 243
245 244
245 246
245 436
246 223
246 243
246 244
246 245
246 371
246 436
247 116
247 195
247 198
247 269
247 279
247 463
248 99
248 194
248 212
248 251
248 293
248 318
248 371
248 413
248 464
248 479
248 481
248 486
249 44
249 180
249 251
249 265
249 274
249 371
250 32
250 134
250 272
250 430
250 473
250 497
251 112
251 214
251 248
251 249
252 160
252 199
252 254
252 255
252 299
252 307
253 328
253 451
253 456
253 469
253 474
253 479
254 195
254 209
254 252
254 255
254 292
254 353
255 155
255 252
255 254
255 320
255 468
255 491
256 74
256 202
256 258
256 259
256 291
256 297
257 280
257 281
257 422
257 435
257 484
257 493
258 21
258 180
258 256
258 259
258 274
258 342
258 477
259 19
259 256
259 258
259 343
259 392
259 465
260 13
260 17
260 69
260 135
260 202
260 345
261 26
261 55
261 85
261 125
261 127
261 263
261 303
262 70
262 97
262 125
262 130
262 330
262 375
263 83
263 127
263 261
263 451
263 456
263 474
264 265
264 287
264 295
264 410
264 447
264 488
265 44
265 62
265 168
265 249
265 264
265 410
266 203
266 270
266 299
266 307
266 492
267 90
267 198
267 273
267 332
267 349
267 463
268 216
268 269
268 270
268 283
268 401
268 410
269 75
269 110
269 247
269 268
269 283
269 459
270 39
270 86
270 136
270 206
270 266
270 268
271 183
271 230
271 273
271 274
271 277
271 476
272 198
272 250
272 288
272 331
272 353
272 473
273 29
273 267
273 271
273 274
273 353
273 463
274 44
274 180
274 249
274 258
274 271
274 273
275 41
275 104
275 276
275 452
275 494
275 500
276 57
276 113
276 134
276 204
276 275
276 277
277 132
277 183
277 230
277 271
277 276
277 284
277 323
277 372
277 393
277 399
277 417
277 460
277 474
277 476
277 499
278 343
278 425
278 441
278 473
278 483
278 485
279 157
279 179
279 247
279 358
279 390
279 419
280 34
280 36
280 133
280 257
280 281
281 118
281 257
281 280
281 388
281 496
281 497
282 15
282 283
282 311
282 319
282 406
282 429
283 15
283 75
283 80
283 110
283 143
283 216
283 268
283 269
283 282
283 415
283 459
284 43
284 132
284 183
284 277
284 285
284 358
285 41
285 82
285 284
285 322
285 358
285 494
286 73
286 189
286 234
286 289
286 317
286 358
287 264
287 374
287 381
287 428
287 447
287 488
288 4
288 272
288 295
288 445
288 468
288 473
288 491
289 286
289 290
289 389
289 468
289 491
290 144
290 229
290 289
290 347
290 381
290 471
290 475
291 20
291 78
291 144
291 175
291 256
291 292
291 297
292 90
292 117
292 167
292 254
292 291
292 293
292 463
293 67
293 99
293 248
293 292
293 297
293 479
293 486
294 418
294 431
294 483
294 485
294 496
294 497
294 498
295 264
295 288
295 316
295 409
295 428
295 483
295 488
296 72
296 155
296 163
296 211
296 321
296 325
296 445
296 453
296 468
296 469
296 491
297 20
297 78
297 175
297 256
297 291
297 293
297 298
298 297
298 299
298 303
298 412
299 150
299 160
299 199
299 252
299 266
299 298
299 300
300 105
300 176
300 299
300 301
300 376
300 455
301 16
301 77
301 153
301 201
301 300
301 414
301 465
302 5
302 374
302 382
302 383
302 409
302 447
302 488
303 85
303 94
303 208
303 261
303 298
303 304
303 310
303 412
304 3
304 79
304 221
304 303
304 305
304 314
304 315
305 26
305 55
305 85
305 125
305 222
305 304
305 412
306 120
306 435
306 486
306 487
306 500
307 76
307 160
307 203
307 252
307 266
307 309
307 435
308 12
308 80
308 81
308 408
308 428
308 447
308 488
309 157
309 179
309 307
309 358
309 435
310 16
310 26
310 55
310 94
310 125
310 213
310 303
311 188
311 208
311 282
311 312
311 314
311 316
311 429
312 8
312 84
312 100
312 311
312 314
312 324
312 373
312 384
312 402
312 434
312 440
312 478
312 482
312 500
313 59
313 334
313 335
313 407
313 422
313 435
313 493
314 3
314 79
314 221
314 304
314 311
314 312
314 315
315 3
315 79
315 174
315 221
315 304
315 314
315 323
316 295
316 311
316 318
316 319
316 406
316 429
316 483
317 73
317 147
317 197
317 198
317 199
317 286
317 449
318 248
318 316
318 320
318 469
318 479
318 481
318 483
319 97
319 99
319 100
319 282
319 316
319 406
319 429
320 255
320 318
320 321
320 408
320 468
320 483
320 491
321 98
321 127
321 296
321 320
321 325
321 327
321 335
321 396
322 142
322 174
322 285
322 323
322 416
322 494
323 277
323 315
323 322
323 476
323 499
324 66
324 84
324 100
324 230
324 231
324 312
324 402
324 440
324 482
324 487
324 500
325 96
325 296
325 321
325 328
325 398
325 461
325 470
326 327
326 329
326 362
326 398
326 450
326 461
326 470
327 25
327 321
327 326
327 329
327 396
327 443
328 222
328 242
328 253
328 325
328 469
328 471
328 475
329 118
329 326
329 327
329 444
329 480
329 492
329 497
330 70
330 262
330 349
330 375
330 452
331 117
331 124
331 228
331 272
331 333
331 463
332 103
332 168
332 180
332 267
332 333
332 477
333 6
333 11
333 224
333 331
333 332
333 426
333 454
334 184
334 217
334 313
334 337
334 350
334 370
335 48
335 127
335 217
335 313
335 321
335 396
335 443
336 38
336 237
336 421
336 442
336 469
336 479
337 106
337 184
337 217
337 334
337 340
337 344
337 350
338 187
338 351
338 355
338 395
338 441
338 473
338 483
339 19
339 343
339 346
339 347
339 354
339 392
339 465
340 73
340 147
340 189
340 337
340 343
340 424
340 448
341 22
341 46
341 237
341 240
341 385
341 442
341 452
341 488
342 2
342 44
342 62
342 168
342 180
342 258
342 394
342 443
343 87
343 164
343 236
343 259
343 278
343 339
343 340
343 465
344 236
344 237
344 238
344 337
344 350
344 370
345 13
345 17
345 69
345 135
345 178
345 260
345 388
345 390
346 224
346 339
346 354
346 378
346 410
346 411
346 421
346 426
347 222
347 290
347 339
347 354
347 471
347 475
347 479
348 33
348 128
348 353
348 356
348 383
348 421
348 462
348 482
349 228
349 267
349 330
349 484
349 493
349 495
350 106
350 334
350 337
350 344
350 370
350 373
350 401
350 445
351 19
351 87
351 164
351 236
351 338
351 392
351 425
351 465
352 46
352 240
352 365
352 394
352 432
352 442
352 445
352 474
353 29
353 254
353 272
353 273
353 348
353 356
353 463
353 469
354 10
354 63
354 95
354 205
354 339
354 346
354 347
354 356
355 14
355 61
355 184
355 338
355 359
355 400
355 404
355 420
356 10
356 63
356 95
356 205
356 348
356 353
356 354
356 362
357 18
357 38
357 46
357 71
357 187
357 385
357 391
357 428
358 157
358 279
358 284
358 285
358 286
358 309
358 367
358 390
358 446
359 355
359 400
359 404
359 420
359 428
359 457
360 151
360 222
360 229
360 369
360 372
360 429
360 471
360 475
361 44
361 180
361 362
361 364
361 472
361 477
362 96
362 326
362 356
362 361
362 364
362 398
362 450
362 470
363 118
363 219
363 372
363 388
363 429
363 444
363 492
363 496
364 176
364 361
364 362
364 464
365 46
365 145
365 352
365 394
365 438
365 441
365 442
365 447
366 3
366 64
366 130
366 185
366 207
366 217
366 371
366 376
367 157
367 179
367 191
367 192
367 193
367 358
367 405
367 419
368 369
368 370
368 374
368 407
368 435
368 493
368 495
369 151
369 222
369 360
369 368
369 370
369 374
369 471
370 106
370 184
370 334
370 344
370 350
370 368
370 369
370 374
371 130
371 185
371 207
371 217
371 246
371 248
371 249
371 366
372 183
372 230
372 277
372 360
372 363
372 393
372 399
372 476
373 120
373 187
373 312
373 350
373 384
373 401
373 436
373 500
374 287
374 302
374 368
374 369
374 370
374 409
374 447
374 488
375 22
375 46
375 47
375 48
375 70
375 97
375 262
375 330
376 23
376 119
376 176
376 177
376 225
376 300
376 366
376 475
377 65
377 235
377 380
377 382
377 421
377 462
378 31
378 346
378 379
378 411
378 426
378 446
378 454
378 461
379 159
379 182
379 378
379 423
379 446
379 461
380 37
380 162
380 214
380 235
380 377
380 403
381 222
381 229
381 287
381 290
381 471
381 475
382 33
382 35
382 60
382 302
382 377
382 421
382 423
382 462
383 33
383 65
383 169
383 302
383 348
383 387
383 421
383 423
384 158
384 187
384 312
384 373
384 385
384 386
384 389
384 500
385 46
385 102
385 341
385 357
385 384
385 389
385 442
385 446
386 118
386 219
386 384
386 389
386 444
386 461
386 480
386 492
387 14
387 33
387 383
387 414
387 421
388 219
388 281
388 345
388 363
388 390
388 492
388 496
388 497
389 91
389 289
389 384
389 385
389 386
389 445
389 453
389 468
390 157
390 179
390 279
390 345
390 358
390 388
390 405
390 419
391 15
391 46
391 54
391 357
391 419
391 422
391 426
391 442
391 479
392 164
392 236
392 259
392 339
392 351
392 393
392 395
392 396
392 465
393 2
393 183
393 230
393 277
393 372
393 392
393 395
393 396
393 460
394 18
394 27
394 38
394 46
394 342
394 352
394 365
394 424
394 443
395 186
395 213
395 338
395 392
395 393
395 396
395 441
395 473
395 485
396 25
396 48
396 98
396 127
396 321
396 327
396 335
396 392
396 393
396 395
397 141
397 420
397 422
397 432
397 463
397 466
397 484
397 493
397 495
398 49
398 53
398 96
398 325
398 326
398 362
398 399
398 402
398 449
398 450
398 470
399 88
399 183
399 230
399 277
399 372
399 398
399 402
399 417
399 449
399 472
399 476
399 498
400 198
400 199
400 200
400 355
400 359
400 404
400 420
401 12
401 80
401 110
401 143
401 268
401 350
401 373
401 415
401 436
402 100
402 312
402 324
402 398
402 399
402 440
402 449
402 482
402 500
403 112
403 214
403 380
403 433
403 434
403 448
403 467
404 14
404 61
404 355
404 359
404 400
404 405
404 420
404 449
404 486
405 157
405 179
405 367
405 390
405 404
405 407
405 411
405 419
406 188
406 206
406 208
406 209
406 211
406 282
406 316
406 319
406 429
407 165
407 313
407 368
407 405
407 411
407 412
407 484
407 493
407 495
408 81
408 163
408 308
408 320
408 409
408 491
409 83
409 84
409 121
409 295
409 302
409 374
409 408
409 447
409 488
410 171
410 224
410 264
410 265
410 268
410 346
410 411
410 426
410 454
411 31
411 224
411 346
411 378
411 405
411 407
411 410
411 412
411 454
412 85
412 94
412 298
412 303
412 305
412 407
412 411
412 413
413 99
413 212
413 248
413 412
413 415
413 416
413 469
413 479
413 486
414 14
414 16
414 77
414 86
414 144
414 153
414 201
414 301
414 387
415 75
415 80
415 110
415 143
415 283
415 401
415 413
415 416
415 473
416 24
416 82
416 215
416 220
416 322
416 413
416 415
416 417
416 494
417 132
417 183
417 230
417 277
417 399
417 416
417 418
417 419
417 472
418 92
418 192
418 294
418 417
418 419
418 473
418 480
418 483
418 485
419 279
419 367
419 390
419 391
419 405
419 417
419 418
419 446
420 14
420 61
420 124
420 355
420 359
420 397
420 400
420 404
420 432
420 492
421 33
421 109
421 128
421 169
421 336
421 346
421 348
421 377
421 382
421 383
421 387
421 468
421 479
422 59
422 165
422 257
422 313
422 391
422 397
422 426
422 431
422 484
422 491
423 47
423 86
423 156
423 159
423 161
423 182
423 197
423 379
423 382
423 383
424 34
424 73
424 126
424 147
424 234
424 340
424 394
424 439
424 441
424 443
425 184
425 278
425 351
425 451
425 456
425 474
426 6
426 31
426 171
426 333
426 346
426 378
426 391
426 410
426 422
426 467
427 118
427 433
427 448
427 457
427 480
427 492
427 496
428 12
428 121
428 287
428 295
428 308
428 357
428 359
428 429
428 447
428 488
429 188
429 208
429 282
429 311
429 316
429 319
429 360
429 363
429 406
429 428
430 18
430 20
430 21
430 32
430 57
430 67
430 113
430 134
430 148
430 250
431 294
431 422
431 439
431 485
431 493
431 495
431 498
432 83
432 239
432 352
432 397
432 420
432 456
432 463
432 474
433 96
433 403
433 427
433 457
433 461
433 470
434 8
434 84
434 312
434 403
434 457
434 467
434 482
434 487
434 498
434 500
435 141
435 165
435 257
435 306
435 307
435 309
435 313
435 368
435 484
435 495
436 22
436 139
436 170
436 223
436 243
436 245
436 246
436 373
436 401
436 452
437 8
437 454
437 460
437 482
437 488
437 490
437 491
438 41
438 104
438 190
438 210
438 220
438 365
438 447
438 466
438 492
438 494
439 73
439 424
439 431
439 442
439 444
439 449
439 485
439 489
440 84
440 88
440 89
440 90
440 100
440 147
440 312
440 324
440 402
440 482
440 487
441 39
441 66
441 213
441 227
441 278
441 338
441 365
441 395
441 424
441 447
441 485
442 71
442 336
442 341
442 352
442 365
442 385
442 391
442 439
442 444
442 450
442 485
443 25
443 30
443 48
443 98
443 127
443 327
443 335
443 342
443 394
443 424
444 118
444 152
444 329
444 363
444 386
444 439
444 442
444 450
444 453
444 480
444 492
445 4
445 72
445 211
445 288
445 296
445 350
445 352
445 389
445 463
445 474
445 491
446 179
446 358
446 378
446 379
446 385
446 419
446 461
447 85
447 264
447 287
447 302
447 308
447 365
447 374
447 409
447 428
447 438
447 441
448 73
448 340
448 403
448 427
448 457
448 489
449 73
449 119
449 126
449 148
449 189
449 317
449 398
449 399
449 402
449 404
449 439
449 489
450 53
450 326
450 362
450 398
450 442
450 444
450 453
450 455
450 461
451 7
451 25
451 83
451 92
451 94
451 121
451 193
451 239
451 253
451 263
451 425
451 474
452 22
452 190
452 238
452 275
452 330
452 341
452 436
452 494
453 91
453 296
453 389
453 444
453 450
453 455
453 456
453 491
454 11
454 173
454 224
454 333
454 378
454 410
454 411
454 437
454 458
454 460
454 480
454 490
455 105
455 176
455 177
455 225
455 300
455 450
455 453
455 456
455 458
456 7
456 83
456 193
456 239
456 253
456 263
456 425
456 432
456 453
456 455
456 458
456 459
457 84
457 359
457 427
457 433
457 434
457 448
457 487
457 490
458 122
458 173
458 224
458 454
458 455
458 456
458 459
458 462
459 216
459 269
459 283
459 456
459 458
459 462
459 470
460 2
460 43
460 88
460 101
460 183
460 230
460 277
460 393
460 437
460 454
460 464
460 468
460 480
461 28
461 89
461 96
461 325
461 326
461 378
461 379
461 386
461 433
461 446
461 450
462 35
462 60
462 169
462 348
462 377
462 382
462 458
462 459
462 470
462 478
463 117
463 167
463 198
463 206
463 247
463 267
463 273
463 292
463 331
463 353
463 397
463 432
463 445
464 212
464 248
464 364
464 460
464 472
464 479
464 480
464 482
465 19
465 87
465 164
465 236
465 259
465 301
465 339
465 343
465 351
465 392
465 470
465 478
465 490
465 491
466 21
466 103
466 107
466 180
466 397
466 438
466 492
467 71
467 145
467 218
467 403
467 426
467 434
467 493
468 72
468 122
468 155
468 255
468 288
468 289
468 296
468 320
468 389
468 421
468 460
468 472
468 482
468 491
469 30
469 67
469 99
469 194
469 253
469 296
469 318
469 328
469 336
469 353
469 413
469 479
469 481
469 486
470 28
470 49
470 53
470 89
470 96
470 325
470 326
470 362
470 398
470 433
470 459
470 462
470 465
470 478
471 151
471 229
471 242
471 290
471 328
471 347
471 360
471 369
471 381
471 477
471 484
471 493
471 495
471 500
472 140
472 183
472 361
472 399
472 417
472 464
472 468
472 482
472 486
473 40
473 186
473 192
473 213
473 225
473 227
473 250
473 272
473 278
473 288
473 338
473 395
473 415
473 418
474 7
474 83
474 193
474 233
474 239
474 253
474 263
474 277
474 352
474 425
474 432
474 445
474 451
474 478
475 222
475 242
475 290
475 328
475 347
475 360
475 376
475 381
475 477
475 493
475 495
475 496
475 497
476 230
476 271
476 277
476 323
476 372
476 399
476 481
476 487
476 489
476 494
476 500
477 258
477 332
477 361
477 471
477 475
477 484
477 493
477 495
478 312
478 462
478 465
478 470
478 474
478 482
478 488
478 500
479 115
479 181
479 212
479 228
479 248
479 253
479 293
479 318
479 336
479 347
479 391
479 413
479 421
479 464
479 469
479 486
480 1
480 50
480 152
480 178
480 219
480 226
480 329
480 386
480 418
480 427
480 444
480 454
480 460
480 464
480 486
480 492
481 99
481 248
481 318
481 469
481 476
481 487
481 489
481 494
481 499
481 500
482 84
482 174
482 241
482 312
482 324
482 348
482 402
482 434
482 437
482 440
482 464
482 468
482 472
482 478
482 486
482 487
483 40
483 66
483 92
483 168
483 186
483 192
483 213
483 227
483 278
483 294
483 295
483 316
483 318
483 320
483 338
483 418
483 485
484 59
484 138
484 141
484 165
484 196
484 257
484 349
484 397
484 407
484 422
484 435
484 471
484 477
484 487
484 489
484 495
484 500
485 40
485 66
485 92
485 186
485 192
485 227
485 278
485 294
485 395
485 418
485 431
485 439
485 441
485 442
485 483
485 496
485 498
486 81
486 99
486 115
486 181
486 194
486 228
486 248
486 293
486 306
486 404
486 413
486 469
486 472
486 479
486 480
486 482
486 490
487 8
487 100
487 241
487 306
487 324
487 434
487 440
487 457
487 476
487 481
487 482
487 484
487 489
487 490
487 494
487 499
487 500
488 5
488 12
488 121
488 216
488 264
488 287
488 295
488 302
488 308
488 341
488 374
488 409
488 428
488 437
488 478
488 490
488 491
489 119
489 148
489 189
489 439
489 448
489 449
489 476
489 481
489 484
489 487
489 499
489 500
490 83
490 84
490 437
490 454
490 457
490 465
490 486
490 487
490 488
490 491
490 500
491 4
491 91
491 161
491 163
491 211
491 255
491 288
491 289
491 296
491 320
491 408
491 422
491 437
491 445
491 453
491 465
491 468
491 488
491 490
492 1
492 50
492 82
492 112
492 149
492 178
492 219
492 226
492 266
492 329
492 363
492 386
492 388
492 420
492 427
492 438
492 444
492 466
492 480
493 59
493 111
493 138
493 141
493 196
493 257
493 313
493 349
493 368
493 397
493 407
493 431
493 467
493 471
493 475
493 477
493 495
493 496
493 497
494 41
494 82
494 104
494 107
494 142
494 210
494 215
494 275
494 285
494 322
494 416
494 438
494 452
494 476
494 481
494 487
494 499
495 111
495 129
495 138
495 141
495 150
495 165
495 196
495 349
495 368
495 397
495 407
495 431
495 435
495 471
495 475
495 477
495 484
495 493
495 496
495 497
496 1
496 50
496 118
496 149
496 152
496 178
496 210
496 219
496 226
496 281
496 294
496 363
496 388
496 427
496 475
496 485
496 493
496 495
496 497
496 498
497 55
497 250
497 281
497 294
497 329
497 388
497 475
497 493
497 495
497 496
497 498
498 88
498 131
498 140
498 183
498 294
498 399
498 431
498 434
498 485
498 496
498 497
499 101
499 277
499 323
499 481
499 487
499 489
499 494
499 500
500 84
500 158
500 174
500 241
500 275
500 306
500 312
500 324
500 373
500 384
500 402
500 434
500 471
500 476
500 478
500 481
500 484
500 487
500 489
500 490
500 499
