1 3
1 36
1 97
1 380
1 465
2 279
2 408
2 447
2 448
2 466
3 1
3 248
3 382
3 498
3 499
4 24
4 70
4 334
4 367
4 382
5 7
5 60
5 179
5 334
5 455
5 482
6 160
6 203
6 277
6 395
6 464
7 5
7 86
7 380
7 487
7 495
8 9
8 108
8 261
8 472
8 488
8 498
8 499
9 8
9 16
9 208
9 261
9 396
10 19
10 102
10 157
10 487
10 495
11 12
11 20
11 252
11 298
11 455
12 11
12 165
12 331
12 455
12 486
13 14
13 100
13 121
13 218
13 413
13 439
13 455
13 496
14 13
14 84
14 205
14 261
14 290
14 394
15 16
15 26
15 157
15 402
15 443
15 459
16 9
16 15
16 17
16 136
16 192
16 208
16 396
17 16
17 18
17 45
17 256
17 292
17 330
17 351
17 379
17 453
17 469
17 481
17 490
18 17
18 99
18 276
18 410
18 480
19 10
19 120
19 156
19 343
19 361
19 362
19 430
20 11
20 21
20 178
20 298
20 431
21 20
21 24
21 62
21 239
21 317
21 327
21 385
22 27
22 303
22 384
22 394
22 440
22 487
22 495
23 105
23 247
23 344
23 345
23 347
24 4
24 21
24 27
24 232
24 367
25 38
25 39
25 155
25 288
25 416
25 422
25 459
25 492
26 15
26 283
26 371
26 412
26 470
26 497
27 22
27 24
27 33
27 158
27 461
27 480
28 29
28 31
28 250
28 280
28 281
29 28
29 31
29 277
29 386
29 464
30 99
30 217
30 333
30 403
30 437
31 28
31 29
31 81
31 166
31 290
31 394
32 122
32 195
32 336
32 338
32 400
33 27
33 158
33 216
33 231
33 242
33 276
33 286
33 329
33 358
33 373
33 432
33 480
33 489
34 76
34 129
34 173
34 307
34 332
34 409
34 438
35 56
35 57
35 90
35 164
35 304
36 1
36 37
36 177
36 307
36 347
36 397
36 465
37 36
37 88
37 436
37 442
37 482
38 25
38 39
38 174
38 190
38 221
39 25
39 38
39 60
39 186
39 455
39 482
40 41
40 44
40 344
40 472
40 483
40 498
40 499
41 40
41 44
41 77
41 246
41 363
42 123
42 139
42 265
42 328
42 406
43 233
43 330
43 346
43 395
43 399
44 40
44 41
44 97
44 177
44 465
45 17
45 46
45 292
45 309
45 453
46 45
46 200
46 309
46 365
46 417
47 50
47 147
47 178
47 252
47 309
48 69
48 126
48 130
48 311
48 335
48 399
49 51
49 241
49 312
49 430
49 433
49 466
50 47
50 51
50 115
50 181
50 191
51 49
51 50
51 202
51 237
51 264
52 53
52 55
52 245
52 328
52 371
53 52
53 55
53 200
53 365
53 417
54 56
54 201
54 226
54 343
54 450
55 52
55 53
55 56
55 214
55 255
55 460
56 35
56 54
56 55
56 458
56 460
57 35
57 59
57 68
57 352
57 456
58 59
58 60
58 315
58 477
58 497
59 57
59 58
59 364
59 455
59 482
60 5
60 39
60 58
60 236
60 364
60 382
60 404
60 424
61 62
61 67
61 448
61 457
61 484
62 21
62 61
62 197
62 239
62 317
62 455
63 65
63 403
63 410
63 427
63 463
64 217
64 234
64 354
64 403
64 410
64 437
65 63
65 66
65 114
65 172
65 268
66 65
66 67
66 142
66 461
66 480
67 61
67 66
67 68
67 224
67 390
67 448
67 457
68 57
68 67
68 71
68 170
68 189
68 259
68 310
68 318
68 352
68 393
68 454
68 456
68 500
69 48
69 98
69 148
69 152
69 195
69 476
70 4
70 232
70 367
70 400
70 478
71 68
71 127
71 166
71 194
71 400
72 74
72 216
72 400
72 432
72 461
73 137
73 142
73 162
73 203
73 302
74 72
74 76
74 200
74 365
74 417
75 77
75 185
75 363
76 34
76 74
76 77
76 112
76 129
76 173
76 299
76 332
76 341
76 360
76 409
76 485
77 41
77 75
77 76
77 79
77 246
77 291
78 92
78 93
78 202
78 237
78 264
79 77
79 81
79 101
79 105
79 247
80 82
80 177
80 338
80 407
80 470
80 475
81 31
81 79
81 82
81 290
81 306
81 392
81 394
82 80
82 81
82 236
82 455
82 482
83 177
83 227
83 228
83 465
83 484
84 14
84 222
84 453
84 467
84 494
85 86
85 87
85 91
85 156
85 273
86 7
86 85
86 87
86 487
86 495
87 85
87 86
87 106
87 230
87 301
87 321
88 37
88 91
88 283
88 331
88 429
88 436
88 442
89 103
89 107
89 174
89 190
89 221
90 35
90 91
90 193
90 283
90 304
91 85
91 88
91 90
91 135
91 156
91 273
92 78
92 320
92 468
92 498
92 499
93 78
93 218
93 320
93 391
93 413
94 95
94 176
94 217
94 320
94 463
95 94
95 140
95 188
95 324
95 421
96 98
96 184
96 333
96 458
96 460
97 1
97 44
97 167
97 465
97 493
98 69
98 96
98 152
98 333
98 376
99 18
99 30
99 101
99 276
99 432
100 13
100 102
100 121
100 257
100 340
100 377
100 425
100 446
101 79
101 99
101 102
101 105
101 247
102 10
102 100
102 101
102 487
102 495
103 89
103 182
103 263
103 364
103 486
104 235
104 250
104 275
104 428
104 462
105 23
105 79
105 101
105 139
105 140
106 87
106 108
106 230
106 301
106 477
107 89
107 108
107 217
107 249
107 437
108 8
108 106
108 107
108 483
108 498
109 223
109 317
109 374
109 422
109 473
110 111
110 159
110 302
110 342
110 473
111 110
111 155
111 302
111 416
111 421
111 434
111 447
111 492
112 76
112 113
112 302
112 409
112 485
113 112
113 114
113 180
113 235
113 369
114 65
114 113
114 115
114 185
114 268
114 419
114 423
115 50
115 114
115 117
115 181
115 191
115 323
116 118
116 207
116 244
116 313
116 348
116 459
117 115
117 118
117 204
117 279
117 408
118 116
118 117
118 147
118 178
118 298
119 120
119 121
119 227
119 448
119 457
120 19
120 119
120 121
120 274
120 340
121 13
121 100
121 119
121 120
121 228
121 257
121 377
121 446
122 32
122 124
122 175
122 294
122 400
122 408
122 418
122 424
123 42
123 124
123 138
123 406
123 474
124 122
124 123
124 183
124 203
124 302
125 126
125 127
125 131
125 165
125 309
125 431
125 486
126 48
126 125
126 127
126 130
126 311
126 335
126 399
127 71
127 125
127 126
127 392
127 415
128 129
128 130
128 141
128 151
128 222
129 34
129 76
129 128
129 130
129 173
129 215
129 299
130 48
130 126
130 128
130 129
130 399
131 125
131 132
131 133
131 282
131 309
131 388
131 486
132 131
132 133
132 362
132 430
132 466
133 131
133 132
133 290
133 297
133 319
133 467
134 136
134 160
134 278
134 412
134 445
135 91
135 138
135 156
135 273
135 353
136 16
136 134
136 138
136 192
136 396
137 73
137 142
137 162
137 187
137 293
138 123
138 135
138 136
138 139
138 406
139 42
139 105
139 138
139 141
139 265
139 406
140 95
140 105
140 141
140 167
140 324
141 128
141 139
141 140
141 146
141 222
142 66
142 73
142 137
142 162
142 480
143 145
143 271
143 333
143 389
143 440
143 441
143 487
143 493
144 145
144 316
144 359
144 425
144 497
145 143
145 144
145 152
145 269
145 337
146 141
146 151
146 222
146 321
146 411
147 47
147 118
147 298
147 321
147 416
148 69
148 152
148 242
148 376
148 484
149 150
149 201
149 226
149 255
149 257
149 314
149 450
149 452
150 149
150 151
150 199
150 226
150 314
150 416
151 128
151 146
151 150
151 153
151 222
152 69
152 98
152 145
152 148
152 154
152 155
152 195
152 269
152 337
152 376
152 476
153 151
153 270
153 427
153 469
153 492
154 152
154 155
154 275
154 428
154 462
155 25
155 111
155 152
155 154
155 225
155 357
155 383
155 387
155 416
155 421
155 422
155 474
155 492
156 19
156 85
156 91
156 135
156 158
157 10
157 15
157 158
157 353
157 470
158 27
158 33
158 156
158 157
158 358
159 110
159 223
159 320
159 335
159 374
159 463
159 473
160 6
160 134
160 277
160 335
160 386
160 464
160 487
161 163
161 254
161 335
161 395
161 441
162 73
162 137
162 142
162 458
162 460
163 161
163 172
163 268
163 419
163 443
164 35
164 165
164 193
164 304
164 311
165 12
165 125
165 164
165 311
165 431
165 486
166 31
166 71
166 168
166 209
166 311
167 97
167 140
167 168
167 188
167 324
168 166
168 167
168 401
168 477
168 497
169 170
169 241
169 342
169 343
169 361
169 466
170 68
170 169
170 342
170 352
170 491
171 172
171 173
171 238
171 308
171 325
172 65
172 163
172 171
172 173
172 419
173 34
173 76
173 129
173 171
173 172
173 341
174 38
174 89
174 190
174 221
174 441
174 499
175 122
175 306
175 370
175 400
175 418
175 478
176 94
176 217
176 306
176 403
176 444
177 36
177 44
177 80
177 83
177 243
177 266
177 316
177 338
177 345
177 347
177 397
177 484
178 20
178 47
178 118
178 239
178 241
178 315
179 5
179 303
179 305
179 404
179 455
179 482
180 113
180 235
180 260
180 295
180 296
180 308
180 316
181 50
181 115
181 184
181 191
181 323
181 460
182 103
182 183
182 188
182 300
182 447
182 486
183 124
183 182
183 188
183 192
183 203
183 302
184 96
184 181
184 255
184 316
184 458
184 460
185 75
185 114
185 220
185 423
186 39
186 187
186 190
186 404
186 455
186 482
187 137
187 186
187 190
187 262
187 284
187 293
188 95
188 167
188 182
188 183
188 192
188 324
189 68
189 284
189 285
189 288
189 352
189 491
190 38
190 89
190 174
190 186
190 187
190 221
191 50
191 115
191 181
191 240
191 323
191 348
192 16
192 136
192 183
192 188
192 193
192 396
193 90
193 164
193 192
193 197
193 207
193 304
194 71
194 209
194 348
194 387
194 467
195 32
195 69
195 152
195 336
195 376
195 436
196 198
196 244
196 313
196 348
196 485
197 62
197 193
197 207
197 209
197 239
197 327
198 196
198 204
198 266
198 279
198 387
198 408
199 150
199 200
199 201
199 405
199 450
199 452
200 46
200 53
200 74
200 199
200 201
200 366
200 411
200 417
201 54
201 149
201 199
201 200
201 202
201 314
201 435
201 450
201 452
202 51
202 78
202 201
202 204
202 237
202 264
203 6
203 73
203 124
203 183
203 205
203 302
204 117
204 198
204 202
204 205
204 266
204 279
204 372
204 444
204 449
205 14
205 203
205 204
205 297
205 412
206 212
206 223
206 342
206 349
206 392
206 473
207 116
207 193
207 197
207 209
207 313
207 348
208 9
208 16
208 226
208 396
209 166
209 194
209 197
209 207
209 402
209 415
210 279
210 280
210 429
210 436
210 442
210 461
211 218
211 219
211 378
211 402
211 445
211 464
212 206
212 214
212 287
212 455
212 482
213 215
213 319
213 392
213 394
213 412
213 452
214 55
214 212
214 215
214 234
214 255
214 458
215 129
215 213
215 214
215 341
215 360
215 409
216 33
216 72
216 217
216 221
216 432
216 461
217 30
217 64
217 94
217 107
217 176
217 216
217 221
217 249
217 403
217 410
218 13
218 93
218 211
218 377
218 402
218 448
219 211
219 220
219 255
219 402
219 458
219 460
220 185
220 219
220 231
220 336
220 423
220 479
221 38
221 89
221 174
221 190
221 216
221 217
222 84
222 128
222 141
222 146
222 151
222 223
223 109
223 159
223 206
223 222
223 224
223 342
223 349
224 67
224 223
224 448
224 457
224 495
225 155
225 227
225 357
225 383
225 416
225 434
225 459
225 488
225 492
226 54
226 149
226 150
226 208
226 435
226 450
227 83
227 119
227 225
227 448
227 457
228 83
228 121
228 257
228 425
228 485
228 496
229 230
229 271
229 354
229 395
229 405
229 495
230 87
230 106
230 229
230 301
230 321
230 354
231 33
231 220
231 232
231 233
231 242
231 480
232 24
232 70
232 231
232 233
232 367
232 489
233 43
233 231
233 232
233 247
233 253
233 433
234 64
234 214
234 365
234 458
234 460
235 104
235 113
235 180
235 250
235 295
235 369
236 60
236 82
236 237
236 364
236 365
236 404
237 51
237 78
237 202
237 236
237 264
237 365
238 171
238 289
238 308
238 315
238 325
238 474
239 21
239 62
239 178
239 197
239 315
239 327
239 385
240 191
240 336
240 348
240 387
240 419
240 423
241 49
241 169
241 178
241 357
241 430
241 466
242 33
242 148
242 231
242 357
242 480
243 177
243 247
243 249
243 251
243 345
243 347
244 116
244 196
244 246
244 313
244 348
244 357
245 52
245 246
245 330
245 401
245 402
245 443
246 41
246 77
246 244
246 245
246 291
246 363
247 23
247 79
247 101
247 233
247 243
247 251
248 3
248 255
248 399
248 428
248 472
248 498
249 107
249 217
249 243
249 251
249 410
249 497
250 28
250 104
250 235
250 258
250 280
250 281
251 243
251 247
251 249
251 468
251 488
251 498
252 11
252 47
252 272
252 273
252 298
252 363
253 233
253 254
253 256
253 270
253 446
253 496
254 161
254 253
254 256
254 270
254 389
254 495
255 55
255 149
255 184
255 214
255 219
255 248
256 17
256 253
256 254
256 270
256 292
256 453
257 100
257 121
257 149
257 228
257 259
257 377
257 425
257 496
258 250
258 280
258 281
258 353
258 408
258 425
259 68
259 257
259 310
259 352
259 393
259 404
260 180
260 268
260 271
260 296
260 369
260 474
261 8
261 9
261 14
261 382
261 455
261 482
262 187
262 264
262 284
262 293
262 404
263 103
263 264
263 300
263 387
263 431
263 486
264 51
264 78
264 202
264 237
264 262
264 263
265 42
265 139
265 269
265 406
265 422
266 177
266 198
266 204
266 279
266 308
266 398
266 478
267 275
267 322
267 349
267 350
267 351
267 428
267 462
268 65
268 114
268 163
268 260
268 336
268 466
268 474
269 145
269 152
269 265
269 337
269 376
269 422
270 153
270 253
270 254
270 256
270 387
270 459
270 474
271 143
271 229
271 260
271 405
271 457
271 474
271 495
272 252
272 273
272 370
272 474
273 85
273 91
273 135
273 252
273 272
273 274
273 307
274 120
274 273
274 340
274 363
274 406
274 466
275 104
275 154
275 267
275 280
275 281
275 305
275 322
275 326
275 428
275 460
275 462
275 479
276 18
276 33
276 99
276 296
276 373
276 422
276 461
277 6
277 29
277 160
277 279
277 363
277 406
277 445
278 134
278 324
278 325
278 326
278 378
278 445
278 464
279 2
279 117
279 198
279 204
279 210
279 266
279 277
279 372
279 406
279 408
279 444
279 449
280 28
280 210
280 250
280 258
280 275
280 281
280 460
281 28
281 250
281 258
281 275
281 280
281 282
281 460
282 131
282 281
282 284
282 331
282 431
282 460
282 486
283 26
283 88
283 90
283 331
283 429
283 436
283 442
284 187
284 189
284 262
284 282
284 285
284 293
285 189
285 284
285 287
285 483
285 488
285 498
285 499
286 33
286 307
286 312
286 329
286 343
286 361
286 430
287 212
287 285
287 288
287 388
287 404
287 482
288 25
288 189
288 287
288 388
288 459
288 474
288 493
289 238
289 290
289 292
289 308
289 325
289 388
290 14
290 31
290 81
290 133
290 289
290 291
290 292
290 297
290 306
290 319
290 392
290 394
290 412
290 415
291 77
291 246
291 290
291 292
291 363
291 388
292 17
292 45
292 256
292 289
292 290
292 291
292 330
292 351
292 355
292 379
292 469
292 481
292 490
293 137
293 187
293 262
293 284
293 295
293 297
293 300
294 122
294 339
294 341
294 370
294 400
294 418
294 436
295 180
295 235
295 293
295 296
295 297
295 300
295 369
296 180
296 260
296 276
296 295
296 298
296 369
297 133
297 205
297 290
297 293
297 295
297 300
297 319
298 11
298 20
298 118
298 147
298 252
298 296
298 299
299 76
299 129
299 298
299 303
299 332
299 409
299 485
300 182
300 263
300 293
300 295
300 297
300 486
301 87
301 106
301 230
301 304
301 310
301 321
301 451
302 73
302 110
302 111
302 112
302 124
302 183
302 203
303 22
303 179
303 299
303 350
303 487
304 35
304 90
304 164
304 193
304 301
304 310
304 312
305 179
305 275
305 313
305 322
305 428
305 462
305 479
306 81
306 175
306 176
306 290
306 308
306 494
307 34
307 36
307 273
307 286
308 171
308 180
308 238
308 266
308 289
308 306
308 325
309 45
309 46
309 47
309 125
309 131
309 388
310 68
310 259
310 301
310 304
310 312
310 352
310 393
311 48
311 126
311 164
311 165
311 166
312 49
312 286
312 304
312 310
312 371
312 466
313 116
313 196
313 207
313 244
313 305
313 348
313 488
314 149
314 150
314 201
314 318
314 415
314 450
314 464
315 58
315 178
315 238
315 239
315 443
315 497
316 144
316 177
316 180
316 184
316 381
316 497
317 21
317 62
317 109
317 322
317 327
318 68
318 314
318 352
318 371
318 393
318 415
318 451
318 454
318 456
318 500
319 133
319 213
319 290
319 297
319 323
319 324
319 371
320 92
320 93
320 94
320 159
320 342
320 349
320 473
321 87
321 146
321 147
321 230
321 301
321 416
322 267
322 275
322 305
322 317
322 326
322 327
322 479
323 115
323 181
323 191
323 319
323 324
323 415
324 95
324 140
324 167
324 188
324 278
324 319
324 323
325 171
325 238
325 278
325 289
325 308
325 326
325 332
326 275
326 278
326 322
326 325
326 332
326 428
326 462
327 21
327 197
327 239
327 317
327 322
327 328
327 385
328 42
328 52
328 327
328 353
328 368
328 371
328 470
329 33
329 286
329 429
329 436
329 442
329 452
330 17
330 43
330 245
330 292
330 399
330 403
330 453
330 469
331 12
331 88
331 282
331 283
331 412
331 431
331 486
332 34
332 76
332 299
332 325
332 326
332 336
332 360
332 409
333 30
333 96
333 98
333 143
333 350
333 375
333 389
333 440
334 4
334 5
334 382
334 472
334 488
334 498
335 48
335 126
335 159
335 160
335 161
335 399
336 32
336 195
336 220
336 240
336 268
336 332
336 419
336 423
337 145
337 152
337 269
337 338
337 339
337 436
338 32
338 80
338 177
338 337
338 339
338 345
338 347
338 407
339 294
339 337
339 338
339 429
339 436
339 442
340 100
340 120
340 274
340 361
340 383
340 421
340 427
340 466
341 76
341 173
341 215
341 294
341 345
341 413
342 110
342 169
342 170
342 206
342 223
342 320
342 378
342 473
343 19
343 54
343 169
343 286
343 394
343 433
343 452
343 466
344 23
344 40
344 413
344 464
344 468
344 498
345 23
345 177
345 243
345 338
345 341
345 413
346 43
346 366
346 367
346 375
346 433
346 442
346 446
346 496
347 23
347 36
347 177
347 243
347 338
347 349
347 350
347 407
347 465
347 475
347 484
348 116
348 191
348 194
348 196
348 207
348 240
348 244
348 313
349 206
349 223
349 267
349 320
349 347
349 350
349 473
350 267
350 303
350 333
350 347
350 349
350 395
350 405
350 440
351 17
351 267
351 292
351 352
351 355
351 445
351 453
351 469
352 57
352 68
352 170
352 189
352 259
352 310
352 318
352 351
352 393
352 409
352 445
352 451
352 454
352 456
352 491
353 135
353 157
353 258
353 328
353 402
353 408
353 425
353 497
354 64
354 229
354 230
354 398
354 426
354 438
354 472
354 483
355 292
355 351
355 356
355 379
355 409
355 445
355 469
356 355
356 358
356 414
356 416
356 434
356 492
357 155
357 225
357 241
357 242
357 244
357 383
357 434
357 492
358 33
358 158
358 356
358 360
358 373
358 414
358 461
358 480
359 144
359 426
359 429
359 434
359 441
359 471
359 477
359 497
360 76
360 215
360 332
360 358
360 361
360 362
361 19
361 169
361 286
361 340
361 360
361 362
361 368
361 485
362 19
362 132
362 360
362 361
362 368
362 414
363 41
363 75
363 246
363 252
363 274
363 277
363 291
363 406
364 59
364 60
364 103
364 236
364 383
364 404
364 427
364 435
365 46
365 53
365 74
365 234
365 236
365 237
365 366
365 411
366 200
366 346
366 365
366 367
366 375
366 411
366 417
366 442
367 4
367 24
367 70
367 232
367 346
367 366
367 379
367 442
368 328
368 361
368 362
368 373
368 381
368 401
368 402
368 443
368 470
368 471
368 477
369 113
369 235
369 260
369 295
369 296
369 370
369 384
369 495
370 175
370 272
370 294
370 369
370 373
370 384
370 418
371 26
371 52
371 312
371 318
371 319
371 328
371 415
371 497
372 204
372 279
372 379
372 381
372 386
372 408
372 442
372 478
373 33
373 276
373 358
373 368
373 370
373 384
373 461
373 480
374 109
374 159
374 376
374 377
374 389
374 473
375 333
375 346
375 366
375 384
375 441
375 442
375 479
375 481
375 495
376 98
376 148
376 152
376 195
376 269
376 374
376 377
376 389
376 476
377 100
377 121
377 218
377 257
377 374
377 376
377 389
377 433
377 496
378 211
378 278
378 342
378 380
378 386
378 411
378 440
378 444
378 445
379 17
379 292
379 355
379 367
379 372
379 381
379 386
379 453
379 469
380 1
380 7
380 378
380 410
380 431
380 445
380 464
381 316
381 368
381 372
381 379
381 386
381 450
381 471
381 477
381 497
382 3
382 4
382 60
382 261
382 334
382 482
383 155
383 225
383 340
383 357
383 364
383 416
383 424
383 474
383 492
384 22
384 369
384 370
384 373
384 375
384 487
385 21
385 239
385 327
385 417
385 454
385 472
385 478
386 29
386 160
386 372
386 378
386 379
386 381
386 445
386 450
386 464
387 155
387 194
387 198
387 240
387 263
387 270
387 447
387 474
387 492
388 131
388 287
388 288
388 289
388 291
388 309
388 431
389 143
389 254
389 333
389 374
389 376
389 377
389 440
389 441
389 487
390 67
390 396
390 397
390 407
390 448
390 450
390 457
391 93
391 393
391 403
391 439
391 493
391 496
392 81
392 127
392 206
392 213
392 290
392 394
392 395
392 440
392 453
393 68
393 259
393 310
393 318
393 352
393 391
393 403
393 456
393 487
393 500
394 14
394 22
394 31
394 81
394 213
394 290
394 343
394 392
394 412
394 415
394 433
394 452
395 6
395 43
395 161
395 229
395 350
395 392
395 440
395 453
395 495
396 9
396 16
396 136
396 192
396 208
396 390
396 397
396 407
396 450
397 36
397 177
397 390
397 396
397 407
397 419
397 450
397 465
397 475
398 266
398 354
398 401
398 405
398 414
398 471
398 488
398 498
398 499
399 43
399 48
399 126
399 130
399 248
399 330
399 335
399 471
400 32
400 70
400 71
400 72
400 122
400 175
400 294
400 418
400 424
401 168
401 245
401 368
401 398
401 405
401 428
401 431
401 443
401 477
402 15
402 209
402 211
402 218
402 219
402 245
402 353
402 368
402 470
403 30
403 63
403 64
403 176
403 217
403 330
403 391
403 393
403 437
404 60
404 179
404 186
404 236
404 259
404 262
404 287
404 364
404 494
405 199
405 229
405 271
405 350
405 398
405 401
405 487
405 489
405 495
406 42
406 123
406 138
406 139
406 265
406 274
406 277
406 279
406 363
407 80
407 338
407 347
407 390
407 396
407 397
407 418
407 419
407 465
407 475
408 2
408 117
408 122
408 198
408 258
408 279
408 353
408 372
408 425
408 444
408 449
409 34
409 76
409 112
409 215
409 299
409 332
409 352
409 355
409 414
409 445
410 18
410 63
410 64
410 217
410 249
410 380
410 428
410 437
410 462
410 463
411 146
411 200
411 365
411 366
411 378
411 417
411 443
411 444
412 26
412 134
412 205
412 213
412 290
412 331
412 394
412 415
412 480
412 494
413 13
413 93
413 341
413 344
413 345
413 436
413 439
414 356
414 358
414 362
414 398
414 409
414 426
414 438
414 483
414 488
414 499
415 127
415 209
415 290
415 314
415 318
415 323
415 371
415 394
415 412
415 494
416 25
416 111
416 147
416 150
416 155
416 225
416 321
416 356
416 383
416 422
416 434
416 447
417 46
417 53
417 74
417 200
417 366
417 385
417 411
417 463
417 472
417 481
418 122
418 175
418 294
418 370
418 400
418 407
418 419
418 420
418 423
418 424
419 114
419 163
419 172
419 240
419 336
419 397
419 407
419 418
419 420
419 423
420 418
420 419
420 423
420 425
420 426
420 433
420 496
421 95
421 111
421 155
421 340
421 424
421 427
421 434
421 469
421 492
422 25
422 109
422 155
422 265
422 269
422 276
422 416
422 459
422 474
422 493
423 114
423 185
423 220
423 240
423 336
423 418
423 419
423 420
423 426
423 429
424 60
424 122
424 383
424 400
424 418
424 421
424 427
425 100
425 144
425 228
425 257
425 258
425 353
425 408
425 420
425 433
425 496
426 354
426 359
426 414
426 420
426 423
426 429
426 438
426 468
426 483
426 499
427 63
427 153
427 340
427 364
427 421
427 424
427 492
428 104
428 154
428 248
428 267
428 275
428 305
428 326
428 401
428 410
428 431
429 88
429 210
429 283
429 329
429 339
429 359
429 423
429 426
429 430
429 436
430 19
430 49
430 132
430 241
430 286
430 429
430 434
430 441
430 466
430 472
431 20
431 125
431 165
431 263
431 282
431 331
431 380
431 388
431 401
431 428
432 33
432 72
432 99
432 216
432 437
432 439
432 446
432 461
432 489
432 491
432 495
433 49
433 233
433 343
433 346
433 377
433 394
433 420
433 425
433 446
433 452
433 496
434 111
434 225
434 356
434 357
434 359
434 416
434 421
434 430
434 441
434 459
434 472
435 201
435 226
435 364
435 438
435 450
435 459
435 469
435 471
436 37
436 88
436 195
436 210
436 283
436 294
436 329
436 337
436 339
436 413
436 429
437 30
437 64
437 107
437 403
437 410
437 432
437 439
437 446
437 463
437 491
437 495
438 34
438 354
438 414
438 426
438 435
438 454
438 459
438 469
438 472
438 488
438 499
439 13
439 391
439 413
439 432
439 437
439 483
439 491
439 495
439 496
440 22
440 143
440 333
440 350
440 378
440 389
440 392
440 395
440 441
440 443
440 453
441 143
441 161
441 174
441 359
441 375
441 389
441 430
441 434
441 440
441 472
441 487
442 37
442 88
442 210
442 283
442 329
442 339
442 346
442 366
442 367
442 372
442 375
443 15
443 163
443 245
443 315
443 368
443 401
443 411
443 440
443 444
443 470
443 471
444 176
444 204
444 279
444 378
444 408
444 411
444 443
444 478
445 134
445 211
445 277
445 278
445 351
445 352
445 355
445 378
445 380
445 386
445 409
446 100
446 121
446 253
446 346
446 432
446 433
446 437
446 449
446 456
446 495
446 496
447 2
447 111
447 182
447 387
447 416
447 448
447 459
447 461
447 466
448 2
448 61
448 67
448 119
448 218
448 224
448 227
448 390
448 447
448 457
448 461
448 466
449 204
449 279
449 408
449 446
449 456
449 458
449 478
449 488
449 495
450 54
450 149
450 199
450 201
450 226
450 314
450 381
450 386
450 390
450 396
450 397
450 435
451 301
451 318
451 352
451 456
451 461
451 464
451 485
451 487
451 500
452 149
452 199
452 201
452 213
452 329
452 343
452 394
452 433
453 17
453 45
453 84
453 256
453 330
453 351
453 379
453 392
453 395
453 440
453 481
453 490
454 68
454 318
454 352
454 385
454 438
454 456
454 463
454 478
454 484
454 500
455 5
455 11
455 12
455 13
455 39
455 59
455 62
455 82
455 179
455 186
455 212
455 261
456 57
456 68
456 318
456 352
456 393
456 446
456 449
456 451
456 454
456 458
456 477
456 488
456 500
457 61
457 67
457 119
457 224
457 227
457 271
457 390
457 448
457 470
457 479
457 481
457 489
457 493
458 56
458 96
458 162
458 184
458 214
458 219
458 234
458 449
458 456
458 460
458 477
458 488
458 490
459 15
459 25
459 116
459 225
459 270
459 288
459 422
459 434
459 435
459 438
459 447
459 469
459 484
460 55
460 56
460 96
460 162
460 181
460 184
460 219
460 234
460 275
460 280
460 281
460 282
460 458
461 27
461 66
461 72
461 210
461 216
461 276
461 358
461 373
461 432
461 447
461 448
461 451
461 466
462 104
462 154
462 267
462 275
462 305
462 326
462 410
462 470
462 475
462 479
462 480
462 482
462 489
463 63
463 94
463 159
463 410
463 417
463 437
463 454
463 478
463 484
464 6
464 29
464 160
464 211
464 278
464 314
464 344
464 380
464 386
464 451
464 471
464 485
464 487
465 1
465 36
465 44
465 83
465 97
465 347
465 397
465 407
465 467
465 468
465 473
465 475
465 476
465 483
465 490
466 2
466 49
466 132
466 169
466 241
466 268
466 274
466 312
466 340
466 343
466 430
466 447
466 448
466 461
467 84
467 133
467 194
467 465
467 468
467 473
467 476
467 483
467 490
468 92
468 251
468 344
468 426
468 465
468 467
468 472
468 473
468 476
468 488
468 490
468 497
468 498
468 499
469 17
469 153
469 292
469 330
469 351
469 355
469 379
469 421
469 435
469 438
469 459
469 471
469 481
470 26
470 80
470 157
470 328
470 368
470 402
470 443
470 457
470 462
470 475
470 477
470 482
470 493
470 497
471 359
471 368
471 381
471 398
471 399
471 435
471 443
471 464
471 469
471 477
471 487
472 8
472 40
472 248
472 334
472 354
472 385
472 417
472 430
472 434
472 438
472 441
472 468
472 483
472 488
473 109
473 110
473 159
473 206
473 320
473 342
473 349
473 374
473 465
473 467
473 468
473 476
473 479
473 483
473 491
474 123
474 155
474 238
474 260
474 268
474 270
474 271
474 272
474 288
474 383
474 387
474 422
474 493
475 80
475 347
475 397
475 407
475 462
475 465
475 470
475 477
475 480
475 482
475 493
476 69
476 152
476 376
476 465
476 467
476 468
476 473
476 483
476 490
477 58
477 106
477 168
477 359
477 368
477 381
477 401
477 456
477 458
477 470
477 471
477 475
477 480
477 488
477 497
478 70
478 175
478 266
478 372
478 385
478 444
478 449
478 454
478 463
478 484
479 220
479 275
479 305
479 322
479 375
479 457
479 462
479 473
479 481
479 489
480 18
480 27
480 33
480 66
480 142
480 231
480 242
480 358
480 373
480 412
480 462
480 475
480 477
480 482
480 488
480 489
481 17
481 292
481 375
481 417
481 453
481 457
481 469
481 479
481 489
481 493
482 5
482 37
482 39
482 59
482 82
482 179
482 186
482 212
482 261
482 287
482 382
482 462
482 470
482 475
482 480
482 491
483 40
483 108
483 285
483 354
483 414
483 426
483 439
483 465
483 467
483 472
483 473
483 476
483 488
483 490
483 491
483 499
484 61
484 83
484 148
484 177
484 347
484 454
484 459
484 463
484 478
485 76
485 112
485 196
485 228
485 299
485 361
485 451
485 464
485 487
485 498
486 12
486 103
486 125
486 131
486 165
486 182
486 263
486 282
486 300
486 331
486 492
486 494
486 496
486 497
486 498
486 499
486 500
487 7
487 10
487 22
487 86
487 102
487 143
487 160
487 303
487 384
487 389
487 393
487 405
487 441
487 451
487 464
487 471
487 485
488 8
488 225
488 251
488 285
488 313
488 334
488 398
488 414
488 438
488 449
488 456
488 458
488 468
488 472
488 477
488 480
488 483
489 33
489 232
489 405
489 432
489 457
489 462
489 479
489 480
489 481
489 493
490 17
490 292
490 453
490 458
490 465
490 467
490 468
490 476
490 483
490 497
490 498
491 170
491 189
491 352
491 432
491 437
491 439
491 473
491 482
491 483
491 495
492 25
492 111
492 153
492 155
492 225
492 356
492 357
492 383
492 387
492 421
492 427
492 486
492 494
492 496
492 497
492 498
492 499
492 500
493 97
493 143
493 288
493 391
493 422
493 457
493 470
493 474
493 475
493 481
493 489
494 84
494 306
494 404
494 412
494 415
494 486
494 492
494 496
494 497
494 498
494 499
494 500
495 7
495 10
495 22
495 86
495 102
495 224
495 229
495 254
495 271
495 369
495 375
495 395
495 405
495 432
495 437
495 439
495 446
495 449
495 491
496 13
496 228
496 253
496 257
496 346
496 377
496 391
496 420
496 425
496 433
496 439
496 446
496 486
496 492
496 494
496 498
496 499
496 500
497 26
497 58
497 144
497 168
497 249
497 315
497 316
497 353
497 359
497 371
497 381
497 468
497 470
497 477
497 486
497 490
497 492
497 494
497 498
497 499
498 3
498 8
498 40
498 92
498 108
498 248
498 251
498 285
498 334
498 344
498 398
498 468
498 485
498 486
498 490
498 492
498 494
498 496
498 497
498 499
498 500
499 3
499 8
499 40
499 92
499 174
499 285
499 398
499 414
499 426
499 438
499 468
499 483
499 486
499 492
499 494
499 496
499 497
499 498
499 500
500 68
500 318
500 393
500 451
500 454
500 456
500 486
500 492
500 494
500 496
500 498
500 499
