1 4
1 10
1 14
1 115
1 138
2 355
2 449
2 493
2 497
2 498
3 178
3 224
3 280
3 319
3 329
4 1
4 10
4 14
4 115
4 138
5 183
5 197
5 328
5 412
5 442
6 142
6 219
6 231
6 288
6 294
6 341
6 414
6 441
6 467
7 16
7 160
7 227
7 286
7 289
7 313
7 417
7 421
7 477
7 478
8 23
8 30
8 63
8 124
8 140
9 25
9 234
9 271
9 351
9 410
9 443
10 1
10 4
10 14
10 115
10 138
11 176
11 382
11 400
11 419
12 78
12 196
12 480
12 483
12 488
13 231
13 294
13 441
13 463
13 467
14 1
14 4
14 10
14 115
14 138
15 75
15 135
15 213
15 486
16 7
16 227
16 286
16 289
16 313
16 421
16 477
16 478
17 169
17 180
17 254
17 268
17 279
18 91
18 264
18 271
18 410
18 443
19 52
19 76
19 172
19 191
20 176
20 336
20 382
20 400
20 419
21 94
21 291
21 295
21 325
21 333
22 60
22 114
22 338
22 367
22 379
23 8
23 30
23 63
23 124
23 140
24 239
24 275
24 316
24 447
24 465
25 9
25 40
25 91
25 187
25 234
25 264
25 271
25 351
25 393
26 306
26 342
26 383
26 429
26 432
27 101
27 152
27 247
27 277
27 311
28 36
28 51
28 188
28 221
28 260
29 144
29 256
29 317
29 381
29 435
29 450
30 8
30 23
30 63
30 124
30 140
31 89
31 94
31 291
31 295
31 325
32 68
32 231
32 441
32 463
32 467
33 232
33 244
33 380
33 396
33 426
33 438
33 440
33 448
33 482
33 484
34 340
34 411
34 446
34 454
34 459
35 42
35 223
35 255
35 281
35 356
36 28
36 51
36 57
36 70
36 259
36 260
37 205
37 209
37 229
37 324
37 395
37 398
38 108
38 210
38 297
38 455
38 474
39 131
39 148
39 223
39 262
39 281
39 298
39 304
39 335
40 25
40 271
40 393
40 410
40 443
41 143
41 208
41 248
41 276
41 399
42 35
42 131
42 148
42 255
42 298
43 220
43 322
43 445
43 470
44 75
44 127
44 300
44 350
44 486
45 192
45 345
45 348
45 357
45 404
46 147
46 210
46 297
46 353
46 361
46 375
46 474
47 128
47 210
47 301
47 327
47 353
47 361
47 375
47 458
48 99
48 282
48 318
48 378
48 453
49 52
49 69
49 172
49 191
49 265
50 210
50 297
50 455
50 461
50 474
51 28
51 36
51 57
51 70
51 188
51 221
51 259
51 260
51 402
52 19
52 49
52 69
52 76
52 137
52 265
53 103
53 149
53 156
53 177
53 186
53 225
54 239
54 292
54 447
54 465
54 469
55 355
55 449
55 493
55 497
55 498
56 99
56 282
56 321
56 378
56 453
57 36
57 51
57 188
57 221
57 402
58 169
58 180
58 254
58 268
58 279
59 114
59 214
59 349
59 367
59 379
60 22
60 114
60 349
60 367
60 379
61 178
61 224
61 280
61 319
61 329
62 144
62 256
62 381
62 435
62 450
63 8
63 23
63 30
63 124
63 140
64 74
64 159
64 251
64 354
64 416
65 114
65 214
65 349
65 367
65 379
66 239
66 337
66 447
66 465
66 469
67 118
67 134
67 139
67 145
67 151
68 32
68 231
68 441
68 463
68 467
69 49
69 52
69 137
69 172
69 191
70 36
70 51
70 188
70 259
70 402
71 73
71 336
71 382
71 400
71 419
72 380
72 448
72 452
72 481
72 484
73 71
73 165
73 382
73 400
73 419
74 64
74 251
74 314
74 347
74 354
74 407
74 416
75 15
75 44
75 90
75 127
75 135
75 211
75 213
75 217
75 283
75 300
75 305
75 323
75 330
75 350
75 387
75 388
75 431
75 460
75 487
75 494
75 500
76 19
76 52
76 172
76 191
77 366
77 384
77 411
77 454
77 459
78 12
78 269
78 480
78 483
78 488
79 91
79 271
79 351
79 410
79 443
80 220
80 322
80 436
80 445
80 470
81 380
81 448
81 452
81 481
81 484
82 144
82 256
82 381
82 435
82 450
83 355
83 430
83 449
83 490
83 492
83 493
83 497
83 498
84 272
84 394
84 428
84 437
84 464
84 472
85 220
85 322
85 436
85 445
85 470
86 174
86 306
86 315
86 429
86 432
87 169
87 180
87 254
87 268
87 279
88 96
88 117
88 179
88 204
88 302
88 420
89 31
89 94
89 291
89 295
89 325
90 75
90 127
90 460
90 486
90 487
91 18
91 25
91 79
91 271
91 351
92 190
92 251
92 314
92 407
92 416
93 122
93 123
93 182
93 242
93 245
94 21
94 31
94 89
94 243
94 295
94 325
94 333
95 220
95 322
95 436
95 445
95 470
96 88
96 117
96 302
96 385
96 420
96 433
97 146
97 226
97 359
97 374
97 453
98 192
98 345
98 348
98 357
98 404
99 48
99 56
99 199
99 226
99 453
100 102
100 206
100 434
100 473
100 491
101 27
101 152
101 235
101 238
101 247
101 311
102 100
102 185
102 237
102 241
102 261
102 270
102 290
102 299
102 326
102 363
102 371
102 377
102 434
102 475
102 476
102 489
102 491
103 53
103 149
103 156
103 177
103 186
104 119
104 212
104 240
104 331
104 334
105 192
105 345
105 348
105 404
105 415
106 239
106 292
106 447
106 465
106 469
107 209
107 229
107 253
107 395
107 398
108 38
108 210
108 353
108 455
108 474
109 355
109 449
109 493
109 497
109 498
110 183
110 197
110 328
110 412
110 442
111 176
111 336
111 382
111 400
111 419
112 155
112 164
112 421
112 477
112 478
113 314
113 347
113 354
113 416
113 418
114 22
114 59
114 60
114 65
114 133
114 214
114 338
114 349
115 1
115 4
115 10
115 14
115 138
116 239
116 337
116 447
116 465
116 469
117 88
117 96
117 179
117 302
117 339
117 360
117 369
117 385
118 67
118 134
118 139
118 145
118 151
119 104
119 161
119 212
119 252
119 331
119 334
120 199
120 318
120 321
120 344
120 453
121 174
121 306
121 315
121 429
121 432
122 93
122 123
122 170
122 182
122 242
122 245
123 93
123 122
123 182
123 242
123 245
124 8
124 23
124 30
124 63
124 140
125 183
125 197
125 328
125 412
125 442
126 192
126 345
126 348
126 357
126 404
127 44
127 75
127 90
127 135
127 211
127 213
127 217
127 283
127 305
127 323
127 330
127 350
127 387
127 388
127 431
127 460
127 487
127 494
128 47
128 147
128 210
128 297
128 327
128 353
128 455
128 474
129 382
129 400
129 419
130 278
130 308
130 364
130 386
130 401
130 403
130 413
130 483
130 488
131 39
131 42
131 255
131 281
131 304
132 203
132 373
132 376
132 389
132 394
132 428
132 456
132 464
132 472
133 114
133 214
133 349
133 367
133 379
134 67
134 118
134 139
134 145
134 151
135 15
135 75
135 127
135 388
135 431
135 486
135 487
136 144
136 256
136 381
136 435
136 450
137 52
137 69
137 172
137 191
137 265
138 1
138 4
138 10
138 14
138 115
139 67
139 118
139 134
139 145
139 151
140 8
140 23
140 30
140 63
140 124
141 155
141 352
141 421
141 477
141 478
142 6
142 231
142 341
142 390
142 441
142 463
142 467
143 41
143 150
143 168
143 222
143 228
143 248
143 276
143 391
143 399
144 29
144 62
144 82
144 136
144 175
144 218
144 249
144 256
144 287
144 317
144 381
144 457
145 67
145 118
145 134
145 139
145 151
146 97
146 199
146 201
146 226
146 282
146 344
146 374
146 378
147 46
147 128
147 210
147 297
147 353
147 458
147 474
148 39
148 42
148 223
148 298
148 304
148 335
149 53
149 103
149 156
149 177
149 186
149 225
150 143
150 208
150 248
150 276
150 399
151 67
151 118
151 134
151 139
151 145
152 27
152 101
152 247
152 277
152 311
153 239
153 316
153 337
153 447
153 465
154 220
154 322
154 406
154 436
154 445
154 470
155 112
155 141
155 421
155 477
155 478
156 53
156 103
156 149
156 177
156 225
157 183
157 197
157 328
157 412
157 442
158 272
158 394
158 437
158 464
158 472
159 64
159 251
159 314
159 354
159 416
160 7
160 289
160 370
160 477
160 478
161 119
161 212
161 240
161 331
161 334
162 183
162 206
162 230
162 392
162 412
163 355
163 449
163 493
163 497
163 498
164 112
164 286
164 370
164 421
164 477
164 478
165 73
165 336
165 382
165 400
165 419
166 366
166 411
166 446
166 454
166 459
167 178
167 224
167 280
167 319
167 329
168 143
168 208
168 222
168 228
168 248
168 276
169 17
169 58
169 87
169 180
169 268
169 279
170 122
170 182
170 242
170 245
171 193
171 198
171 200
171 258
171 266
171 267
172 19
172 49
172 69
172 76
172 137
172 265
173 306
173 315
173 342
173 383
173 429
173 432
174 86
174 121
174 306
174 310
174 429
174 432
175 144
175 256
175 317
175 381
175 450
175 466
176 11
176 20
176 111
176 336
176 400
176 419
177 53
177 103
177 149
177 156
177 186
177 225
178 3
178 61
178 167
178 280
178 319
178 329
179 88
179 117
179 302
179 385
179 420
179 433
180 17
180 58
180 87
180 169
180 254
180 279
181 278
181 364
181 480
181 483
181 488
182 93
182 122
182 123
182 170
182 242
182 245
183 5
183 110
183 125
183 157
183 162
183 206
183 392
183 412
183 442
184 207
184 215
184 216
184 257
184 284
184 368
185 102
185 377
185 434
185 471
185 473
185 491
186 53
186 103
186 149
186 177
186 225
187 25
187 264
187 271
187 351
187 410
187 443
188 28
188 51
188 57
188 70
188 259
188 260
189 220
189 322
189 406
189 436
189 445
189 470
190 92
190 251
190 314
190 347
190 354
190 416
191 19
191 49
191 69
191 76
191 137
191 265
192 45
192 98
192 105
192 126
192 250
192 345
192 348
192 357
192 415
193 171
193 198
193 200
193 258
193 266
193 267
194 239
194 337
194 343
194 447
194 465
194 469
195 355
195 449
195 492
195 493
195 497
195 498
196 12
196 364
196 401
196 480
196 483
196 488
197 5
197 110
197 125
197 157
197 392
197 442
198 171
198 193
198 200
198 258
198 266
198 267
199 99
199 120
199 146
199 359
199 378
199 453
200 171
200 193
200 198
200 258
200 266
200 267
201 146
201 282
201 318
201 344
201 359
201 453
202 272
202 394
202 428
202 437
202 464
202 472
203 132
203 428
203 437
203 464
203 472
204 88
204 302
204 385
204 420
204 433
205 37
205 209
205 229
205 253
205 372
205 398
206 100
206 162
206 183
206 230
206 328
206 442
207 184
207 215
207 216
207 257
207 284
207 312
207 358
208 41
208 150
208 168
208 248
208 391
208 399
209 37
209 107
209 205
209 229
209 253
209 324
209 372
209 395
209 398
210 38
210 46
210 47
210 50
210 108
210 128
210 147
210 273
210 296
210 297
210 301
210 327
210 353
210 362
210 458
210 461
210 474
210 485
210 495
211 75
211 127
211 323
211 387
211 431
211 486
212 104
212 119
212 161
212 240
212 331
212 334
213 15
213 75
213 127
213 365
213 388
213 431
213 486
213 487
214 59
214 65
214 114
214 133
214 367
214 379
215 184
215 207
215 257
215 312
215 332
215 368
216 184
216 207
216 257
216 312
216 332
216 368
217 75
217 127
217 388
217 460
217 486
217 487
218 144
218 256
218 287
218 317
218 381
218 435
218 450
219 6
219 231
219 341
219 441
219 463
219 467
220 43
220 80
220 85
220 95
220 154
220 189
220 263
220 274
220 422
220 436
220 451
221 28
221 51
221 57
221 259
221 260
221 402
222 143
222 168
222 228
222 248
222 276
223 35
223 39
223 148
223 255
223 281
224 3
224 61
224 167
224 280
224 319
224 329
225 53
225 149
225 156
225 177
225 186
226 97
226 99
226 146
226 282
226 318
226 344
226 359
226 378
227 7
227 16
227 289
227 370
227 421
227 468
227 477
227 478
228 143
228 168
228 222
228 248
228 276
229 37
229 107
229 205
229 209
229 253
229 324
229 372
229 398
230 162
230 206
230 328
230 392
230 412
230 442
231 6
231 13
231 32
231 68
231 142
231 219
231 288
231 294
231 341
231 390
231 414
231 441
231 463
232 33
232 380
232 426
232 438
232 440
232 448
232 452
232 481
232 484
233 239
233 316
233 337
233 447
233 465
233 469
234 9
234 25
234 271
234 410
234 443
235 101
235 238
235 247
235 277
235 311
236 285
236 340
236 411
236 446
236 454
236 459
237 102
237 290
237 299
237 326
237 363
237 371
237 471
237 473
237 475
237 491
238 101
238 235
238 247
238 275
238 277
238 311
239 24
239 54
239 66
239 106
239 116
239 153
239 194
239 233
239 275
239 292
239 316
239 337
239 343
239 465
240 104
240 161
240 212
240 252
240 331
240 334
241 102
241 377
241 434
241 471
241 473
241 491
242 93
242 122
242 123
242 170
242 182
242 245
243 94
243 291
243 295
243 325
243 333
244 33
244 380
244 396
244 448
244 481
244 484
245 93
245 122
245 123
245 170
245 182
245 242
246 380
246 396
246 448
246 452
246 481
246 484
247 27
247 101
247 152
247 235
247 238
247 277
247 311
248 41
248 143
248 150
248 168
248 208
248 222
248 228
248 391
248 399
249 144
249 256
249 317
249 381
249 450
249 466
250 192
250 345
250 348
250 357
250 404
250 415
251 64
251 74
251 92
251 159
251 190
251 347
251 354
251 407
251 416
252 119
252 240
252 331
252 334
253 107
253 205
253 209
253 229
253 324
253 398
254 17
254 58
254 87
254 180
254 268
254 279
255 35
255 42
255 131
255 223
255 262
255 304
255 335
256 29
256 62
256 82
256 136
256 144
256 175
256 218
256 249
256 287
256 317
256 450
256 457
256 466
257 184
257 207
257 215
257 216
257 284
257 332
257 358
257 368
258 171
258 193
258 198
258 200
258 266
258 267
259 36
259 51
259 70
259 188
259 221
260 28
260 36
260 51
260 188
260 221
260 402
261 102
261 377
261 434
261 471
261 473
261 491
262 39
262 255
262 281
262 298
262 335
262 356
263 220
263 322
263 406
263 436
263 445
263 470
264 18
264 25
264 187
264 271
264 351
264 410
265 49
265 52
265 137
265 172
265 191
266 171
266 193
266 198
266 200
266 258
266 267
267 171
267 193
267 198
267 200
267 258
267 266
268 17
268 58
268 87
268 169
268 254
268 279
269 78
269 364
269 413
269 480
269 483
269 488
270 102
270 326
270 377
270 434
270 471
270 475
270 491
271 9
271 18
271 25
271 40
271 79
271 91
271 187
271 234
271 264
271 351
271 393
272 84
272 158
272 202
272 373
272 376
272 389
272 394
272 428
272 437
272 444
272 464
272 472
273 210
273 297
273 375
273 455
273 474
274 220
274 322
274 436
274 445
274 470
275 24
275 238
275 239
275 292
275 316
275 447
275 465
275 469
276 41
276 143
276 150
276 168
276 222
276 228
276 391
277 27
277 152
277 235
277 238
277 247
277 311
278 130
278 181
278 303
278 364
278 413
278 480
278 488
279 17
279 58
279 87
279 169
279 180
279 254
279 268
280 3
280 61
280 167
280 178
280 224
280 319
280 329
281 35
281 39
281 131
281 223
281 262
281 304
281 335
282 48
282 56
282 146
282 201
282 226
282 359
282 453
283 75
283 127
283 305
283 365
283 431
283 486
283 487
284 184
284 207
284 257
284 312
284 332
284 368
285 236
285 340
285 346
285 366
285 384
285 411
285 427
285 446
285 454
285 459
285 462
286 7
286 16
286 164
286 313
286 370
286 477
286 478
287 144
287 218
287 256
287 381
287 450
288 6
288 231
288 294
288 463
288 467
289 7
289 16
289 160
289 227
289 370
289 477
289 478
290 102
290 237
290 377
290 434
290 471
290 473
290 491
291 21
291 31
291 89
291 243
291 295
291 325
291 333
292 54
292 106
292 239
292 275
292 337
292 447
292 465
293 355
293 430
293 449
293 492
293 493
293 497
293 498
294 6
294 13
294 231
294 288
294 341
294 441
294 467
295 21
295 31
295 89
295 94
295 243
295 291
295 333
296 210
296 297
296 455
296 458
296 474
296 485
296 495
297 38
297 46
297 50
297 128
297 147
297 210
297 273
297 296
297 301
297 327
297 353
297 362
297 375
297 458
297 461
297 495
298 39
298 42
298 148
298 262
298 304
298 356
299 102
299 237
299 377
299 434
299 471
299 473
299 491
300 44
300 75
300 330
300 486
300 487
301 47
301 210
301 297
301 361
301 375
301 458
301 485
302 88
302 96
302 117
302 179
302 204
302 339
302 360
302 369
302 385
302 420
303 278
303 364
303 403
303 439
303 480
303 483
303 488
304 39
304 131
304 148
304 255
304 281
304 298
304 356
305 75
305 127
305 283
305 323
305 365
305 388
305 487
306 26
306 86
306 121
306 173
306 174
306 310
306 315
306 342
306 383
306 424
307 355
307 430
307 449
307 492
307 493
307 497
307 498
308 130
308 309
308 386
308 401
308 480
308 483
308 488
309 308
309 403
309 480
309 483
309 488
310 174
310 306
310 342
310 383
310 424
310 429
310 432
311 27
311 101
311 152
311 235
311 238
311 247
311 277
312 207
312 215
312 216
312 284
312 332
312 358
312 368
313 7
313 16
313 286
313 370
313 421
313 477
313 478
314 74
314 92
314 113
314 159
314 190
314 347
314 354
314 418
315 86
315 121
315 173
315 306
315 342
315 424
315 429
315 432
316 24
316 153
316 233
316 239
316 275
316 465
317 29
317 144
317 175
317 218
317 249
317 256
317 435
318 48
318 120
318 201
318 226
318 321
318 378
318 453
319 3
319 61
319 167
319 178
319 224
319 280
319 329
320 355
320 430
320 449
320 492
320 493
320 497
320 498
321 56
321 120
321 318
321 344
321 453
322 43
322 80
322 85
322 95
322 154
322 189
322 263
322 274
322 406
322 422
322 436
322 445
322 451
322 470
323 75
323 127
323 211
323 305
323 330
323 365
323 387
323 388
323 486
324 37
324 209
324 229
324 253
324 395
324 398
324 409
325 21
325 31
325 89
325 94
325 243
325 291
325 333
326 102
326 237
326 270
326 377
326 434
326 471
326 491
327 47
327 128
327 210
327 297
327 353
327 361
327 458
327 474
328 5
328 110
328 125
328 157
328 206
328 230
328 442
329 3
329 61
329 167
329 178
329 224
329 280
329 319
330 75
330 127
330 300
330 323
330 350
330 387
330 486
330 487
331 104
331 119
331 161
331 212
331 240
331 252
331 334
332 215
332 216
332 257
332 284
332 312
332 368
333 21
333 94
333 243
333 291
333 295
333 325
334 104
334 119
334 161
334 212
334 240
334 252
334 331
335 39
335 148
335 255
335 262
335 281
335 356
336 20
336 71
336 111
336 165
336 176
336 382
336 419
337 66
337 116
337 153
337 194
337 233
337 239
337 292
337 343
338 22
338 114
338 349
338 367
338 379
339 117
339 302
339 385
339 420
339 433
340 34
340 236
340 285
340 346
340 366
340 427
340 454
340 459
340 462
341 6
341 142
341 219
341 231
341 294
341 390
341 441
341 467
342 26
342 173
342 306
342 310
342 315
342 424
342 429
342 432
343 194
343 239
343 337
343 447
343 465
343 469
344 120
344 146
344 201
344 226
344 321
344 374
344 378
345 45
345 98
345 105
345 126
345 192
345 250
345 404
345 415
346 285
346 340
346 366
346 384
346 411
346 446
346 454
346 459
347 74
347 113
347 190
347 251
347 314
347 354
347 407
347 418
348 45
348 98
348 105
348 126
348 192
348 250
348 357
348 404
349 59
349 60
349 65
349 114
349 133
349 338
349 367
349 379
350 44
350 75
350 127
350 330
350 486
350 487
351 9
351 25
351 79
351 91
351 187
351 264
351 271
351 410
352 141
352 370
352 421
352 477
352 478
353 46
353 47
353 108
353 128
353 147
353 210
353 297
353 327
353 361
353 375
353 455
353 458
353 495
354 64
354 74
354 113
354 159
354 190
354 251
354 314
354 347
354 416
354 418
355 2
355 55
355 83
355 109
355 163
355 195
355 293
355 307
355 320
355 408
355 423
355 425
355 430
355 449
355 479
355 490
355 492
355 496
355 498
355 499
356 35
356 262
356 298
356 304
356 335
357 45
357 98
357 126
357 192
357 250
357 348
357 404
357 415
358 207
358 257
358 312
358 368
359 97
359 199
359 201
359 226
359 282
359 374
359 378
359 453
360 117
360 302
360 385
360 420
360 433
361 46
361 47
361 301
361 327
361 353
361 375
361 458
361 474
362 210
362 297
362 455
362 458
362 474
363 102
363 237
363 371
363 377
363 434
363 471
363 473
363 491
364 130
364 181
364 196
364 269
364 278
364 303
364 386
364 401
364 403
364 413
364 439
365 213
365 283
365 305
365 323
365 387
365 388
365 431
366 77
366 166
366 285
366 340
366 346
366 384
366 411
366 459
367 22
367 59
367 60
367 65
367 133
367 214
367 338
367 349
368 184
368 215
368 216
368 257
368 284
368 312
368 332
368 358
369 117
369 302
369 385
369 420
369 433
370 160
370 164
370 227
370 286
370 289
370 313
370 352
370 417
370 421
370 468
371 102
371 237
371 363
371 377
371 434
371 473
371 475
371 491
372 205
372 209
372 229
372 395
372 398
373 132
373 272
373 376
373 394
373 409
373 456
373 464
373 472
374 97
374 146
374 344
374 359
374 453
375 46
375 47
375 273
375 297
375 301
375 353
375 361
376 132
376 272
376 373
376 389
376 409
376 437
376 464
376 472
377 102
377 185
377 241
377 261
377 270
377 290
377 299
377 326
377 363
377 371
377 473
377 475
377 476
377 491
378 48
378 56
378 146
378 199
378 226
378 318
378 344
378 359
379 22
379 59
379 60
379 65
379 133
379 214
379 338
379 349
380 33
380 72
380 81
380 232
380 244
380 246
380 396
380 397
380 405
380 426
380 438
380 440
380 452
380 481
380 482
380 484
381 29
381 62
381 82
381 136
381 144
381 175
381 218
381 249
381 287
381 457
382 11
382 20
382 71
382 73
382 111
382 129
382 165
382 336
383 26
383 173
383 306
383 310
383 424
383 429
383 432
384 77
384 285
384 346
384 366
384 411
384 427
384 454
384 459
385 96
385 117
385 179
385 204
385 302
385 339
385 360
385 369
385 420
386 130
386 308
386 364
386 401
386 403
386 439
386 480
386 483
386 488
387 75
387 127
387 211
387 323
387 330
387 365
387 388
387 486
387 487
388 75
388 127
388 135
388 213
388 217
388 305
388 323
388 365
388 387
388 431
388 486
388 487
388 500
389 132
389 272
389 376
389 394
389 409
389 428
389 437
389 464
389 472
390 142
390 231
390 341
390 414
390 441
390 467
391 143
391 208
391 248
391 276
391 399
392 162
392 183
392 197
392 230
392 412
392 442
393 25
393 40
393 271
393 410
393 443
394 84
394 132
394 158
394 202
394 272
394 373
394 389
394 409
394 444
394 456
394 464
395 37
395 107
395 209
395 324
395 372
395 398
396 33
396 244
396 246
396 380
396 397
396 426
396 438
396 440
396 448
396 482
396 484
397 380
397 396
397 448
397 452
397 481
397 484
398 37
398 107
398 205
398 209
398 229
398 253
398 324
398 372
398 395
399 41
399 143
399 150
399 208
399 248
399 391
400 11
400 20
400 71
400 73
400 111
400 129
400 165
400 176
400 419
401 130
401 196
401 308
401 364
401 386
401 480
401 483
401 488
402 51
402 57
402 70
402 221
402 260
403 130
403 303
403 309
403 364
403 386
403 413
403 480
403 483
403 488
404 45
404 98
404 105
404 126
404 250
404 345
404 348
404 357
404 415
405 380
405 448
405 452
405 481
405 484
406 154
406 189
406 263
406 322
406 422
406 445
406 451
407 74
407 92
407 251
407 347
407 416
407 418
408 355
408 430
408 449
408 490
408 492
408 493
408 496
408 497
408 498
409 324
409 373
409 376
409 389
409 394
409 428
409 456
409 464
409 472
410 9
410 18
410 40
410 79
410 187
410 234
410 264
410 351
410 393
411 34
411 77
411 166
411 236
411 285
411 346
411 366
411 384
411 427
411 446
411 454
411 459
411 462
412 5
412 110
412 125
412 157
412 162
412 183
412 230
412 392
412 442
413 130
413 269
413 278
413 364
413 403
413 439
413 480
413 483
413 488
414 6
414 231
414 390
414 463
414 467
415 105
415 192
415 250
415 345
415 357
415 404
416 64
416 74
416 92
416 113
416 159
416 190
416 251
416 354
416 407
417 7
417 370
417 421
417 477
417 478
418 113
418 314
418 347
418 354
418 407
419 11
419 20
419 71
419 73
419 111
419 129
419 165
419 176
419 336
419 400
420 88
420 96
420 179
420 204
420 302
420 339
420 360
420 369
420 385
420 433
421 7
421 16
421 112
421 141
421 155
421 164
421 227
421 313
421 352
421 370
421 417
421 468
421 477
421 478
422 220
422 322
422 406
422 445
422 451
423 355
423 430
423 449
423 479
423 490
423 492
423 493
423 496
423 497
423 498
424 306
424 310
424 315
424 342
424 383
424 429
424 432
425 355
425 430
425 449
425 490
425 492
425 493
425 496
425 497
425 498
426 33
426 232
426 380
426 396
426 438
426 448
426 452
426 484
427 285
427 340
427 384
427 411
427 446
427 454
427 459
428 84
428 132
428 202
428 203
428 272
428 389
428 409
428 437
428 444
428 472
429 26
429 86
429 121
429 173
429 174
429 310
429 315
429 342
429 383
429 424
430 83
430 293
430 307
430 320
430 355
430 408
430 423
430 425
430 479
430 490
430 492
430 496
430 497
430 498
431 75
431 127
431 135
431 211
431 213
431 283
431 365
431 388
431 460
431 487
432 26
432 86
432 121
432 173
432 174
432 310
432 315
432 342
432 383
432 424
433 96
433 179
433 204
433 339
433 360
433 369
433 420
434 100
434 102
434 185
434 241
434 261
434 270
434 290
434 299
434 326
434 363
434 371
434 471
434 473
434 476
434 489
435 29
435 62
435 82
435 136
435 218
435 317
435 450
435 466
436 80
436 85
436 95
436 154
436 189
436 220
436 263
436 274
436 322
436 451
437 84
437 158
437 202
437 203
437 272
437 376
437 389
437 428
437 456
437 472
438 33
438 232
438 380
438 396
438 426
438 440
438 448
438 452
438 482
438 484
439 303
439 364
439 386
439 413
439 480
439 483
439 488
440 33
440 232
440 380
440 396
440 438
440 448
440 452
440 482
440 484
441 6
441 13
441 32
441 68
441 142
441 219
441 231
441 294
441 341
441 390
441 467
442 5
442 110
442 125
442 157
442 183
442 197
442 206
442 230
442 328
442 392
442 412
443 9
443 18
443 40
443 79
443 187
443 234
443 393
444 272
444 394
444 428
444 464
444 472
445 43
445 80
445 85
445 95
445 154
445 189
445 263
445 274
445 322
445 406
445 422
445 451
446 34
446 166
446 236
446 285
446 346
446 411
446 427
446 454
446 459
446 462
447 24
447 54
447 66
447 106
447 116
447 153
447 194
447 233
447 275
447 292
447 343
448 33
448 72
448 81
448 232
448 244
448 246
448 396
448 397
448 405
448 426
448 438
448 440
448 452
448 481
448 482
449 2
449 55
449 83
449 109
449 163
449 195
449 293
449 307
449 320
449 355
449 408
449 423
449 425
449 479
449 490
449 493
449 496
449 498
449 499
450 29
450 62
450 82
450 136
450 175
450 218
450 249
450 256
450 287
450 435
450 457
450 466
451 220
451 322
451 406
451 422
451 436
451 445
451 470
452 72
452 81
452 232
452 246
452 380
452 397
452 405
452 426
452 438
452 440
452 448
452 484
453 48
453 56
453 97
453 99
453 120
453 199
453 201
453 282
453 318
453 321
453 359
453 374
454 34
454 77
454 166
454 236
454 285
454 340
454 346
454 384
454 411
454 427
454 446
454 462
455 38
455 50
455 108
455 128
455 273
455 296
455 353
455 362
455 458
455 461
455 485
455 495
456 132
456 373
456 394
456 409
456 437
456 464
456 472
457 144
457 256
457 381
457 450
457 466
458 47
458 147
458 210
458 296
458 297
458 301
458 327
458 353
458 361
458 362
458 455
458 495
459 34
459 77
459 166
459 236
459 285
459 340
459 346
459 366
459 384
459 411
459 427
459 446
459 462
460 75
460 90
460 127
460 217
460 431
460 494
460 500
461 50
461 210
461 297
461 455
461 474
462 285
462 340
462 411
462 446
462 454
462 459
463 13
463 32
463 68
463 142
463 219
463 231
463 288
463 414
463 467
464 84
464 132
464 158
464 202
464 203
464 272
464 373
464 376
464 389
464 394
464 409
464 444
464 456
465 24
465 54
465 66
465 106
465 116
465 153
465 194
465 233
465 239
465 275
465 292
465 316
465 343
466 175
466 249
466 256
466 435
466 450
466 457
467 6
467 13
467 32
467 68
467 142
467 219
467 288
467 294
467 341
467 390
467 414
467 441
467 463
468 227
468 370
468 421
468 477
468 478
469 54
469 66
469 106
469 116
469 194
469 233
469 275
469 343
470 43
470 80
470 85
470 95
470 154
470 189
470 263
470 274
470 322
470 451
471 185
471 237
471 241
471 261
471 270
471 290
471 299
471 326
471 363
471 434
471 475
471 476
471 489
471 491
472 84
472 132
472 158
472 202
472 203
472 272
472 373
472 376
472 389
472 409
472 428
472 437
472 444
472 456
473 100
473 185
473 237
473 241
473 261
473 290
473 299
473 363
473 371
473 377
473 434
473 475
473 476
473 489
474 38
474 46
474 50
474 108
474 128
474 147
474 210
474 273
474 296
474 327
474 361
474 362
474 461
474 485
475 102
475 237
475 270
475 371
475 377
475 471
475 473
475 491
476 102
476 377
476 434
476 471
476 473
476 491
477 7
477 16
477 112
477 141
477 155
477 160
477 164
477 227
477 286
477 289
477 313
477 352
477 417
477 421
477 468
478 7
478 16
478 112
478 141
478 155
478 160
478 164
478 227
478 286
478 289
478 313
478 352
478 417
478 421
478 468
479 355
479 423
479 430
479 449
479 490
479 492
479 493
479 496
479 497
479 498
480 12
480 78
480 181
480 196
480 269
480 278
480 303
480 308
480 309
480 386
480 401
480 403
480 413
480 439
480 483
481 72
481 81
481 232
481 244
481 246
481 380
481 397
481 405
481 448
481 482
481 484
482 33
482 380
482 396
482 438
482 440
482 448
482 481
482 484
483 12
483 78
483 130
483 181
483 196
483 269
483 303
483 308
483 309
483 386
483 401
483 403
483 413
483 439
483 480
483 488
484 33
484 72
484 81
484 232
484 244
484 246
484 380
484 396
484 397
484 405
484 426
484 438
484 440
484 452
484 481
484 482
485 210
485 296
485 301
485 455
485 474
486 15
486 44
486 90
486 135
486 211
486 213
486 217
486 283
486 300
486 323
486 330
486 350
486 387
486 388
486 494
486 500
487 75
487 90
487 127
487 135
487 213
487 217
487 283
487 300
487 305
487 330
487 350
487 387
487 388
487 431
487 494
487 500
488 12
488 78
488 130
488 181
488 196
488 269
488 278
488 303
488 308
488 309
488 386
488 401
488 403
488 413
488 439
488 483
489 102
489 434
489 471
489 473
489 491
490 83
490 355
490 408
490 423
490 425
490 430
490 449
490 479
490 492
490 493
490 496
490 497
490 498
491 100
491 102
491 185
491 237
491 241
491 261
491 270
491 290
491 299
491 326
491 363
491 371
491 377
491 471
491 475
491 476
491 489
492 83
492 195
492 293
492 307
492 320
492 355
492 408
492 423
492 425
492 430
492 479
492 490
492 496
492 497
493 2
493 55
493 83
493 109
493 163
493 195
493 293
493 307
493 320
493 408
493 423
493 425
493 449
493 479
493 490
493 497
493 498
493 499
494 75
494 127
494 460
494 486
494 487
495 210
495 296
495 297
495 353
495 455
495 458
496 355
496 408
496 423
496 425
496 430
496 449
496 479
496 490
496 492
496 497
497 2
497 55
497 83
497 109
497 163
497 195
497 293
497 307
497 320
497 408
497 423
497 425
497 430
497 479
497 490
497 492
497 493
497 496
497 498
497 499
498 2
498 55
498 83
498 109
498 163
498 195
498 293
498 307
498 320
498 355
498 408
498 423
498 425
498 430
498 449
498 479
498 490
498 493
498 497
498 499
499 355
499 449
499 493
499 497
499 498
500 75
500 388
500 460
500 486
500 487
