1 2
1 13
1 16
1 38
1 125
2 1
2 6
2 16
2 38
2 125
3 102
3 103
3 204
3 274
3 376
4 43
4 55
4 130
4 144
4 275
5 170
5 258
5 269
5 303
5 331
6 2
6 28
6 93
6 122
6 158
7 14
7 67
7 143
7 202
7 230
8 357
8 438
8 459
8 466
8 478
9 10
9 77
9 91
9 154
9 172
10 9
10 77
10 91
10 154
10 172
11 80
11 225
11 372
11 399
11 421
12 70
12 145
12 158
12 348
12 420
13 1
13 336
13 425
13 434
13 470
14 7
14 15
14 35
14 202
14 230
15 14
15 482
15 486
15 491
15 495
16 1
16 2
16 18
16 38
16 125
17 137
17 246
17 396
17 407
17 408
18 16
18 186
18 240
18 385
18 389
19 222
19 386
19 430
19 449
19 480
20 342
20 349
20 350
20 356
20 412
21 238
21 250
21 367
21 383
21 387
22 169
22 417
22 432
22 441
22 461
23 131
23 205
23 262
23 290
23 301
24 280
24 439
24 469
24 492
24 493
25 210
25 211
25 216
25 222
25 312
26 193
26 382
26 439
26 489
26 492
27 192
27 437
27 463
27 487
27 500
28 6
28 38
28 93
28 122
28 158
29 37
29 141
29 257
29 416
29 419
30 118
30 338
30 340
30 367
30 387
31 429
31 468
31 490
31 496
31 497
32 218
32 243
32 284
32 346
32 347
33 374
33 428
33 481
33 484
33 498
34 48
34 119
34 267
34 276
34 319
35 14
35 67
35 143
35 202
35 230
36 62
36 126
36 152
36 327
36 345
37 29
37 124
37 324
37 416
37 419
38 1
38 2
38 16
38 28
38 125
39 41
39 270
39 370
39 390
39 395
40 286
40 342
40 363
40 411
40 412
41 39
41 291
41 339
41 406
41 426
42 235
42 248
42 328
42 378
42 388
43 4
43 55
43 60
43 144
43 275
44 413
44 443
44 457
44 465
44 477
45 180
45 365
45 371
45 427
45 456
46 69
46 92
46 134
46 174
46 232
47 188
47 211
47 222
47 249
47 312
48 34
48 163
48 267
48 276
48 319
49 71
49 171
49 200
49 213
49 245
50 76
50 116
50 192
50 195
50 289
51 314
51 450
51 457
51 465
51 477
52 234
52 259
52 281
52 358
52 360
53 246
53 354
53 363
53 396
53 407
54 71
54 122
54 171
54 213
54 245
55 4
55 43
55 60
55 130
55 275
56 128
56 413
56 450
56 465
56 477
57 224
57 369
57 370
57 390
57 395
58 59
58 237
58 325
58 332
58 341
59 58
59 94
59 209
59 237
59 351
60 43
60 55
60 130
60 144
60 275
61 68
61 247
61 277
61 278
61 300
62 36
62 217
62 308
62 327
62 362
63 136
63 161
63 167
63 265
63 326
64 146
64 179
64 248
64 328
64 388
65 185
65 281
65 358
65 360
65 381
66 94
66 209
66 325
66 332
66 492
67 7
67 35
67 143
67 202
67 230
68 61
68 247
68 254
68 278
68 300
69 46
69 134
69 149
69 174
69 232
70 12
70 99
70 138
70 142
70 420
71 49
71 54
71 171
71 200
71 245
72 83
72 252
72 455
72 479
72 488
73 360
73 366
73 438
73 466
73 478
74 119
74 163
74 267
74 276
74 319
75 102
75 103
75 183
75 274
75 376
76 50
76 195
76 289
76 343
76 365
77 9
77 10
77 91
77 154
77 172
78 427
78 436
78 445
78 446
78 456
79 330
79 353
79 431
79 451
79 485
80 11
80 288
80 379
80 399
80 421
81 106
81 177
81 198
81 251
81 283
82 359
82 473
82 484
82 498
82 499
83 72
83 394
83 455
83 479
83 488
84 239
84 270
84 369
84 370
84 395
85 142
85 212
85 348
85 404
85 420
86 93
86 188
86 211
86 216
86 249
87 277
87 414
87 449
87 454
87 480
88 98
88 386
88 430
88 454
88 480
89 357
89 422
89 438
89 466
89 478
90 474
90 482
90 491
90 494
90 495
91 9
91 10
91 77
91 154
91 172
92 46
92 134
92 149
92 174
92 232
93 6
93 28
93 86
93 122
93 158
94 59
94 66
94 268
94 332
94 351
95 263
95 320
95 400
95 431
95 485
96 135
96 142
96 348
96 404
96 420
97 437
97 463
97 487
97 496
97 500
98 88
98 414
98 430
98 454
98 480
99 70
99 101
99 138
99 212
99 404
100 357
100 438
100 459
100 466
100 478
101 99
101 104
101 109
101 153
101 221
102 3
102 75
102 157
102 183
102 376
103 3
103 75
103 199
103 274
103 376
104 101
104 109
104 147
104 156
104 221
105 206
105 288
105 372
105 379
105 399
106 81
106 177
106 233
106 264
106 283
107 243
107 284
107 346
107 347
107 368
108 111
108 294
108 425
108 441
108 470
109 101
109 104
109 153
109 156
109 221
110 375
110 486
110 491
110 494
110 495
111 108
111 121
111 223
111 343
111 365
112 114
112 337
112 366
112 459
112 478
113 173
113 176
113 373
113 385
113 389
114 112
114 455
114 462
114 479
114 483
115 117
115 469
115 489
115 492
115 493
116 50
116 121
116 289
116 343
116 365
117 115
117 252
117 394
117 462
117 471
118 30
118 250
118 340
118 383
118 387
119 34
119 74
119 163
119 276
119 497
120 175
120 261
120 414
120 449
120 480
121 111
121 116
121 192
121 195
121 289
122 6
122 28
122 54
122 93
122 158
123 357
123 366
123 438
123 459
123 478
124 37
124 299
124 324
124 416
124 419
125 1
125 2
125 16
125 38
125 126
126 36
126 125
126 152
126 308
126 345
127 447
127 490
127 496
127 497
127 500
128 56
128 282
128 368
128 450
128 477
129 133
129 136
129 167
129 265
129 326
130 4
130 55
130 60
130 144
130 275
131 23
131 201
131 205
131 290
131 301
132 139
132 180
132 436
132 445
132 456
133 129
133 448
133 472
133 475
133 476
134 46
134 69
134 92
134 174
134 232
135 96
135 145
135 348
135 404
135 420
136 63
136 129
136 167
136 265
136 326
137 17
137 246
137 354
137 396
137 408
138 70
138 99
138 212
138 404
138 420
139 132
139 292
139 322
139 446
139 456
140 460
140 464
140 474
140 482
140 494
141 29
141 178
141 299
141 416
141 419
142 70
142 85
142 96
142 145
142 212
143 7
143 35
143 67
143 202
143 230
144 4
144 43
144 60
144 130
144 275
145 12
145 135
145 142
145 348
145 404
146 64
146 307
146 328
146 378
146 388
147 104
147 153
147 156
147 221
147 476
148 355
148 392
148 467
148 473
148 499
149 69
149 92
149 174
149 232
149 320
150 151
150 354
150 396
150 407
150 408
151 150
151 250
151 338
151 340
151 383
152 36
152 126
152 217
152 362
152 422
153 101
153 109
153 147
153 156
153 221
154 9
154 10
154 77
154 91
154 172
155 380
155 382
155 489
155 492
155 493
156 104
156 109
156 147
156 153
156 221
157 102
157 183
157 204
157 274
157 376
158 6
158 12
158 28
158 93
158 122
159 166
159 190
159 256
159 279
159 295
160 196
160 263
160 330
160 353
160 485
161 63
161 165
161 167
161 265
161 326
162 455
162 471
162 479
162 483
162 488
163 48
163 74
163 119
163 267
163 276
163 319
164 313
164 403
164 428
164 467
164 498
164 499
165 161
165 401
165 462
165 471
165 483
165 488
166 159
166 190
166 208
166 256
166 279
166 295
167 63
167 129
167 136
167 161
167 265
167 326
168 330
168 353
168 405
168 431
168 451
168 485
169 22
169 417
169 432
169 434
169 461
169 470
170 5
170 215
170 220
170 269
170 303
170 331
171 49
171 54
171 71
171 200
171 213
171 245
172 9
172 10
172 77
172 91
172 154
172 353
173 113
173 176
173 293
173 373
173 389
173 495
174 46
174 69
174 92
174 134
174 149
174 232
175 120
175 333
175 430
175 449
175 454
175 480
176 113
176 173
176 293
176 373
176 385
176 389
177 81
177 106
177 198
177 233
177 264
177 283
178 141
178 257
178 299
178 324
178 416
178 419
179 64
179 248
179 307
179 378
179 388
179 451
180 45
180 132
180 436
180 445
180 446
180 456
181 207
181 255
181 364
181 406
181 426
181 433
182 330
182 405
182 409
182 431
182 451
182 485
183 75
183 102
183 157
183 204
183 274
183 376
184 442
184 448
184 452
184 472
184 475
184 476
185 65
185 259
185 281
185 287
185 310
185 358
186 18
186 240
186 271
186 293
186 373
186 385
187 247
187 254
187 277
187 278
187 300
187 391
188 47
188 86
188 210
188 211
188 216
188 312
189 194
189 229
189 246
189 396
189 407
189 408
190 159
190 166
190 208
190 256
190 279
190 295
191 218
191 284
191 302
191 346
191 347
191 445
192 27
192 50
192 121
192 223
192 343
192 365
193 26
193 350
193 352
193 363
193 411
193 412
194 189
194 354
194 396
194 407
194 408
194 495
195 50
195 76
195 121
195 223
195 289
195 365
196 160
196 400
196 405
196 409
196 451
196 485
197 272
197 355
197 403
197 467
197 498
197 499
198 81
198 177
198 233
198 251
198 264
198 283
199 103
199 217
199 241
199 308
199 327
199 362
200 49
200 71
200 171
200 201
200 213
200 245
201 131
201 200
201 205
201 262
201 290
201 301
202 7
202 14
202 35
202 67
202 143
202 230
203 393
203 435
203 462
203 471
203 483
203 488
204 3
204 157
204 183
204 274
204 372
204 376
205 23
205 131
205 201
205 262
205 290
205 301
206 105
206 260
206 288
206 379
206 399
206 421
207 181
207 291
207 305
207 339
207 426
207 433
208 166
208 190
208 256
208 279
208 295
208 421
209 59
209 66
209 237
209 332
209 341
209 351
210 25
210 188
210 211
210 249
210 312
210 434
211 25
211 47
211 86
211 188
211 210
211 216
212 85
212 99
212 138
212 142
212 404
212 420
213 49
213 54
213 171
213 200
213 245
213 437
214 366
214 422
214 438
214 459
214 466
214 478
215 170
215 220
215 258
215 269
215 303
215 331
216 25
216 86
216 188
216 211
216 222
216 312
217 62
217 152
217 199
217 327
217 345
217 362
218 32
218 191
218 284
218 346
218 347
218 457
219 227
219 425
219 432
219 434
219 461
219 470
220 170
220 215
220 258
220 269
220 303
220 331
221 101
221 104
221 109
221 147
221 153
221 156
222 19
222 25
222 47
222 216
222 249
222 312
223 111
223 192
223 195
223 289
223 343
223 365
224 57
224 239
224 369
224 370
224 390
224 478
225 11
225 260
225 372
225 379
225 421
225 479
226 228
226 429
226 468
226 496
226 497
226 500
227 219
227 294
227 425
227 434
227 441
227 470
228 226
228 298
228 443
228 457
228 465
228 477
229 189
229 447
229 490
229 496
229 497
229 500
230 7
230 14
230 35
230 67
230 143
230 202
231 393
231 394
231 401
231 435
231 483
231 488
232 46
232 69
232 92
232 134
232 149
232 174
233 106
233 177
233 198
233 251
233 264
233 283
234 52
234 287
234 358
234 360
234 381
234 494
235 42
235 307
235 328
235 378
235 388
235 426
236 335
236 439
236 469
236 489
236 492
236 493
237 58
237 59
237 209
237 268
237 341
237 351
238 21
238 338
238 340
238 367
238 387
238 407
239 84
239 224
239 311
239 370
239 390
239 395
240 18
240 186
240 271
240 293
240 373
240 385
241 199
241 249
241 308
241 327
241 345
241 362
242 302
242 383
242 440
242 453
242 475
242 476
243 32
243 107
243 284
243 302
243 346
243 347
244 418
244 444
244 460
244 491
244 494
244 495
245 49
245 54
245 71
245 171
245 200
245 213
246 17
246 53
246 137
246 189
246 407
246 408
247 61
247 68
247 187
247 277
247 278
247 300
248 42
248 64
248 179
248 307
248 378
248 388
249 47
249 86
249 210
249 222
249 241
249 312
250 21
250 118
250 151
250 338
250 367
250 387
251 81
251 198
251 233
251 264
251 283
252 72
252 117
252 471
252 479
252 483
252 488
253 309
253 430
253 441
253 449
253 454
253 480
254 68
254 187
254 277
254 278
254 300
254 383
255 181
255 339
255 364
255 406
255 426
255 433
256 159
256 166
256 190
256 208
256 279
256 295
257 29
257 178
257 299
257 324
257 416
257 419
258 5
258 215
258 220
258 269
258 303
258 331
259 52
259 185
259 281
259 287
259 360
259 381
260 206
260 225
260 372
260 379
260 399
260 421
261 120
261 389
261 414
261 449
261 454
261 480
262 23
262 201
262 205
262 290
262 301
262 385
263 95
263 160
263 405
263 409
263 451
263 485
264 106
264 177
264 198
264 233
264 251
264 283
265 63
265 129
265 136
265 161
265 167
265 326
266 267
266 428
266 467
266 484
266 498
266 499
267 34
267 48
267 74
267 163
267 266
267 276
267 319
268 94
268 237
268 325
268 332
268 341
268 351
268 487
269 5
269 170
269 215
269 220
269 258
269 303
269 331
270 39
270 84
270 311
270 369
270 370
270 390
270 395
271 186
271 240
271 293
271 373
271 385
271 389
271 490
272 197
272 392
272 403
272 473
272 481
272 498
272 499
273 298
273 368
273 443
273 450
273 457
273 465
273 477
274 3
274 75
274 103
274 157
274 183
274 204
274 376
275 4
275 43
275 55
275 60
275 130
275 144
275 336
276 34
276 48
276 74
276 119
276 163
276 267
276 319
277 61
277 87
277 187
277 247
277 254
277 278
277 300
278 61
278 68
278 187
278 247
278 254
278 277
278 300
279 159
279 166
279 190
279 208
279 256
279 290
279 295
280 24
280 297
280 380
280 469
280 489
280 492
280 493
281 52
281 65
281 185
281 259
281 310
281 358
281 381
282 128
282 314
282 443
282 450
282 457
282 465
282 477
283 81
283 106
283 177
283 198
283 233
283 251
283 264
284 32
284 107
284 191
284 218
284 243
284 302
284 346
285 429
285 437
285 463
285 490
285 496
285 497
285 500
286 40
286 342
286 349
286 350
286 352
286 411
286 412
287 185
287 234
287 259
287 310
287 358
287 360
287 381
288 80
288 105
288 206
288 372
288 379
288 399
288 421
289 50
289 76
289 116
289 121
289 195
289 223
289 343
290 23
290 131
290 201
290 205
290 262
290 279
290 301
291 41
291 207
291 296
291 305
291 406
291 426
291 433
292 139
292 371
292 427
292 436
292 445
292 446
292 456
293 173
293 176
293 186
293 240
293 271
293 373
293 389
294 108
294 227
294 336
294 432
294 434
294 461
294 470
295 159
295 166
295 190
295 208
295 256
295 279
295 412
296 291
296 305
296 339
296 364
296 406
296 426
296 433
297 280
297 356
297 380
297 382
297 489
297 492
297 493
298 228
298 273
298 368
298 443
298 450
298 457
298 477
299 124
299 141
299 178
299 257
299 355
299 416
299 419
300 61
300 68
300 187
300 247
300 254
300 277
300 278
301 23
301 131
301 201
301 205
301 262
301 290
301 304
302 191
302 242
302 243
302 284
302 346
302 347
302 455
303 5
303 170
303 215
303 220
303 258
303 269
303 331
304 301
304 401
304 455
304 462
304 479
304 483
304 488
305 207
305 291
305 296
305 339
305 364
305 406
305 433
306 310
306 384
306 418
306 474
306 486
306 494
306 495
307 146
307 179
307 235
307 248
307 328
307 378
307 388
308 62
308 126
308 199
308 241
308 327
308 345
308 362
309 253
309 333
309 386
309 414
309 449
309 454
309 480
310 185
310 281
310 287
310 306
310 358
310 360
310 381
311 239
311 270
311 314
311 369
311 370
311 390
311 395
312 25
312 47
312 188
312 210
312 216
312 222
312 249
313 164
313 467
313 473
313 481
313 484
313 498
313 499
314 51
314 282
314 311
314 413
314 450
314 465
314 477
315 374
315 392
315 424
315 473
315 484
315 498
315 499
316 318
316 391
316 444
316 486
316 491
316 494
316 495
317 415
317 423
317 458
317 487
317 496
317 497
317 500
318 316
318 323
318 335
318 361
318 489
318 492
318 493
319 34
319 48
319 74
319 163
319 267
319 276
319 475
320 95
320 149
320 329
320 353
320 400
320 409
320 485
321 324
321 371
321 427
321 436
321 445
321 446
321 456
322 139
322 371
322 427
322 436
322 445
322 446
322 456
323 318
323 356
323 361
323 469
323 489
323 492
323 493
324 37
324 124
324 178
324 257
324 321
324 416
324 419
325 58
325 66
325 268
325 326
325 332
325 341
325 351
326 63
326 129
326 136
326 161
326 167
326 265
326 325
327 36
327 62
327 199
327 217
327 241
327 308
327 345
327 362
328 42
328 64
328 146
328 235
328 307
328 378
328 388
328 413
329 320
329 330
329 400
329 405
329 409
329 431
329 451
329 485
330 79
330 160
330 168
330 182
330 329
330 405
330 451
330 485
331 5
331 170
331 215
331 220
331 258
331 269
331 303
331 334
332 58
332 66
332 94
332 209
332 268
332 325
332 341
332 351
333 175
333 309
333 386
333 414
333 430
333 449
333 454
333 480
334 331
334 440
334 448
334 452
334 453
334 472
334 475
334 476
335 236
335 318
335 380
335 439
335 469
335 489
335 492
335 493
336 13
336 275
336 294
336 417
336 432
336 441
336 461
336 470
337 112
337 357
337 422
337 427
337 438
337 459
337 466
337 478
338 30
338 151
338 238
338 250
338 340
338 367
338 383
338 387
339 41
339 207
339 255
339 296
339 305
339 364
339 395
339 433
340 30
340 118
340 151
340 238
340 338
340 367
340 383
340 387
341 58
341 209
341 237
341 268
341 325
341 332
341 343
341 351
342 20
342 40
342 286
342 349
342 350
342 352
342 411
342 412
343 76
343 111
343 116
343 192
343 223
343 289
343 341
343 365
344 398
344 402
344 442
344 448
344 452
344 453
344 472
344 475
345 36
345 126
345 217
345 241
345 308
345 327
345 362
345 390
346 32
346 107
346 191
346 218
346 243
346 284
346 302
346 347
347 32
347 107
347 191
347 218
347 243
347 302
347 346
347 453
348 12
348 85
348 96
348 135
348 145
348 354
348 404
348 420
349 20
349 286
349 342
349 350
349 352
349 363
349 411
349 412
350 20
350 193
350 286
350 342
350 349
350 352
350 363
350 411
351 59
351 94
351 209
351 237
351 268
351 325
351 332
351 341
352 193
352 286
352 342
352 349
352 350
352 363
352 411
352 412
353 79
353 160
353 168
353 172
353 320
353 400
353 414
353 431
354 53
354 137
354 150
354 194
354 348
354 396
354 407
354 408
355 148
355 197
355 299
355 403
355 473
355 481
355 484
355 498
356 20
356 297
356 323
356 380
356 382
356 439
356 492
356 493
357 8
357 89
357 100
357 123
357 337
357 422
357 459
357 466
358 52
358 65
358 185
358 234
358 281
358 287
358 310
358 381
359 82
359 374
359 403
359 424
359 481
359 484
359 498
359 499
360 52
360 65
360 73
360 234
360 259
360 287
360 310
360 381
361 318
361 323
361 439
361 469
361 470
361 489
361 492
361 493
362 62
362 152
362 199
362 217
362 241
362 308
362 327
362 345
363 40
363 53
363 193
363 349
363 350
363 352
363 411
363 412
364 181
364 255
364 296
364 305
364 339
364 406
364 426
364 433
365 45
365 76
365 111
365 116
365 192
365 195
365 223
365 343
366 73
366 112
366 123
366 214
366 422
366 459
366 466
366 478
367 21
367 30
367 238
367 250
367 338
367 340
367 383
367 387
368 107
368 128
368 273
368 298
368 413
368 457
368 465
368 477
369 57
369 84
369 224
369 270
369 311
369 370
369 390
369 395
370 39
370 57
370 84
370 224
370 239
370 270
370 311
370 369
370 433
371 45
371 292
371 321
371 322
371 427
371 436
371 445
371 446
371 456
372 11
372 105
372 204
372 225
372 260
372 288
372 379
372 399
372 421
373 113
373 173
373 176
373 186
373 240
373 271
373 293
373 385
373 389
374 33
374 315
374 359
374 424
374 467
374 481
374 484
374 498
374 499
375 110
375 444
375 460
375 464
375 482
375 486
375 491
375 494
375 495
376 3
376 75
376 102
376 103
376 157
376 183
376 204
376 274
376 428
377 397
377 429
377 447
377 458
377 463
377 487
377 490
377 497
377 500
378 42
378 146
378 179
378 235
378 248
378 307
378 328
378 388
378 411
379 80
379 105
379 206
379 225
379 260
379 288
379 372
379 399
379 421
380 155
380 280
380 297
380 335
380 356
380 469
380 489
380 492
380 493
381 65
381 234
381 259
381 281
381 287
381 310
381 358
381 360
381 471
382 26
382 155
382 297
382 356
382 469
382 484
382 489
382 492
382 493
383 21
383 118
383 151
383 242
383 254
383 338
383 340
383 367
383 387
384 306
384 406
384 464
384 474
384 482
384 486
384 491
384 494
384 495
385 18
385 113
385 176
385 186
385 240
385 262
385 271
385 373
385 389
386 19
386 88
386 309
386 333
386 414
386 430
386 449
386 454
386 480
387 21
387 30
387 118
387 238
387 250
387 338
387 340
387 367
387 383
388 42
388 64
388 146
388 179
388 235
388 248
388 307
388 328
388 378
389 18
389 113
389 173
389 176
389 261
389 271
389 293
389 373
389 385
390 39
390 57
390 224
390 239
390 270
390 311
390 345
390 369
390 395
391 187
391 316
391 464
391 474
391 482
391 486
391 491
391 494
391 495
392 148
392 272
392 315
392 424
392 428
392 473
392 484
392 498
392 499
393 203
393 231
393 394
393 410
393 435
393 455
393 471
393 479
393 483
394 83
394 117
394 231
394 393
394 410
394 435
394 455
394 479
394 488
395 39
395 57
395 84
395 239
395 270
395 311
395 339
395 369
395 390
396 17
396 53
396 137
396 150
396 189
396 194
396 354
396 407
396 408
397 377
397 415
397 429
397 458
397 468
397 487
397 496
397 497
397 500
398 344
398 402
398 442
398 448
398 452
398 453
398 472
398 475
398 476
399 11
399 80
399 105
399 206
399 260
399 288
399 372
399 379
399 421
400 95
400 196
400 320
400 329
400 353
400 409
400 431
400 442
400 451
400 485
401 165
401 231
401 304
401 410
401 435
401 462
401 471
401 479
401 483
401 488
402 344
402 398
402 440
402 442
402 448
402 452
402 453
402 472
402 475
402 476
403 164
403 197
403 272
403 355
403 359
403 424
403 467
403 481
403 484
403 499
404 85
404 96
404 99
404 135
404 138
404 145
404 212
404 348
404 405
404 420
405 168
405 182
405 196
405 263
405 329
405 330
405 404
405 409
405 431
405 485
406 41
406 181
406 255
406 291
406 296
406 305
406 364
406 384
406 426
406 433
407 17
407 53
407 150
407 189
407 194
407 238
407 246
407 354
407 396
407 408
408 17
408 137
408 150
408 189
408 194
408 246
408 354
408 396
408 407
408 410
409 182
409 196
409 263
409 320
409 329
409 400
409 405
409 431
409 451
409 485
410 393
410 394
410 401
410 408
410 435
410 455
410 462
410 471
410 479
410 483
411 40
411 193
411 286
411 342
411 349
411 350
411 352
411 363
411 378
411 412
412 20
412 40
412 193
412 286
412 295
412 342
412 349
412 352
412 363
412 411
413 44
413 56
413 314
413 328
413 368
413 443
413 450
413 457
413 465
413 477
414 87
414 98
414 120
414 261
414 309
414 333
414 353
414 386
414 430
414 480
415 317
415 397
415 447
415 458
415 463
415 487
415 490
415 496
415 497
415 500
416 29
416 37
416 124
416 141
416 178
416 257
416 299
416 324
416 417
416 419
417 22
417 169
417 336
417 416
417 425
417 432
417 434
417 441
417 461
417 470
418 244
418 306
418 444
418 460
418 464
418 474
418 482
418 486
418 494
418 495
419 29
419 37
419 124
419 141
419 178
419 257
419 299
419 324
419 416
419 420
420 12
420 70
420 85
420 96
420 135
420 138
420 212
420 348
420 404
420 419
421 11
421 80
421 206
421 208
421 225
421 260
421 288
421 372
421 379
421 399
422 89
422 152
422 214
422 337
422 357
422 366
422 438
422 459
422 466
422 478
423 317
423 429
423 447
423 463
423 468
423 487
423 490
423 496
423 497
423 500
424 315
424 359
424 374
424 392
424 403
424 467
424 473
424 481
424 498
424 499
425 13
425 108
425 219
425 227
425 417
425 432
425 434
425 441
425 461
425 470
426 41
426 181
426 207
426 235
426 255
426 291
426 296
426 364
426 406
426 433
427 45
427 78
427 292
427 321
427 322
427 337
427 371
427 436
427 445
427 446
427 456
428 33
428 164
428 266
428 376
428 392
428 467
428 473
428 481
428 484
428 498
428 499
429 31
429 226
429 285
429 377
429 397
429 423
429 487
429 490
429 496
429 497
429 500
430 19
430 88
430 98
430 175
430 253
430 333
430 386
430 414
430 449
430 454
430 480
431 79
431 95
431 168
431 182
431 329
431 353
431 400
431 405
431 409
431 451
431 485
432 22
432 169
432 219
432 294
432 336
432 417
432 425
432 434
432 441
432 461
432 470
433 181
433 207
433 255
433 291
433 296
433 305
433 339
433 364
433 370
433 406
433 426
434 13
434 169
434 210
434 219
434 227
434 294
434 417
434 425
434 432
434 441
434 461
435 203
435 231
435 393
435 394
435 401
435 410
435 455
435 462
435 479
435 483
435 488
436 78
436 132
436 180
436 292
436 321
436 322
436 371
436 427
436 445
436 446
436 456
437 27
437 97
437 213
437 285
437 458
437 463
437 487
437 490
437 496
437 497
437 500
438 8
438 73
438 89
438 100
438 123
438 214
438 337
438 422
438 459
438 466
438 478
439 24
439 26
439 236
439 335
439 356
439 361
439 440
439 469
439 489
439 492
439 493
440 242
440 334
440 402
440 439
440 442
440 448
440 452
440 453
440 472
440 475
440 476
441 22
441 108
441 227
441 253
441 336
441 417
441 425
441 432
441 434
441 461
441 470
442 184
442 344
442 398
442 400
442 402
442 440
442 448
442 452
442 453
442 472
442 476
443 44
443 228
443 273
443 282
443 298
443 413
443 450
443 457
443 465
443 477
443 496
444 244
444 316
444 375
444 418
444 464
444 474
444 482
444 486
444 491
444 494
444 495
445 78
445 132
445 180
445 191
445 292
445 321
445 322
445 371
445 427
445 436
445 446
446 78
446 139
446 180
446 292
446 321
446 322
446 371
446 427
446 436
446 445
446 456
447 127
447 229
447 377
447 415
447 423
447 450
447 468
447 490
447 496
447 497
447 500
448 133
448 184
448 334
448 344
448 398
448 402
448 440
448 442
448 452
448 472
448 475
448 476
449 19
449 87
449 120
449 175
449 253
449 261
449 309
449 333
449 386
449 430
449 454
449 480
450 51
450 56
450 128
450 273
450 282
450 298
450 314
450 413
450 443
450 447
450 457
450 465
451 79
451 168
451 179
451 182
451 196
451 263
451 329
451 330
451 400
451 409
451 431
451 485
452 184
452 334
452 344
452 398
452 402
452 440
452 442
452 448
452 453
452 472
452 475
452 476
453 242
453 334
453 344
453 347
453 398
453 402
453 440
453 442
453 452
453 472
453 475
453 476
454 87
454 88
454 98
454 175
454 253
454 261
454 309
454 333
454 386
454 430
454 449
454 480
455 72
455 83
455 114
455 162
455 302
455 304
455 393
455 394
455 410
455 435
455 462
455 488
456 45
456 78
456 132
456 139
456 180
456 292
456 321
456 322
456 371
456 427
456 436
456 446
457 44
457 51
457 218
457 228
457 273
457 282
457 298
457 368
457 413
457 443
457 450
457 477
458 317
458 377
458 397
458 415
458 437
458 460
458 463
458 468
458 487
458 496
458 497
458 500
459 8
459 100
459 112
459 123
459 214
459 337
459 357
459 366
459 422
459 438
459 466
459 478
460 140
460 244
460 375
460 418
460 458
460 464
460 474
460 482
460 486
460 491
460 494
460 495
461 22
461 169
461 219
461 294
461 336
461 417
461 425
461 432
461 434
461 441
461 462
461 470
462 114
462 117
462 165
462 203
462 304
462 401
462 410
462 435
462 455
462 461
462 471
462 483
462 488
463 27
463 97
463 285
463 377
463 415
463 423
463 437
463 458
463 468
463 487
463 490
463 497
463 500
464 140
464 375
464 384
464 391
464 418
464 444
464 460
464 474
464 482
464 486
464 491
464 494
464 495
465 44
465 51
465 56
465 228
465 273
465 282
465 314
465 368
465 413
465 443
465 450
465 466
465 477
466 8
466 73
466 89
466 100
466 214
466 337
466 357
466 366
466 422
466 438
466 459
466 465
466 478
467 148
467 164
467 197
467 266
467 313
467 374
467 403
467 424
467 428
467 481
467 484
467 498
467 499
468 31
468 226
468 397
468 423
468 447
468 458
468 463
468 469
468 487
468 490
468 496
468 497
468 500
469 24
469 115
469 236
469 280
469 323
469 335
469 361
469 380
469 382
469 439
469 468
469 489
469 493
470 13
470 108
470 169
470 219
470 227
470 294
470 336
470 361
470 417
470 425
470 432
470 441
470 461
471 117
471 162
471 165
471 203
471 252
471 381
471 393
471 401
471 410
471 462
471 479
471 483
471 488
472 133
472 184
472 334
472 344
472 398
472 402
472 440
472 442
472 448
472 452
472 453
472 473
472 475
472 476
473 82
473 148
473 272
473 313
473 315
473 355
473 392
473 424
473 428
473 472
473 481
473 484
473 498
473 499
474 90
474 140
474 306
474 384
474 391
474 418
474 444
474 460
474 464
474 482
474 486
474 491
474 494
474 495
475 133
475 184
475 242
475 319
475 334
475 344
475 398
475 402
475 440
475 448
475 452
475 453
475 472
475 476
476 133
476 147
476 184
476 242
476 334
476 398
476 402
476 440
476 442
476 448
476 452
476 453
476 472
476 475
477 44
477 51
477 56
477 128
477 228
477 273
477 282
477 298
477 314
477 368
477 413
477 443
477 457
477 465
478 8
478 73
478 89
478 100
478 112
478 123
478 214
478 224
478 337
478 366
478 422
478 438
478 459
478 466
479 72
479 83
479 114
479 162
479 225
479 252
479 304
479 393
479 394
479 401
479 410
479 435
479 471
479 483
479 488
480 19
480 87
480 88
480 98
480 120
480 175
480 253
480 261
480 309
480 333
480 386
480 414
480 430
480 449
480 454
481 33
481 272
481 313
481 355
481 359
481 374
481 403
481 424
481 428
481 467
481 473
481 482
481 484
481 498
481 499
482 15
482 90
482 140
482 375
482 384
482 391
482 418
482 444
482 460
482 464
482 474
482 481
482 486
482 491
482 494
482 495
483 114
483 162
483 165
483 203
483 231
483 252
483 304
483 393
483 401
483 410
483 435
483 462
483 471
483 479
483 485
483 488
484 33
484 82
484 266
484 313
484 315
484 355
484 359
484 374
484 382
484 392
484 403
484 428
484 467
484 473
484 481
484 498
484 499
485 79
485 95
485 160
485 168
485 182
485 196
485 263
485 320
485 329
485 330
485 400
485 405
485 409
485 431
485 451
485 483
486 15
486 110
486 306
486 316
486 375
486 384
486 391
486 418
486 444
486 460
486 464
486 474
486 482
486 489
486 491
486 494
486 495
487 27
487 97
487 268
487 317
487 377
487 397
487 415
487 423
487 429
487 437
487 458
487 463
487 468
487 490
487 496
487 497
487 500
488 72
488 83
488 162
488 165
488 203
488 231
488 252
488 304
488 394
488 401
488 435
488 455
488 462
488 471
488 479
488 483
488 491
489 26
489 115
489 155
489 236
489 280
489 297
489 318
489 323
489 335
489 361
489 380
489 382
489 439
489 469
489 486
489 492
489 493
490 31
490 127
490 229
490 271
490 285
490 377
490 415
490 423
490 429
490 437
490 447
490 463
490 468
490 487
490 496
490 497
490 500
491 15
491 90
491 110
491 244
491 316
491 375
491 384
491 391
491 444
491 460
491 464
491 474
491 482
491 486
491 488
491 494
491 495
492 24
492 26
492 66
492 115
492 155
492 236
492 280
492 297
492 318
492 323
492 335
492 356
492 361
492 380
492 382
492 439
492 489
492 493
493 24
493 115
493 155
493 236
493 280
493 297
493 318
493 323
493 335
493 356
493 361
493 380
493 382
493 439
493 469
493 489
493 492
493 498
494 90
494 110
494 140
494 234
494 244
494 306
494 316
494 375
494 384
494 391
494 418
494 444
494 460
494 464
494 474
494 482
494 486
494 491
494 495
495 15
495 90
495 110
495 173
495 194
495 244
495 306
495 316
495 375
495 384
495 391
495 418
495 444
495 460
495 464
495 474
495 482
495 486
495 491
495 494
496 31
496 97
496 127
496 226
496 229
496 285
496 317
496 397
496 415
496 423
496 429
496 437
496 443
496 447
496 458
496 468
496 487
496 490
496 497
496 500
497 31
497 119
497 127
497 226
497 229
497 285
497 317
497 377
497 397
497 415
497 423
497 429
497 437
497 447
497 458
497 463
497 468
497 487
497 490
497 496
498 33
498 82
498 164
498 197
498 266
498 272
498 313
498 315
498 355
498 359
498 374
498 392
498 424
498 428
498 467
498 473
498 481
498 484
498 493
498 499
499 82
499 148
499 164
499 197
499 266
499 272
499 313
499 315
499 359
499 374
499 392
499 403
499 424
499 428
499 467
499 473
499 481
499 484
499 498
499 500
500 27
500 97
500 127
500 226
500 229
500 285
500 317
500 377
500 397
500 415
500 423
500 429
500 437
500 447
500 458
500 463
500 468
500 487
500 490
500 496
500 499
