1 193
1 257
1 362
1 386
1 403
2 46
2 88
2 122
3 12
3 50
3 361
3 377
4 43
4 86
4 139
4 150
4 180
4 254
4 301
5 97
5 123
5 161
5 231
5 235
6 111
6 155
6 233
6 240
6 261
7 41
7 104
7 119
7 307
7 427
8 93
8 157
8 273
8 315
8 367
9 227
9 236
9 248
9 306
9 311
9 332
10 33
10 48
10 72
10 112
10 114
11 13
11 22
11 38
11 101
11 138
12 3
12 50
12 361
12 377
13 11
13 22
13 38
13 101
13 138
14 178
14 212
14 229
14 239
14 300
14 383
14 431
14 435
14 437
14 449
14 487
15 32
15 67
15 215
15 218
15 242
16 87
16 134
16 166
16 191
16 243
16 297
17 84
17 271
17 410
17 476
17 482
18 27
18 28
18 65
18 103
18 146
19 20
19 107
19 238
19 264
19 322
19 333
19 369
19 374
19 385
19 401
20 19
20 255
20 266
20 395
20 443
21 25
21 127
21 287
22 11
22 13
22 38
22 101
22 138
23 433
23 473
23 479
23 484
23 489
24 494
24 497
24 498
24 499
24 500
25 21
25 206
25 338
25 453
25 458
26 80
26 81
26 181
26 188
26 207
26 209
27 18
27 28
27 65
27 103
27 146
28 18
28 27
28 65
28 103
28 146
29 355
29 394
29 426
29 474
29 492
30 36
30 52
30 144
30 153
30 164
31 74
31 205
31 221
31 270
31 392
32 15
32 67
32 215
32 218
32 242
33 10
33 57
33 72
33 112
33 114
34 37
34 56
34 61
34 186
34 187
34 217
34 279
35 39
35 147
35 165
35 304
35 365
36 30
36 52
36 144
36 153
36 164
37 34
37 56
37 187
37 217
37 279
38 11
38 13
38 22
38 101
38 138
39 35
39 51
39 147
39 199
39 201
40 167
40 177
40 246
40 303
40 360
41 7
41 62
41 90
41 96
41 104
41 119
41 169
41 307
41 364
41 427
42 120
42 250
42 269
42 293
42 310
43 4
43 150
43 180
43 232
43 301
44 74
44 221
44 270
44 378
44 392
45 435
45 449
45 450
45 471
45 487
46 2
46 54
46 73
46 88
46 92
46 256
47 125
47 185
47 211
47 284
47 328
47 346
48 10
48 57
48 72
48 114
49 120
49 154
49 179
50 3
50 12
50 102
50 172
50 283
50 290
50 377
51 39
51 147
51 201
51 245
51 365
52 30
52 36
52 144
52 153
52 164
53 255
53 266
53 351
53 395
53 443
54 46
54 167
54 177
54 246
54 360
55 87
55 134
55 166
55 243
55 297
56 34
56 37
56 61
56 187
56 217
57 33
57 48
57 72
57 112
57 114
58 68
58 167
58 225
58 246
58 303
58 360
59 288
59 292
59 317
59 348
59 402
60 127
60 145
60 202
60 287
60 298
61 34
61 56
61 186
61 187
61 217
62 41
62 307
62 388
62 424
62 427
63 224
63 335
63 430
63 444
63 469
64 98
64 241
64 397
64 400
64 423
65 18
65 27
65 28
65 103
65 146
66 77
66 289
66 347
66 349
66 475
67 15
67 32
67 159
67 215
67 218
67 242
68 58
68 89
68 175
68 265
68 330
69 257
69 309
69 362
69 386
69 403
70 257
70 309
70 362
70 386
70 403
71 132
71 349
71 408
71 446
71 475
72 10
72 33
72 48
72 57
72 89
72 112
73 46
73 88
73 92
73 122
74 31
74 44
74 95
74 106
74 221
74 378
74 392
75 354
75 411
75 433
75 473
75 479
75 484
75 489
76 78
76 113
76 133
76 157
76 331
77 66
77 132
77 347
77 446
77 475
78 76
78 131
78 157
78 315
78 331
79 105
79 196
79 291
79 294
79 323
79 372
79 398
79 413
79 419
79 421
79 438
79 439
79 468
79 483
80 26
80 81
80 188
80 190
80 207
81 26
81 80
81 181
81 188
81 190
81 209
82 336
82 415
82 456
82 460
82 490
83 89
83 163
83 175
83 330
84 17
84 160
84 183
84 195
84 271
84 276
84 296
84 316
84 366
84 389
84 410
84 440
84 461
84 476
84 480
84 482
84 488
84 491
85 194
85 230
85 417
85 429
85 436
86 4
86 252
86 254
87 16
87 55
87 134
87 191
87 297
88 2
88 46
88 73
88 92
88 122
88 256
89 68
89 72
89 83
89 108
89 163
89 265
89 330
90 41
90 104
90 169
90 307
90 424
91 98
91 241
91 318
91 400
91 423
92 46
92 73
92 88
92 122
92 256
93 8
93 117
93 131
93 157
93 331
94 288
94 292
94 317
94 348
94 402
95 74
95 166
95 205
95 221
95 359
95 378
95 392
96 41
96 104
96 119
96 388
96 424
97 5
97 123
97 161
97 204
97 231
97 235
98 64
98 91
98 149
98 241
98 285
98 302
98 352
98 423
99 132
99 289
99 349
99 408
99 475
100 294
100 419
100 421
100 481
100 483
101 11
101 13
101 22
101 38
101 138
102 50
102 213
102 290
102 361
102 377
103 18
103 27
103 28
103 65
103 146
104 7
104 41
104 90
104 96
104 169
104 307
104 364
104 388
104 424
105 79
105 294
105 421
105 481
105 483
106 74
106 205
106 221
106 378
106 392
107 19
107 322
107 369
107 374
107 385
108 89
108 163
108 175
108 265
108 330
109 167
109 177
109 246
109 360
110 336
110 456
110 460
110 462
110 490
111 6
111 140
111 155
111 233
111 240
111 261
112 10
112 33
112 57
112 72
112 114
113 76
113 273
113 315
113 331
113 367
114 10
114 33
114 48
114 57
114 112
115 132
115 192
115 347
115 446
115 475
116 224
116 335
116 430
116 444
116 469
117 93
117 273
117 315
117 331
117 367
118 354
118 433
118 479
118 484
118 489
119 7
119 41
119 96
119 134
119 388
120 42
120 49
120 154
120 179
120 250
120 286
120 293
121 255
121 266
121 351
121 395
121 443
122 2
122 73
122 88
122 92
122 256
123 5
123 97
123 161
123 204
123 231
123 235
124 127
124 145
124 202
124 287
124 298
125 47
125 244
125 284
125 328
125 346
126 288
126 292
126 317
126 348
126 402
127 21
127 60
127 124
127 145
127 202
127 287
127 298
128 148
128 210
128 312
128 324
128 356
128 375
128 380
129 154
129 179
129 250
129 269
129 310
130 193
130 309
130 362
130 386
130 403
131 78
131 93
131 273
131 315
131 367
132 71
132 77
132 99
132 115
132 136
132 171
132 192
132 263
132 289
132 475
133 76
133 273
133 315
133 331
133 367
134 16
134 55
134 87
134 119
134 191
134 297
135 435
135 449
135 450
135 471
135 487
136 132
136 347
136 349
136 408
136 446
136 475
137 325
137 357
137 406
137 407
137 428
138 11
138 13
138 22
138 38
138 101
139 4
139 232
139 252
139 254
139 301
140 111
140 155
140 233
140 240
140 261
141 223
141 336
141 415
141 456
141 460
141 462
141 470
141 490
142 162
142 255
142 266
142 443
143 422
143 452
143 485
143 493
143 494
143 497
143 498
143 499
143 500
144 30
144 36
144 52
144 153
144 164
145 60
145 124
145 127
145 202
145 287
146 18
146 27
146 28
146 65
146 103
147 35
147 39
147 51
147 165
147 245
148 128
148 312
148 324
148 339
148 375
148 376
148 380
149 98
149 241
149 318
149 400
149 423
150 4
150 43
150 232
150 252
150 254
150 301
151 288
151 292
151 317
151 348
151 402
152 437
152 449
152 450
152 471
152 487
153 30
153 36
153 52
153 144
153 164
154 49
154 120
154 129
154 179
154 250
154 293
154 310
155 6
155 111
155 140
155 240
155 261
156 230
156 417
156 429
156 436
156 441
157 8
157 76
157 78
157 93
157 367
158 230
158 417
158 429
158 436
158 441
159 67
159 215
159 242
159 453
159 463
160 84
160 271
160 410
160 455
160 461
160 476
160 482
161 5
161 97
161 123
161 204
161 235
162 142
162 255
162 266
162 395
162 414
162 443
163 83
163 89
163 108
163 175
163 330
164 30
164 36
164 52
164 144
164 153
165 35
165 147
165 199
165 245
165 251
165 260
166 16
166 55
166 95
166 191
166 297
167 40
167 54
167 58
167 109
167 225
167 246
167 360
168 173
168 234
168 253
168 340
168 373
169 41
169 90
169 104
169 388
169 424
170 335
170 368
170 430
170 444
170 469
171 132
171 192
171 347
171 446
171 475
172 50
172 213
172 290
172 361
172 377
173 168
173 198
173 220
173 253
173 337
173 340
173 373
174 214
174 258
174 326
174 387
174 405
174 459
174 474
174 486
174 492
175 68
175 83
175 108
175 163
175 265
175 330
176 194
176 342
176 417
176 429
176 436
176 441
177 40
177 54
177 109
177 225
177 360
178 14
178 383
178 437
178 445
178 449
178 471
179 49
179 120
179 129
179 154
179 286
179 293
180 4
180 43
180 232
180 252
180 254
181 26
181 81
181 190
181 207
181 209
182 224
182 335
182 358
182 368
182 430
182 444
182 448
182 463
182 469
183 84
183 271
183 410
183 455
183 461
183 476
183 482
184 336
184 415
184 456
184 460
184 462
184 490
185 47
185 284
185 328
185 346
186 34
186 61
186 187
186 200
186 217
186 279
187 34
187 37
187 56
187 61
187 186
187 279
188 26
188 80
188 81
188 190
188 207
189 354
189 433
189 473
189 479
189 484
189 489
190 80
190 81
190 181
190 188
190 207
190 209
191 16
191 87
191 134
191 166
191 243
191 297
192 115
192 132
192 171
192 289
192 446
192 475
193 1
193 130
193 257
193 309
193 386
193 403
194 85
194 176
194 219
194 278
194 342
194 343
194 425
194 436
195 84
195 206
195 271
195 410
195 476
195 482
196 79
196 294
196 372
196 398
196 421
196 481
196 483
197 227
197 236
197 248
197 306
197 311
197 314
197 332
198 173
198 234
198 340
198 373
199 39
199 165
199 201
199 245
199 251
199 260
199 304
200 186
200 247
200 321
200 338
200 453
200 458
201 39
201 51
201 199
201 245
201 251
201 365
202 60
202 124
202 127
202 145
202 287
202 298
203 354
203 433
203 473
203 479
203 484
203 489
204 97
204 123
204 161
204 231
204 235
205 31
205 95
205 106
205 221
205 378
205 392
206 25
206 195
206 272
206 280
206 281
206 321
206 338
206 353
206 371
206 381
206 442
206 453
206 458
207 26
207 80
207 181
207 188
207 190
207 209
208 383
208 437
208 449
208 450
208 471
209 26
209 81
209 181
209 190
209 207
209 220
210 128
210 324
210 356
210 375
210 380
211 47
211 244
211 284
211 328
211 346
212 14
212 300
212 435
212 445
212 471
212 487
213 102
213 172
213 283
213 290
213 361
213 377
214 174
214 355
214 394
214 426
214 474
214 492
215 15
215 32
215 67
215 159
215 218
215 242
216 274
216 325
216 357
216 406
216 407
216 428
217 34
217 37
217 56
217 61
217 186
217 279
218 15
218 32
218 67
218 215
218 242
219 194
219 230
219 342
219 417
219 429
219 441
220 173
220 209
220 234
220 253
220 340
220 373
221 31
221 44
221 74
221 95
221 106
221 205
221 270
221 359
222 227
222 362
222 386
222 403
223 141
223 336
223 345
223 432
223 456
223 460
223 462
223 464
223 470
223 472
223 478
223 490
224 63
224 116
224 182
224 313
224 320
224 334
224 335
224 368
224 420
224 444
224 463
225 58
225 167
225 177
225 246
225 303
225 360
226 227
226 236
226 248
226 306
226 311
226 332
227 9
227 197
227 222
227 226
227 248
227 314
228 237
228 288
228 292
228 317
228 348
228 402
229 14
229 300
229 449
229 450
229 471
229 487
230 85
230 156
230 158
230 219
230 278
230 343
230 417
230 425
230 429
230 441
231 5
231 97
231 123
231 204
231 235
232 43
232 139
232 150
232 180
232 252
232 254
233 6
233 111
233 140
233 240
233 261
234 168
234 198
234 220
234 337
234 340
234 373
235 5
235 97
235 123
235 161
235 204
235 231
236 9
236 197
236 226
236 248
236 306
236 314
237 228
237 494
237 497
237 498
237 499
237 500
238 19
238 322
238 333
238 369
238 374
238 385
239 14
239 278
239 383
239 431
239 437
239 449
239 471
240 6
240 111
240 140
240 155
240 233
240 261
241 64
241 91
241 98
241 149
241 285
241 302
241 318
241 352
241 397
242 15
242 32
242 67
242 159
242 215
242 218
243 16
243 55
243 191
243 297
244 125
244 211
244 284
244 328
244 346
245 51
245 147
245 165
245 199
245 201
245 251
245 260
245 304
246 40
246 54
246 58
246 109
246 167
246 225
247 200
247 281
247 319
247 381
247 442
247 458
248 9
248 197
248 226
248 227
248 236
248 311
248 314
248 332
248 393
249 336
249 415
249 456
249 460
249 490
250 42
250 120
250 129
250 154
250 269
250 310
251 165
251 199
251 201
251 245
251 260
251 365
252 86
252 139
252 150
252 180
252 232
252 301
253 168
253 173
253 220
253 337
253 340
253 373
254 4
254 86
254 139
254 150
254 180
254 232
255 20
255 53
255 121
255 142
255 162
255 266
255 295
255 351
255 395
255 414
256 46
256 88
256 92
256 122
257 1
257 69
257 70
257 193
257 386
257 403
258 174
258 355
258 405
258 426
258 474
258 492
259 354
259 411
259 433
259 457
259 473
259 477
259 479
259 484
259 489
259 495
260 165
260 199
260 245
260 251
260 304
260 365
261 6
261 111
261 140
261 155
261 233
261 240
262 305
262 357
262 370
262 406
262 407
262 428
263 132
263 289
263 347
263 446
263 475
264 19
264 322
264 333
264 369
264 374
264 385
265 68
265 89
265 108
265 175
265 330
266 20
266 53
266 121
266 142
266 162
266 255
266 295
266 414
266 443
267 288
267 292
267 348
267 402
268 354
268 433
268 473
268 479
268 484
268 489
269 42
269 129
269 250
269 286
269 293
270 31
270 44
270 221
270 378
270 392
271 17
271 84
271 160
271 183
271 195
271 276
271 296
271 316
271 366
271 389
271 410
271 440
271 455
271 461
271 480
271 488
271 491
272 206
272 338
272 371
272 381
272 442
272 453
272 458
273 8
273 113
273 117
273 131
273 133
273 315
273 367
274 216
274 305
274 329
274 370
274 406
274 407
274 428
275 494
275 497
275 498
275 499
275 500
276 84
276 271
276 389
276 410
276 440
276 455
276 461
277 354
277 433
277 473
277 479
277 484
277 489
278 194
278 230
278 239
278 342
278 417
278 429
278 436
279 34
279 37
279 186
279 187
279 217
280 206
280 319
280 321
280 353
280 371
280 442
280 458
281 206
281 247
281 321
281 371
281 381
281 442
281 458
282 355
282 384
282 387
282 391
282 394
282 399
282 405
282 465
282 492
283 50
283 213
283 290
283 361
283 377
284 47
284 125
284 185
284 211
284 244
284 328
284 346
285 98
285 241
285 318
285 397
285 400
285 423
286 120
286 179
286 269
286 293
286 310
287 21
287 60
287 124
287 127
287 145
287 202
287 298
288 59
288 94
288 126
288 151
288 228
288 267
288 292
288 317
288 348
289 66
289 99
289 132
289 192
289 263
289 349
289 475
290 50
290 102
290 172
290 213
290 283
290 361
290 377
291 79
291 294
291 323
291 372
291 398
291 439
291 483
292 59
292 94
292 126
292 151
292 228
292 267
292 288
293 42
293 120
293 154
293 179
293 269
293 286
293 310
294 79
294 100
294 105
294 196
294 291
294 323
294 372
294 398
294 413
294 416
294 419
294 421
294 438
294 439
294 468
294 481
295 255
295 266
295 351
295 395
295 443
296 84
296 271
296 410
296 461
296 476
296 482
297 16
297 55
297 87
297 134
297 166
297 191
297 243
298 60
298 124
298 127
298 202
298 287
299 354
299 411
299 433
299 473
299 479
299 484
299 489
300 14
300 212
300 229
300 344
300 383
300 431
300 435
300 437
300 445
300 449
300 450
300 487
301 4
301 43
301 139
301 150
301 252
302 98
302 241
302 318
302 352
302 397
302 400
302 423
303 40
303 58
303 225
303 360
304 35
304 199
304 245
304 260
304 365
305 262
305 274
305 357
305 406
305 407
305 428
306 9
306 197
306 226
306 236
306 311
306 314
306 393
307 7
307 41
307 62
307 90
307 104
307 364
307 388
307 427
308 309
308 422
308 494
308 497
308 498
308 499
308 500
309 69
309 70
309 130
309 193
309 308
309 386
309 403
310 42
310 129
310 154
310 250
310 286
310 293
310 313
311 9
311 197
311 226
311 248
311 306
311 314
312 128
312 148
312 324
312 339
312 375
312 376
312 380
313 224
313 310
313 334
313 335
313 430
313 463
313 469
314 197
314 227
314 236
314 248
314 306
314 311
314 332
315 8
315 78
315 113
315 117
315 131
315 133
315 273
316 84
316 271
316 410
316 476
316 482
317 59
317 94
317 126
317 151
317 228
317 288
317 402
318 91
318 149
318 241
318 285
318 302
318 400
318 423
319 247
319 280
319 353
319 371
319 442
319 453
319 458
320 224
320 358
320 430
320 444
320 448
320 463
320 469
321 200
321 206
321 280
321 281
321 453
321 458
321 467
322 19
322 107
322 238
322 264
322 333
322 374
322 401
323 79
323 291
323 294
323 372
323 398
323 419
323 438
323 439
323 483
324 128
324 148
324 210
324 312
324 339
324 356
324 375
324 376
324 380
325 137
325 216
325 329
325 357
325 370
325 406
325 407
325 428
326 174
326 355
326 394
326 405
326 426
326 474
326 492
327 422
327 452
327 485
327 493
327 494
327 497
327 498
327 499
327 500
328 47
328 125
328 185
328 211
328 244
328 284
328 346
329 274
329 325
329 357
329 406
329 407
329 428
330 68
330 83
330 89
330 108
330 163
330 175
330 265
331 76
331 78
331 93
331 113
331 117
331 133
331 367
332 9
332 197
332 226
332 248
332 314
333 19
333 238
333 264
333 322
333 369
333 374
333 385
334 224
334 313
334 335
334 358
334 368
334 448
334 463
334 469
335 63
335 116
335 170
335 182
335 224
335 313
335 334
335 368
335 430
335 444
335 448
336 82
336 110
336 141
336 184
336 223
336 249
336 345
336 396
336 432
336 434
336 462
336 464
336 470
336 472
336 478
336 490
337 173
337 234
337 253
337 339
337 340
337 373
338 25
338 200
338 206
338 272
338 353
338 442
338 453
338 458
339 148
339 312
339 324
339 337
339 356
339 380
340 168
340 173
340 198
340 220
340 234
340 253
340 337
340 373
341 422
341 485
341 493
341 494
341 497
341 498
341 499
341 500
342 176
342 194
342 219
342 278
342 436
342 441
343 194
343 230
343 417
343 429
343 436
343 441
344 300
344 346
344 383
344 435
344 437
344 449
344 450
344 471
345 223
345 336
345 415
345 456
345 460
345 462
345 470
345 490
346 47
346 125
346 185
346 211
346 244
346 284
346 328
346 344
347 66
347 77
347 115
347 136
347 171
347 263
347 349
347 475
348 59
348 94
348 126
348 151
348 228
348 267
348 288
348 349
349 66
349 71
349 99
349 136
349 289
349 347
349 348
349 475
350 354
350 411
350 457
350 473
350 477
350 479
350 489
350 495
351 53
351 121
351 255
351 295
351 414
351 443
352 98
352 241
352 302
352 400
352 423
353 206
353 280
353 319
353 338
353 371
353 381
353 453
353 458
353 467
354 75
354 118
354 189
354 203
354 259
354 268
354 277
354 299
354 350
354 363
354 411
354 433
354 447
354 457
354 473
354 484
355 29
355 214
355 258
355 282
355 326
355 384
355 387
355 391
355 394
355 399
355 404
355 405
355 459
355 465
355 486
355 492
356 128
356 210
356 324
356 339
356 362
356 375
356 376
356 380
357 137
357 216
357 262
357 305
357 325
357 329
357 370
357 407
358 182
358 320
358 334
358 368
358 412
358 420
358 448
358 469
359 95
359 221
359 378
359 392
360 40
360 54
360 58
360 109
360 167
360 177
360 225
360 303
361 3
361 12
361 102
361 172
361 213
361 283
361 290
361 377
362 1
362 69
362 70
362 130
362 222
362 356
362 386
362 403
363 354
363 411
363 433
363 473
363 477
363 479
363 484
363 489
364 41
364 104
364 307
364 388
364 424
365 35
365 51
365 201
365 251
365 260
365 304
366 84
366 271
366 389
366 410
366 440
366 455
366 461
366 482
367 8
367 113
367 117
367 131
367 133
367 157
367 273
367 331
368 170
368 182
368 224
368 334
368 335
368 358
368 412
368 420
368 444
368 448
368 463
368 469
369 19
369 107
369 238
369 264
369 333
369 374
369 385
369 401
370 262
370 274
370 325
370 357
370 406
370 407
370 428
371 206
371 272
371 280
371 281
371 319
371 353
371 442
371 453
372 79
372 196
372 291
372 294
372 323
372 398
372 413
372 416
372 483
373 168
373 173
373 198
373 220
373 234
373 253
373 337
373 340
374 19
374 107
374 238
374 264
374 322
374 333
374 369
374 385
375 128
375 148
375 210
375 312
375 324
375 356
375 376
375 378
375 380
376 148
376 312
376 324
376 356
376 375
376 380
377 3
377 12
377 50
377 102
377 172
377 213
377 283
377 290
377 361
378 44
378 74
378 95
378 106
378 205
378 270
378 359
378 375
378 392
379 422
379 493
379 494
379 497
379 498
379 499
379 500
380 128
380 148
380 210
380 312
380 324
380 339
380 356
380 375
380 376
381 206
381 247
381 272
381 281
381 353
381 442
381 453
381 467
382 494
382 497
382 498
382 499
382 500
383 14
383 178
383 208
383 239
383 300
383 344
383 385
383 409
383 435
383 437
383 471
383 487
384 282
384 355
384 387
384 391
384 394
384 405
384 426
384 486
384 492
385 19
385 107
385 238
385 264
385 333
385 369
385 374
385 383
385 401
386 1
386 69
386 70
386 130
386 193
386 222
386 257
386 309
386 362
387 174
387 282
387 355
387 384
387 394
387 405
387 426
387 465
387 492
388 62
388 96
388 104
388 119
388 169
388 307
388 364
388 424
388 427
389 84
389 271
389 276
389 366
389 440
389 455
389 461
389 476
390 418
390 422
390 466
390 485
390 493
390 494
390 496
390 497
390 498
390 499
390 500
391 282
391 355
391 384
391 399
391 426
391 459
391 465
391 486
391 492
392 31
392 44
392 74
392 95
392 106
392 205
392 270
392 359
392 378
393 248
393 306
394 29
394 214
394 282
394 326
394 355
394 384
394 387
394 399
394 404
394 405
394 459
394 465
394 492
395 20
395 53
395 121
395 162
395 255
395 295
395 414
395 443
396 336
396 415
396 456
396 460
396 462
396 490
397 64
397 241
397 285
397 302
397 400
397 423
398 79
398 196
398 291
398 294
398 323
398 372
398 413
398 419
398 481
398 483
399 282
399 355
399 391
399 394
399 405
399 426
399 474
399 486
399 492
400 64
400 91
400 149
400 285
400 302
400 318
400 352
400 397
400 423
401 19
401 322
401 369
401 385
402 59
402 94
402 126
402 151
402 228
402 267
402 317
403 1
403 69
403 70
403 130
403 193
403 222
403 257
403 309
403 362
404 355
404 394
404 426
404 474
404 492
405 174
405 258
405 282
405 326
405 355
405 384
405 387
405 394
405 399
405 413
405 426
405 465
405 486
405 492
406 137
406 216
406 262
406 274
406 305
406 325
406 329
406 370
406 428
407 137
407 216
407 262
407 274
407 305
407 325
407 329
407 357
407 370
408 71
408 99
408 136
408 446
408 475
409 383
409 416
409 437
409 445
409 449
409 471
410 17
410 84
410 160
410 183
410 195
410 271
410 276
410 296
410 316
410 366
410 455
410 476
410 480
410 482
410 488
410 491
411 75
411 259
411 299
411 350
411 354
411 363
411 433
411 457
411 477
411 489
411 495
412 358
412 368
412 430
412 448
412 463
412 469
413 79
413 294
413 372
413 398
413 405
413 419
413 421
413 483
414 162
414 255
414 266
414 351
414 395
414 443
415 82
415 141
415 184
415 249
415 345
415 396
415 432
415 434
415 456
415 462
415 464
415 478
415 490
416 294
416 372
416 409
416 421
416 439
416 481
416 483
417 85
417 156
417 158
417 176
417 219
417 230
417 278
417 343
417 425
417 441
418 390
418 422
418 454
418 466
418 485
418 493
418 494
418 496
418 497
418 498
418 499
418 500
419 79
419 100
419 294
419 323
419 398
419 413
419 438
419 439
419 481
419 483
420 224
420 358
420 368
420 427
420 430
420 444
420 469
421 79
421 100
421 105
421 196
421 294
421 413
421 416
421 438
421 468
421 483
422 143
422 308
422 327
422 341
422 379
422 390
422 418
422 451
422 452
422 454
422 466
422 485
422 493
422 496
422 497
422 498
422 499
422 500
423 64
423 91
423 98
423 149
423 285
423 302
423 318
423 352
423 397
423 400
424 62
424 90
424 96
424 104
424 169
424 364
424 388
425 194
425 230
425 417
425 429
425 436
425 441
426 29
426 214
426 258
426 326
426 384
426 387
426 391
426 399
426 404
426 405
426 459
426 465
426 474
426 486
427 7
427 41
427 62
427 307
427 388
427 420
428 137
428 216
428 262
428 274
428 305
428 325
428 329
428 370
428 406
428 430
429 85
429 156
429 158
429 176
429 219
429 230
429 278
429 343
429 425
429 441
430 63
430 116
430 170
430 182
430 313
430 320
430 335
430 412
430 420
430 428
430 469
431 14
431 239
431 300
431 435
431 445
431 449
431 471
431 487
432 223
432 336
432 415
432 434
432 456
432 460
432 470
432 472
432 478
432 490
433 23
433 75
433 118
433 189
433 203
433 259
433 268
433 277
433 299
433 354
433 363
433 411
433 436
433 447
433 457
433 473
433 479
433 484
433 489
433 495
434 336
434 415
434 432
434 456
434 462
434 470
434 472
434 478
434 490
435 14
435 45
435 135
435 212
435 300
435 344
435 383
435 431
435 445
435 449
435 487
436 85
436 156
436 158
436 176
436 194
436 278
436 342
436 343
436 425
436 433
436 441
437 14
437 152
437 178
437 208
437 239
437 300
437 344
437 383
437 409
437 445
437 449
438 79
438 294
438 323
438 419
438 421
438 481
438 483
439 79
439 291
439 294
439 323
439 416
439 419
439 443
439 481
439 483
440 84
440 271
440 276
440 366
440 389
440 461
440 476
440 482
441 156
441 158
441 176
441 219
441 230
441 342
441 343
441 417
441 425
441 429
441 436
442 206
442 247
442 272
442 280
442 281
442 319
442 338
442 371
442 381
442 453
442 467
443 20
443 53
443 121
443 142
443 162
443 266
443 295
443 351
443 395
443 414
443 439
444 63
444 116
444 170
444 182
444 224
444 320
444 335
444 368
444 420
445 178
445 212
445 300
445 409
445 431
445 435
445 437
445 449
446 71
446 77
446 115
446 136
446 171
446 192
446 263
446 408
446 448
446 475
447 354
447 433
447 479
447 484
447 489
448 182
448 320
448 334
448 335
448 358
448 368
448 412
448 446
448 469
449 14
449 45
449 135
449 152
449 178
449 208
449 229
449 239
449 300
449 344
449 409
449 431
449 435
449 437
449 445
449 471
449 487
450 45
450 135
450 152
450 208
450 229
450 300
450 344
451 422
451 452
451 485
451 493
451 494
451 497
451 498
451 499
451 500
452 143
452 327
452 422
452 451
452 466
452 485
452 493
452 494
452 497
452 498
452 499
452 500
453 25
453 159
453 200
453 206
453 272
453 319
453 321
453 338
453 353
453 371
453 381
453 442
454 418
454 422
454 466
454 485
454 493
454 494
454 497
454 498
454 499
454 500
455 160
455 183
455 271
455 276
455 366
455 389
455 410
455 461
455 476
455 482
455 488
455 491
456 82
456 110
456 141
456 184
456 223
456 249
456 345
456 396
456 415
456 432
456 434
456 462
456 470
456 472
457 259
457 350
457 354
457 411
457 433
457 477
457 484
457 489
457 495
458 25
458 200
458 206
458 247
458 272
458 280
458 281
458 319
458 321
458 338
458 353
458 467
459 174
459 355
459 391
459 394
459 426
459 474
459 492
460 82
460 110
460 141
460 184
460 223
460 249
460 345
460 396
460 432
460 464
460 470
460 478
460 490
461 84
461 160
461 183
461 271
461 276
461 296
461 366
461 389
461 440
461 455
461 482
461 488
461 491
462 110
462 141
462 184
462 223
462 336
462 345
462 396
462 415
462 434
462 456
462 472
462 478
462 490
463 159
463 182
463 224
463 313
463 320
463 334
463 368
463 412
463 469
464 223
464 336
464 415
464 460
464 470
464 490
465 282
465 355
465 387
465 391
465 394
465 405
465 426
465 492
466 390
466 418
466 422
466 452
466 454
466 467
466 485
466 493
466 494
466 497
466 498
466 499
466 500
467 321
467 353
467 381
467 442
467 458
467 466
468 79
468 294
468 421
468 481
468 483
469 63
469 116
469 170
469 182
469 313
469 320
469 334
469 358
469 368
469 412
469 420
469 430
469 448
469 463
470 141
470 223
470 336
470 345
470 432
470 434
470 456
470 460
470 464
470 472
470 473
470 478
470 490
471 45
471 135
471 152
471 178
471 208
471 212
471 229
471 239
471 344
471 383
471 409
471 431
471 449
471 487
472 223
472 336
472 432
472 434
472 456
472 462
472 470
472 478
472 490
473 23
473 75
473 189
473 203
473 259
473 268
473 277
473 299
473 350
473 354
473 363
473 433
473 470
473 489
473 495
474 29
474 174
474 214
474 258
474 326
474 399
474 404
474 426
474 459
474 479
474 492
475 66
475 71
475 77
475 99
475 115
475 132
475 136
475 171
475 192
475 263
475 289
475 347
475 349
475 408
475 446
476 17
476 84
476 160
476 183
476 195
476 296
476 316
476 389
476 410
476 440
476 455
476 480
476 482
476 488
476 491
477 259
477 350
477 363
477 411
477 457
477 489
477 495
478 223
478 336
478 415
478 432
478 434
478 460
478 462
478 470
478 472
478 490
479 23
479 75
479 118
479 189
479 203
479 259
479 268
479 277
479 299
479 350
479 363
479 433
479 447
479 474
479 484
479 495
480 84
480 271
480 410
480 476
480 482
481 100
481 105
481 196
481 294
481 398
481 416
481 419
481 438
481 439
481 468
481 483
482 17
482 84
482 160
482 183
482 195
482 296
482 316
482 366
482 410
482 440
482 455
482 461
482 476
482 480
482 488
482 491
483 79
483 100
483 105
483 196
483 291
483 323
483 372
483 398
483 413
483 416
483 419
483 421
483 438
483 439
483 468
483 481
484 23
484 75
484 118
484 189
484 203
484 259
484 268
484 277
484 299
484 354
484 363
484 433
484 447
484 457
484 479
484 486
485 143
485 327
485 341
485 390
485 418
485 422
485 451
485 452
485 454
485 466
485 493
485 494
485 496
485 497
485 498
485 499
485 500
486 174
486 355
486 384
486 391
486 399
486 405
486 426
486 484
486 492
487 14
487 45
487 135
487 152
487 212
487 229
487 300
487 383
487 431
487 435
487 449
487 471
487 488
488 84
488 271
488 410
488 455
488 461
488 476
488 482
488 487
489 23
489 75
489 118
489 189
489 203
489 259
489 268
489 277
489 299
489 350
489 363
489 411
489 433
489 447
489 457
489 473
489 477
489 495
490 82
490 110
490 141
490 184
490 223
490 249
490 336
490 345
490 396
490 415
490 432
490 434
490 460
490 462
490 464
490 470
490 472
490 478
491 84
491 271
491 410
491 455
491 461
491 476
491 482
492 29
492 174
492 214
492 258
492 282
492 326
492 355
492 384
492 387
492 391
492 394
492 399
492 404
492 405
492 459
492 465
492 474
492 486
493 143
493 327
493 341
493 379
493 390
493 418
493 422
493 451
493 452
493 454
493 466
493 485
493 496
493 497
493 499
493 500
494 24
494 143
494 237
494 275
494 308
494 327
494 341
494 379
494 382
494 390
494 418
494 451
494 452
494 454
494 466
494 485
494 496
494 499
494 500
495 259
495 350
495 411
495 433
495 457
495 473
495 477
495 479
495 489
495 500
496 390
496 418
496 422
496 485
496 493
496 494
496 497
496 498
496 499
496 500
497 24
497 143
497 237
497 275
497 308
497 327
497 341
497 379
497 382
497 390
497 418
497 422
497 451
497 452
497 454
497 466
497 485
497 493
497 496
497 498
498 24
498 143
498 237
498 275
498 308
498 327
498 341
498 379
498 382
498 390
498 418
498 422
498 451
498 452
498 454
498 466
498 485
498 496
498 497
498 499
499 24
499 143
499 237
499 275
499 308
499 327
499 341
499 379
499 382
499 390
499 418
499 422
499 451
499 452
499 454
499 466
499 485
499 493
499 494
499 496
499 498
500 24
500 143
500 237
500 275
500 308
500 327
500 341
500 379
500 382
500 390
500 418
500 422
500 451
500 452
500 454
500 466
500 485
500 493
500 494
500 495
500 496
