1 96
1 108
1 129
1 149
1 323
2 421
2 426
2 428
2 434
2 467
3 352
3 442
3 443
3 445
3 450
4 12
4 24
4 31
4 85
4 153
5 234
5 236
5 278
5 386
5 452
6 81
6 127
6 309
6 330
6 344
7 265
7 271
7 305
7 307
7 313
8 11
8 190
8 229
8 318
8 383
9 59
9 289
9 299
9 417
9 418
10 56
10 117
10 322
10 327
10 340
11 8
11 15
11 320
11 348
11 361
12 4
12 14
12 24
12 85
12 152
13 76
13 260
13 349
13 358
13 369
14 12
14 428
14 434
14 467
14 488
15 11
15 213
15 320
15 348
15 361
16 112
16 115
16 205
16 214
16 355
17 27
17 290
17 318
17 337
17 383
18 42
18 77
18 170
18 237
18 255
19 46
19 136
19 225
19 439
19 448
20 58
20 144
20 155
20 174
20 301
21 322
21 404
21 414
21 430
21 441
22 148
22 243
22 244
22 439
22 448
23 44
23 242
23 302
23 308
23 370
24 4
24 12
24 85
24 152
24 153
25 51
25 191
25 287
25 402
25 410
26 57
26 79
26 100
26 272
26 316
27 17
27 290
27 337
27 379
27 383
28 42
28 170
28 206
28 237
28 255
29 80
29 156
29 219
29 286
29 312
30 343
30 366
30 377
30 385
30 401
31 4
31 85
31 97
31 152
31 153
32 98
32 440
32 479
32 483
32 486
33 202
33 392
33 393
33 394
33 416
34 275
34 421
34 428
34 467
34 488
35 121
35 277
35 342
35 373
35 391
36 198
36 366
36 377
36 385
36 401
37 343
37 366
37 377
37 385
37 449
38 428
38 451
38 454
38 467
38 488
39 297
39 464
39 466
39 476
39 478
40 92
40 99
40 189
40 317
40 321
41 425
41 438
41 448
41 483
41 486
42 18
42 28
42 77
42 237
42 255
43 44
43 172
43 242
43 302
43 370
44 23
44 43
44 134
44 172
44 308
45 81
45 267
45 284
45 309
45 330
46 19
46 65
46 148
46 243
46 439
47 481
47 482
47 491
47 493
47 496
48 155
48 174
48 183
48 250
48 301
49 122
49 309
49 330
49 344
49 447
50 283
50 414
50 430
50 441
50 449
51 25
51 261
51 311
51 402
51 410
52 54
52 297
52 424
52 462
52 478
53 61
53 288
53 443
53 445
53 450
54 52
54 185
54 192
54 354
54 372
55 83
55 88
55 332
55 367
55 399
56 10
56 139
56 157
56 327
56 340
57 26
57 93
57 100
57 272
57 316
58 20
58 68
58 271
58 305
58 313
59 9
59 289
59 299
59 400
59 417
60 368
60 436
60 477
60 489
60 500
61 53
61 252
61 443
61 445
61 450
62 138
62 213
62 320
62 348
62 361
63 182
63 274
63 326
63 386
63 452
64 142
64 331
64 376
64 405
64 436
65 46
65 148
65 243
65 439
65 448
66 193
66 232
66 331
66 376
66 397
67 266
67 285
67 390
67 460
67 497
68 58
68 271
68 305
68 307
68 313
69 181
69 195
69 393
69 416
69 476
70 91
70 261
70 287
70 410
70 496
71 222
71 242
71 308
71 370
71 415
72 117
72 167
72 189
72 258
72 321
73 232
73 239
73 376
73 397
73 405
74 226
74 288
74 443
74 445
74 450
75 120
75 137
75 430
75 441
75 449
76 13
76 259
76 260
76 349
76 410
77 18
77 42
77 170
77 237
77 255
78 300
78 485
78 490
78 492
78 496
79 26
79 93
79 100
79 272
79 316
80 29
80 87
80 197
80 286
80 312
81 6
81 45
81 127
81 219
81 267
82 114
82 224
82 227
82 273
82 351
83 55
83 119
83 262
83 332
83 399
84 97
84 179
84 336
84 382
84 395
85 4
85 12
85 24
85 31
85 152
86 179
86 324
86 336
86 382
86 395
87 80
87 89
87 182
87 251
87 452
88 55
88 207
88 262
88 367
88 399
89 87
89 234
89 278
89 326
89 452
90 300
90 314
90 388
90 437
90 460
91 70
91 287
91 311
91 402
91 410
92 40
92 167
92 282
92 284
92 317
93 57
93 79
93 96
93 272
93 316
94 350
94 451
94 454
94 467
94 488
95 143
95 203
95 246
95 334
95 406
96 1
96 93
96 108
96 129
96 149
97 31
97 84
97 324
97 371
97 382
98 32
98 299
98 396
98 400
98 418
99 40
99 258
99 282
99 284
99 321
100 26
100 57
100 79
100 272
100 316
101 469
101 494
101 498
101 499
101 500
102 201
102 208
102 215
102 223
102 413
103 107
103 166
103 192
103 268
103 372
104 364
104 424
104 464
104 476
104 478
105 169
105 179
105 324
105 371
105 395
106 347
106 404
106 414
106 441
106 449
107 103
107 192
107 268
107 354
107 372
108 1
108 96
108 129
108 149
108 218
109 154
109 300
109 390
109 437
109 460
110 354
110 388
110 390
110 437
110 460
111 224
111 227
111 228
111 351
111 418
112 16
112 125
112 230
112 238
112 355
113 161
113 218
113 403
113 408
113 412
114 82
114 228
114 273
114 351
114 454
115 16
115 205
115 214
115 241
115 265
116 381
116 426
116 451
116 454
116 488
117 10
117 72
117 322
117 327
117 340
118 125
118 352
118 443
118 445
118 450
119 83
119 207
119 332
119 367
119 399
120 75
120 404
120 414
120 430
120 449
121 35
121 277
121 291
121 323
121 391
122 49
122 219
122 267
122 330
122 344
123 199
123 346
123 365
123 423
123 463
124 247
124 259
124 349
124 358
124 369
125 112
125 118
125 214
125 241
125 355
126 182
126 251
126 326
126 379
126 452
127 6
127 81
127 309
127 344
127 481
128 446
128 453
128 456
128 461
128 484
129 1
129 96
129 108
129 149
129 484
130 235
130 304
130 315
130 362
130 374
131 225
131 244
131 437
131 439
131 448
132 205
132 230
132 238
132 241
132 355
133 145
133 180
133 262
133 319
133 463
134 44
134 172
134 202
134 222
134 370
135 136
135 442
135 474
135 487
135 495
136 19
136 135
136 303
136 439
136 448
137 75
137 347
137 414
137 430
137 449
138 62
138 140
138 320
138 348
138 361
139 56
139 157
139 322
139 327
139 340
140 138
140 156
140 164
140 197
140 312
141 253
141 347
141 404
141 429
141 441
142 64
142 331
142 376
142 397
142 405
143 95
143 197
143 334
143 360
143 406
144 20
144 155
144 183
144 250
144 301
145 133
145 150
145 239
145 423
145 483
146 235
146 270
146 362
146 416
146 419
147 490
147 491
147 492
147 493
147 496
148 22
148 46
148 65
148 439
148 448
149 1
149 96
149 108
149 129
149 367
150 145
150 319
150 329
150 423
150 463
151 208
151 345
151 356
151 363
151 413
152 12
152 24
152 31
152 85
152 153
153 4
153 24
153 31
153 152
153 414
154 109
154 184
154 388
154 437
154 460
155 20
155 48
155 144
155 174
155 250
156 29
156 140
156 164
156 286
156 312
157 56
157 139
157 322
157 327
157 340
158 166
158 185
158 268
158 354
158 372
159 426
159 464
159 466
159 476
159 478
160 247
160 276
160 349
160 358
160 369
161 113
161 256
161 408
161 412
161 427
162 163
162 256
162 387
162 403
162 412
163 162
163 387
163 403
163 408
163 412
164 140
164 156
164 197
164 286
164 312
165 203
165 240
165 246
165 310
165 334
166 103
166 158
166 192
166 354
166 443
167 72
167 92
167 189
167 230
167 284
168 191
168 261
168 311
168 402
168 410
169 105
169 179
169 336
169 371
169 395
170 18
170 28
170 77
170 237
170 255
171 193
171 482
171 491
171 492
171 493
172 43
172 44
172 134
172 222
172 302
173 283
173 425
173 438
173 440
173 455
173 486
174 20
174 48
174 155
174 183
174 250
174 301
175 200
175 209
175 304
175 306
175 315
175 362
176 421
176 481
176 482
176 490
176 493
176 496
177 201
177 223
177 341
177 356
177 363
177 413
178 292
178 423
178 435
178 440
178 479
178 483
179 84
179 86
179 105
179 169
179 254
179 382
180 133
180 199
180 365
180 394
180 423
180 463
181 69
181 195
181 221
181 392
181 394
181 416
182 63
182 87
182 126
182 183
182 274
182 452
183 48
183 144
183 174
183 182
183 250
183 301
184 154
184 185
184 285
184 388
184 390
184 437
185 54
185 158
185 184
185 268
185 354
185 372
186 422
186 459
186 470
186 471
186 495
186 497
187 231
187 471
187 474
187 487
187 495
187 497
188 381
188 434
188 451
188 454
188 467
188 488
189 40
189 72
189 167
189 258
189 317
189 321
190 8
190 229
190 337
190 379
190 383
190 411
191 25
191 168
191 287
191 402
191 410
191 420
192 54
192 103
192 107
192 166
192 268
192 372
193 66
193 171
193 331
193 376
193 397
193 405
194 203
194 240
194 310
194 334
194 360
194 406
195 69
195 181
195 392
195 393
195 394
195 416
196 218
196 245
196 256
196 387
196 412
196 472
197 80
197 140
197 143
197 164
197 286
197 312
198 36
198 211
198 366
198 377
198 401
198 456
199 123
199 180
199 264
199 423
199 457
199 463
200 175
200 235
200 270
200 306
200 362
200 419
201 102
201 177
201 341
201 345
201 356
201 363
202 33
202 134
202 392
202 393
202 394
202 416
203 95
203 165
203 194
203 310
203 360
203 406
204 298
204 462
204 464
204 466
204 476
204 478
205 16
205 115
205 132
205 238
205 241
205 431
206 28
206 249
206 396
206 400
206 417
206 418
207 88
207 119
207 332
207 367
207 399
207 445
208 102
208 151
208 215
208 345
208 363
208 413
209 175
209 270
209 304
209 315
209 374
209 419
210 213
210 232
210 331
210 376
210 397
210 405
211 198
211 343
211 366
211 377
211 385
211 401
212 482
212 485
212 490
212 492
212 493
212 496
213 15
213 62
213 210
213 320
213 348
213 361
214 16
214 115
214 125
214 238
214 241
214 355
215 102
215 208
215 341
215 345
215 381
215 413
216 481
216 485
216 490
216 491
216 493
216 496
217 229
217 318
217 337
217 379
217 383
217 477
218 108
218 113
218 196
218 387
218 408
218 412
219 29
219 81
219 122
219 267
219 309
219 344
220 359
220 431
220 435
220 479
220 483
220 486
221 181
221 222
221 392
221 393
221 394
221 416
222 71
222 134
222 172
222 221
222 308
222 370
223 102
223 177
223 341
223 345
223 356
223 363
224 82
224 111
224 227
224 228
224 273
224 351
225 19
225 131
225 229
225 303
225 439
225 448
226 74
226 294
226 352
226 443
226 445
226 450
227 82
227 111
227 224
227 228
227 273
227 351
228 111
228 114
228 224
228 227
228 273
228 351
229 8
229 190
229 217
229 225
229 379
229 383
230 112
230 132
230 167
230 238
230 241
230 355
231 187
231 291
231 323
231 342
231 373
231 391
232 66
232 73
232 210
232 331
232 397
232 405
233 288
233 294
233 352
233 443
233 445
233 450
234 5
234 89
234 236
234 251
234 386
234 452
235 130
235 146
235 200
235 297
235 374
235 473
236 5
236 234
236 274
236 278
236 386
236 452
237 18
237 28
237 42
237 77
237 170
237 345
238 112
238 132
238 205
238 214
238 230
238 355
239 73
239 145
239 264
239 365
239 423
239 463
240 165
240 194
240 246
240 334
240 360
240 406
241 115
241 125
241 132
241 205
241 214
241 230
242 23
242 43
242 71
242 302
242 308
242 370
243 22
243 46
243 65
243 303
243 329
243 448
244 22
244 131
244 303
244 330
244 439
244 448
245 196
245 269
245 387
245 403
245 408
245 412
246 95
246 165
246 240
246 334
246 360
246 406
247 124
247 160
247 259
247 276
247 358
247 369
248 481
248 485
248 491
248 492
248 493
248 496
249 206
249 289
249 299
249 396
249 400
249 418
250 48
250 144
250 155
250 174
250 183
250 301
251 87
251 126
251 234
251 278
251 452
251 490
252 61
252 263
252 277
252 291
252 342
252 391
253 141
253 283
253 414
253 435
253 441
253 449
254 179
254 473
254 480
254 494
254 498
254 499
255 18
255 28
255 42
255 77
255 170
255 470
256 161
256 162
256 196
256 387
256 403
256 408
257 293
257 297
257 364
257 464
257 476
257 478
258 72
258 99
258 189
258 282
258 317
258 319
259 76
259 124
259 247
259 276
259 349
259 369
260 13
260 76
260 276
260 349
260 358
260 369
261 51
261 70
261 168
261 311
261 402
261 410
262 83
262 88
262 133
262 332
262 367
262 399
263 252
263 277
263 323
263 342
263 373
263 391
264 199
264 239
264 329
264 346
264 423
264 463
265 7
265 115
265 271
265 305
265 307
265 313
266 67
266 285
266 314
266 390
266 460
266 466
267 45
267 81
267 122
267 219
267 309
267 330
267 344
268 103
268 107
268 158
268 185
268 192
268 354
268 372
269 245
269 420
269 436
269 480
269 494
269 498
269 499
270 146
270 200
270 209
270 304
270 315
270 362
270 419
271 7
271 58
271 68
271 265
271 305
271 307
271 313
272 26
272 57
272 79
272 93
272 100
272 316
272 482
273 82
273 114
273 224
273 227
273 228
273 278
273 351
274 63
274 182
274 236
274 278
274 326
274 386
274 452
275 34
275 350
275 421
275 428
275 454
275 467
275 488
276 160
276 247
276 259
276 260
276 349
276 358
276 369
277 35
277 121
277 252
277 263
277 323
277 342
277 373
278 5
278 89
278 236
278 251
278 273
278 274
278 386
279 326
279 335
279 446
279 453
279 461
279 465
279 484
280 375
280 380
280 462
280 464
280 466
280 476
280 478
281 338
281 435
281 438
281 455
281 479
281 483
281 486
282 92
282 99
282 258
282 284
282 297
282 321
282 500
283 50
283 173
283 253
283 347
283 430
283 441
283 449
284 45
284 92
284 99
284 167
284 282
284 317
284 321
285 67
285 184
285 266
285 300
285 314
285 437
285 460
286 29
286 80
286 156
286 164
286 197
286 290
286 312
287 25
287 70
287 91
287 191
287 311
287 402
287 410
288 53
288 74
288 233
288 294
288 352
288 445
288 450
289 9
289 59
289 249
289 396
289 400
289 417
289 418
290 17
290 27
290 286
290 318
290 337
290 379
290 383
291 121
291 231
291 252
291 332
291 342
291 373
291 391
292 178
292 359
292 435
292 438
292 479
292 486
292 489
293 257
293 298
293 424
293 455
293 462
293 476
293 478
294 226
294 233
294 288
294 298
294 352
294 443
294 445
295 432
295 444
295 446
295 453
295 461
295 465
295 484
296 485
296 489
296 490
296 491
296 492
296 493
296 496
297 39
297 52
297 235
297 257
297 282
297 466
297 478
298 204
298 293
298 294
298 424
298 462
298 466
298 476
299 9
299 59
299 98
299 249
299 396
299 417
299 418
300 78
300 90
300 109
300 285
300 388
300 437
300 460
301 20
301 48
301 144
301 174
301 183
301 250
301 406
302 23
302 43
302 172
302 242
302 308
302 339
302 370
303 136
303 225
303 243
303 244
303 439
303 448
303 458
304 130
304 175
304 209
304 270
304 306
304 374
304 419
305 7
305 58
305 68
305 265
305 271
305 307
305 313
306 175
306 200
306 304
306 307
306 362
306 374
306 419
307 7
307 68
307 265
307 271
307 305
307 306
307 313
308 23
308 44
308 71
308 222
308 242
308 302
308 370
309 6
309 45
309 49
309 127
309 219
309 267
309 310
310 165
310 194
310 203
310 309
310 334
310 360
310 406
311 51
311 91
311 168
311 261
311 287
311 402
311 410
312 29
312 80
312 140
312 156
312 164
312 197
312 286
313 7
313 58
313 68
313 265
313 271
313 305
313 307
314 90
314 266
314 285
314 388
314 390
314 437
314 460
315 130
315 175
315 209
315 270
315 374
315 388
315 419
316 26
316 57
316 79
316 93
316 100
316 272
316 389
317 40
317 92
317 189
317 258
317 284
317 321
317 461
318 8
318 17
318 217
318 290
318 337
318 379
318 383
319 133
319 150
319 258
319 329
319 346
319 365
319 463
320 11
320 15
320 62
320 138
320 213
320 348
320 361
321 40
321 72
321 99
321 189
321 282
321 284
321 317
322 10
322 21
322 117
322 139
322 157
322 327
322 340
323 1
323 121
323 231
323 263
323 277
323 373
323 391
324 86
324 97
324 105
324 336
324 371
324 382
324 395
325 409
325 415
325 469
325 494
325 498
325 499
325 500
326 63
326 89
326 126
326 274
326 279
326 386
326 452
327 10
327 56
327 117
327 139
327 157
327 322
327 340
328 481
328 482
328 485
328 490
328 491
328 492
328 493
329 150
329 243
329 264
329 319
329 346
329 365
329 463
330 6
330 45
330 49
330 122
330 244
330 267
330 344
331 64
331 66
331 142
331 193
331 210
331 232
331 405
332 55
332 83
332 119
332 207
332 262
332 291
332 367
332 399
333 411
333 422
333 447
333 459
333 468
333 487
333 495
333 497
334 95
334 143
334 165
334 194
334 240
334 246
334 310
334 406
335 279
335 357
335 427
335 444
335 456
335 461
335 465
335 484
336 84
336 86
336 169
336 324
336 337
336 371
336 382
336 395
337 17
337 27
337 190
337 217
337 290
337 318
337 336
337 379
338 281
338 425
338 431
338 440
338 455
338 479
338 483
338 486
339 302
339 442
339 459
339 470
339 471
339 487
339 495
339 497
340 10
340 56
340 117
340 139
340 157
340 322
340 327
340 492
341 177
341 201
341 215
341 223
341 345
341 356
341 363
341 413
342 35
342 231
342 252
342 263
342 277
342 291
342 343
342 391
343 30
343 37
343 211
343 342
343 366
343 377
343 385
343 401
344 6
344 49
344 122
344 127
344 219
344 267
344 330
344 487
345 151
345 201
345 208
345 215
345 223
345 237
345 341
345 413
346 123
346 264
346 319
346 329
346 365
346 423
346 463
346 467
347 106
347 137
347 141
347 283
347 371
347 404
347 430
347 441
348 11
348 15
348 62
348 138
348 213
348 320
348 351
348 361
349 13
349 76
349 124
349 160
349 259
349 260
349 276
349 358
350 94
350 275
350 381
350 426
350 428
350 434
350 454
350 488
351 82
351 111
351 114
351 224
351 227
351 228
351 273
351 348
352 3
352 118
352 226
352 233
352 288
352 294
352 443
352 450
353 481
353 482
353 485
353 490
353 491
353 492
353 493
353 496
354 54
354 107
354 110
354 158
354 166
354 185
354 268
354 372
355 16
355 112
355 125
355 132
355 214
355 230
355 238
355 495
356 151
356 177
356 201
356 223
356 341
356 360
356 363
356 413
357 335
357 389
357 427
357 432
357 453
357 456
357 465
357 484
358 13
358 124
358 160
358 247
358 260
358 276
358 349
358 369
359 220
359 292
359 435
359 440
359 455
359 479
359 483
359 486
360 143
360 194
360 203
360 240
360 246
360 310
360 356
360 406
361 11
361 15
361 62
361 138
361 213
361 320
361 348
361 425
362 130
362 146
362 175
362 200
362 270
362 306
362 374
362 419
363 151
363 177
363 201
363 208
363 223
363 341
363 356
363 413
364 104
364 257
364 380
364 424
364 462
364 464
364 466
364 478
365 123
365 180
365 239
365 319
365 329
365 346
365 423
365 463
366 30
366 36
366 37
366 198
366 211
366 343
366 385
366 401
367 55
367 88
367 119
367 149
367 207
367 262
367 332
367 399
368 60
368 462
368 473
368 475
368 480
368 498
368 499
368 500
369 13
369 124
369 160
369 247
369 259
369 260
369 276
369 358
370 23
370 43
370 71
370 134
370 222
370 242
370 302
370 308
371 97
371 105
371 169
371 324
371 336
371 347
371 382
371 395
372 54
372 103
372 107
372 158
372 185
372 192
372 268
372 354
373 35
373 231
373 263
373 277
373 291
373 323
373 391
373 413
374 130
374 209
374 235
374 304
374 306
374 315
374 362
374 419
375 280
375 409
375 469
375 475
375 489
375 494
375 498
375 499
375 500
376 64
376 66
376 73
376 142
376 193
376 210
376 397
376 405
376 452
377 30
377 36
377 37
377 198
377 211
377 343
377 385
377 401
377 453
378 458
378 473
378 480
378 489
378 491
378 494
378 498
378 499
378 500
379 27
379 126
379 190
379 217
379 229
379 290
379 318
379 337
379 383
380 280
380 364
380 424
380 438
380 462
380 464
380 466
380 476
380 478
381 116
381 188
381 215
381 350
381 421
381 428
381 451
381 454
381 488
382 84
382 86
382 97
382 179
382 324
382 336
382 371
382 395
382 499
383 8
383 17
383 27
383 190
383 217
383 229
383 290
383 318
383 379
384 442
384 459
384 463
384 470
384 471
384 474
384 487
384 495
384 497
385 30
385 36
385 37
385 211
385 343
385 366
385 377
385 386
385 401
386 5
386 63
386 234
386 236
386 274
386 278
386 326
386 385
386 452
387 162
387 163
387 196
387 218
387 245
387 256
387 403
387 408
387 412
388 90
388 110
388 154
388 184
388 300
388 314
388 315
388 437
388 460
389 316
389 357
389 398
389 432
389 446
389 453
389 456
389 465
389 484
390 67
390 109
390 110
390 184
390 266
390 314
390 392
390 437
390 460
391 35
391 121
391 231
391 252
391 263
391 291
391 323
391 342
391 373
392 33
392 181
392 195
392 202
392 221
392 390
392 393
392 394
392 416
393 33
393 69
393 195
393 202
393 221
393 392
393 394
393 416
393 471
394 33
394 180
394 181
394 195
394 202
394 221
394 392
394 393
394 416
395 84
395 86
395 105
395 169
395 324
395 336
395 371
395 382
395 396
396 98
396 206
396 249
396 289
396 299
396 395
396 400
396 417
396 418
397 66
397 73
397 142
397 193
397 210
397 232
397 376
397 399
397 405
398 389
398 427
398 432
398 444
398 446
398 456
398 461
398 465
398 484
399 55
399 83
399 88
399 119
399 207
399 262
399 332
399 367
399 397
400 59
400 98
400 206
400 249
400 289
400 396
400 401
400 417
400 418
401 30
401 36
401 198
401 211
401 343
401 366
401 377
401 385
401 400
402 25
402 51
402 91
402 168
402 191
402 261
402 287
402 311
402 403
403 113
403 162
403 163
403 245
403 256
403 387
403 402
403 408
403 412
404 21
404 106
404 120
404 141
404 347
404 405
404 430
404 441
404 449
405 64
405 73
405 142
405 193
405 210
405 232
405 331
405 376
405 397
405 404
406 95
406 143
406 194
406 203
406 240
406 246
406 301
406 310
406 334
406 360
407 422
407 429
407 433
407 459
407 468
407 470
407 471
407 474
407 495
407 497
408 113
408 161
408 163
408 218
408 245
408 256
408 387
408 403
408 412
408 444
409 325
409 375
409 417
409 469
409 472
409 473
409 489
409 498
409 499
409 500
410 25
410 51
410 70
410 76
410 91
410 168
410 191
410 261
410 287
410 311
411 190
411 333
411 429
411 433
411 447
411 468
411 470
411 474
411 487
411 497
412 113
412 161
412 162
412 163
412 196
412 218
412 245
412 387
412 403
412 408
413 102
413 151
413 177
413 208
413 215
413 341
413 345
413 356
413 363
413 373
414 21
414 50
414 106
414 120
414 137
414 153
414 253
414 430
414 441
414 449
415 71
415 325
415 420
415 472
415 475
415 480
415 489
415 494
415 498
415 500
416 33
416 69
416 146
416 181
416 195
416 202
416 221
416 392
416 393
416 394
417 9
417 59
417 206
417 289
417 299
417 396
417 400
417 409
417 418
417 493
418 9
418 98
418 111
418 206
418 249
418 289
418 299
418 396
418 400
418 417
419 146
419 200
419 209
419 270
419 304
419 306
419 315
419 362
419 374
419 474
420 191
420 269
420 415
420 436
420 458
420 473
420 480
420 494
420 499
420 500
421 2
421 34
421 176
421 275
421 381
421 426
421 428
421 434
421 451
421 467
421 488
422 186
422 333
422 407
422 429
422 442
422 447
422 468
422 470
422 487
422 495
422 497
423 123
423 145
423 150
423 178
423 180
423 199
423 239
423 264
423 346
423 365
423 463
424 52
424 104
424 293
424 298
424 364
424 380
424 462
424 466
424 476
424 478
424 499
425 41
425 173
425 338
425 361
425 431
425 438
425 440
425 455
425 479
425 483
425 486
426 2
426 116
426 159
426 350
426 421
426 428
426 434
426 451
426 454
426 467
426 488
427 161
427 335
427 357
427 398
427 432
427 444
427 446
427 456
427 461
427 465
427 484
428 2
428 14
428 34
428 38
428 275
428 350
428 381
428 421
428 426
428 451
428 488
429 141
429 407
429 411
429 422
429 433
429 447
429 468
429 471
429 487
429 495
429 497
430 21
430 50
430 75
430 120
430 137
430 283
430 347
430 404
430 414
430 441
430 449
431 205
431 220
431 338
431 425
431 435
431 438
431 440
431 455
431 479
431 483
431 486
432 295
432 357
432 389
432 398
432 427
432 444
432 446
432 453
432 456
432 461
432 465
433 407
433 411
433 429
433 434
433 442
433 447
433 459
433 468
433 474
433 495
433 497
434 2
434 14
434 188
434 350
434 421
434 426
434 433
434 451
434 454
434 467
434 488
435 178
435 220
435 253
435 281
435 292
435 359
435 431
435 455
435 479
435 483
435 486
436 60
436 64
436 269
436 420
436 458
436 475
436 480
436 489
436 494
436 498
436 499
436 500
437 90
437 109
437 110
437 131
437 154
437 184
437 285
437 300
437 314
437 388
437 390
437 460
438 41
438 173
438 281
438 292
438 380
438 425
438 431
438 440
438 455
438 479
438 483
438 486
439 19
439 22
439 46
439 65
439 131
439 136
439 148
439 225
439 244
439 303
439 448
439 498
440 32
440 173
440 178
440 338
440 359
440 425
440 431
440 438
440 455
440 479
440 486
440 500
441 21
441 50
441 75
441 106
441 141
441 253
441 283
441 347
441 404
441 414
441 430
441 449
442 3
442 135
442 339
442 384
442 422
442 433
442 468
442 470
442 471
442 487
442 495
442 497
443 3
443 53
443 61
443 74
443 118
443 166
443 226
443 233
443 294
443 352
443 445
443 450
444 295
444 335
444 398
444 408
444 427
444 432
444 446
444 453
444 456
444 461
444 465
444 484
445 3
445 53
445 61
445 74
445 118
445 207
445 226
445 233
445 288
445 294
445 443
445 450
446 128
446 279
446 295
446 389
446 398
446 427
446 432
446 444
446 453
446 456
446 475
446 484
447 49
447 333
447 411
447 422
447 429
447 433
447 468
447 471
447 474
447 487
447 495
447 497
448 19
448 22
448 41
448 65
448 131
448 136
448 148
448 225
448 243
448 244
448 303
448 439
449 37
449 50
449 75
449 106
449 120
449 137
449 253
449 283
449 404
449 414
449 430
449 441
450 3
450 53
450 61
450 74
450 118
450 226
450 233
450 288
450 352
450 443
450 445
450 451
451 38
451 94
451 116
451 188
451 381
451 421
451 426
451 428
451 434
451 450
451 454
451 467
451 488
452 5
452 63
452 87
452 89
452 126
452 182
452 234
452 236
452 251
452 274
452 326
452 376
452 386
453 128
453 279
453 295
453 357
453 377
453 389
453 432
453 444
453 446
453 456
453 461
453 465
453 484
454 38
454 94
454 114
454 116
454 188
454 275
454 350
454 381
454 426
454 434
454 451
454 467
454 488
455 173
455 281
455 293
455 338
455 359
455 425
455 431
455 435
455 438
455 440
455 479
455 483
455 486
456 128
456 198
456 335
456 357
456 389
456 398
456 427
456 432
456 444
456 446
456 453
456 461
456 484
457 199
457 477
457 481
457 482
457 485
457 490
457 491
457 492
457 493
457 496
458 303
458 378
458 420
458 436
458 469
458 472
458 473
458 475
458 480
458 489
458 498
458 499
458 500
459 186
459 333
459 339
459 384
459 407
459 433
459 470
459 471
459 474
459 487
459 494
459 495
459 497
460 67
460 90
460 109
460 110
460 154
460 266
460 285
460 300
460 314
460 388
460 390
460 437
460 488
461 128
461 279
461 295
461 317
461 335
461 398
461 427
461 432
461 444
461 453
461 456
461 465
461 484
462 52
462 204
462 280
462 293
462 298
462 364
462 368
462 380
462 424
462 464
462 466
462 476
462 478
463 123
463 133
463 150
463 180
463 199
463 239
463 264
463 319
463 329
463 346
463 365
463 384
463 423
464 39
464 104
464 159
464 204
464 257
464 280
464 364
464 380
464 462
464 466
464 476
464 478
464 480
465 279
465 295
465 335
465 357
465 389
465 398
465 427
465 432
465 444
465 453
465 461
465 479
465 484
466 39
466 159
466 204
466 266
466 280
466 297
466 298
466 364
466 380
466 424
466 462
466 464
466 476
466 478
467 2
467 14
467 34
467 38
467 94
467 188
467 275
467 346
467 421
467 426
467 434
467 451
467 454
467 488
468 333
468 407
468 411
468 422
468 429
468 433
468 442
468 447
468 469
468 470
468 474
468 487
468 495
468 497
469 101
469 325
469 375
469 409
469 458
469 468
469 472
469 473
469 475
469 480
469 489
469 494
469 498
469 499
470 186
470 255
470 339
470 384
470 407
470 411
470 422
470 442
470 459
470 468
470 474
470 487
470 495
470 497
471 186
471 187
471 339
471 384
471 393
471 407
471 429
471 442
471 447
471 459
471 474
471 487
471 495
471 497
472 196
472 409
472 415
472 458
472 469
472 473
472 475
472 478
472 480
472 489
472 494
472 496
472 498
472 499
472 500
473 235
473 254
473 368
473 378
473 409
473 420
473 458
473 469
473 472
473 475
473 489
473 494
473 498
473 499
473 500
474 135
474 187
474 384
474 407
474 411
474 419
474 433
474 447
474 459
474 468
474 470
474 471
474 487
474 495
474 497
475 368
475 375
475 415
475 436
475 446
475 458
475 469
475 472
475 473
475 480
475 489
475 494
475 498
475 499
475 500
476 39
476 69
476 104
476 159
476 204
476 257
476 280
476 293
476 298
476 380
476 424
476 462
476 464
476 466
476 492
477 60
477 217
477 457
477 481
477 482
477 485
477 490
477 491
477 492
477 493
477 496
478 39
478 52
478 104
478 159
478 204
478 257
478 280
478 293
478 297
478 364
478 380
478 424
478 462
478 464
478 466
478 472
479 32
479 178
479 220
479 281
479 292
479 338
479 359
479 425
479 431
479 435
479 438
479 440
479 455
479 465
479 483
479 486
480 254
480 269
480 368
480 378
480 415
480 420
480 436
480 458
480 464
480 469
480 472
480 475
480 489
480 494
480 498
480 500
481 47
481 127
481 176
481 216
481 248
481 328
481 353
481 457
481 477
481 482
481 485
481 490
481 491
481 492
481 493
481 496
482 47
482 171
482 176
482 212
482 272
482 328
482 353
482 457
482 477
482 481
482 485
482 490
482 491
482 492
482 493
482 496
483 32
483 41
483 145
483 178
483 220
483 281
483 338
483 359
483 425
483 431
483 435
483 438
483 455
483 479
483 484
483 486
484 128
484 129
484 279
484 295
484 335
484 357
484 389
484 398
484 427
484 444
484 446
484 453
484 456
484 461
484 465
484 483
485 78
485 212
485 216
485 248
485 296
485 328
485 353
485 457
485 477
485 481
485 482
485 486
485 490
485 491
485 492
485 493
485 496
486 32
486 41
486 173
486 220
486 281
486 292
486 338
486 359
486 425
486 431
486 435
486 438
486 440
486 455
486 479
486 483
486 485
487 135
487 187
487 333
487 339
487 344
487 384
487 411
487 422
487 429
487 442
487 447
487 459
487 468
487 470
487 471
487 474
487 497
488 14
488 34
488 38
488 94
488 116
488 188
488 275
488 350
488 381
488 421
488 426
488 428
488 434
488 451
488 454
488 460
488 467
489 60
489 292
489 296
489 375
489 378
489 409
489 415
489 436
489 458
489 469
489 472
489 473
489 475
489 480
489 494
489 498
489 499
489 500
490 78
490 147
490 176
490 212
490 216
490 251
490 296
490 328
490 353
490 457
490 477
490 481
490 482
490 485
490 491
490 492
490 493
490 496
491 47
491 147
491 171
491 216
491 248
491 296
491 328
491 353
491 378
491 457
491 477
491 481
491 482
491 485
491 490
491 492
491 493
491 496
492 78
492 147
492 171
492 212
492 248
492 296
492 328
492 340
492 353
492 457
492 476
492 477
492 481
492 482
492 485
492 490
492 491
492 493
492 496
493 47
493 147
493 171
493 176
493 212
493 216
493 248
493 296
493 328
493 353
493 417
493 457
493 477
493 481
493 482
493 485
493 490
493 491
493 492
493 496
494 101
494 254
494 269
494 325
494 375
494 378
494 415
494 420
494 436
494 459
494 469
494 472
494 473
494 475
494 480
494 489
494 495
494 498
494 499
494 500
495 135
495 186
495 187
495 333
495 339
495 355
495 384
495 407
495 422
495 429
495 433
495 442
495 447
495 459
495 468
495 470
495 471
495 474
495 494
495 497
496 47
496 70
496 78
496 147
496 176
496 212
496 216
496 248
496 296
496 353
496 457
496 472
496 477
496 481
496 482
496 485
496 490
496 491
496 492
496 493
497 67
497 186
497 187
497 333
497 339
497 384
497 407
497 411
497 422
497 429
497 433
497 442
497 447
497 459
497 468
497 470
497 471
497 474
497 487
497 495
498 101
498 254
498 269
498 325
498 368
498 375
498 378
498 409
498 415
498 436
498 439
498 458
498 469
498 472
498 473
498 475
498 480
498 489
498 494
498 499
498 500
499 101
499 254
499 269
499 325
499 368
499 375
499 378
499 382
499 409
499 420
499 424
499 436
499 458
499 469
499 472
499 473
499 475
499 489
499 494
499 498
499 500
500 60
500 101
500 282
500 325
500 368
500 375
500 378
500 409
500 415
500 420
500 436
500 440
500 458
500 472
500 473
500 475
500 480
500 489
500 494
500 498
500 499
