1 13
2 23
3 8
4 44
5 13
6 5
7 20
8 33
9 5
10 29
11 22
12 28
13 29
14 9
15 20
16 20
17 26
18 45
19 29
20 35
21 26
22 27
23 39
24 44
25 11
26 39
27 25
28 47
29 46
30 29
31 14
32 39
33 4
34 3
35 38
36 32
37 29
38 34
39 38
40 28
41 13
42 24
43 33
44 27
45 36
46 1
47 26
48 35
49 19
50 40
51 41
52 33
53 47
54 5
55 13
56 28
57 15
58 2
59 19
60 43
61 42
62 2
63 7
64 35
65 2
66 21
67 43
68 29
69 11
70 19
71 20
72 11
73 20
74 29
75 20
76 34
77 11
78 29
79 30
80 18
81 40
82 45
83 6
84 5
85 32
86 18
87 2
88 7
89 28
90 40
91 37
92 28
93 18
94 4
95 22
96 46
97 8
98 28
99 20
100 1
101 47
102 35
103 9
104 25
105 13
106 36
107 20
108 36
109 12
110 33
111 24
112 1
113 14
114 37
115 2
116 19
117 16
118 9
119 22
120 40
121 28
122 20
123 45
124 3
125 37
126 44
127 20
128 45
129 3
130 5
131 41
132 27
133 47
134 4
135 12
136 4
137 3
138 16
139 10
140 46
141 27
142 2
143 41
144 8
145 25
146 23
147 22
148 8
149 1
150 15
151 37
152 34
153 27
154 41
155 6
156 16
157 10
158 9
159 37
160 36
161 42
162 39
163 20
164 7
165 15
166 20
167 26
168 11
169 9
170 28
171 35
172 43
173 15
174 46
175 33
176 22
177 37
178 32
179 45
180 27
181 26
182 46
183 31
184 19
185 11
186 14
187 8
188 30
189 2
190 29
191 42
192 17
193 2
194 17
195 17
196 44
197 11
198 37
199 4
200 37
201 4
202 1
203 37
204 29
205 34
206 38
207 31
208 47
209 25
210 32
211 28
212 7
213 16
214 29
215 29
216 32
217 10
218 25
219 13
220 44
221 27
222 17
223 33
224 28
225 23
226 22
227 41
228 30
229 46
230 37
231 12
232 4
233 3
234 2
235 43
236 21
237 38
238 31
239 29
240 29
241 42
242 36
243 25
244 22
245 14
246 31
247 18
248 30
249 25
250 12
251 39
252 16
253 4
254 12
255 21
256 20
257 12
258 10
259 7
260 23
261 29
262 40
263 1
264 22
265 36
266 19
267 12
268 43
269 28
270 11
271 34
272 39
273 27
274 39
275 4
276 8
277 45
278 43
279 42
280 6
281 34
282 46
283 45
284 22
285 17
286 11
287 34
288 31
289 24
290 41
291 37
292 1
293 24
294 25
295 5
296 42
297 30
298 22
299 22
300 14
301 22
302 41
303 42
304 24
305 24
306 22
307 3
308 46
309 18
310 21
311 1
312 25
313 7
314 19
315 24
316 47
317 28
318 12
319 7
320 24
321 23
322 31
323 21
324 22
325 33
326 6
327 24
328 12
329 17
330 2
331 12
332 23
333 10
334 5
335 37
336 29
337 33
338 9
339 1
340 35
341 1
342 6
343 34
344 28
345 21
346 36
347 15
348 15
349 20
350 3
351 15
352 2
353 39
354 43
355 10
356 12
357 33
358 35
359 4
360 23
361 2
362 2
363 42
364 22
365 29
366 15
367 19
368 46
369 38
370 39
371 35
372 38
373 6
374 27
375 1
376 21
377 25
378 35
379 22
380 24
381 29
382 22
383 25
384 38
385 1
386 42
387 24
388 42
389 14
390 14
391 35
392 34
393 36
394 28
395 42
396 24
397 3
398 34
399 41
400 36
401 2
402 39
403 37
404 19
405 20
406 12
407 39
408 15
409 20
410 46
411 19
412 5
413 33
414 1
415 2
416 36
417 36
418 3
419 37
420 39
421 4
422 22
423 28
424 39
425 35
426 22
427 11
428 24
429 33
430 45
431 25
432 42
433 35
434 23
435 19
436 25
437 41
438 24
439 46
440 42
441 24
442 14
443 29
444 12
445 39
446 37
447 37
448 1
449 37
450 37
451 3
452 11
453 28
454 24
455 39
456 14
457 34
458 37
459 11
460 37
461 11
462 46
463 39
464 33
465 39
466 4
467 36
468 42
469 14
470 46
471 4
472 22
473 14
474 19
475 36
476 20
477 14
478 11
479 25
480 25
481 14
482 33
483 36
484 36
485 33
486 46
487 36
488 37
489 39
490 14
491 37
492 46
493 37
494 1
495 1
496 33
497 46
498 20
499 25
500 36
