1 2
1 22
1 78
1 90
1 102
2 1
2 41
2 53
2 80
2 181
3 193
3 200
3 211
3 263
3 264
3 317
3 337
3 416
4 5
4 218
4 312
4 318
4 367
4 379
4 425
5 4
5 72
5 105
5 227
5 233
6 18
6 65
6 386
6 483
6 497
7 18
7 23
7 103
7 137
7 418
7 422
7 445
7 469
7 481
8 245
8 333
8 383
8 429
8 457
9 35
9 48
9 168
9 197
10 278
10 348
10 392
10 428
10 452
11 13
11 26
11 207
11 255
11 465
12 75
12 182
12 314
12 316
12 335
12 385
13 11
13 108
13 120
13 122
13 212
13 258
13 359
14 15
14 235
14 284
14 304
14 452
15 14
15 63
15 74
15 88
15 189
16 93
16 216
16 431
16 458
16 472
17 19
17 153
17 352
17 400
17 442
18 6
18 7
18 65
18 106
18 483
19 17
19 341
19 439
19 495
19 498
20 22
20 98
20 339
20 366
20 424
20 483
21 138
21 141
21 259
21 398
22 1
22 20
22 78
22 90
22 102
22 468
23 7
23 24
23 124
23 142
23 422
24 23
24 86
24 87
24 133
24 155
25 27
25 51
25 154
25 302
25 313
25 358
25 362
25 406
25 415
25 486
25 488
25 493
25 496
26 11
26 33
26 200
26 207
26 255
26 256
26 269
26 319
26 324
26 387
26 435
26 448
26 465
26 468
26 489
27 25
27 250
27 271
27 350
27 478
28 54
28 283
28 305
28 376
28 456
28 479
28 484
28 485
29 30
29 84
29 229
29 274
29 331
30 29
30 439
30 449
30 495
30 498
31 77
31 281
31 284
31 338
31 394
32 93
32 191
32 275
32 414
32 431
33 26
33 143
33 183
33 203
33 228
33 257
33 371
33 386
33 401
33 460
33 468
33 471
33 477
34 230
34 414
34 466
34 499
34 500
35 9
35 36
35 40
35 48
35 243
35 287
36 35
36 40
36 59
36 96
36 198
36 244
37 38
37 84
37 229
37 274
37 331
38 37
38 306
38 433
38 467
38 476
39 41
39 57
39 245
39 266
39 325
39 333
39 411
39 429
40 35
40 36
40 311
40 322
40 441
40 444
41 2
41 39
41 53
41 80
41 181
42 43
42 171
42 209
42 340
42 361
43 42
43 306
43 308
43 374
43 397
43 446
43 450
43 467
43 476
44 45
44 286
44 336
44 368
44 375
45 44
45 109
45 138
45 259
45 398
46 47
46 92
46 128
46 441
46 444
47 46
47 262
47 300
47 343
47 360
48 9
48 35
48 49
48 168
48 243
48 287
49 48
49 151
49 241
49 282
49 294
49 350
49 355
49 395
49 402
49 464
49 478
49 480
50 51
50 222
50 273
50 436
50 458
51 25
51 50
51 289
51 362
51 372
51 405
51 451
52 75
52 182
52 335
52 477
53 2
53 41
53 80
53 181
53 345
53 347
54 28
54 93
54 97
54 275
54 431
55 116
55 213
55 282
55 283
55 464
56 65
56 69
56 71
56 276
56 393
57 39
57 59
57 112
57 167
57 245
57 266
57 409
57 429
58 69
58 276
58 315
58 393
58 496
59 36
59 57
59 96
59 198
60 61
60 230
60 466
60 499
60 500
61 60
61 377
61 427
61 437
61 459
62 63
62 196
62 273
62 436
62 458
63 15
63 62
63 74
63 88
63 189
64 66
64 79
64 220
64 404
64 457
64 462
65 6
65 18
65 56
65 71
65 471
66 64
66 162
66 210
66 281
66 334
66 364
66 445
67 339
67 366
67 424
67 436
68 69
68 121
68 147
68 150
68 292
69 56
69 58
69 68
69 107
69 248
69 393
70 72
70 166
70 239
70 388
70 391
71 56
71 65
71 286
71 336
71 375
72 5
72 70
72 83
72 105
72 227
72 233
73 74
73 306
73 433
73 467
73 476
74 15
74 63
74 73
74 88
74 189
75 12
75 52
75 251
75 268
75 316
75 335
76 77
76 341
76 420
76 434
76 439
76 447
76 449
76 495
76 498
77 31
77 76
77 100
77 188
77 303
77 310
77 338
77 394
78 1
78 22
78 90
78 494
79 64
79 95
79 115
79 187
79 205
79 214
79 220
79 223
79 311
79 404
79 455
80 2
80 41
80 53
80 90
80 101
81 178
81 179
81 193
81 263
81 317
82 171
82 209
82 311
82 340
82 361
83 72
83 84
83 105
83 227
83 233
84 29
84 37
84 83
84 229
84 274
84 307
84 331
85 86
85 197
85 298
85 345
85 412
86 24
86 85
86 87
86 133
86 155
87 24
87 86
87 89
87 133
87 155
88 15
88 63
88 74
88 91
88 189
89 87
89 101
89 261
89 388
90 1
90 22
90 78
90 80
90 101
91 88
91 101
91 236
91 239
91 261
92 46
92 93
92 217
92 322
92 347
92 441
92 444
93 16
93 32
93 54
93 92
93 180
93 216
93 275
93 291
93 309
93 365
93 431
93 472
94 95
94 149
94 153
94 159
94 442
95 79
95 94
95 220
95 457
95 462
96 36
96 59
96 97
96 198
96 244
97 54
97 96
97 275
97 365
97 431
98 20
98 99
98 249
98 270
98 339
98 366
98 378
98 424
99 98
99 207
99 256
99 387
99 435
100 77
100 103
100 310
100 338
100 394
101 80
101 89
101 90
101 91
101 236
101 239
101 391
102 1
102 22
102 244
102 493
102 494
103 7
103 100
103 137
103 177
103 194
103 202
103 225
103 380
103 385
103 418
103 422
103 481
103 482
103 490
104 230
104 390
104 400
104 453
104 499
104 500
105 5
105 72
105 83
105 107
105 233
106 18
106 112
106 143
106 257
106 464
107 69
107 105
107 248
107 276
107 393
108 13
108 212
108 356
108 359
109 45
109 110
109 138
109 259
109 398
110 109
110 390
110 453
110 499
110 500
111 113
111 447
111 449
111 495
111 498
112 57
112 106
112 411
112 429
112 464
113 111
113 174
113 175
113 326
113 410
114 134
114 265
114 315
114 323
114 325
114 327
114 357
114 369
114 407
114 423
114 463
114 470
115 79
115 116
115 220
115 457
115 462
116 55
116 115
116 213
116 241
116 282
117 287
117 304
117 348
117 392
117 452
118 119
118 236
118 239
118 388
118 391
119 118
119 380
119 385
119 418
119 481
120 13
120 121
120 258
120 356
120 464
121 68
121 120
121 136
121 292
121 296
122 13
122 123
122 258
122 356
122 359
123 122
123 237
123 280
123 353
123 413
124 23
124 125
124 142
124 382
124 481
125 124
125 161
125 196
125 436
125 458
126 210
126 277
126 364
126 445
126 498
127 177
127 328
127 382
127 473
127 482
128 46
128 129
128 347
128 441
128 444
129 128
129 305
129 479
129 484
129 485
130 131
130 256
130 269
130 440
130 448
131 130
131 230
131 453
131 499
131 500
132 237
132 351
132 353
132 389
132 413
133 24
133 86
133 87
133 155
133 351
134 114
134 135
134 407
134 423
134 454
135 134
135 222
135 253
135 273
135 436
135 458
136 121
136 159
136 320
136 342
136 351
137 7
137 103
137 177
137 194
137 195
137 202
137 225
137 380
137 382
137 385
137 418
137 422
137 481
137 482
137 499
138 21
138 45
138 109
138 139
138 141
138 259
138 398
139 138
139 230
139 390
139 499
139 500
140 141
140 377
140 396
140 427
140 459
141 21
141 138
141 140
141 259
141 398
142 23
142 124
142 143
142 382
142 481
143 33
143 106
143 142
143 228
143 238
143 332
143 371
143 386
143 401
143 417
143 477
143 492
144 145
144 149
144 153
144 330
144 442
145 144
145 262
145 279
145 343
145 360
146 147
146 306
146 433
146 467
146 476
147 68
147 146
147 150
147 292
147 296
148 250
148 350
148 382
148 402
148 464
149 94
149 144
149 153
149 186
149 400
150 68
150 147
150 292
150 296
150 495
151 49
151 213
151 271
151 282
151 294
151 301
151 355
151 395
151 464
151 473
151 480
151 491
152 239
152 370
152 495
152 498
153 17
153 94
153 144
153 149
153 155
153 158
153 330
153 352
153 400
153 442
154 25
154 313
154 330
154 405
154 406
154 451
154 452
154 488
154 493
155 24
155 86
155 87
155 133
155 153
156 157
156 169
156 179
156 190
156 192
157 156
157 278
157 304
157 348
157 452
158 153
158 161
158 352
158 400
158 438
158 442
159 94
159 136
159 162
159 400
159 438
159 442
160 277
160 326
160 344
160 364
160 419
160 445
161 125
161 158
161 290
161 436
161 458
162 66
162 159
162 163
162 281
162 344
162 445
163 162
163 164
163 230
163 466
163 499
163 500
164 163
164 237
164 353
164 389
164 413
164 443
165 168
165 420
165 434
165 447
165 495
165 498
166 70
166 168
166 239
166 388
166 391
167 57
167 170
167 245
167 333
167 429
167 443
168 9
168 48
168 165
168 166
168 243
168 287
169 156
169 171
169 179
169 190
169 192
169 285
170 167
170 204
170 264
170 416
170 443
171 42
171 82
171 169
171 186
171 340
171 361
172 173
172 246
172 320
172 342
172 351
172 354
173 172
173 254
173 267
173 295
173 363
173 383
174 113
174 175
174 219
174 288
174 314
174 326
174 410
174 466
175 113
175 174
175 177
175 219
175 326
175 410
176 180
176 181
176 329
176 367
176 379
176 425
177 103
177 127
177 137
177 175
177 382
177 385
177 418
177 422
177 469
177 481
178 81
178 420
178 434
178 447
178 495
178 498
179 81
179 156
179 169
179 190
179 192
179 285
180 93
180 176
180 181
180 191
180 275
180 291
180 309
180 365
181 2
181 41
181 53
181 176
181 180
182 12
182 52
182 183
182 251
182 316
182 335
183 33
183 182
183 228
183 257
183 477
183 492
184 189
184 191
184 320
184 342
184 351
184 354
185 187
185 305
185 456
185 479
185 484
185 485
186 149
186 171
186 209
186 267
186 340
186 361
187 79
187 185
187 220
187 457
187 462
188 77
188 195
188 310
188 338
188 394
189 15
189 63
189 74
189 88
189 184
189 191
190 156
190 169
190 179
190 192
190 285
190 337
191 32
191 180
191 184
191 189
191 216
191 291
192 156
192 169
192 179
192 190
192 196
192 198
192 285
193 3
193 81
193 195
193 211
193 337
193 416
194 103
194 137
194 225
194 321
194 422
194 469
195 137
195 188
195 193
195 202
195 422
195 481
196 62
196 125
196 192
196 198
196 436
196 458
197 9
197 85
197 199
197 201
197 297
197 298
197 345
197 412
197 428
197 430
198 36
198 59
198 96
198 192
198 196
198 244
199 197
199 201
199 215
199 217
199 298
199 412
199 430
200 3
200 26
200 207
200 255
200 256
200 448
201 197
201 199
201 202
201 298
201 345
201 412
202 103
202 137
202 195
202 201
202 385
202 422
203 33
203 204
203 228
203 371
203 460
203 477
204 170
204 203
204 211
204 263
204 264
204 317
204 337
205 79
205 207
205 220
205 404
205 462
206 279
206 300
206 335
206 336
206 343
206 360
207 11
207 26
207 99
207 200
207 205
207 256
207 319
207 324
207 387
207 435
207 487
207 489
208 209
208 221
208 230
208 346
208 390
208 483
208 499
208 500
209 42
209 82
209 186
209 208
209 340
209 361
210 66
210 126
210 211
210 281
210 364
210 445
211 3
211 193
211 204
211 210
211 264
211 317
212 13
212 108
212 213
212 258
212 356
212 359
213 55
213 116
213 151
213 212
213 395
213 478
214 79
214 216
214 220
214 404
214 457
214 462
215 199
215 217
215 377
215 396
215 427
215 459
216 16
216 93
216 191
216 214
216 365
216 431
217 92
217 199
217 215
217 322
217 441
217 444
218 4
218 221
218 329
218 367
218 379
218 425
219 174
219 175
219 220
219 228
219 288
219 326
219 410
220 64
220 79
220 95
220 115
220 187
220 205
220 214
220 219
220 223
220 228
220 455
220 461
221 208
221 218
221 230
221 327
221 346
221 390
221 426
221 499
222 50
222 135
222 273
222 436
222 458
223 79
223 220
223 231
223 238
223 457
223 462
224 225
224 305
224 456
224 479
224 484
224 485
225 103
225 137
225 194
225 224
225 328
225 422
226 227
226 280
226 321
226 353
226 413
227 5
227 72
227 83
227 226
227 233
228 33
228 143
228 183
228 203
228 219
228 220
228 238
228 257
228 332
228 371
228 386
228 401
228 417
228 460
228 471
228 475
229 29
229 37
229 84
229 274
229 307
229 331
229 429
230 34
230 60
230 104
230 131
230 139
230 163
230 208
230 221
230 233
230 327
230 426
230 453
230 466
230 483
230 494
230 499
231 223
231 238
231 329
231 367
231 379
231 425
232 315
232 369
232 373
232 374
232 407
232 423
232 454
233 5
233 72
233 83
233 105
233 227
233 230
234 235
234 305
234 456
234 479
234 484
234 485
235 14
235 234
235 278
235 284
235 304
235 452
236 91
236 101
236 118
236 285
236 391
236 434
237 123
237 132
237 164
237 321
237 389
237 413
238 143
238 223
238 228
238 231
238 386
238 460
239 70
239 91
239 101
239 118
239 152
239 166
239 261
239 391
240 377
240 396
240 427
240 436
240 437
240 459
240 466
241 49
241 116
241 245
241 350
241 464
241 480
242 286
242 323
242 324
242 336
242 368
242 375
243 35
243 48
243 168
243 249
243 250
243 287
244 36
244 96
244 102
244 198
244 364
244 494
245 8
245 39
245 57
245 167
245 241
245 266
245 333
245 409
245 411
246 172
246 247
246 320
246 342
246 351
246 354
247 246
247 305
247 456
247 479
247 484
247 485
248 69
248 107
248 276
248 393
248 491
249 98
249 243
249 250
249 339
249 366
249 424
250 27
250 148
250 243
250 249
250 355
250 464
251 75
251 182
251 252
251 316
251 335
252 251
252 377
252 396
252 427
252 459
253 135
253 257
253 273
253 290
253 436
253 444
253 458
254 173
254 255
254 267
254 295
254 363
254 373
254 383
254 403
255 11
255 26
255 200
255 254
255 256
255 269
255 319
255 324
255 387
255 435
255 440
255 448
255 489
255 497
256 26
256 99
256 130
256 200
256 207
256 255
256 262
256 269
256 319
256 324
256 387
256 435
256 440
256 448
256 465
256 489
256 497
257 33
257 106
257 183
257 228
257 253
257 371
257 444
258 13
258 120
258 122
258 212
258 259
258 359
258 409
259 21
259 45
259 109
259 138
259 141
259 258
259 409
260 261
260 263
260 302
260 405
260 451
260 488
260 493
261 89
261 91
261 239
261 260
261 263
261 388
261 391
262 47
262 145
262 256
262 279
262 300
262 343
262 360
263 3
263 81
263 204
263 260
263 261
263 264
263 317
263 337
264 3
264 170
264 204
264 211
264 263
264 269
264 337
265 114
265 266
265 270
265 407
265 423
265 454
265 463
266 39
266 57
266 245
266 265
266 270
266 333
266 429
267 173
267 186
267 254
267 295
267 363
267 373
267 382
267 383
267 403
268 75
268 278
268 304
268 348
268 392
268 452
268 471
269 26
269 130
269 255
269 256
269 264
269 440
269 448
270 98
270 265
270 266
270 339
270 424
270 432
271 27
271 151
271 274
271 279
271 294
271 473
271 478
271 480
272 275
272 305
272 456
272 479
272 484
272 485
273 50
273 62
273 135
273 222
273 253
273 316
273 318
273 458
274 29
274 37
274 84
274 229
274 271
274 279
274 307
275 32
275 54
275 93
275 97
275 180
275 272
275 365
276 56
276 58
276 107
276 248
276 309
276 313
276 393
277 126
277 160
277 334
277 344
277 364
277 445
277 491
278 10
278 157
278 235
278 268
278 280
278 284
278 348
278 392
279 145
279 206
279 262
279 271
279 274
279 343
279 360
280 123
280 226
280 278
280 321
280 389
280 413
281 31
281 66
281 162
281 210
281 344
281 364
281 425
282 49
282 55
282 116
282 151
282 301
282 401
282 464
282 478
282 480
283 28
283 55
283 420
283 434
283 447
283 495
283 498
284 14
284 31
284 235
284 278
284 289
284 304
284 452
285 169
285 179
285 190
285 192
285 236
285 401
286 44
286 71
286 242
286 288
286 291
286 336
286 349
286 368
286 375
286 419
286 443
287 35
287 48
287 117
287 168
287 243
287 487
288 174
288 219
288 286
288 314
288 326
288 410
289 51
289 284
289 405
289 451
289 478
289 488
289 493
290 161
290 253
290 295
290 436
290 458
290 478
291 93
291 180
291 191
291 286
291 309
292 68
292 121
292 147
292 150
292 296
292 398
292 405
292 408
293 295
293 305
293 478
293 479
293 484
294 49
294 151
294 271
294 298
294 301
294 402
294 480
295 173
295 254
295 267
295 290
295 293
295 363
295 373
295 383
295 403
296 121
296 147
296 150
296 292
296 300
296 301
297 197
297 298
297 345
297 412
297 424
297 434
298 85
298 197
298 199
298 201
298 294
298 297
298 412
299 302
299 347
299 441
299 444
300 47
300 206
300 262
300 296
300 301
300 343
300 360
301 151
301 282
301 294
301 296
301 300
301 468
301 478
302 25
302 260
302 299
302 313
302 358
302 362
302 451
302 486
302 488
302 493
303 77
303 310
303 338
303 394
304 14
304 117
304 157
304 235
304 268
304 284
304 306
304 308
305 28
305 129
305 185
305 224
305 234
305 247
305 272
305 293
305 307
305 376
305 421
305 456
305 484
305 485
305 491
306 38
306 43
306 73
306 146
306 304
306 308
306 374
306 377
306 397
306 446
306 450
307 84
307 229
307 274
307 305
307 331
308 43
308 304
308 306
308 377
308 433
308 467
308 476
309 93
309 180
309 276
309 291
309 365
309 377
309 472
310 77
310 100
310 188
310 303
310 312
310 394
311 40
311 79
311 82
311 322
311 347
311 441
311 444
312 4
312 310
312 329
312 367
312 425
313 25
313 154
313 276
313 302
313 314
313 362
313 405
313 406
313 415
313 451
313 493
313 496
314 12
314 174
314 288
314 313
314 326
314 410
315 58
315 114
315 232
315 323
315 369
315 385
315 423
315 454
315 463
316 12
316 75
316 182
316 251
316 273
316 335
316 385
317 3
317 81
317 204
317 211
317 263
317 320
318 4
318 273
318 319
318 329
318 367
318 379
318 425
319 26
319 207
319 255
319 256
319 318
319 322
319 489
320 136
320 172
320 184
320 246
320 317
320 342
320 351
320 354
321 194
321 226
321 237
321 280
321 337
321 353
321 389
321 413
322 40
322 92
322 217
322 311
322 319
322 323
322 441
322 444
323 114
323 242
323 315
323 322
323 369
323 407
323 463
324 26
324 207
324 242
324 255
324 256
324 325
324 448
324 487
325 39
325 114
325 324
325 333
325 411
325 429
326 113
326 160
326 174
326 175
326 219
326 288
326 314
326 497
327 114
327 221
327 230
327 328
327 390
327 426
327 483
327 500
328 127
328 225
328 327
328 329
328 422
329 176
329 218
329 231
329 312
329 318
329 328
329 379
329 408
329 463
330 144
330 153
330 154
330 331
330 352
330 400
330 438
330 442
331 29
331 37
331 84
331 229
331 307
331 330
331 452
332 143
332 228
332 334
332 371
332 417
332 452
332 475
332 477
333 8
333 39
333 167
333 245
333 266
333 325
333 346
334 66
334 277
334 332
334 344
334 437
334 445
335 12
335 52
335 75
335 182
335 206
335 251
335 316
335 437
336 44
336 71
336 206
336 242
336 286
336 349
336 375
336 419
336 443
336 452
337 3
337 190
337 193
337 204
337 263
337 264
337 321
338 31
338 77
338 100
338 188
338 303
338 339
338 341
338 394
339 20
339 67
339 98
339 249
339 270
339 338
339 341
339 366
339 378
339 424
339 432
340 42
340 82
340 171
340 186
340 209
340 358
340 359
340 361
341 19
341 76
341 338
341 339
341 370
341 439
341 495
341 498
342 136
342 172
342 184
342 246
342 320
342 343
342 344
342 354
343 47
343 145
343 206
343 262
343 279
343 300
343 342
343 344
344 160
344 162
344 277
344 281
344 334
344 342
344 343
344 445
345 53
345 85
345 197
345 201
345 297
345 348
345 412
345 430
346 208
346 221
346 333
346 390
346 426
346 453
346 499
346 500
347 53
347 92
347 128
347 299
347 311
347 348
347 441
347 444
348 10
348 117
348 157
348 268
348 278
348 345
348 347
348 452
349 286
349 336
349 350
349 352
349 368
349 375
349 419
350 27
350 49
350 148
350 241
350 349
350 352
351 132
351 133
351 136
351 172
351 184
351 246
351 320
351 354
352 17
352 153
352 158
352 330
352 349
352 350
352 400
352 442
353 123
353 132
353 164
353 226
353 321
353 359
353 360
353 389
354 172
354 184
354 246
354 320
354 342
354 351
354 393
354 459
355 49
355 151
355 250
355 356
355 397
355 468
355 478
355 480
356 108
356 120
356 122
356 212
356 355
356 358
356 359
357 114
357 407
357 423
357 454
357 463
357 471
357 482
357 487
358 25
358 302
358 340
358 356
358 405
358 451
358 488
358 493
359 13
359 108
359 122
359 212
359 258
359 340
359 353
359 356
360 47
360 145
360 206
360 262
360 279
360 300
360 353
360 361
361 42
361 82
361 171
361 186
361 209
361 340
361 360
361 454
362 25
362 51
362 302
362 313
362 363
362 406
362 451
362 454
362 486
362 493
363 173
363 254
363 267
363 295
363 362
363 365
363 373
363 383
363 403
364 66
364 126
364 160
364 210
364 244
364 277
364 281
364 389
364 494
365 93
365 97
365 180
365 216
365 275
365 309
365 363
365 366
365 431
366 20
366 67
366 98
366 249
366 339
366 365
366 367
366 424
366 432
367 4
367 176
367 218
367 231
367 312
367 318
367 366
367 369
367 408
368 44
368 242
368 286
368 349
368 419
368 443
368 447
368 451
368 499
369 114
369 232
369 315
369 323
369 367
369 371
369 384
369 423
370 152
370 341
370 372
370 420
370 439
370 459
370 495
370 498
371 33
371 143
371 203
371 228
371 257
371 332
371 369
371 372
371 386
371 401
371 460
371 471
371 477
372 51
372 370
372 371
372 405
372 451
372 488
372 493
373 232
373 254
373 267
373 295
373 363
373 374
373 403
374 43
374 232
374 306
374 373
374 397
374 433
374 467
374 476
375 44
375 71
375 242
375 286
375 336
375 349
375 376
375 378
375 443
376 28
376 305
376 375
376 378
376 421
376 456
376 479
376 485
376 491
377 61
377 140
377 215
377 240
377 252
377 306
377 308
377 309
377 396
377 427
377 437
377 459
378 98
378 339
378 375
378 376
378 424
378 432
379 4
379 176
379 218
379 231
379 318
379 329
379 380
379 381
379 408
380 103
380 119
380 137
380 379
380 381
380 382
380 422
380 469
380 490
381 379
381 380
381 426
381 453
381 499
381 500
382 124
382 127
382 137
382 142
382 148
382 177
382 267
382 380
382 422
382 481
383 8
383 173
383 254
383 267
383 295
383 363
383 457
384 369
384 386
384 407
384 454
384 457
384 463
385 12
385 103
385 119
385 137
385 177
385 202
385 315
385 316
385 418
386 6
386 33
386 143
386 228
386 238
386 371
386 384
386 387
386 477
387 26
387 99
387 207
387 255
387 256
387 386
387 388
387 435
387 440
388 70
388 89
388 118
388 166
388 261
388 387
388 390
389 132
389 164
389 237
389 280
389 321
389 353
389 364
389 398
389 405
390 104
390 110
390 139
390 208
390 221
390 327
390 346
390 388
390 391
390 453
390 466
390 483
390 499
390 500
391 70
391 101
391 118
391 166
391 236
391 239
391 261
391 390
391 394
392 10
392 117
392 268
392 278
392 420
392 422
392 452
393 56
393 58
393 69
393 107
393 248
393 276
393 354
393 397
393 459
394 31
394 77
394 100
394 188
394 303
394 310
394 338
394 391
394 395
395 49
395 151
395 213
395 394
395 396
395 464
395 473
395 478
395 480
396 140
396 215
396 240
396 252
396 377
396 395
396 399
396 437
396 459
397 43
397 306
397 355
397 374
397 393
397 433
397 459
397 467
397 476
398 21
398 45
398 109
398 138
398 141
398 292
398 389
398 405
399 396
399 402
399 434
399 447
399 495
399 498
400 17
400 104
400 149
400 153
400 158
400 159
400 330
400 352
400 439
400 458
401 33
401 143
401 228
401 282
401 285
401 371
401 417
401 429
401 471
401 477
402 49
402 148
402 294
402 399
402 406
402 468
402 480
403 254
403 267
403 295
403 363
403 373
403 461
403 473
403 481
404 64
404 79
404 205
404 214
404 448
404 457
404 461
404 462
404 479
405 51
405 154
405 260
405 289
405 292
405 313
405 358
405 372
405 389
405 398
405 406
405 415
405 428
405 474
405 486
405 496
406 25
406 154
406 313
406 362
406 402
406 405
406 415
406 448
406 486
406 493
407 114
407 134
407 232
407 265
407 323
407 357
407 384
407 411
407 423
407 448
407 463
407 470
408 292
408 329
408 367
408 379
408 410
408 413
408 425
409 57
409 245
409 258
409 259
409 411
409 429
409 444
410 113
410 174
410 175
410 219
410 288
410 314
410 408
410 413
410 416
411 39
411 112
411 245
411 325
411 407
411 409
411 412
412 85
412 197
412 199
412 201
412 297
412 298
412 345
412 411
412 418
412 430
413 123
413 132
413 164
413 226
413 237
413 280
413 321
413 408
413 410
413 416
414 32
414 34
414 451
414 488
414 493
415 25
415 313
415 405
415 406
415 451
415 471
415 473
415 488
415 493
415 498
416 3
416 170
416 193
416 410
416 413
416 417
417 143
417 228
417 332
417 401
417 416
417 423
417 426
418 7
418 103
418 119
418 137
418 177
418 385
418 412
418 496
419 160
419 286
419 336
419 349
419 368
419 420
419 443
420 76
420 165
420 178
420 283
420 370
420 392
420 419
420 434
420 439
420 449
420 495
420 498
421 305
421 376
421 456
421 469
421 474
421 479
421 480
421 484
421 485
422 7
422 23
422 103
422 137
422 177
422 194
422 195
422 202
422 225
422 328
422 380
422 382
422 392
422 424
423 114
423 134
423 232
423 265
423 315
423 357
423 369
423 407
423 417
423 426
423 427
423 454
423 463
424 20
424 67
424 98
424 249
424 270
424 297
424 339
424 366
424 378
424 422
424 432
425 4
425 176
425 218
425 231
425 281
425 312
425 318
425 408
425 445
425 496
425 497
426 221
426 230
426 327
426 346
426 381
426 417
426 423
426 427
426 453
426 466
426 494
427 61
427 140
427 215
427 240
427 252
427 377
427 423
427 426
427 430
427 437
427 459
428 10
428 197
428 405
428 451
428 488
428 493
429 8
429 39
429 57
429 112
429 167
429 229
429 266
429 325
429 401
429 409
429 466
430 197
430 199
430 345
430 412
430 427
430 431
430 432
431 16
431 32
431 54
431 93
431 97
431 216
431 365
431 430
431 432
431 433
431 472
432 270
432 339
432 366
432 378
432 424
432 430
432 431
432 433
433 38
433 73
433 146
433 308
433 374
433 397
433 431
433 432
433 435
433 450
433 467
433 476
434 76
434 165
434 178
434 236
434 283
434 297
434 399
434 420
434 439
434 449
434 495
434 498
435 26
435 99
435 207
435 255
435 256
435 387
435 433
435 438
435 440
435 442
435 448
435 497
436 50
436 62
436 67
436 125
436 135
436 161
436 196
436 222
436 240
436 253
436 290
436 439
437 61
437 240
437 334
437 335
437 377
437 396
437 427
437 459
437 496
438 158
438 159
438 330
438 435
438 440
438 442
438 488
439 19
439 30
439 76
439 341
439 370
439 400
439 420
439 434
439 436
439 447
439 458
439 498
440 130
440 255
440 256
440 269
440 387
440 435
440 438
440 442
440 448
440 465
440 488
440 497
441 40
441 46
441 92
441 128
441 217
441 299
441 311
441 322
441 347
441 462
441 465
441 467
442 17
442 94
442 144
442 153
442 158
442 159
442 330
442 352
442 435
442 438
442 440
442 488
443 164
443 167
443 170
443 286
443 336
443 368
443 375
443 419
444 40
444 46
444 92
444 128
444 217
444 253
444 257
444 299
444 311
444 322
444 347
444 409
445 7
445 66
445 126
445 160
445 162
445 210
445 277
445 334
445 344
445 425
445 483
445 497
446 43
446 306
446 447
446 467
446 476
446 488
446 499
447 76
447 111
447 165
447 178
447 283
447 368
447 399
447 439
447 446
447 449
447 495
447 498
447 499
448 26
448 130
448 200
448 255
448 256
448 269
448 324
448 404
448 406
448 407
448 435
448 440
448 465
449 30
449 76
449 111
449 420
449 434
449 447
449 451
449 453
449 495
449 498
449 499
450 43
450 306
450 433
450 467
450 470
450 476
450 484
450 492
450 500
451 51
451 154
451 260
451 289
451 302
451 313
451 358
451 362
451 368
451 372
451 414
451 415
451 428
451 449
451 453
451 474
451 486
451 496
452 10
452 14
452 117
452 154
452 157
452 235
452 268
452 284
452 331
452 332
452 336
452 348
452 392
453 104
453 110
453 131
453 230
453 346
453 381
453 390
453 426
453 449
453 451
453 460
453 466
453 500
454 134
454 232
454 265
454 315
454 357
454 361
454 362
454 384
454 423
454 470
454 493
455 79
455 220
455 456
455 457
455 460
455 462
455 475
456 28
456 185
456 224
456 234
456 247
456 272
456 305
456 376
456 421
456 455
456 460
456 475
456 491
457 8
457 64
457 95
457 115
457 187
457 214
457 223
457 383
457 384
457 404
457 455
457 461
457 462
458 16
458 50
458 62
458 125
458 135
458 161
458 196
458 222
458 253
458 273
458 290
458 400
458 439
459 61
459 140
459 215
459 240
459 252
459 354
459 370
459 377
459 393
459 396
459 397
459 427
459 437
460 33
460 203
460 228
460 238
460 371
460 453
460 455
460 456
460 471
460 492
461 220
461 403
461 404
461 457
461 462
461 480
461 481
461 491
462 64
462 95
462 115
462 187
462 205
462 214
462 223
462 404
462 441
462 455
462 457
462 461
462 465
462 475
463 114
463 265
463 315
463 323
463 329
463 357
463 384
463 407
463 423
463 479
463 482
463 496
464 49
464 55
464 106
464 112
464 120
464 148
464 151
464 241
464 250
464 282
464 395
464 473
464 478
464 480
465 11
465 26
465 256
465 440
465 441
465 448
465 462
465 475
466 34
466 60
466 163
466 174
466 230
466 240
466 390
466 426
466 429
466 453
466 483
466 494
466 499
466 500
467 38
467 43
467 73
467 146
467 308
467 374
467 397
467 433
467 441
467 446
467 450
467 469
467 474
467 476
468 22
468 26
468 33
468 301
468 355
468 402
468 478
469 7
469 177
469 194
469 380
469 421
469 467
469 474
470 114
470 407
470 450
470 454
470 472
470 476
470 484
471 33
471 65
471 228
471 268
471 357
471 371
471 401
471 415
471 460
471 477
471 498
472 16
472 93
472 309
472 431
472 470
472 476
472 484
472 485
473 127
473 151
473 271
473 395
473 403
473 415
473 464
473 478
473 480
473 498
474 405
474 421
474 451
474 467
474 469
474 488
474 493
475 228
475 332
475 455
475 456
475 462
475 465
475 477
476 38
476 43
476 73
476 146
476 308
476 374
476 397
476 433
476 446
476 450
476 467
476 470
476 472
476 484
476 485
477 33
477 52
477 143
477 183
477 203
477 332
477 371
477 386
477 401
477 471
477 475
477 479
477 482
477 487
477 492
478 27
478 49
478 213
478 271
478 282
478 289
478 290
478 293
478 301
478 355
478 395
478 464
478 468
478 473
478 480
479 28
479 129
479 185
479 224
479 234
479 247
479 272
479 293
479 376
479 404
479 421
479 463
479 477
479 482
479 484
479 491
480 49
480 151
480 241
480 271
480 282
480 294
480 355
480 395
480 402
480 421
480 461
480 464
480 473
480 478
480 481
481 7
481 103
481 119
481 124
481 137
481 142
481 177
481 195
481 382
481 403
481 461
481 480
481 482
481 490
482 103
482 127
482 137
482 357
482 463
482 477
482 479
482 481
482 490
483 6
483 18
483 20
483 208
483 230
483 327
483 390
483 445
483 466
484 28
484 129
484 185
484 224
484 234
484 247
484 272
484 293
484 305
484 421
484 450
484 470
484 472
484 476
484 479
484 491
485 28
485 129
485 185
485 224
485 234
485 247
485 272
485 305
485 376
485 421
485 472
485 476
485 486
485 489
485 491
486 25
486 302
486 362
486 405
486 406
486 451
486 485
486 488
486 489
486 490
486 495
487 207
487 287
487 324
487 357
487 477
487 497
487 498
488 25
488 154
488 260
488 289
488 302
488 358
488 372
488 414
488 415
488 428
488 438
488 440
488 442
488 446
488 474
488 486
488 496
489 26
489 207
489 255
489 256
489 319
489 485
489 486
489 490
489 495
490 103
490 380
490 481
490 482
490 486
490 489
490 493
490 495
491 151
491 248
491 277
491 305
491 376
491 456
491 461
491 479
491 484
491 485
492 143
492 183
492 450
492 460
492 477
492 500
493 25
493 102
493 154
493 260
493 289
493 302
493 313
493 358
493 362
493 372
493 406
493 414
493 415
493 428
493 454
493 474
493 490
493 494
493 495
493 496
494 78
494 102
494 230
494 244
494 364
494 426
494 466
494 493
494 499
494 500
495 19
495 30
495 76
495 111
495 150
495 152
495 165
495 178
495 283
495 341
495 370
495 399
495 420
495 434
495 447
495 449
495 486
495 489
495 490
495 493
496 25
496 58
496 313
496 405
496 418
496 425
496 437
496 451
496 463
496 488
496 493
496 497
497 6
497 255
497 256
497 326
497 425
497 435
497 440
497 445
497 487
497 496
498 19
498 30
498 76
498 111
498 126
498 152
498 165
498 178
498 283
498 341
498 370
498 399
498 415
498 420
498 434
498 439
498 447
498 449
498 471
498 473
498 487
499 34
499 60
499 104
499 110
499 131
499 137
499 139
499 163
499 208
499 221
499 230
499 346
499 368
499 381
499 390
499 446
499 447
499 449
499 466
499 494
499 500
500 34
500 60
500 104
500 110
500 131
500 139
500 163
500 208
500 327
500 346
500 381
500 390
500 450
500 453
500 466
500 492
500 494
500 499
