1 2
1 159
1 190
1 201
1 263
1 303
2 1
2 38
2 41
2 61
2 71
3 220
3 351
3 365
3 374
3 379
4 33
4 79
4 102
4 195
5 8
5 9
5 66
5 193
5 230
5 262
6 32
6 196
6 304
6 355
6 422
7 58
7 92
7 115
7 135
7 215
7 240
7 289
7 320
7 364
7 380
7 387
7 438
7 451
7 480
8 5
8 66
8 193
8 230
8 262
9 5
9 48
9 156
9 205
9 420
10 190
10 201
10 263
10 303
11 162
11 383
11 432
11 435
11 453
12 17
12 33
12 79
12 102
12 195
13 433
13 434
13 450
13 456
13 469
13 481
14 60
14 287
14 392
14 408
14 457
15 163
15 264
15 327
15 330
15 389
15 458
15 478
16 53
16 56
16 81
16 142
16 206
17 12
17 484
17 491
17 493
17 494
18 392
18 395
18 408
18 411
18 457
19 20
19 26
19 78
19 80
19 257
20 19
20 398
20 466
20 470
20 473
20 485
21 23
21 109
21 138
21 172
21 178
22 181
22 229
22 314
22 343
23 21
23 86
23 98
23 216
23 314
23 343
24 93
24 124
24 212
24 333
24 341
24 345
24 350
25 145
25 324
25 468
25 497
25 500
26 19
26 78
26 80
26 90
26 257
27 101
27 133
27 183
27 226
27 254
28 173
28 200
28 222
28 224
28 270
28 359
28 394
28 477
29 49
29 55
29 73
29 166
29 310
30 197
30 214
30 294
30 299
30 454
31 32
31 373
31 388
31 406
31 439
32 6
32 31
32 84
32 177
32 180
32 196
32 304
32 356
33 4
33 12
33 38
33 79
33 102
34 396
34 423
34 445
34 449
34 459
35 45
35 68
35 198
35 204
35 275
36 45
36 68
36 198
36 204
36 275
37 398
37 466
37 470
37 473
37 485
38 2
38 33
38 41
38 61
38 71
39 41
39 396
39 445
39 449
39 459
40 58
40 103
40 129
40 197
40 214
40 232
40 255
40 299
40 412
40 454
41 2
41 38
41 39
41 61
41 71
42 48
42 413
42 414
42 425
42 437
43 62
43 94
43 185
43 236
43 292
43 318
44 86
44 181
44 314
44 343
45 35
45 36
45 68
45 130
45 198
45 204
45 275
46 64
46 67
46 132
46 144
46 233
46 316
46 319
46 346
46 354
46 361
46 366
46 368
46 369
46 409
46 436
46 488
46 495
47 59
47 111
47 203
47 213
47 273
48 9
48 42
48 143
48 154
48 156
48 265
48 352
48 420
49 29
49 73
49 252
49 307
49 310
50 165
50 331
50 373
50 388
50 406
50 439
51 54
51 57
51 70
51 127
51 137
52 269
52 317
52 348
52 404
52 405
53 16
53 81
53 142
53 206
53 319
54 51
54 300
54 344
54 396
54 423
54 445
54 459
55 29
55 252
55 307
55 310
56 16
56 57
56 81
56 142
56 206
57 51
57 56
57 70
57 97
57 137
57 209
58 7
58 40
58 135
58 289
58 364
58 387
58 438
58 480
59 47
59 61
59 111
59 203
59 213
59 273
60 14
60 392
60 395
60 411
60 457
61 2
61 38
61 41
61 59
61 71
62 43
62 64
62 94
62 236
62 318
63 187
63 269
63 317
63 348
63 404
64 46
64 62
64 144
64 316
64 368
64 472
64 486
64 488
65 188
65 235
65 256
65 261
65 271
66 5
66 8
66 68
66 193
66 230
66 262
67 46
67 130
67 472
67 486
67 488
68 35
68 36
68 45
68 66
68 275
69 118
69 140
69 164
69 189
69 207
70 51
70 57
70 71
70 97
70 127
71 2
71 38
71 41
71 61
71 70
72 281
72 345
72 360
72 375
72 399
73 29
73 49
73 166
73 252
73 310
74 75
74 145
74 324
74 428
74 464
74 468
74 497
74 500
75 74
75 88
75 89
75 147
75 174
75 280
75 284
75 410
76 82
76 85
76 120
76 248
76 329
77 78
77 103
77 129
77 214
77 454
78 19
78 26
78 77
78 80
78 90
78 257
79 4
79 12
79 33
79 88
79 102
79 195
80 19
80 26
80 78
80 90
80 257
81 16
81 53
81 56
81 89
81 206
82 76
82 85
82 248
82 329
82 337
83 259
83 377
83 390
83 401
83 418
83 479
83 484
83 491
83 494
84 32
84 196
84 355
84 422
85 76
85 82
85 208
85 329
85 337
86 23
86 44
86 98
86 181
86 314
87 433
87 450
87 456
87 469
87 481
88 75
88 79
88 280
88 347
88 410
89 75
89 81
89 280
89 347
89 410
90 26
90 78
90 80
90 257
91 92
91 386
91 398
91 424
91 427
91 429
91 447
91 461
91 470
91 482
91 485
92 7
92 91
92 135
92 364
92 387
92 431
93 24
93 124
93 212
93 333
93 345
94 43
94 62
94 185
94 236
94 292
94 318
95 97
95 395
95 408
95 411
95 457
96 159
96 190
96 201
96 263
96 303
97 57
97 70
97 95
97 127
97 209
98 23
98 86
98 181
98 314
98 343
99 476
99 479
99 484
99 491
99 493
99 494
100 101
100 145
100 324
100 497
100 500
101 27
101 100
101 133
101 183
101 226
101 254
102 4
102 12
102 33
102 79
102 104
102 195
103 40
103 77
103 255
103 412
103 454
104 102
104 105
104 426
104 444
104 462
105 104
105 112
105 119
105 141
105 146
105 211
105 227
105 335
105 339
105 357
105 372
105 426
105 430
105 462
105 489
106 192
106 225
106 313
106 332
106 417
107 161
107 311
107 362
107 376
107 385
108 161
108 311
108 362
108 376
108 442
109 21
109 155
109 172
109 178
109 442
110 111
110 128
110 156
110 205
110 265
110 420
111 47
111 59
111 110
111 203
111 273
112 105
112 119
112 335
112 426
112 462
113 272
113 285
113 308
113 441
113 442
114 192
114 274
114 313
114 332
114 417
115 7
115 135
115 364
115 387
115 431
116 396
116 423
116 445
116 449
116 459
117 395
117 411
117 457
118 69
118 140
118 164
118 189
118 207
119 105
119 112
119 121
119 141
119 227
119 339
119 372
119 444
120 76
120 169
120 208
120 329
120 337
121 119
121 433
121 450
121 469
121 481
122 125
122 131
122 168
122 218
122 242
123 145
123 324
123 468
123 497
123 500
124 24
124 93
124 212
124 341
124 345
124 350
125 122
125 249
125 268
125 315
125 325
125 331
125 363
125 446
125 463
125 465
125 471
125 490
125 496
126 272
126 285
126 308
126 415
126 442
126 460
126 483
127 51
127 70
127 97
127 137
127 209
128 110
128 143
128 156
128 205
128 352
129 40
129 77
129 232
129 412
129 454
130 45
130 67
130 132
130 472
130 488
131 122
131 148
131 168
131 218
131 242
132 46
132 130
132 133
132 319
132 346
132 361
132 366
132 472
133 27
133 101
133 132
133 183
133 254
134 269
134 317
134 348
134 404
134 405
135 7
135 58
135 92
135 115
135 240
135 289
135 320
135 364
135 387
135 431
135 451
136 153
136 221
136 239
136 309
136 338
137 51
137 57
137 127
137 138
137 209
138 21
138 137
138 155
138 172
138 178
139 142
139 173
139 224
139 393
139 419
139 477
140 69
140 118
140 164
140 189
140 207
141 105
141 119
141 335
141 444
141 462
141 489
142 16
142 53
142 56
142 139
142 206
143 48
143 128
143 145
143 205
143 265
144 46
144 64
144 472
144 486
144 488
145 25
145 74
145 100
145 123
145 143
145 184
145 243
145 244
145 324
145 336
145 342
145 370
145 384
145 428
145 464
145 497
145 498
145 499
145 500
146 105
146 147
146 335
146 426
146 444
146 462
147 75
147 146
147 347
147 403
147 410
148 131
148 149
148 168
148 218
148 242
149 148
149 158
149 169
149 283
149 295
150 165
150 293
150 373
150 388
150 406
151 154
151 281
151 360
151 375
152 220
152 351
152 365
152 374
152 379
153 136
153 221
153 239
153 290
153 309
153 338
154 48
154 151
154 205
154 352
154 420
155 109
155 138
155 157
155 172
155 178
156 9
156 48
156 110
156 128
156 205
157 155
157 281
157 360
157 375
157 399
158 149
158 169
158 223
158 283
158 295
159 1
159 96
159 165
159 190
159 201
159 263
160 272
160 285
160 308
160 441
160 442
161 107
161 108
161 228
161 297
161 362
161 376
161 385
161 402
162 11
162 383
162 432
162 435
162 453
163 15
163 264
163 391
163 458
163 474
163 478
164 69
164 118
164 140
164 189
164 207
165 50
165 150
165 159
165 191
165 277
165 388
166 29
166 73
166 171
166 252
166 307
166 310
167 281
167 360
167 375
167 399
167 468
167 473
168 122
168 131
168 148
168 218
168 242
169 120
169 149
169 158
169 171
169 247
169 260
169 283
170 398
170 466
170 470
170 473
170 485
171 166
171 169
171 223
171 283
171 295
172 21
172 109
172 138
172 155
172 178
173 28
173 139
173 176
173 200
173 222
173 224
173 359
173 393
173 394
173 448
174 75
174 280
174 347
174 403
174 410
175 466
175 470
175 473
175 485
176 173
176 281
176 360
176 375
176 381
176 399
177 32
177 179
177 196
177 304
177 355
177 356
178 21
178 109
178 138
178 155
178 172
178 182
179 177
179 180
179 196
179 304
179 355
179 422
180 32
180 179
180 196
180 304
180 355
181 22
181 44
181 86
181 98
181 216
181 343
182 178
182 219
182 231
182 246
182 258
182 397
182 421
182 432
182 453
183 27
183 101
183 133
183 226
183 254
183 330
184 145
184 188
184 324
184 464
184 468
184 500
185 43
185 94
185 236
185 292
185 318
186 238
186 268
186 363
186 463
186 487
186 496
187 63
187 269
187 282
187 317
187 404
187 405
188 65
188 184
188 235
188 256
188 261
188 271
189 69
189 118
189 140
189 164
189 190
189 207
190 1
190 10
190 96
190 159
190 189
190 263
191 165
191 355
191 373
191 388
191 406
192 106
192 114
192 202
192 215
192 225
192 417
193 5
193 8
193 66
193 194
193 230
194 193
194 396
194 423
194 445
194 449
194 459
195 4
195 12
195 79
195 102
195 488
196 6
196 32
196 84
196 177
196 179
196 180
196 304
196 356
196 422
196 487
197 30
197 40
197 200
197 232
197 255
197 299
197 454
198 35
198 36
198 45
198 275
199 270
199 337
199 359
199 394
199 448
199 477
200 28
200 173
200 197
200 279
200 359
200 477
201 1
201 10
201 96
201 159
201 263
201 303
202 192
202 274
202 313
202 332
202 407
202 417
203 47
203 59
203 111
203 204
203 213
203 273
204 35
204 36
204 45
204 203
205 9
205 110
205 128
205 143
205 154
205 156
205 206
205 265
205 352
205 420
206 16
206 53
206 56
206 81
206 142
206 205
207 69
207 118
207 140
207 164
207 189
207 208
208 85
208 120
208 207
208 248
208 329
208 337
209 57
209 97
209 127
209 137
209 212
210 476
210 484
210 491
210 493
210 494
211 105
211 335
211 426
211 444
211 462
212 24
212 93
212 124
212 209
212 333
212 345
213 47
213 59
213 203
213 214
213 273
214 30
214 40
214 77
214 213
214 294
214 454
215 7
215 192
215 225
215 332
215 417
216 23
216 181
216 223
216 314
217 476
217 479
217 484
217 491
217 493
217 494
218 122
218 131
218 148
218 168
218 242
218 263
219 182
219 231
219 383
219 432
219 435
219 453
220 3
220 152
220 237
220 351
220 365
220 374
220 379
221 136
221 153
221 239
221 290
221 309
221 338
222 28
222 173
222 298
222 419
222 477
223 158
223 171
223 216
223 247
223 260
223 295
224 28
224 139
224 173
224 226
224 298
224 394
224 448
224 477
225 106
225 192
225 215
225 313
225 332
225 417
226 27
226 101
226 183
226 224
226 254
227 105
227 119
227 230
227 335
227 426
227 462
228 161
228 297
228 311
228 362
228 382
228 385
229 22
229 323
229 458
229 474
229 478
230 5
230 8
230 66
230 193
230 227
230 262
231 182
231 219
231 258
231 383
231 397
231 421
231 432
231 453
232 40
232 129
232 197
232 233
232 255
232 454
233 46
233 232
233 316
233 436
233 472
233 488
234 235
234 389
234 391
234 458
234 474
234 478
235 65
235 188
235 234
235 256
235 261
235 271
236 43
236 62
236 94
236 185
236 292
236 318
237 220
237 365
237 374
237 379
238 186
238 242
238 325
238 463
238 487
238 496
239 136
239 153
239 221
239 290
239 309
239 338
240 7
240 135
240 285
240 286
240 364
240 387
240 431
240 438
241 269
241 317
241 348
241 404
241 416
242 122
242 131
242 148
242 168
242 218
242 238
243 145
243 324
243 428
243 464
243 468
243 500
244 145
244 245
244 324
244 468
244 497
244 500
245 244
245 358
245 400
245 413
245 414
245 425
245 437
246 182
246 248
246 383
246 432
246 435
246 453
247 169
247 223
247 283
247 295
248 76
248 82
248 208
248 246
248 329
248 337
249 125
249 268
249 315
249 325
249 331
249 363
249 446
249 465
249 467
249 471
249 487
249 496
250 252
250 272
250 285
250 308
250 441
250 442
251 324
251 428
251 464
251 468
251 497
251 500
252 49
252 55
252 73
252 166
252 250
252 307
252 310
253 467
253 476
253 484
253 491
253 493
253 494
254 27
254 101
254 133
254 183
254 226
254 255
255 40
255 103
255 197
255 232
255 254
255 454
256 65
256 188
256 235
256 257
256 261
256 271
257 19
257 26
257 78
257 80
257 90
257 256
258 182
258 231
258 259
258 432
258 435
258 453
259 83
259 258
259 312
259 349
259 377
259 382
259 390
259 401
259 418
259 491
259 493
259 494
260 169
260 223
260 283
260 295
261 65
261 188
261 235
261 256
261 262
261 271
262 5
262 8
262 66
262 230
262 261
263 1
263 10
263 96
263 159
263 190
263 201
263 218
264 15
264 163
264 327
264 391
264 474
264 478
265 48
265 110
265 143
265 205
265 267
266 373
266 388
266 399
266 406
266 439
267 265
267 272
267 285
267 308
267 415
267 442
268 125
268 186
268 249
268 325
268 331
268 363
268 446
268 455
268 463
268 471
268 490
268 496
269 52
269 63
269 134
269 187
269 241
269 282
269 317
269 405
269 416
270 28
270 199
270 271
270 359
270 394
270 448
270 477
271 65
271 188
271 235
271 256
271 261
271 270
272 113
272 126
272 160
272 250
272 267
272 276
272 308
272 326
272 371
272 415
272 483
273 47
273 59
273 111
273 203
273 213
273 275
274 114
274 202
274 313
274 332
274 417
274 430
274 435
275 35
275 36
275 45
275 68
275 198
275 273
276 272
276 285
276 308
276 415
276 441
276 443
277 165
277 278
277 293
277 406
277 439
278 277
278 392
278 395
278 408
278 411
278 457
279 200
279 280
279 359
279 448
279 477
280 75
280 88
280 89
280 174
280 279
280 284
280 347
280 410
281 72
281 151
281 157
281 167
281 176
281 286
281 381
281 399
282 187
282 269
282 284
282 317
282 348
282 404
283 149
283 158
283 169
283 171
283 247
283 260
284 75
284 280
284 282
284 347
284 403
284 410
285 113
285 126
285 160
285 240
285 250
285 267
285 276
285 308
285 326
285 371
285 415
285 441
285 443
285 460
285 483
286 240
286 281
286 360
286 375
286 381
286 399
287 14
287 288
287 392
287 408
287 411
287 457
288 287
288 400
288 413
288 414
288 425
288 437
289 7
289 58
289 135
289 290
289 387
289 431
289 438
290 153
290 221
290 239
290 289
290 309
290 338
291 327
291 389
291 458
291 474
291 478
292 43
292 94
292 185
292 236
292 293
292 318
293 150
293 277
293 292
293 373
293 406
293 439
294 30
294 214
294 295
294 299
294 454
295 149
295 158
295 171
295 223
295 247
295 260
295 294
296 297
296 378
296 433
296 434
296 450
296 456
296 469
296 481
297 161
297 228
297 296
297 311
297 362
297 376
297 385
298 222
298 224
298 394
298 448
298 477
299 30
299 40
299 197
299 294
299 300
299 412
299 454
300 54
300 299
300 344
300 396
300 423
300 445
300 459
301 303
301 358
301 400
301 413
301 414
301 425
301 437
302 347
302 410
303 1
303 10
303 96
303 201
303 301
304 6
304 32
304 177
304 179
304 180
304 196
304 305
305 304
305 363
305 463
305 465
305 471
305 487
305 496
306 308
306 476
306 479
306 484
306 491
306 493
306 494
307 49
307 55
307 166
307 252
307 310
308 113
308 126
308 160
308 250
308 267
308 272
308 276
308 285
308 306
308 326
308 371
308 442
308 443
309 136
309 153
309 221
309 239
309 290
309 311
309 338
310 29
310 49
310 55
310 73
310 166
310 252
310 307
310 358
311 107
311 108
311 228
311 297
311 309
311 376
311 385
311 402
312 259
312 418
312 476
312 479
312 484
312 493
312 494
313 106
313 114
313 202
313 225
313 274
313 351
313 417
314 22
314 23
314 44
314 86
314 98
314 216
314 343
315 125
315 249
315 363
315 446
315 463
315 487
315 496
316 46
316 64
316 233
316 366
316 368
316 486
316 488
317 52
317 63
317 134
317 187
317 241
317 269
317 282
317 318
317 348
318 43
318 62
318 94
318 185
318 236
318 292
318 317
319 46
319 53
319 132
319 366
319 472
319 486
319 488
320 7
320 135
320 321
320 387
320 431
321 320
321 433
321 450
321 456
321 469
321 481
322 323
322 358
322 400
322 413
322 414
322 425
322 437
323 229
323 322
323 389
323 391
323 458
323 474
323 478
324 25
324 74
324 100
324 123
324 145
324 184
324 243
324 244
324 251
324 325
324 336
324 342
324 370
324 384
324 428
324 464
324 497
324 498
324 500
325 125
325 238
325 249
325 268
325 324
325 331
325 363
325 463
325 471
325 487
325 492
325 496
326 272
326 285
326 308
326 327
326 415
326 443
327 15
327 264
327 291
327 326
327 391
327 474
327 478
328 396
328 445
328 449
328 459
329 76
329 82
329 85
329 120
329 208
329 248
329 337
330 15
330 183
330 334
330 391
330 458
330 474
330 478
331 50
331 125
331 249
331 268
331 325
331 446
331 455
331 463
331 471
331 487
331 490
331 496
332 106
332 114
332 202
332 215
332 225
332 274
332 417
333 24
333 93
333 212
333 334
333 341
333 345
333 350
334 330
334 333
334 389
334 458
334 474
334 478
335 105
335 112
335 141
335 146
335 211
335 227
335 339
335 372
335 444
336 145
336 324
336 428
336 464
336 468
336 497
336 500
337 82
337 85
337 120
337 199
337 208
337 248
337 329
338 136
338 153
338 221
338 239
338 290
338 309
338 339
339 105
339 119
339 335
339 338
339 426
339 444
339 462
340 341
340 378
340 433
340 434
340 450
340 469
340 481
341 24
341 124
341 333
341 340
341 345
341 350
342 145
342 324
342 497
342 500
343 22
343 23
343 44
343 98
343 181
343 314
343 344
344 54
344 300
344 343
344 396
344 423
344 459
345 24
345 72
345 93
345 124
345 212
345 333
345 341
345 350
346 46
346 132
346 361
346 366
346 368
346 409
346 436
346 486
347 88
347 89
347 147
347 174
347 280
347 284
347 302
347 349
347 403
348 52
348 63
348 134
348 241
348 282
348 317
348 404
348 405
348 416
349 259
349 347
349 476
349 479
349 484
349 491
349 493
349 494
350 24
350 124
350 333
350 341
350 345
350 416
351 3
351 152
351 220
351 313
351 365
351 374
351 379
352 48
352 128
352 154
352 205
352 354
353 398
353 470
353 473
353 485
354 46
354 352
354 472
354 486
354 488
355 6
355 84
355 177
355 179
355 180
355 191
355 356
355 422
356 32
356 177
356 196
356 355
356 422
356 475
357 105
357 426
357 444
357 462
357 475
358 245
358 301
358 310
358 322
358 413
358 414
358 425
358 437
359 28
359 173
359 199
359 200
359 270
359 279
359 393
359 477
360 72
360 151
360 157
360 167
360 176
360 286
360 362
360 381
361 46
361 132
361 346
361 366
361 368
361 409
361 436
361 486
362 107
362 108
362 161
362 228
362 297
362 360
362 376
362 402
363 125
363 186
363 249
363 268
363 305
363 315
363 325
363 364
363 446
363 455
363 463
363 465
363 467
363 471
363 475
363 487
363 490
364 7
364 58
364 92
364 115
364 135
364 240
364 363
364 380
365 3
365 152
365 220
365 237
365 351
365 367
365 374
365 379
366 46
366 132
366 316
366 319
366 346
366 361
366 409
366 436
366 486
366 488
366 495
367 365
367 433
367 434
367 450
367 456
367 469
367 481
368 46
368 64
368 316
368 346
368 361
368 409
368 421
368 486
369 46
369 421
369 472
369 486
369 488
370 145
370 324
370 371
370 428
370 464
370 468
370 497
370 500
371 272
371 285
371 308
371 370
371 415
371 441
371 442
372 105
372 119
372 335
372 374
372 444
372 462
372 489
373 31
373 50
373 150
373 191
373 266
373 293
373 406
373 439
374 3
374 152
374 220
374 237
374 351
374 365
374 372
374 379
375 72
375 151
375 157
375 167
375 176
375 286
375 381
375 469
376 107
376 108
376 161
376 297
376 311
376 362
376 378
376 402
377 83
377 259
377 390
377 401
377 418
377 476
377 479
377 493
378 296
378 340
378 376
378 407
378 434
378 450
378 469
378 481
379 3
379 152
379 220
379 237
379 351
379 365
379 374
379 499
380 7
380 364
380 381
380 431
380 438
381 176
381 281
381 286
381 360
381 375
381 380
381 399
382 228
382 259
382 476
382 479
382 484
382 491
382 493
382 494
383 11
383 162
383 219
383 231
383 246
383 421
383 432
383 435
384 145
384 324
384 385
384 428
384 499
384 500
385 107
385 161
385 228
385 297
385 311
385 384
385 402
386 91
386 398
386 427
386 447
386 466
386 470
386 473
386 485
387 7
387 58
387 92
387 115
387 135
387 240
387 289
387 320
387 388
387 438
387 451
388 31
388 50
388 150
388 165
388 191
388 266
388 387
388 406
388 439
389 15
389 234
389 291
389 323
389 334
389 390
389 391
389 474
389 478
390 83
390 259
390 377
390 389
390 418
390 476
390 479
390 493
390 494
391 163
391 234
391 264
391 323
391 327
391 330
391 389
391 474
391 478
392 14
392 18
392 60
392 278
392 287
392 393
392 395
392 411
392 457
393 139
393 173
393 359
393 392
393 448
393 477
394 28
394 173
394 199
394 224
394 270
394 298
394 396
394 448
394 477
395 18
395 60
395 95
395 117
395 278
395 392
395 408
395 411
395 457
396 34
396 39
396 54
396 116
396 194
396 300
396 328
396 344
396 394
396 423
396 445
396 449
397 182
397 231
397 398
397 432
397 435
397 453
398 20
398 37
398 91
398 170
398 353
398 386
398 397
398 424
398 427
398 429
398 447
398 461
398 466
398 473
398 485
399 72
399 157
399 167
399 176
399 266
399 281
399 286
399 381
400 245
400 288
400 301
400 322
400 401
400 413
400 414
400 425
400 437
401 83
401 259
401 377
401 400
401 418
401 479
401 484
401 491
401 493
402 161
402 311
402 362
402 376
402 385
402 403
403 147
403 174
403 284
403 347
403 402
403 410
404 52
404 63
404 134
404 187
404 241
404 282
404 348
404 406
404 416
405 52
405 134
405 187
405 269
405 348
405 416
406 31
406 50
406 150
406 191
406 266
406 277
406 293
406 373
406 388
406 404
406 439
407 202
407 378
407 433
407 434
407 456
407 469
407 481
408 14
408 18
408 95
408 278
408 287
408 395
408 409
408 411
408 457
409 46
409 346
409 361
409 366
409 368
409 408
409 436
409 472
409 486
409 488
410 75
410 88
410 89
410 147
410 174
410 280
410 284
410 302
410 403
410 411
411 18
411 60
411 95
411 117
411 278
411 287
411 392
411 395
411 408
411 410
412 40
412 103
412 129
412 299
412 413
412 454
413 42
413 245
413 288
413 301
413 322
413 358
413 400
413 412
413 414
413 437
414 42
414 245
414 288
414 301
414 322
414 358
414 400
414 413
414 415
414 425
415 126
415 267
415 272
415 276
415 285
415 326
415 371
415 414
415 441
415 460
416 241
416 269
416 348
416 350
416 404
416 405
417 106
417 114
417 192
417 202
417 215
417 225
417 274
417 313
417 332
417 418
418 83
418 259
418 312
418 377
418 390
418 401
418 417
418 479
418 494
419 139
419 222
419 448
419 457
419 477
420 9
420 48
420 110
420 154
420 205
420 453
421 182
421 231
421 368
421 369
421 383
421 432
421 435
421 453
422 6
422 84
422 179
422 196
422 355
422 356
422 423
423 34
423 54
423 116
423 194
423 300
423 344
423 396
423 422
423 445
423 459
424 91
424 398
424 425
424 427
424 447
424 461
424 466
424 485
425 42
425 245
425 288
425 301
425 322
425 358
425 400
425 414
425 424
425 437
426 104
426 105
426 112
426 146
426 211
426 227
426 339
426 357
426 427
426 430
426 444
427 91
427 386
427 398
427 424
427 426
427 429
427 447
427 461
427 470
427 482
427 485
428 74
428 145
428 243
428 251
428 324
428 336
428 370
428 384
428 429
428 497
428 499
429 91
429 398
429 427
429 428
429 447
429 466
429 470
429 473
429 485
430 105
430 274
430 426
430 435
430 444
430 462
431 92
431 115
431 135
431 240
431 289
431 320
431 380
431 433
431 438
431 451
431 480
432 11
432 162
432 182
432 219
432 231
432 246
432 258
432 383
432 397
432 421
432 434
433 13
433 87
433 121
433 296
433 321
433 340
433 367
433 407
433 431
433 456
433 481
434 13
434 296
434 340
434 367
434 378
434 407
434 432
434 450
434 456
434 469
434 481
435 11
435 162
435 219
435 246
435 258
435 274
435 383
435 397
435 421
435 430
435 453
436 46
436 233
436 346
436 361
436 366
436 409
436 472
436 488
437 42
437 245
437 288
437 301
437 322
437 358
437 400
437 413
437 425
437 445
437 449
438 7
438 58
438 240
438 289
438 380
438 387
438 431
438 439
438 480
439 31
439 50
439 266
439 277
439 293
439 373
439 388
439 406
439 438
440 441
440 476
440 484
440 491
440 493
440 494
441 113
441 160
441 250
441 276
441 285
441 371
441 415
441 440
441 442
441 460
441 483
442 108
442 109
442 113
442 126
442 160
442 250
442 267
442 308
442 371
442 441
442 460
443 276
443 285
443 308
443 326
443 444
443 460
443 483
444 104
444 119
444 141
444 146
444 211
444 335
444 339
444 357
444 372
444 426
444 430
444 443
445 34
445 39
445 54
445 116
445 194
445 300
445 328
445 396
445 423
445 437
445 446
445 449
446 125
446 249
446 268
446 315
446 331
446 363
446 445
446 449
446 463
446 471
446 487
446 496
447 91
447 386
447 398
447 424
447 427
447 429
447 450
447 461
447 473
447 482
447 485
448 173
448 199
448 224
448 270
448 279
448 298
448 393
448 394
448 419
448 463
448 466
448 477
449 34
449 39
449 116
449 194
449 328
449 396
449 437
449 445
449 446
449 459
450 13
450 87
450 121
450 296
450 321
450 340
450 367
450 378
450 434
450 447
450 469
450 481
451 7
451 135
451 387
451 431
451 452
452 451
452 476
452 484
452 491
452 493
452 494
453 11
453 162
453 182
453 219
453 231
453 246
453 258
453 397
453 420
453 421
453 435
453 457
454 30
454 40
454 77
454 103
454 129
454 197
454 214
454 232
454 255
454 294
454 299
454 412
455 268
455 331
455 363
455 460
455 463
455 487
455 496
456 13
456 87
456 296
456 321
456 367
456 407
456 433
456 434
456 458
456 459
456 469
456 481
457 14
457 18
457 60
457 95
457 117
457 278
457 287
457 392
457 395
457 408
457 419
457 453
458 15
458 163
458 229
458 234
458 291
458 323
458 330
458 334
458 456
458 459
458 474
458 478
459 34
459 39
459 54
459 116
459 194
459 300
459 328
459 344
459 423
459 449
459 456
459 458
460 126
460 285
460 415
460 441
460 442
460 443
460 455
461 91
461 398
461 424
461 427
461 447
461 462
461 466
461 470
461 482
461 485
462 104
462 105
462 112
462 141
462 146
462 211
462 227
462 339
462 357
462 372
462 430
462 461
462 489
463 125
463 186
463 238
463 268
463 305
463 315
463 325
463 331
463 363
463 446
463 448
463 455
463 467
463 471
463 475
463 487
463 490
463 492
464 74
464 145
464 184
464 243
464 251
464 324
464 336
464 370
464 465
464 474
464 497
464 499
464 500
465 125
465 249
465 305
465 363
465 464
465 474
465 487
465 496
466 20
466 37
466 170
466 175
466 386
466 398
466 424
466 429
466 448
466 461
466 473
466 482
466 485
467 249
467 253
467 363
467 463
467 471
467 475
467 496
468 25
468 74
468 123
468 167
468 184
468 243
468 244
468 251
468 336
468 370
468 478
468 497
468 500
469 13
469 87
469 121
469 296
469 321
469 340
469 367
469 375
469 378
469 407
469 434
469 450
469 456
470 20
470 37
470 91
470 170
470 175
470 353
470 386
470 427
470 429
470 461
470 471
470 473
470 482
471 125
471 249
471 268
471 305
471 325
471 331
471 363
471 446
471 463
471 467
471 470
471 475
471 492
472 64
472 67
472 130
472 132
472 144
472 233
472 319
472 354
472 369
472 409
472 436
472 476
472 486
472 495
473 20
473 37
473 167
473 170
473 175
473 353
473 386
473 398
473 429
473 447
473 466
473 470
473 478
473 482
474 163
474 229
474 234
474 264
474 291
474 323
474 327
474 330
474 334
474 389
474 391
474 458
474 464
474 465
475 356
475 357
475 363
475 463
475 467
475 471
475 487
475 496
476 99
476 210
476 217
476 253
476 306
476 312
476 349
476 377
476 382
476 390
476 440
476 452
476 472
476 491
477 28
477 139
477 199
477 200
477 222
477 224
477 270
477 279
477 298
477 359
477 393
477 394
477 419
477 448
477 494
478 15
478 163
478 229
478 234
478 264
478 291
478 323
478 327
478 330
478 334
478 389
478 391
478 458
478 468
478 473
479 83
479 99
479 217
479 306
479 312
479 349
479 377
479 382
479 390
479 401
479 418
479 480
479 481
479 484
479 494
480 7
480 58
480 431
480 438
480 479
480 481
481 13
481 87
481 121
481 296
481 321
481 340
481 367
481 378
481 407
481 433
481 434
481 450
481 456
481 479
481 480
482 91
482 427
482 447
482 461
482 466
482 470
482 473
482 483
482 484
482 485
483 126
483 272
483 285
483 441
483 443
483 482
483 484
484 17
484 83
484 99
484 210
484 217
484 253
484 306
484 312
484 349
484 382
484 401
484 440
484 452
484 479
484 482
484 483
485 20
485 37
485 91
485 170
485 175
485 353
485 386
485 398
485 424
485 427
485 429
485 447
485 461
485 466
485 482
485 486
485 497
486 64
486 67
486 144
486 316
486 319
486 346
486 354
486 361
486 366
486 368
486 369
486 409
486 472
486 485
486 488
486 495
486 497
487 186
487 196
487 238
487 249
487 305
487 315
487 325
487 331
487 363
487 446
487 455
487 463
487 465
487 475
487 488
487 490
487 496
488 46
488 64
488 67
488 130
488 144
488 195
488 233
488 316
488 319
488 354
488 366
488 369
488 409
488 436
488 486
488 487
488 495
489 105
489 141
489 372
489 462
489 490
489 498
490 125
490 268
490 331
490 363
490 463
490 487
490 489
490 496
490 498
491 17
491 83
491 99
491 210
491 217
491 253
491 259
491 306
491 349
491 382
491 401
491 440
491 452
491 476
491 492
491 493
491 494
491 500
492 325
492 463
492 471
492 491
492 496
492 500
493 17
493 99
493 210
493 217
493 253
493 259
493 306
493 312
493 349
493 377
493 382
493 390
493 401
493 440
493 452
493 491
493 494
493 495
493 496
494 17
494 83
494 99
494 210
494 217
494 253
494 259
494 306
494 312
494 349
494 382
494 390
494 418
494 440
494 452
494 477
494 479
494 491
494 493
495 46
495 366
495 472
495 486
495 488
495 493
495 499
496 125
496 186
496 238
496 249
496 268
496 305
496 315
496 325
496 331
496 446
496 455
496 465
496 467
496 475
496 487
496 490
496 492
496 493
496 499
497 25
497 74
497 100
497 123
497 145
497 244
497 251
497 324
497 336
497 342
497 370
497 428
497 464
497 468
497 485
497 486
497 498
497 499
497 500
498 145
498 324
498 489
498 490
498 497
498 500
499 145
499 379
499 384
499 428
499 464
499 495
499 496
499 497
499 500
500 25
500 74
500 100
500 123
500 145
500 184
500 243
500 244
500 251
500 324
500 336
500 342
500 370
500 384
500 464
500 468
500 491
500 492
500 497
500 498
500 499
