1 6
2 6
3 7
4 40
5 36
6 15
7 37
8 33
9 3
10 3
11 25
12 35
13 13
14 37
15 18
16 6
17 38
18 43
19 42
20 17
21 34
22 13
23 2
24 32
25 11
26 32
27 39
28 15
29 24
30 34
31 39
32 1
33 44
34 4
35 37
36 8
37 24
38 6
39 21
40 17
41 10
42 28
43 40
44 26
45 27
46 31
47 11
48 4
49 29
50 22
51 26
52 23
53 38
54 29
55 40
56 26
57 21
58 30
59 30
60 40
61 12
62 8
63 20
64 28
65 23
66 30
67 37
68 12
69 31
70 35
71 29
72 14
73 33
74 4
75 7
76 22
77 3
78 27
79 5
80 25
81 9
82 44
83 14
84 21
85 35
86 11
87 42
88 42
89 33
90 18
91 3
92 31
93 15
94 30
95 5
96 35
97 39
98 42
99 35
100 33
101 41
102 7
103 7
104 41
105 25
106 9
107 1
108 13
109 41
110 18
111 22
112 33
113 43
114 14
115 32
116 22
117 14
118 34
119 4
120 42
121 22
122 15
123 33
124 24
125 6
126 8
127 39
128 26
129 20
130 40
131 2
132 27
133 16
134 31
135 35
136 20
137 38
138 35
139 27
140 18
141 24
142 35
143 37
144 40
145 35
146 28
147 41
148 44
149 31
150 38
151 34
152 8
153 41
154 3
155 32
156 41
157 7
158 15
159 19
160 5
161 20
162 14
163 4
164 44
165 14
166 19
167 20
168 5
169 13
170 36
171 29
172 3
173 43
174 31
175 42
176 43
177 9
178 24
179 28
180 27
181 10
182 5
183 7
184 16
185 23
186 43
187 12
188 11
189 38
190 19
191 1
192 22
193 17
194 38
195 22
196 5
197 44
198 9
199 8
200 29
201 2
202 37
203 14
204 7
205 2
206 25
207 10
208 19
209 30
210 11
211 11
212 35
213 29
214 33
215 36
216 11
217 8
218 1
219 13
220 36
221 41
222 11
223 22
224 21
225 25
226 39
227 13
228 26
229 39
230 37
231 14
232 31
233 9
234 23
235 28
236 32
237 30
238 34
239 21
240 43
241 8
242 16
243 1
244 18
245 29
246 38
247 12
248 28
249 11
250 34
251 9
252 14
253 42
254 12
255 10
256 19
257 24
258 36
259 23
260 25
261 42
262 2
263 5
264 9
265 20
266 44
267 4
268 30
269 36
270 21
271 43
272 44
273 26
274 7
275 40
276 4
277 12
278 12
279 19
280 32
281 23
282 26
283 9
284 1
285 39
286 17
287 23
288 25
289 22
290 2
291 10
292 27
293 43
294 13
295 19
296 10
297 32
298 26
299 24
300 12
301 2
302 1
303 36
304 14
305 10
306 18
307 28
308 8
309 42
310 23
311 21
312 11
313 44
314 26
315 44
316 18
317 39
318 32
319 4
320 5
321 27
322 27
323 32
324 24
325 30
326 20
327 8
328 28
329 5
330 5
331 36
332 30
333 42
334 16
335 32
336 13
337 33
338 34
339 10
340 34
341 30
342 17
343 22
344 16
345 8
346 1
347 1
348 35
349 17
350 17
351 30
352 17
353 5
354 38
355 44
356 32
357 33
358 23
359 44
360 23
361 32
362 8
363 17
364 10
365 22
366 33
367 34
368 26
369 21
370 21
371 27
372 25
373 43
374 44
375 18
376 7
377 39
378 28
379 25
380 32
381 23
382 32
383 34
384 18
385 43
386 42
387 34
388 28
389 43
390 21
391 18
392 44
393 14
394 14
395 21
396 38
397 39
398 16
399 25
400 5
401 14
402 16
403 44
404 35
405 5
406 10
407 38
408 38
409 5
410 14
411 17
412 17
413 26
414 42
415 39
416 24
417 13
418 18
419 24
420 35
421 25
422 33
423 39
424 44
425 13
426 10
427 27
428 44
429 39
430 42
431 5
432 13
433 10
434 13
435 14
436 27
437 39
438 33
439 32
440 16
441 13
442 16
443 26
444 18
445 27
446 27
447 39
448 16
449 42
450 26
451 5
452 16
453 16
454 42
455 14
456 27
457 26
458 39
459 33
460 18
461 13
462 14
463 39
464 18
465 26
466 33
467 44
468 39
469 32
470 13
471 14
472 16
473 44
474 18
475 16
476 16
477 26
478 33
479 14
480 42
481 44
482 18
483 14
484 44
485 5
486 18
487 39
488 14
489 32
490 39
491 18
492 32
493 32
494 18
495 18
496 39
497 39
498 44
499 44
500 39
