1 111
1 177
1 214
1 222
1 396
2 37
2 44
2 51
2 97
2 163
3 103
3 416
3 496
3 498
3 499
4 345
4 364
4 424
4 430
4 446
5 72
5 87
5 106
5 138
5 355
6 55
6 109
6 134
6 162
6 197
7 33
7 317
7 358
7 456
7 492
8 54
8 71
8 89
8 131
8 500
9 16
9 266
9 267
9 299
9 308
10 108
10 125
10 188
10 262
10 301
11 27
11 42
11 91
11 103
11 182
12 31
12 46
12 167
12 238
12 352
13 172
13 221
13 365
13 390
13 414
14 248
14 278
14 337
14 476
14 484
15 80
15 118
15 160
15 258
15 291
16 9
16 266
16 267
16 299
16 308
17 90
17 409
17 460
17 463
17 471
18 101
18 232
18 401
18 462
18 486
19 84
19 200
19 247
19 271
19 428
20 446
20 450
20 460
20 463
20 465
21 481
21 493
21 494
21 497
21 500
22 41
22 63
22 81
22 105
22 107
23 78
23 107
23 110
23 336
23 412
24 56
24 61
24 190
24 259
24 316
25 82
25 119
25 313
25 342
25 365
26 32
26 62
26 76
26 128
26 423
27 11
27 42
27 91
27 103
27 351
28 315
28 362
28 437
28 443
28 464
29 191
29 426
29 429
29 441
29 442
30 31
30 45
30 201
30 277
30 285
31 12
31 30
31 46
31 53
31 352
32 26
32 62
32 76
32 128
32 311
33 7
33 187
33 358
33 484
33 492
34 44
34 186
34 281
34 287
34 404
35 187
35 289
35 371
35 385
35 394
36 366
36 473
36 480
36 490
36 491
37 2
37 44
37 51
37 97
37 229
38 199
38 208
38 416
38 432
38 464
39 204
39 373
39 375
39 393
39 488
40 59
40 79
40 171
40 181
40 183
41 22
41 63
41 81
41 105
41 362
42 11
42 27
42 91
42 103
42 179
43 84
43 200
43 247
43 271
43 467
44 2
44 34
44 37
44 51
44 97
45 30
45 88
45 245
45 277
45 285
46 12
46 31
46 53
46 238
46 279
47 83
47 234
47 260
47 375
47 391
48 302
48 406
48 423
48 452
48 459
49 189
49 203
49 205
49 222
49 369
50 350
50 472
50 480
50 487
50 495
51 2
51 37
51 44
51 97
51 409
52 223
52 393
52 394
52 399
52 499
53 31
53 46
53 167
53 279
53 352
54 8
54 71
54 89
54 131
54 213
55 6
55 134
55 162
55 197
55 202
56 24
56 61
56 167
56 190
56 316
57 166
57 182
57 259
57 292
57 316
58 143
58 367
58 372
58 376
58 398
59 40
59 79
59 171
59 181
59 183
60 272
60 280
60 337
60 358
60 454
61 24
61 56
61 166
61 182
61 259
62 26
62 32
62 76
62 128
62 442
63 22
63 41
63 81
63 105
63 380
64 140
64 450
64 489
64 496
64 498
65 329
65 336
65 403
65 410
65 467
66 129
66 387
66 476
66 477
66 484
67 450
67 451
67 456
67 466
67 469
68 409
68 425
68 440
68 474
68 491
69 229
69 249
69 333
69 354
69 384
70 74
70 144
70 146
70 150
70 484
71 8
71 54
71 89
71 131
71 251
72 5
72 87
72 106
72 138
72 165
73 180
73 324
73 344
73 368
73 396
74 70
74 144
74 146
74 150
74 405
75 84
75 200
75 247
75 271
75 323
76 26
76 32
76 62
76 128
76 479
77 259
77 432
77 437
77 443
77 464
78 23
78 85
78 404
78 405
78 412
79 40
79 59
79 181
79 183
79 421
80 15
80 110
80 258
80 289
80 291
81 22
81 41
81 63
81 105
81 215
82 25
82 313
82 365
82 414
82 463
83 47
83 137
83 195
83 375
83 488
84 19
84 43
84 75
84 98
84 247
85 78
85 281
85 287
85 405
85 412
86 158
86 269
86 304
86 392
86 453
87 5
87 72
87 106
87 138
87 490
88 45
88 201
88 245
88 277
88 285
89 8
89 54
89 71
89 131
89 343
90 17
90 450
90 460
90 465
90 471
91 11
91 27
91 42
91 103
91 384
92 93
92 174
92 376
92 397
92 398
93 92
93 158
93 269
93 304
93 392
94 270
94 281
94 312
94 393
94 402
95 335
95 406
95 423
95 435
95 459
96 266
96 267
96 299
96 308
96 333
97 2
97 37
97 44
97 51
97 384
98 84
98 224
98 234
98 391
98 488
99 115
99 275
99 383
99 390
99 414
100 168
100 377
100 393
100 394
100 399
101 18
101 240
101 244
101 303
101 388
102 106
102 289
102 371
102 374
102 385
103 3
103 11
103 27
103 42
103 91
104 108
104 188
104 211
104 262
104 301
105 22
105 41
105 63
105 81
105 447
106 5
106 72
106 87
106 102
106 138
107 22
107 23
107 336
107 404
107 412
108 10
108 104
108 211
108 262
108 301
109 6
109 134
109 162
109 197
109 395
110 23
110 80
110 153
110 258
110 291
111 1
111 142
111 177
111 214
111 222
112 113
112 231
112 363
112 369
112 438
113 112
113 180
113 300
113 324
113 453
114 290
114 395
114 408
114 456
114 466
115 99
115 172
115 275
115 313
115 365
116 428
116 445
116 493
116 497
116 500
117 291
117 432
117 437
117 443
117 464
118 15
118 121
118 153
118 258
118 291
119 25
119 313
119 365
119 390
119 414
120 326
120 356
120 383
120 421
120 461
121 118
121 230
121 276
121 305
121 347
122 229
122 243
122 333
122 384
122 488
123 415
123 431
123 479
123 497
123 499
124 479
124 485
124 489
124 498
124 499
125 10
125 286
125 332
125 343
125 347
126 228
126 265
126 309
126 314
126 454
127 173
127 322
127 356
127 421
127 461
128 26
128 32
128 62
128 76
128 338
129 66
129 266
129 328
129 476
129 492
130 431
130 485
130 489
130 498
130 499
131 8
131 54
131 71
131 89
131 373
132 216
132 364
132 371
132 374
132 385
133 149
133 295
133 298
133 307
133 427
134 6
134 55
134 109
134 162
134 197
135 420
135 468
135 472
135 483
135 495
136 227
136 417
136 462
136 478
136 486
137 83
137 195
137 283
137 386
137 488
138 5
138 72
138 87
138 106
138 234
139 339
139 368
139 396
139 453
139 485
140 64
140 362
140 470
140 482
140 489
141 454
141 476
141 477
141 484
141 492
142 111
142 177
142 214
142 222
142 233
143 58
143 458
143 473
143 490
143 491
144 70
144 74
144 146
144 150
144 413
145 187
145 216
145 289
145 374
145 385
146 70
146 74
146 144
146 150
146 152
147 317
147 476
147 477
147 484
147 492
148 286
148 305
148 343
148 347
148 437
149 133
149 219
149 295
149 298
149 307
150 70
150 74
150 144
150 146
150 375
151 273
151 434
151 483
151 491
151 495
152 146
152 193
152 238
152 279
152 352
153 110
153 118
153 258
153 291
153 402
154 431
154 481
154 493
154 494
154 500
155 213
155 423
155 435
155 459
155 486
156 256
156 460
156 463
156 465
156 471
157 180
157 324
157 368
157 399
157 453
158 86
158 93
158 176
158 251
158 392
159 292
159 402
159 444
159 463
159 471
160 15
160 410
160 447
160 452
160 467
161 192
161 236
161 272
161 429
161 441
162 6
162 55
162 109
162 134
162 197
163 2
163 289
163 371
163 374
163 385
164 280
164 317
164 477
164 492
164 499
165 72
165 219
165 295
165 298
165 307
166 57
166 61
166 182
166 259
166 316
167 12
167 53
167 56
167 279
167 352
168 100
168 479
168 482
168 485
168 499
169 265
169 270
169 309
169 314
169 353
170 175
170 185
170 254
170 268
170 426
171 40
171 59
171 181
171 183
171 461
172 13
172 115
172 275
172 313
172 390
172 414
173 127
173 233
173 383
173 421
173 439
173 461
174 92
174 302
174 372
174 376
174 397
174 398
175 170
175 176
175 192
175 429
175 441
175 442
176 158
176 175
176 251
176 269
176 304
176 392
177 1
177 111
177 142
177 214
177 217
177 222
178 334
178 380
178 390
178 423
178 435
178 459
179 42
179 387
179 454
179 476
179 484
179 492
180 73
180 113
180 157
180 290
180 396
180 475
181 40
181 59
181 79
181 171
181 183
181 306
182 11
182 57
182 61
182 166
182 190
182 316
183 40
183 59
183 79
183 171
183 181
183 457
184 367
184 372
184 376
184 397
184 398
184 465
185 170
185 186
185 268
185 426
185 441
185 442
186 34
186 185
186 281
186 336
186 404
186 405
187 33
187 35
187 145
187 216
187 371
187 374
188 10
188 104
188 211
188 262
188 301
188 411
189 49
189 203
189 278
189 323
189 330
189 360
190 24
190 56
190 182
190 218
190 259
190 316
191 29
191 283
191 426
191 429
191 441
191 442
192 161
192 175
192 426
192 441
192 442
192 482
193 152
193 470
193 482
193 485
193 496
193 498
194 229
194 243
194 249
194 333
194 384
194 475
195 83
195 137
195 215
195 260
195 411
195 488
196 322
196 357
196 442
196 462
196 478
196 486
197 6
197 55
197 109
197 134
197 162
197 309
198 451
198 456
198 457
198 466
198 469
198 487
199 38
199 200
199 261
199 362
199 437
199 464
200 19
200 43
200 75
200 199
200 247
200 271
201 30
201 88
201 245
201 277
201 285
201 472
202 55
202 350
202 403
202 447
202 452
202 467
203 49
203 189
203 348
203 386
203 438
203 481
204 39
204 260
204 373
204 375
204 462
204 488
205 49
205 231
205 360
205 363
205 438
205 484
206 334
206 380
206 406
206 435
206 441
206 459
207 460
207 473
207 480
207 483
207 487
207 490
208 38
208 315
208 437
208 443
208 459
208 464
209 210
209 217
209 254
209 356
209 383
209 421
210 209
210 483
210 487
210 490
210 491
210 495
211 104
211 108
211 188
211 262
211 301
211 449
212 294
212 389
212 395
212 451
212 466
212 469
213 54
213 155
213 334
213 380
213 435
213 459
214 1
214 111
214 142
214 177
214 222
214 413
215 81
215 195
215 234
215 282
215 411
215 488
216 132
216 145
216 187
216 371
216 374
216 385
217 177
217 209
217 254
217 326
217 331
217 461
218 190
218 242
218 303
218 341
218 381
218 388
219 149
219 165
219 295
219 298
219 307
219 391
220 228
220 252
220 265
220 309
220 348
220 353
221 13
221 425
221 427
221 440
221 474
221 475
222 1
222 49
222 111
222 142
222 177
222 214
223 52
223 319
223 377
223 394
223 399
223 402
224 98
224 242
224 373
224 411
224 436
224 488
225 255
225 468
225 473
225 480
225 487
225 495
226 240
226 294
226 341
226 381
226 388
226 398
227 136
227 263
227 342
227 407
227 478
227 486
228 126
228 220
228 252
228 314
228 353
228 417
229 37
229 69
229 122
229 194
229 333
229 384
230 121
230 276
230 332
230 343
230 347
230 495
231 112
231 205
231 323
231 363
231 435
231 438
232 18
232 310
232 401
232 417
232 478
232 486
233 142
233 173
233 326
233 331
233 355
233 461
234 47
234 98
234 138
234 215
234 411
234 488
235 339
235 367
235 372
235 376
235 397
235 398
236 161
236 237
236 268
236 426
236 429
236 442
237 236
237 346
237 440
237 448
237 474
237 475
238 12
238 46
238 152
238 279
238 352
238 385
239 346
239 436
239 483
239 487
239 491
239 495
240 101
240 226
240 241
240 244
240 341
240 381
241 240
241 263
241 401
241 407
241 478
241 486
242 218
242 224
242 244
242 294
242 381
242 388
243 122
243 194
243 249
243 333
243 384
243 392
244 101
244 240
244 242
244 294
244 341
244 388
245 45
245 88
245 201
245 277
245 285
245 419
246 329
246 403
246 418
246 447
246 452
246 467
247 19
247 43
247 75
247 84
247 200
247 271
248 14
248 378
248 395
248 451
248 466
248 469
249 69
249 194
249 243
249 333
249 345
249 384
250 314
250 315
250 432
250 437
250 443
250 464
251 71
251 158
251 176
251 269
251 304
251 392
252 220
252 228
252 265
252 274
252 314
252 353
253 340
253 422
253 430
253 433
253 446
253 478
254 170
254 209
254 217
254 326
254 331
254 421
254 461
255 225
255 320
255 444
255 450
255 460
255 465
255 471
256 156
256 444
256 450
256 460
256 465
256 471
256 482
257 285
257 325
257 338
257 340
257 424
257 433
257 446
258 15
258 80
258 110
258 118
258 153
258 291
258 410
259 24
259 57
259 61
259 77
259 166
259 190
259 316
260 47
260 195
260 204
260 283
260 375
260 415
260 488
261 199
261 315
261 374
261 432
261 437
261 443
261 464
262 10
262 104
262 108
262 188
262 211
262 301
262 340
263 227
263 241
263 354
263 417
263 462
263 486
263 496
264 350
264 403
264 418
264 447
264 452
264 460
264 467
265 126
265 169
265 220
265 252
265 309
265 314
265 353
266 9
266 16
266 96
266 129
266 267
266 299
266 308
267 9
267 16
267 96
267 266
267 299
267 308
267 447
268 170
268 185
268 236
268 272
268 426
268 429
268 492
269 86
269 93
269 176
269 251
269 304
269 320
269 392
270 94
270 169
270 312
270 319
270 377
270 394
270 399
271 19
271 43
271 75
271 200
271 247
271 472
271 483
272 60
272 161
272 268
272 426
272 429
272 441
272 442
273 151
273 284
273 329
273 410
273 447
273 452
273 467
274 252
274 449
274 479
274 482
274 489
274 496
274 498
275 99
275 115
275 172
275 365
275 390
275 414
275 483
276 121
276 230
276 286
276 296
276 332
276 343
276 347
277 30
277 45
277 88
277 201
277 245
277 285
277 493
278 14
278 189
278 454
278 476
278 477
278 484
278 492
279 46
279 53
279 152
279 167
279 238
279 352
279 401
280 60
280 164
280 387
280 454
280 477
280 484
280 492
281 34
281 85
281 94
281 186
281 404
281 405
281 412
282 215
282 373
282 375
282 391
282 411
282 443
282 488
283 137
283 191
283 260
283 373
283 391
283 411
283 488
284 273
284 350
284 418
284 433
284 447
284 452
284 467
285 30
285 45
285 88
285 201
285 245
285 257
285 277
286 125
286 148
286 276
286 305
286 332
286 343
286 382
287 34
287 85
287 336
287 404
287 405
287 412
287 480
288 290
288 300
288 306
288 324
288 344
288 396
288 424
289 35
289 80
289 102
289 145
289 163
289 371
289 374
290 114
290 180
290 288
290 300
290 339
290 344
290 453
291 15
291 80
291 110
291 117
291 118
291 153
291 258
292 57
292 159
292 359
292 444
292 450
292 463
292 471
293 334
293 470
293 485
293 489
293 496
293 498
293 499
294 212
294 226
294 242
294 244
294 303
294 341
294 388
295 133
295 149
295 165
295 219
295 298
295 307
295 317
296 276
296 378
296 408
296 451
296 457
296 466
296 469
297 409
297 420
297 425
297 448
297 474
297 475
297 490
298 133
298 149
298 165
298 219
298 295
298 307
298 392
299 9
299 16
299 96
299 266
299 267
299 308
299 397
300 113
300 288
300 290
300 339
300 396
300 453
300 489
301 10
301 104
301 108
301 188
301 211
301 262
301 425
302 48
302 174
302 335
302 380
302 406
302 423
302 459
303 101
303 218
303 294
303 341
303 381
303 388
303 493
304 86
304 93
304 176
304 251
304 269
304 392
304 432
305 121
305 148
305 286
305 318
305 332
305 343
305 347
306 181
306 288
306 324
306 344
306 368
306 396
306 453
307 133
307 149
307 165
307 219
307 295
307 298
307 441
308 9
308 16
308 96
308 266
308 267
308 299
308 316
309 126
309 169
309 197
309 220
309 265
309 314
309 353
310 232
310 354
310 357
310 401
310 426
310 478
310 486
311 32
311 323
311 360
311 363
311 369
311 386
311 438
312 94
312 270
312 319
312 377
312 393
312 394
312 399
312 402
313 25
313 82
313 115
313 119
313 172
313 390
313 414
313 477
314 126
314 169
314 228
314 250
314 252
314 265
314 309
314 353
315 28
315 208
315 250
315 261
315 362
315 423
315 443
315 464
316 24
316 56
316 57
316 166
316 182
316 190
316 259
316 308
317 7
317 147
317 164
317 295
317 454
317 477
317 484
317 492
318 305
318 351
318 409
318 420
318 427
318 440
318 474
318 475
319 223
319 270
319 312
319 377
319 393
319 399
319 402
319 458
320 255
320 269
320 359
320 444
320 450
320 463
320 465
320 471
321 349
321 365
321 413
321 481
321 493
321 494
321 497
321 500
322 127
322 196
322 357
322 412
322 417
322 462
322 478
322 486
323 75
323 189
323 231
323 311
323 348
323 360
323 369
323 438
324 73
324 113
324 157
324 288
324 306
324 325
324 339
324 453
325 257
325 324
325 338
325 364
325 422
325 424
325 430
325 446
326 120
326 217
326 233
326 254
326 355
326 356
326 383
326 461
327 330
327 472
327 473
327 480
327 483
327 487
327 490
327 491
328 129
328 337
328 381
328 387
328 454
328 477
328 484
328 492
329 65
329 246
329 273
329 403
329 418
329 447
329 467
329 468
330 189
330 327
330 378
330 395
330 456
330 457
330 466
330 469
331 217
331 233
331 254
331 355
331 383
331 389
331 461
331 486
332 125
332 230
332 276
332 286
332 305
332 343
332 347
332 387
333 69
333 96
333 122
333 194
333 229
333 243
333 249
333 384
334 178
334 206
334 213
334 293
334 335
334 406
334 435
334 459
335 95
335 302
335 334
335 380
335 406
335 423
335 448
335 459
336 23
336 65
336 107
336 186
336 287
336 404
336 405
336 412
337 14
337 60
337 328
337 358
337 476
337 477
337 489
337 492
338 128
338 257
338 325
338 345
338 422
338 424
338 433
338 446
339 139
339 235
339 290
339 300
339 324
339 344
339 368
339 453
340 253
340 257
340 262
340 422
340 424
340 430
340 433
340 446
341 218
341 226
341 240
341 244
341 294
341 303
341 381
341 469
342 25
342 227
342 357
342 401
342 407
342 417
342 478
342 486
343 89
343 125
343 148
343 230
343 276
343 286
343 305
343 332
344 73
344 288
344 290
344 306
344 339
344 396
344 410
344 453
345 4
345 249
345 338
345 364
345 422
345 424
345 430
345 433
346 237
346 239
346 351
346 420
346 440
346 448
346 474
346 475
347 121
347 125
347 148
347 230
347 276
347 305
347 332
347 349
348 203
348 220
348 323
348 360
348 363
348 369
348 386
348 438
349 321
349 347
349 400
349 419
349 481
349 493
349 497
349 500
350 50
350 202
350 264
350 284
350 410
350 418
350 452
350 467
351 27
351 318
351 346
351 420
351 440
351 448
351 474
351 475
352 12
352 31
352 53
352 152
352 167
352 238
352 279
352 492
353 169
353 220
353 228
353 252
353 265
353 309
353 314
353 420
354 69
354 263
354 310
354 359
354 401
354 417
354 462
354 478
355 5
355 233
355 326
355 331
355 356
355 383
355 421
355 461
356 120
356 127
356 209
356 326
356 355
356 369
356 421
356 461
357 196
357 310
357 322
357 342
357 462
357 474
357 478
357 486
358 7
358 33
358 60
358 337
358 457
358 476
358 484
358 492
359 292
359 320
359 354
359 421
359 444
359 460
359 463
359 465
359 471
360 189
360 205
360 311
360 323
360 348
360 363
360 369
360 386
360 422
361 400
361 413
361 428
361 439
361 463
361 493
361 494
361 497
361 500
362 28
362 41
362 140
362 199
362 315
362 432
362 437
362 443
362 464
363 112
363 205
363 231
363 311
363 348
363 360
363 386
363 438
363 449
364 4
364 132
364 325
364 345
364 422
364 430
364 433
364 446
364 473
365 13
365 25
365 82
365 115
365 119
365 275
365 321
365 414
365 429
366 36
366 413
366 419
366 439
366 455
366 493
366 494
366 497
366 500
367 58
367 184
367 235
367 368
367 372
367 373
367 376
367 397
367 398
368 73
368 139
368 157
368 306
368 339
368 367
368 396
368 453
368 470
369 49
369 112
369 311
369 323
369 348
369 356
369 360
369 386
369 438
370 371
370 419
370 445
370 455
370 481
370 493
370 494
370 497
370 500
371 35
371 102
371 132
371 163
371 187
371 216
371 289
371 370
371 385
372 58
372 174
372 184
372 235
372 367
372 376
372 397
372 398
372 474
373 39
373 131
373 204
373 224
373 282
373 283
373 367
373 391
373 488
374 102
374 132
374 145
374 163
374 187
374 216
374 261
374 289
374 385
375 39
375 47
375 83
375 150
375 204
375 260
375 282
375 411
375 488
376 58
376 92
376 174
376 184
376 235
376 367
376 372
376 397
376 398
377 100
377 223
377 270
377 312
377 319
377 393
377 394
377 402
377 406
378 248
378 296
378 330
378 389
378 405
378 451
378 457
378 466
378 469
379 470
379 479
379 482
379 485
379 489
379 496
379 498
379 499
379 500
380 63
380 178
380 206
380 213
380 302
380 335
380 423
380 435
380 459
381 218
381 226
381 240
381 242
381 303
381 328
381 341
381 382
381 388
382 286
382 381
382 420
382 425
382 427
382 440
382 448
382 474
382 475
383 99
383 120
383 173
383 209
383 326
383 331
383 355
383 421
383 461
384 69
384 91
384 97
384 122
384 194
384 229
384 243
384 249
384 333
385 35
385 102
385 132
385 145
385 163
385 216
385 238
385 371
385 374
386 137
386 203
386 311
386 348
386 360
386 363
386 369
386 438
386 471
387 66
387 179
387 280
387 328
387 332
387 454
387 476
387 477
387 492
388 101
388 218
388 226
388 242
388 244
388 294
388 303
388 381
388 475
389 212
389 331
389 378
389 400
389 408
389 451
389 456
389 457
389 469
390 13
390 99
390 119
390 172
390 178
390 275
390 313
390 414
390 455
391 47
391 98
391 219
391 282
391 283
391 373
391 411
391 440
391 488
392 86
392 93
392 158
392 176
392 243
392 251
392 269
392 298
392 304
393 39
393 52
393 94
393 100
393 312
393 319
393 377
393 394
393 399
393 402
394 35
394 52
394 100
394 223
394 270
394 312
394 377
394 393
394 399
394 402
395 109
395 114
395 212
395 248
395 330
395 408
395 451
395 456
395 457
395 466
396 1
396 73
396 139
396 180
396 288
396 300
396 306
396 344
396 368
396 453
397 92
397 174
397 184
397 235
397 299
397 367
397 372
397 376
397 398
397 400
398 58
398 92
398 174
398 184
398 226
398 235
398 367
398 372
398 376
398 397
399 52
399 100
399 157
399 223
399 270
399 312
399 319
399 393
399 394
399 402
400 349
400 361
400 389
400 397
400 419
400 455
400 481
400 494
400 497
400 500
401 18
401 232
401 241
401 279
401 310
401 342
401 354
401 407
401 462
401 478
402 94
402 153
402 159
402 223
402 312
402 319
402 377
402 393
402 394
402 399
403 65
403 202
403 246
403 264
403 329
403 410
403 418
403 452
403 467
403 498
404 34
404 78
404 107
404 186
404 281
404 287
404 336
404 405
404 412
404 485
405 74
405 78
405 85
405 186
405 281
405 287
405 336
405 378
405 404
405 412
406 48
406 95
406 206
406 302
406 334
406 335
406 377
406 423
406 435
406 459
407 227
407 241
407 342
407 401
407 408
407 417
407 458
407 462
407 478
407 486
408 114
408 296
408 389
408 395
408 407
408 451
408 456
408 457
408 464
408 469
409 17
409 51
409 68
409 297
409 318
409 420
409 425
409 448
409 474
409 475
410 65
410 160
410 258
410 273
410 344
410 350
410 403
410 418
410 452
410 467
411 188
411 195
411 215
411 224
411 234
411 282
411 283
411 375
411 391
411 488
412 23
412 78
412 85
412 107
412 281
412 287
412 322
412 336
412 404
412 405
413 144
413 214
413 321
413 361
413 366
413 481
413 493
413 494
413 497
413 500
414 13
414 82
414 99
414 119
414 172
414 275
414 313
414 365
414 390
414 498
415 123
415 260
415 416
415 449
415 459
415 479
415 485
415 489
415 496
415 498
415 499
416 3
416 38
416 415
416 449
416 470
416 479
416 482
416 485
416 496
416 498
416 499
417 136
417 228
417 232
417 263
417 322
417 342
417 354
417 407
417 462
417 478
417 486
418 246
418 264
418 284
418 329
418 350
418 403
418 410
418 447
418 452
418 467
418 494
419 245
419 349
419 366
419 370
419 400
419 428
419 455
419 481
419 493
419 494
419 497
420 135
420 297
420 318
420 346
420 351
420 353
420 382
420 409
420 427
420 474
420 475
421 79
421 120
421 127
421 173
421 209
421 254
421 355
421 356
421 359
421 383
421 461
422 253
422 325
422 338
422 340
422 345
422 360
422 364
422 424
422 430
422 433
422 446
423 26
423 48
423 95
423 155
423 178
423 302
423 315
423 335
423 380
423 406
423 435
424 4
424 257
424 288
424 325
424 338
424 340
424 345
424 422
424 430
424 433
424 446
425 68
425 221
425 297
425 301
425 382
425 409
425 427
425 440
425 448
425 474
425 475
426 29
426 170
426 185
426 191
426 192
426 236
426 268
426 272
426 310
426 429
426 441
427 133
427 221
427 318
427 382
427 420
427 425
427 432
427 440
427 448
427 474
427 475
428 19
428 116
428 361
428 419
428 439
428 445
428 481
428 493
428 494
428 497
428 500
429 29
429 161
429 175
429 191
429 236
429 268
429 272
429 365
429 426
429 441
429 442
430 4
430 253
430 325
430 340
430 345
430 364
430 422
430 424
430 433
430 444
430 446
431 123
431 130
431 154
431 453
431 470
431 479
431 482
431 489
431 496
431 498
431 499
432 38
432 77
432 117
432 250
432 261
432 304
432 362
432 427
432 437
432 443
432 464
433 253
433 257
433 284
433 338
433 340
433 345
433 364
433 422
433 424
433 430
433 438
434 151
434 436
434 468
434 472
434 473
434 480
434 483
434 487
434 490
434 491
434 495
435 95
435 155
435 178
435 206
435 213
435 231
435 334
435 380
435 406
435 423
435 438
435 459
436 224
436 239
436 434
436 458
436 468
436 472
436 480
436 483
436 487
436 490
436 491
436 495
437 28
437 77
437 117
437 148
437 199
437 208
437 250
437 261
437 362
437 432
437 443
437 464
438 112
438 203
438 205
438 231
438 311
438 323
438 348
438 363
438 369
438 386
438 433
438 435
439 173
439 361
439 366
439 428
439 445
439 455
439 464
439 481
439 493
439 494
439 497
439 500
440 68
440 221
440 237
440 318
440 346
440 351
440 382
440 391
440 425
440 427
440 474
440 475
441 29
441 161
441 175
441 185
441 191
441 192
441 206
441 272
441 307
441 426
441 429
441 442
442 29
442 62
442 175
442 185
442 191
442 192
442 196
442 236
442 272
442 429
442 441
442 477
443 28
443 77
443 117
443 208
443 250
443 261
443 282
443 315
443 362
443 432
443 437
443 462
444 159
444 255
444 256
444 292
444 320
444 359
444 430
444 450
444 460
444 463
444 465
444 471
445 116
445 370
445 428
445 439
445 446
445 455
445 479
445 481
445 493
445 494
445 497
445 500
446 4
446 20
446 253
446 257
446 325
446 338
446 340
446 364
446 422
446 424
446 430
446 445
447 105
447 160
447 202
447 246
447 264
447 267
447 273
447 284
447 329
447 418
447 452
447 467
448 237
448 297
448 335
448 346
448 351
448 382
448 409
448 425
448 427
448 473
448 474
448 475
449 211
449 274
449 363
449 415
449 416
449 470
449 479
449 482
449 485
449 489
449 496
449 498
449 499
450 20
450 64
450 67
450 90
450 255
450 256
450 292
450 320
450 444
450 460
450 463
450 465
450 471
451 67
451 198
451 212
451 248
451 296
451 378
451 389
451 395
451 408
451 456
451 457
451 461
451 469
452 48
452 160
452 202
452 246
452 264
452 273
452 284
452 350
452 403
452 410
452 418
452 447
452 467
453 86
453 113
453 139
453 157
453 290
453 300
453 306
453 324
453 339
453 344
453 368
453 396
453 431
454 60
454 126
454 141
454 179
454 278
454 280
454 317
454 328
454 387
454 455
454 476
454 484
454 492
455 366
455 370
455 390
455 400
455 419
455 439
455 445
455 454
455 481
455 493
455 494
455 497
455 500
456 7
456 67
456 114
456 198
456 330
456 389
456 395
456 408
456 451
456 457
456 466
456 468
456 469
457 183
457 198
457 296
457 330
457 358
457 378
457 389
457 395
457 408
457 451
457 456
457 466
457 469
458 143
458 319
458 407
458 436
458 468
458 472
458 473
458 480
458 483
458 487
458 490
458 491
458 495
459 48
459 95
459 155
459 178
459 206
459 208
459 213
459 302
459 334
459 335
459 380
459 406
459 415
459 435
460 17
460 20
460 90
460 156
460 207
460 255
460 256
460 264
460 359
460 444
460 450
460 463
460 465
460 471
461 120
461 127
461 171
461 173
461 217
461 233
461 254
461 326
461 331
461 355
461 356
461 383
461 421
461 451
462 18
462 136
462 196
462 204
462 263
462 322
462 354
462 357
462 401
462 407
462 417
462 443
462 478
462 486
463 17
463 20
463 82
463 156
463 159
463 292
463 320
463 359
463 361
463 444
463 450
463 460
463 465
463 471
464 28
464 38
464 77
464 117
464 199
464 208
464 250
464 261
464 315
464 362
464 408
464 432
464 437
464 439
465 20
465 90
465 156
465 184
465 255
465 256
465 320
465 359
465 444
465 450
465 460
465 463
465 466
465 471
466 67
466 114
466 198
466 212
466 248
466 296
466 330
466 378
466 395
466 456
466 457
466 465
466 469
466 489
467 43
467 65
467 160
467 202
467 246
467 264
467 273
467 284
467 329
467 350
467 403
467 410
467 418
467 447
467 452
468 135
468 225
468 329
468 434
468 436
468 456
468 458
468 472
468 473
468 480
468 483
468 487
468 490
468 491
468 495
469 67
469 198
469 212
469 248
469 296
469 330
469 341
469 378
469 389
469 408
469 451
469 456
469 457
469 466
469 470
470 140
470 193
470 293
470 368
470 379
470 416
470 431
470 449
470 469
470 479
470 482
470 485
470 489
470 496
470 499
471 17
471 90
471 156
471 159
471 255
471 256
471 292
471 320
471 359
471 386
471 444
471 450
471 460
471 463
471 465
472 50
472 135
472 201
472 271
472 327
472 434
472 436
472 458
472 468
472 473
472 480
472 483
472 487
472 490
472 491
472 495
473 36
473 143
473 207
473 225
473 327
473 364
473 434
473 448
473 458
473 468
473 472
473 483
473 487
473 490
473 491
473 495
474 68
474 221
474 237
474 297
474 318
474 346
474 351
474 357
474 372
474 382
474 409
474 420
474 425
474 427
474 440
474 448
475 180
475 194
475 221
475 237
475 297
475 318
475 346
475 351
475 382
475 388
475 409
475 420
475 425
475 427
475 440
475 448
476 14
476 66
476 129
476 141
476 147
476 179
476 278
476 337
476 358
476 387
476 454
476 477
476 478
476 481
476 484
476 492
477 66
477 141
477 147
477 164
477 278
477 280
477 313
477 317
477 328
477 337
477 387
477 442
477 476
477 482
477 484
477 492
478 136
478 196
478 227
478 232
478 241
478 253
478 310
478 322
478 342
478 354
478 357
478 401
478 407
478 417
478 462
478 476
478 486
479 76
479 123
479 124
479 168
479 274
479 379
479 415
479 416
479 431
479 445
479 449
479 470
479 482
479 485
479 496
479 498
479 499
480 36
480 50
480 207
480 225
480 287
480 327
480 434
480 436
480 458
480 468
480 472
480 483
480 487
480 490
480 491
480 495
480 497
481 21
481 154
481 203
481 321
481 349
481 370
481 400
481 413
481 419
481 428
481 439
481 445
481 455
481 476
481 493
481 494
481 497
481 500
482 140
482 168
482 192
482 193
482 256
482 274
482 379
482 416
482 431
482 449
482 470
482 477
482 479
482 485
482 489
482 496
482 498
482 499
483 135
483 151
483 207
483 210
483 239
483 271
483 275
483 327
483 434
483 436
483 458
483 468
483 472
483 473
483 480
483 490
483 491
483 495
484 14
484 33
484 66
484 70
484 141
484 147
484 179
484 205
484 278
484 280
484 317
484 328
484 358
484 454
484 476
484 477
484 492
484 496
485 124
485 130
485 139
485 168
485 193
485 293
485 379
485 404
485 415
485 416
485 449
485 470
485 479
485 482
485 489
485 496
485 498
485 499
486 18
486 136
486 155
486 196
486 227
486 232
486 241
486 263
486 310
486 322
486 331
486 342
486 357
486 407
486 417
486 462
486 478
486 487
487 50
487 198
487 207
487 210
487 225
487 239
487 327
487 434
487 436
487 458
487 468
487 472
487 473
487 480
487 486
487 490
487 491
487 495
488 39
488 83
488 98
488 122
488 137
488 195
488 204
488 215
488 224
488 234
488 260
488 282
488 283
488 373
488 375
488 391
488 411
488 491
489 64
489 124
489 130
489 140
489 274
489 293
489 300
489 337
489 379
489 415
489 431
489 449
489 466
489 470
489 482
489 485
489 496
489 498
489 499
490 36
490 87
490 143
490 207
490 210
490 297
490 327
490 434
490 436
490 458
490 468
490 472
490 473
490 480
490 483
490 487
490 491
490 494
490 495
491 36
491 68
491 143
491 151
491 210
491 239
491 327
491 434
491 436
491 458
491 468
491 472
491 473
491 480
491 483
491 487
491 488
491 490
491 495
492 7
492 33
492 129
492 141
492 147
492 164
492 179
492 268
492 278
492 280
492 317
492 328
492 337
492 352
492 358
492 387
492 454
492 476
492 477
492 484
493 21
493 116
493 154
493 277
493 303
493 321
493 349
493 361
493 366
493 370
493 413
493 419
493 428
493 439
493 445
493 455
493 481
493 494
493 497
493 500
494 21
494 154
494 321
494 361
494 366
494 370
494 400
494 413
494 418
494 419
494 428
494 439
494 445
494 455
494 481
494 490
494 493
494 496
494 497
494 500
495 50
495 135
495 151
495 210
495 225
495 230
495 239
495 434
495 436
495 458
495 468
495 472
495 473
495 480
495 483
495 487
495 490
495 491
495 497
495 498
496 3
496 64
496 193
496 263
496 274
496 293
496 379
496 415
496 416
496 431
496 449
496 470
496 479
496 482
496 484
496 485
496 489
496 494
496 498
496 499
497 21
497 116
497 123
497 321
497 349
497 361
497 366
497 370
497 400
497 413
497 419
497 428
497 439
497 445
497 455
497 480
497 481
497 493
497 494
497 495
497 500
498 3
498 64
498 124
498 130
498 193
498 274
498 293
498 379
498 403
498 414
498 415
498 416
498 431
498 449
498 479
498 482
498 485
498 489
498 495
498 496
498 499
499 3
499 52
499 123
499 124
499 130
499 164
499 168
499 293
499 379
499 415
499 416
499 431
499 449
499 470
499 479
499 482
499 485
499 489
499 496
499 498
499 500
500 8
500 21
500 116
500 154
500 321
500 349
500 361
500 366
500 370
500 379
500 400
500 413
500 428
500 439
500 445
500 455
500 481
500 493
500 494
500 497
500 499
