1 400
1 403
1 414
1 444
1 450
2 5
2 48
2 97
2 236
2 371
3 63
3 257
3 432
3 476
3 493
4 19
4 46
4 72
4 159
4 285
5 2
5 132
5 139
5 233
5 294
5 390
5 476
6 82
6 96
6 213
6 449
6 478
7 238
7 260
7 292
7 351
7 484
8 12
8 16
8 68
8 274
8 290
9 10
9 269
9 273
9 457
9 488
10 9
10 21
10 140
10 241
10 401
11 15
11 291
11 321
11 389
11 402
12 8
12 16
12 44
12 326
12 392
12 441
12 460
13 143
13 179
13 209
13 284
13 301
14 90
14 235
14 307
14 380
14 416
14 438
14 492
15 11
15 34
15 55
15 170
15 210
16 8
16 12
16 191
16 269
16 477
16 488
17 142
17 148
17 271
17 408
17 417
18 19
18 106
18 117
18 257
18 317
19 4
19 18
19 72
19 123
19 159
20 192
20 436
20 485
20 494
21 10
21 27
21 28
21 197
21 254
21 371
21 411
21 469
22 182
22 192
22 372
22 440
22 497
23 49
23 245
23 296
23 356
23 463
24 25
24 177
24 272
24 351
24 408
25 24
25 341
25 347
25 429
25 461
26 85
26 88
26 93
26 129
26 270
26 316
26 400
26 431
27 21
27 28
27 216
27 413
27 464
28 21
28 27
28 136
28 336
28 444
29 83
29 297
29 316
29 407
29 428
30 31
30 216
30 413
30 464
30 476
31 30
31 35
31 135
31 171
31 218
31 307
32 116
32 204
32 397
32 423
32 424
32 451
32 466
32 483
32 493
33 36
33 138
33 232
33 266
33 348
34 15
34 125
34 324
34 325
34 339
35 31
35 38
35 65
35 210
35 339
36 33
36 281
36 381
36 403
36 450
37 136
37 336
37 398
37 444
37 456
38 35
38 46
38 102
38 415
38 443
39 40
39 41
39 156
39 187
39 238
40 39
40 45
40 156
40 187
40 443
41 39
41 378
41 446
41 462
41 489
42 45
42 76
42 87
42 105
42 443
43 44
43 439
43 457
43 477
44 12
44 43
44 326
44 392
44 441
44 460
44 468
44 471
45 40
45 42
45 61
45 247
45 279
45 377
46 4
46 38
46 102
46 190
46 344
46 352
46 415
47 48
47 90
47 310
47 380
47 492
48 2
48 47
48 241
48 360
48 411
49 23
49 51
49 245
49 296
49 356
50 52
50 110
50 169
50 196
50 409
51 49
51 277
51 456
51 459
51 467
52 50
52 113
52 169
52 196
52 202
53 54
53 437
53 466
53 472
53 497
54 53
54 62
54 109
54 111
54 146
54 223
54 409
54 466
55 15
55 65
55 202
55 210
55 339
56 57
56 193
56 479
56 499
57 56
57 103
57 437
57 472
57 497
58 60
58 264
58 292
58 353
58 466
59 61
59 110
59 198
59 220
59 340
60 58
60 72
60 208
60 412
60 427
61 45
61 59
61 247
61 267
61 279
61 377
62 54
62 63
62 146
62 387
62 409
63 3
63 62
63 257
63 432
64 65
64 150
64 302
64 447
64 463
65 35
65 55
65 64
65 210
65 339
66 170
66 183
66 193
66 455
66 479
66 499
67 79
67 162
67 375
67 399
67 412
67 427
67 495
68 8
68 70
68 274
68 290
68 382
69 319
69 399
69 412
69 427
69 490
70 68
70 208
70 412
70 490
71 73
71 241
71 401
71 411
71 478
72 4
72 19
72 60
72 77
72 123
73 71
73 75
73 163
73 192
73 252
74 121
74 314
74 317
74 332
74 432
75 73
75 163
75 192
75 252
75 332
76 42
76 78
76 86
76 87
77 72
77 79
77 90
77 124
77 380
78 76
78 127
78 228
78 390
78 476
79 67
79 77
79 81
79 162
79 167
79 199
79 319
79 375
79 412
79 427
79 474
79 484
79 490
80 103
80 311
80 472
80 493
80 497
81 79
81 82
81 154
81 327
81 345
82 6
82 81
82 84
82 96
82 213
82 369
82 386
82 388
82 449
83 29
83 134
83 278
83 297
83 318
83 407
83 428
84 82
84 87
84 274
84 290
85 26
85 300
85 428
85 453
85 470
86 76
86 87
86 105
86 211
86 212
87 42
87 76
87 84
87 86
87 89
87 105
88 26
88 95
88 221
88 470
89 87
89 90
89 107
89 315
89 436
89 485
89 494
90 14
90 47
90 77
90 89
90 92
90 124
90 235
90 261
90 310
90 322
90 343
90 358
90 380
90 416
90 486
90 492
90 500
91 152
91 258
91 293
91 393
91 417
92 90
92 93
92 335
92 396
92 434
93 26
93 92
93 94
93 400
93 453
93 470
94 93
94 96
94 183
94 193
94 234
94 331
94 363
94 466
94 480
94 498
95 88
95 126
95 164
95 165
95 219
96 6
96 82
96 94
96 213
96 369
96 386
96 388
96 449
96 493
97 2
97 104
97 236
97 403
97 430
98 132
98 206
98 312
98 317
98 476
99 100
99 141
99 276
99 303
99 346
99 350
100 99
100 260
100 264
100 292
100 364
101 103
101 253
101 294
101 370
101 476
102 38
102 46
102 190
102 352
102 415
103 57
103 80
103 101
103 114
103 133
103 182
103 316
103 325
103 435
103 452
104 97
104 193
104 403
104 479
104 499
105 42
105 86
105 87
105 184
105 191
106 18
106 203
106 204
106 314
106 432
107 89
107 109
107 119
107 122
107 224
107 242
107 268
107 315
107 320
107 403
107 405
107 436
108 111
108 156
108 187
109 54
109 107
109 111
109 146
109 348
110 50
110 59
110 113
110 222
110 271
110 324
110 359
111 54
111 108
111 109
111 146
111 409
112 114
112 141
112 303
112 346
112 350
113 52
113 110
113 169
113 196
113 395
114 103
114 112
114 133
114 182
114 437
115 131
115 171
115 218
115 307
115 313
116 32
116 330
116 423
116 424
116 451
116 493
117 18
117 150
117 242
117 314
117 432
118 124
118 446
118 458
118 462
118 489
119 107
119 120
119 418
119 485
119 494
120 119
120 193
120 418
120 479
120 499
121 74
121 257
121 314
121 418
121 432
121 465
122 107
122 123
122 465
122 485
122 494
123 19
123 72
123 122
123 159
123 465
124 77
124 90
124 118
124 235
124 380
125 34
125 133
125 142
125 170
125 339
126 95
126 127
126 165
126 219
127 78
127 126
127 228
127 370
127 476
128 129
128 180
128 391
128 439
128 457
128 477
128 488
129 26
129 128
129 300
129 453
129 470
130 249
130 291
130 389
130 402
130 410
131 115
131 135
131 171
131 218
131 368
132 5
132 98
132 139
132 368
132 390
133 103
133 114
133 125
133 142
133 437
133 472
134 83
134 232
134 266
134 348
135 31
135 131
135 136
135 307
136 28
136 37
136 135
136 186
136 255
136 398
136 422
136 444
137 139
137 381
137 403
137 414
137 450
138 33
138 232
138 266
138 348
138 479
138 482
139 5
139 132
139 137
139 233
139 362
140 10
140 141
140 230
140 241
140 411
141 99
141 112
141 140
141 299
141 346
141 350
142 17
142 125
142 133
142 148
142 323
142 349
142 399
142 404
142 417
143 13
143 144
143 209
143 284
143 301
144 143
144 259
144 277
144 456
144 467
145 146
145 148
145 151
145 223
145 387
146 54
146 62
146 109
146 111
146 145
146 223
146 235
146 387
147 235
147 341
147 347
147 429
147 461
148 17
148 142
148 145
148 151
148 323
148 349
148 399
148 404
148 417
149 150
149 302
149 447
149 463
149 487
150 64
150 117
150 149
150 214
150 234
150 313
150 447
150 463
151 145
151 148
151 205
151 335
151 396
151 418
151 434
152 91
152 155
152 249
152 251
152 258
152 332
152 393
152 421
153 157
153 164
153 194
153 246
153 256
153 345
154 81
154 256
154 296
154 327
154 345
154 412
155 152
155 248
155 283
155 357
155 378
155 458
155 489
156 39
156 40
156 108
156 161
156 238
157 153
157 164
157 342
157 367
157 465
157 496
158 160
158 165
158 309
158 439
158 477
159 4
159 19
159 123
159 339
159 441
160 158
160 165
160 239
160 245
160 296
160 356
161 156
161 342
161 367
161 433
161 496
162 67
162 79
162 427
162 490
162 495
163 73
163 75
163 166
163 192
163 252
164 95
164 153
164 157
164 165
164 219
165 95
165 126
165 158
165 160
165 164
165 219
166 163
166 366
166 392
166 460
166 471
167 79
167 195
167 208
167 412
167 490
168 169
168 182
168 325
168 437
168 440
169 50
169 52
169 113
169 168
169 196
170 15
170 66
170 125
170 339
170 455
171 31
171 115
171 131
171 174
171 307
172 176
172 281
172 381
172 414
172 450
172 455
173 261
173 264
173 289
173 304
173 426
174 171
174 445
174 455
174 481
174 482
175 180
175 403
175 414
175 450
176 172
176 177
176 392
176 460
176 471
177 24
177 176
177 178
177 272
177 351
177 395
177 408
177 410
178 177
178 179
178 229
178 304
178 420
178 426
179 13
179 178
179 209
179 284
179 442
180 128
180 175
180 312
180 439
180 457
180 488
181 183
181 291
181 321
181 389
181 402
182 22
182 103
182 114
182 168
182 185
182 311
182 325
182 372
182 442
182 497
183 66
183 94
183 181
183 185
183 193
183 195
183 234
183 331
183 363
183 466
183 479
183 487
184 105
184 193
184 341
184 347
184 429
184 461
185 182
185 183
185 193
185 442
185 479
185 499
186 136
186 188
186 398
186 422
186 444
187 39
187 40
187 108
187 194
187 197
187 238
188 186
188 338
188 342
188 442
188 465
188 496
189 190
189 438
189 445
189 455
189 481
189 482
190 46
190 102
190 189
190 344
190 415
191 16
191 105
191 193
191 273
191 477
191 488
192 20
192 22
192 73
192 75
192 163
192 252
193 56
193 66
193 94
193 104
193 120
193 183
193 184
193 185
193 191
193 195
193 234
193 331
193 363
193 475
193 479
193 487
193 499
194 153
194 187
194 200
194 327
194 345
195 167
195 183
195 193
195 389
195 479
195 499
196 50
196 52
196 113
196 169
196 358
196 439
197 21
197 187
197 200
197 241
197 254
197 411
198 59
198 201
198 222
198 271
198 324
198 359
199 79
199 208
199 231
199 389
199 412
199 490
200 194
200 197
200 342
200 442
200 448
200 496
201 198
201 244
201 341
201 347
201 461
202 52
202 55
202 203
202 376
202 413
202 464
203 106
203 202
203 209
203 330
203 337
203 376
203 413
204 32
204 106
204 209
204 333
204 451
204 483
204 493
205 151
205 256
205 335
205 396
205 418
205 434
206 98
206 262
206 263
206 294
206 390
206 476
207 230
207 240
207 292
207 360
207 430
207 469
208 60
208 70
208 167
208 199
208 298
208 319
208 375
208 408
208 412
208 474
208 484
208 490
209 13
209 143
209 179
209 203
209 204
209 284
209 301
210 15
210 35
210 55
210 65
210 220
210 224
211 86
211 212
211 392
211 441
211 468
211 471
212 86
212 211
212 423
212 454
212 483
212 493
213 6
213 82
213 96
213 216
213 388
213 449
214 150
214 263
214 268
214 302
214 447
214 463
215 218
215 338
215 342
215 352
215 442
215 448
215 465
215 496
216 27
216 30
216 213
216 240
216 330
216 376
216 413
217 221
217 361
217 446
217 458
217 462
217 489
218 31
218 115
218 131
218 215
218 307
218 352
219 95
219 126
219 164
219 165
219 375
219 397
220 59
220 210
220 222
220 271
220 324
220 340
220 352
221 88
221 217
221 400
221 453
221 470
222 110
222 198
222 220
222 243
222 340
222 439
223 54
223 145
223 146
223 259
223 387
223 441
224 107
224 210
224 436
224 452
224 485
224 494
225 226
225 228
225 281
225 381
225 414
225 450
226 225
226 228
226 260
226 292
226 353
226 364
227 334
227 402
227 424
227 451
227 483
227 493
228 78
228 127
228 225
228 226
228 362
228 476
229 178
229 236
229 237
229 289
229 420
229 426
230 140
230 207
230 236
230 371
230 464
230 469
231 199
231 373
231 448
231 491
231 496
232 33
232 134
232 138
232 233
232 266
232 348
233 5
233 139
233 232
233 253
233 362
233 476
234 94
234 150
234 183
234 193
234 480
234 499
235 14
235 90
235 124
235 146
235 147
235 286
235 310
235 322
235 343
235 358
235 380
235 416
235 486
236 2
236 97
236 229
236 230
236 237
236 371
237 229
237 236
237 445
237 455
237 481
237 482
238 7
238 39
238 156
238 187
238 351
238 356
239 160
239 241
239 244
239 245
239 296
239 356
240 207
240 216
240 315
240 330
240 413
240 464
241 10
241 48
241 71
241 140
241 197
241 239
241 244
241 371
241 469
242 107
242 117
242 320
242 405
242 485
242 494
243 222
243 388
243 394
243 449
244 201
244 239
244 241
244 308
244 347
244 461
245 23
245 49
245 160
245 239
245 247
245 285
246 153
246 327
246 345
246 364
246 406
247 45
247 61
247 245
247 267
247 279
247 377
248 155
248 250
248 361
248 373
248 462
248 480
248 489
249 130
249 152
249 251
249 320
249 332
249 393
250 248
250 252
250 342
250 442
250 491
250 496
251 152
251 249
251 253
251 332
251 393
251 421
252 73
252 75
252 163
252 192
252 250
252 254
253 101
253 233
253 251
253 370
253 390
253 476
254 21
254 197
254 252
254 371
254 422
254 469
255 136
255 260
255 336
255 398
255 444
256 153
256 154
256 205
256 327
256 345
256 382
257 3
257 18
257 63
257 121
257 317
257 432
258 91
258 152
258 262
258 332
258 393
258 422
259 144
259 223
259 262
259 277
259 295
259 338
259 355
259 456
259 467
260 7
260 100
260 226
260 255
260 328
260 364
261 90
261 173
261 380
261 500
262 206
262 258
262 259
262 277
262 456
262 467
263 206
263 214
263 342
263 433
263 448
263 496
264 58
264 100
264 173
264 292
264 328
264 353
265 266
265 438
265 445
265 455
265 481
265 482
266 33
266 134
266 138
266 232
266 265
266 348
267 61
267 247
267 278
267 279
267 377
267 379
268 107
268 214
268 269
268 436
268 485
268 494
269 9
269 16
269 268
269 270
269 477
269 488
270 26
270 269
270 272
270 453
270 470
271 17
271 110
271 198
271 220
271 299
271 340
272 24
272 177
272 270
272 273
272 351
272 395
272 408
272 410
273 9
273 191
273 272
273 274
273 477
273 488
274 8
274 68
274 84
274 273
274 275
274 290
274 382
275 274
275 277
275 436
275 485
275 494
276 99
276 299
276 346
276 350
276 370
276 372
276 388
277 51
277 144
277 259
277 262
277 275
277 279
277 295
277 355
277 425
277 456
277 467
278 83
278 267
278 297
278 407
278 428
279 45
279 61
279 247
279 267
279 277
279 280
279 377
279 379
280 279
280 283
280 293
280 424
280 483
280 493
281 36
281 172
281 225
281 294
281 295
281 381
281 403
282 297
282 318
282 381
282 384
282 407
282 428
282 443
283 155
283 280
283 361
283 391
283 446
283 462
283 489
284 13
284 143
284 179
284 209
284 286
284 301
284 391
285 4
285 245
285 296
285 356
285 406
285 456
286 235
286 284
286 287
286 343
286 380
286 416
286 486
287 286
287 288
287 446
287 458
287 462
287 489
288 287
288 289
288 392
288 460
288 471
289 173
289 229
289 288
289 290
289 304
289 329
289 426
290 8
290 68
290 84
290 274
290 289
290 382
290 417
291 11
291 130
291 181
291 302
291 321
291 389
291 402
292 7
292 58
292 100
292 207
292 226
292 264
292 328
292 371
293 91
293 280
293 417
293 424
293 451
293 483
293 493
294 5
294 101
294 206
294 281
294 362
294 390
294 458
295 259
295 277
295 281
295 456
295 458
295 459
295 467
296 23
296 49
296 154
296 160
296 239
296 285
296 458
297 29
297 83
297 278
297 282
297 318
297 407
297 412
297 428
297 443
297 465
298 208
298 299
298 341
298 347
298 429
298 461
299 141
299 271
299 276
299 298
299 346
299 350
300 85
300 129
300 301
300 303
300 400
300 453
300 470
301 13
301 143
301 209
301 284
301 300
301 303
302 64
302 149
302 214
302 291
302 374
302 447
302 463
303 99
303 112
303 300
303 301
303 346
303 350
304 173
304 178
304 289
304 329
304 420
304 426
304 438
304 461
305 307
305 419
305 438
305 445
305 455
305 461
305 481
305 482
306 338
306 342
306 364
306 433
306 456
306 465
306 496
307 14
307 31
307 115
307 135
307 171
307 218
307 305
308 244
308 309
308 310
308 341
308 347
308 429
308 461
309 158
309 308
309 310
309 457
309 477
309 488
310 47
310 90
310 235
310 308
310 309
310 380
310 416
311 80
311 182
311 344
311 345
311 440
311 472
311 497
312 98
312 180
312 314
312 354
312 391
312 477
312 488
313 115
313 150
313 330
313 383
313 463
314 74
314 106
314 117
314 121
314 312
314 317
314 318
315 89
315 107
315 240
315 369
315 405
315 485
315 494
316 26
316 29
316 103
316 372
316 440
316 472
316 497
317 18
317 74
317 98
317 257
317 314
317 318
317 432
318 83
318 282
318 297
318 314
318 317
318 428
318 443
319 69
319 79
319 208
319 323
319 375
319 412
319 479
320 107
320 242
320 249
320 410
320 473
320 485
320 494
321 11
321 181
321 291
321 322
321 389
321 402
321 489
322 90
322 235
322 321
322 380
322 410
322 416
322 492
323 142
323 148
323 319
323 349
323 417
323 482
324 34
324 110
324 198
324 220
324 325
324 340
325 34
325 103
325 168
325 182
325 324
325 440
325 497
326 12
326 44
326 327
326 392
326 425
326 441
326 460
326 471
327 81
327 154
327 194
327 246
327 256
327 326
327 425
328 260
328 264
328 292
328 334
328 353
328 364
328 485
329 289
329 304
329 334
329 426
329 485
330 116
330 203
330 216
330 240
330 313
330 376
330 413
331 94
331 183
331 193
331 435
331 445
331 480
331 499
332 74
332 75
332 152
332 249
332 251
332 258
332 421
333 204
333 397
333 420
333 483
333 493
333 494
334 227
334 328
334 329
334 424
334 451
334 483
334 493
335 92
335 151
335 205
335 336
335 337
335 365
335 396
335 434
336 28
336 37
336 255
336 335
336 337
336 398
336 444
337 203
337 335
337 336
337 376
337 413
337 464
338 188
338 215
338 259
338 306
338 367
338 368
338 385
338 433
338 441
338 465
339 34
339 35
339 55
339 65
339 125
339 159
339 170
339 407
340 59
340 220
340 222
340 271
340 324
340 342
340 359
340 407
341 25
341 147
341 184
341 201
341 298
341 308
341 342
341 407
342 157
342 161
342 188
342 200
342 215
342 250
342 263
342 306
342 340
342 341
342 368
342 433
342 448
342 465
342 491
343 90
343 235
343 286
343 344
343 358
343 380
343 481
344 46
344 190
344 311
344 343
344 352
344 415
345 81
345 153
345 154
345 194
345 246
345 256
345 311
345 346
346 99
346 112
346 141
346 276
346 299
346 303
346 345
346 349
347 25
347 147
347 184
347 201
347 244
347 298
347 308
347 350
347 497
348 33
348 109
348 134
348 138
348 232
348 266
348 409
348 444
349 142
349 148
349 323
349 346
349 350
349 404
349 417
350 99
350 112
350 141
350 276
350 299
350 303
350 347
350 349
351 7
351 24
351 177
351 238
351 272
351 356
351 408
351 410
352 46
352 102
352 215
352 218
352 220
352 344
352 415
353 58
353 226
353 264
353 328
353 354
353 355
353 364
354 312
354 353
354 355
354 391
354 439
354 457
355 259
355 277
355 353
355 354
355 456
355 467
356 23
356 49
356 160
356 238
356 239
356 285
356 351
356 360
357 155
357 373
357 390
357 392
357 446
357 489
358 90
358 196
358 235
358 343
358 380
358 402
358 416
358 468
358 492
359 110
359 198
359 340
359 360
359 370
359 484
360 48
360 207
360 356
360 359
360 370
360 371
360 430
360 469
361 217
361 248
361 283
361 362
361 378
361 383
361 458
361 489
362 139
362 228
362 233
362 294
362 361
362 383
363 94
363 183
363 193
363 365
363 383
363 466
363 480
363 499
364 100
364 226
364 246
364 260
364 306
364 328
364 353
364 406
365 335
365 363
365 366
365 396
365 434
366 166
366 365
366 367
366 392
366 460
366 471
367 157
367 161
367 338
367 366
367 442
367 458
367 491
367 496
368 131
368 132
368 338
368 342
368 433
368 448
368 491
368 496
369 82
369 96
369 315
369 371
369 386
369 388
369 394
369 449
370 101
370 127
370 253
370 276
370 359
370 360
370 390
370 476
371 2
371 21
371 230
371 236
371 241
371 254
371 292
371 360
371 369
371 401
371 411
371 469
371 478
372 22
372 182
372 276
372 316
372 388
372 393
372 440
372 497
373 231
373 248
373 357
373 382
373 446
373 458
373 461
373 489
374 302
374 397
374 447
374 462
374 463
375 67
375 79
375 208
375 219
375 319
375 401
375 412
375 490
376 202
376 203
376 216
376 330
376 337
376 401
376 485
377 45
377 61
377 247
377 267
377 279
377 378
377 379
377 490
378 41
378 155
378 361
378 377
378 380
378 458
378 462
378 489
379 267
379 279
379 377
379 404
379 451
380 14
380 47
380 77
380 90
380 124
380 235
380 261
380 286
380 310
380 322
380 343
380 358
380 378
380 496
380 500
381 36
381 137
381 172
381 225
381 281
381 282
381 384
381 450
382 68
382 256
382 274
382 290
382 373
382 428
383 313
383 361
383 362
383 363
383 447
383 463
384 282
384 381
384 419
384 438
384 445
384 455
384 481
384 482
385 338
385 386
385 387
385 465
385 491
385 496
386 82
386 96
386 369
386 385
386 387
386 388
386 449
387 62
387 145
387 146
387 223
387 385
387 386
388 82
388 96
388 213
388 243
388 276
388 369
388 372
388 386
388 393
389 11
389 130
389 181
389 195
389 199
389 291
389 321
389 402
389 428
390 5
390 78
390 132
390 206
390 253
390 294
390 357
390 370
390 394
391 128
391 283
391 284
391 312
391 354
391 439
391 457
391 488
391 490
392 12
392 44
392 166
392 176
392 211
392 288
392 326
392 357
392 366
392 394
392 441
392 468
393 91
393 152
393 249
393 251
393 258
393 372
393 388
393 413
393 421
394 243
394 369
394 390
394 392
394 449
395 113
395 177
395 272
395 400
395 408
395 409
396 92
396 151
396 205
396 335
396 365
396 398
396 418
396 434
396 479
397 32
397 219
397 333
397 374
397 401
397 451
397 454
397 483
397 493
398 37
398 136
398 186
398 255
398 336
398 396
398 422
398 444
398 455
399 67
399 69
399 142
399 148
399 417
400 1
400 26
400 93
400 221
400 300
400 395
400 431
400 444
400 453
401 10
401 71
401 371
401 375
401 376
401 397
401 411
401 469
401 478
402 11
402 130
402 181
402 227
402 291
402 321
402 358
402 389
402 439
403 1
403 36
403 97
403 104
403 107
403 137
403 175
403 281
403 414
404 142
404 148
404 349
404 379
404 451
405 107
405 242
405 315
405 411
405 436
405 451
405 473
405 485
405 494
406 246
406 285
406 364
406 438
406 445
406 455
406 481
406 482
407 29
407 83
407 278
407 282
407 297
407 339
407 340
407 341
407 443
408 17
408 24
408 177
408 208
408 272
408 351
408 395
408 410
408 412
409 50
409 54
409 62
409 111
409 348
409 395
410 130
410 177
410 272
410 320
410 322
410 351
410 408
411 21
411 48
411 71
411 140
411 197
411 371
411 401
411 405
411 414
412 60
412 67
412 69
412 70
412 79
412 154
412 167
412 199
412 208
412 297
412 319
412 375
412 408
412 427
412 474
412 484
413 27
413 30
413 202
413 203
413 216
413 240
413 330
413 337
413 393
413 415
413 423
413 464
414 1
414 137
414 172
414 175
414 225
414 403
414 411
414 416
414 450
415 38
415 46
415 102
415 190
415 344
415 352
415 413
415 423
415 426
416 14
416 90
416 235
416 286
416 310
416 322
416 358
416 414
416 419
417 17
417 91
417 142
417 148
417 290
417 293
417 323
417 349
417 399
418 119
418 120
418 121
418 151
418 205
418 396
418 434
419 305
419 384
419 416
419 424
419 445
419 481
419 482
420 178
420 229
420 304
420 333
420 425
420 426
420 485
421 152
421 251
421 332
421 393
421 427
421 487
422 136
422 186
422 254
422 258
422 398
422 444
422 457
423 32
423 116
423 212
423 413
423 415
423 424
423 426
423 451
423 483
423 493
424 32
424 116
424 227
424 280
424 293
424 334
424 419
424 423
424 427
424 483
425 277
425 326
425 327
425 420
425 456
425 459
425 467
426 173
426 178
426 229
426 289
426 304
426 329
426 415
426 420
426 423
426 429
427 60
427 67
427 69
427 79
427 162
427 412
427 421
427 424
427 490
427 495
428 29
428 83
428 85
428 278
428 282
428 297
428 318
428 382
428 389
428 443
429 25
429 147
429 184
429 298
429 308
429 426
429 430
429 461
429 489
430 97
430 207
430 360
430 429
430 431
430 469
430 489
431 26
431 400
431 430
431 433
431 453
431 470
431 489
432 3
432 63
432 74
432 106
432 117
432 121
432 257
432 317
432 435
432 480
433 161
433 263
433 306
433 338
433 342
433 368
433 431
433 437
433 465
433 489
434 92
434 151
434 205
434 335
434 365
434 396
434 418
434 436
434 437
434 440
435 103
435 331
435 432
435 472
435 497
436 20
436 89
436 107
436 224
436 268
436 275
436 405
436 434
436 437
436 440
436 494
437 53
437 57
437 114
437 133
437 168
437 433
437 434
437 436
437 440
437 472
437 497
438 14
438 189
438 265
438 304
438 305
438 384
438 406
438 445
438 461
438 481
438 482
439 43
439 128
439 158
439 180
439 196
439 222
439 354
439 391
439 402
439 457
439 488
440 22
440 168
440 311
440 316
440 325
440 372
440 434
440 436
440 437
440 446
440 497
441 12
441 44
441 159
441 211
441 223
441 326
441 338
441 392
441 460
441 468
441 471
442 179
442 182
442 185
442 188
442 200
442 215
442 250
442 367
442 465
443 38
443 40
443 42
443 282
443 297
443 318
443 407
443 428
444 1
444 28
444 37
444 136
444 186
444 255
444 336
444 348
444 398
444 400
444 422
445 174
445 189
445 237
445 265
445 305
445 331
445 384
445 406
445 419
445 438
445 468
446 41
446 118
446 217
446 283
446 287
446 357
446 373
446 440
446 447
446 458
446 491
447 64
447 149
447 150
447 214
447 302
447 374
447 383
447 446
447 449
447 463
447 491
448 200
448 215
448 231
448 263
448 342
448 368
448 454
448 486
448 492
448 496
448 500
449 6
449 82
449 96
449 213
449 243
449 369
449 386
449 394
449 447
449 450
449 491
450 1
450 36
450 137
450 172
450 175
450 225
450 381
450 414
450 449
450 453
450 459
451 32
451 116
451 204
451 227
451 293
451 334
451 379
451 397
451 404
451 405
451 423
451 454
452 103
452 224
452 472
452 476
452 480
452 493
452 497
453 85
453 93
453 129
453 221
453 270
453 300
453 400
453 431
453 450
453 459
453 464
453 470
454 212
454 397
454 448
454 451
454 460
454 467
454 469
454 493
455 66
455 170
455 172
455 174
455 189
455 237
455 265
455 305
455 384
455 398
455 406
455 482
456 37
456 51
456 144
456 259
456 262
456 277
456 285
456 295
456 306
456 355
456 425
456 459
457 9
457 43
457 128
457 180
457 309
457 354
457 391
457 422
457 439
457 462
457 480
457 490
458 118
458 155
458 217
458 287
458 294
458 295
458 296
458 361
458 367
458 373
458 378
458 446
459 51
459 295
459 425
459 450
459 453
459 456
459 464
459 467
460 12
460 44
460 166
460 176
460 288
460 326
460 366
460 441
460 454
460 467
460 469
460 470
461 25
461 147
461 184
461 201
461 244
461 298
461 304
461 305
461 308
461 373
461 429
461 438
462 41
462 118
462 217
462 248
462 283
462 287
462 374
462 378
462 457
462 478
462 487
462 489
463 23
463 64
463 149
463 150
463 214
463 302
463 313
463 374
463 383
463 447
463 464
463 478
463 487
464 27
464 30
464 202
464 230
464 240
464 337
464 413
464 453
464 459
464 463
465 121
465 122
465 123
465 157
465 188
465 215
465 297
465 306
465 338
465 342
465 385
465 433
465 442
466 32
466 53
466 54
466 58
466 94
466 183
466 363
466 479
466 480
466 498
467 51
467 144
467 259
467 262
467 277
467 295
467 355
467 425
467 454
467 459
467 460
467 469
467 470
468 44
468 211
468 358
468 392
468 441
468 445
468 471
468 482
469 21
469 207
469 230
469 241
469 254
469 360
469 371
469 401
469 430
469 454
469 460
469 467
469 470
470 85
470 88
470 93
470 129
470 221
470 270
470 300
470 431
470 453
470 460
470 467
470 469
470 471
471 44
471 166
471 176
471 211
471 288
471 326
471 366
471 441
471 468
471 470
471 473
471 474
471 475
472 53
472 57
472 80
472 133
472 311
472 316
472 435
472 437
472 452
472 481
472 483
472 495
472 497
472 498
473 320
473 405
473 471
473 474
473 475
473 477
473 485
473 494
474 79
474 208
474 412
474 471
474 473
474 475
474 477
474 490
475 193
475 471
475 473
475 474
475 477
475 479
475 499
476 3
476 5
476 30
476 78
476 98
476 101
476 127
476 206
476 228
476 233
476 253
476 370
476 452
476 493
477 16
477 43
477 128
477 158
477 191
477 269
477 273
477 309
477 312
477 473
477 474
477 475
477 488
477 497
478 6
478 71
478 371
478 401
478 462
478 463
478 487
479 56
479 66
479 104
479 120
479 138
479 183
479 185
479 193
479 195
479 319
479 396
479 466
479 475
479 482
479 487
480 94
480 234
480 248
480 331
480 363
480 432
480 452
480 457
480 466
480 490
480 498
480 499
481 174
481 189
481 237
481 265
481 305
481 343
481 384
481 406
481 419
481 438
481 472
481 482
481 483
481 495
481 497
482 138
482 174
482 189
482 237
482 265
482 305
482 323
482 384
482 406
482 419
482 438
482 455
482 468
482 479
482 481
483 32
483 204
483 212
483 227
483 280
483 293
483 333
483 334
483 397
483 423
483 424
483 472
483 481
483 493
483 495
483 497
484 7
484 79
484 208
484 359
484 412
484 488
484 490
484 494
484 496
485 20
485 89
485 119
485 122
485 224
485 242
485 268
485 275
485 315
485 320
485 328
485 329
485 376
485 405
485 420
485 473
486 90
486 235
486 286
486 448
486 492
486 499
487 149
487 183
487 193
487 421
487 462
487 463
487 478
487 479
487 499
488 9
488 16
488 128
488 180
488 191
488 269
488 273
488 309
488 312
488 391
488 439
488 477
488 484
488 491
488 494
488 496
488 498
489 41
489 118
489 155
489 217
489 248
489 283
489 287
489 321
489 357
489 361
489 373
489 378
489 429
489 430
489 431
489 433
489 462
490 69
490 70
490 79
490 162
490 167
490 199
490 208
490 375
490 377
490 391
490 427
490 457
490 474
490 480
490 484
490 495
490 496
491 231
491 250
491 342
491 367
491 368
491 385
491 446
491 447
491 449
491 488
492 14
492 47
492 90
492 322
492 358
492 448
492 486
492 499
493 3
493 32
493 80
493 96
493 116
493 204
493 212
493 227
493 280
493 293
493 333
493 334
493 397
493 423
493 452
493 454
493 476
493 483
494 20
494 89
494 119
494 122
494 224
494 242
494 268
494 275
494 315
494 320
494 333
494 405
494 436
494 473
494 484
494 488
494 496
494 498
495 67
495 162
495 427
495 472
495 481
495 483
495 490
495 497
495 498
496 157
496 161
496 188
496 200
496 215
496 231
496 250
496 263
496 306
496 367
496 368
496 380
496 385
496 448
496 484
496 488
496 490
496 494
496 498
497 22
497 53
497 57
497 80
497 182
497 311
497 316
497 325
497 347
497 372
497 435
497 437
497 440
497 452
497 472
497 477
497 481
497 483
497 495
498 94
498 466
498 472
498 480
498 488
498 494
498 495
498 496
498 499
499 56
499 66
499 104
499 120
499 185
499 193
499 195
499 234
499 331
499 363
499 475
499 480
499 486
499 487
499 492
499 498
499 500
500 90
500 261
500 380
500 448
500 499
