1 3
1 96
1 108
1 129
1 149
2 14
2 451
2 454
2 467
3 1
3 53
3 61
3 74
3 118
3 226
3 233
3 288
3 294
3 443
3 445
3 450
4 12
4 24
4 152
4 153
5 87
5 234
5 251
5 274
5 452
6 81
6 219
6 267
7 58
7 68
7 271
7 305
7 313
8 11
8 17
8 27
8 190
8 217
8 229
8 290
8 337
8 383
9 98
9 206
9 249
9 289
9 299
9 400
9 417
9 418
10 56
10 117
10 157
10 322
10 340
11 8
11 15
11 213
11 320
11 348
12 4
12 14
12 24
12 85
12 152
12 153
13 247
13 260
13 349
13 358
13 369
14 2
14 12
14 38
14 116
14 188
14 275
14 350
14 421
14 426
14 451
14 454
15 11
15 62
15 138
15 213
15 320
15 348
15 361
16 125
16 132
16 238
16 241
16 355
17 8
17 190
17 318
17 337
17 379
18 28
18 42
18 77
18 237
18 255
19 22
19 225
19 243
19 303
19 448
20 21
20 48
20 174
20 250
20 301
21 20
21 50
21 75
21 106
21 120
21 137
21 253
21 283
21 347
21 404
21 441
21 449
22 19
22 46
22 65
22 131
22 136
22 148
22 225
22 243
22 244
22 303
22 448
23 43
23 172
23 222
23 308
23 370
24 4
24 12
24 85
24 152
24 153
25 70
25 191
25 287
25 402
25 410
26 57
26 79
26 93
26 272
26 316
27 8
27 190
27 217
27 318
27 337
28 18
28 42
28 77
28 170
28 206
28 255
29 31
29 156
29 164
29 197
29 312
30 343
30 366
30 377
30 385
30 401
31 29
31 152
31 153
32 37
32 292
32 435
32 479
32 486
33 69
33 195
33 202
33 221
33 392
33 393
33 394
33 416
34 38
34 275
34 350
34 451
34 454
35 263
35 277
35 342
35 373
35 391
36 343
36 366
36 377
36 385
36 401
37 32
37 366
37 377
37 385
37 401
38 14
38 34
38 421
38 451
38 467
39 52
39 104
39 159
39 204
39 257
39 280
39 293
39 298
39 364
39 380
39 424
39 462
39 476
40 92
40 99
40 189
40 258
40 317
41 45
41 292
41 438
41 479
41 486
42 18
42 28
42 77
42 237
42 255
43 23
43 172
43 222
43 302
43 308
44 71
44 222
44 242
44 302
44 308
44 370
45 41
45 81
45 122
45 267
45 344
46 22
46 131
46 148
46 303
46 439
47 328
47 477
47 485
47 491
47 492
47 496
48 20
48 144
48 155
48 250
48 301
49 52
49 122
49 267
49 309
49 344
50 21
50 137
50 283
50 347
50 441
51 70
51 191
51 287
51 402
51 410
52 39
52 49
52 297
52 380
52 466
53 3
53 233
53 288
53 445
53 450
54 58
54 158
54 192
54 354
54 372
55 119
55 207
55 262
55 332
55 399
56 10
56 117
56 139
56 322
56 327
56 340
57 26
57 93
57 100
57 272
57 316
58 7
58 54
58 68
58 265
58 271
58 305
58 307
58 313
59 249
59 289
59 299
59 417
59 418
60 61
60 254
60 436
60 458
60 469
60 472
60 473
60 475
60 494
60 499
60 500
61 3
61 60
61 352
61 445
61 450
62 15
62 213
62 320
62 348
62 361
63 126
63 274
63 386
63 452
64 232
64 331
64 376
64 397
64 436
65 22
65 243
65 244
65 303
65 448
66 142
66 210
66 232
66 397
66 405
67 69
67 285
67 314
67 390
67 437
67 460
68 7
68 58
68 265
68 271
68 305
69 33
69 67
69 195
69 202
69 221
69 392
69 393
69 394
69 416
70 25
70 51
70 287
70 311
70 402
70 410
70 496
71 44
71 72
71 242
71 302
71 308
72 71
72 92
72 99
72 282
72 317
72 321
73 80
73 232
73 331
73 376
73 397
74 3
74 352
74 445
74 450
75 21
75 137
75 283
75 347
75 404
76 124
76 160
76 247
76 259
76 276
76 349
76 358
76 410
77 18
77 28
77 42
77 170
77 237
78 300
78 328
78 477
78 491
78 496
79 26
79 93
79 100
79 272
79 316
80 73
80 140
80 156
80 164
80 312
81 6
81 45
81 122
81 309
81 330
81 344
82 111
82 114
82 227
82 228
82 273
82 351
83 88
83 207
83 262
83 367
83 399
84 86
84 336
84 371
84 382
84 395
85 12
85 24
85 152
85 153
86 84
86 105
86 169
86 179
86 336
86 371
86 395
87 5
87 93
87 234
87 236
87 274
87 278
87 386
88 83
88 119
88 332
88 367
88 399
89 234
89 251
89 274
89 386
89 452
90 109
90 154
90 390
90 437
90 460
91 168
91 191
91 287
91 402
91 410
92 40
92 72
92 167
92 189
92 258
92 282
92 321
93 26
93 57
93 79
93 87
93 272
93 316
94 350
94 426
94 428
94 451
94 454
95 194
95 203
95 334
95 360
95 406
96 1
96 97
96 108
96 129
96 149
97 96
97 336
97 371
97 382
97 395
98 9
98 108
98 249
98 400
98 418
99 40
99 72
99 167
99 284
99 317
100 57
100 79
100 272
100 316
101 254
101 473
101 489
101 494
101 499
102 177
102 201
102 341
102 356
102 363
103 107
103 158
103 166
103 185
103 268
104 39
104 257
104 297
104 298
104 380
104 464
104 466
104 478
105 86
105 336
105 371
105 382
105 395
106 21
106 253
106 283
106 404
106 414
107 103
107 158
107 166
107 185
107 372
108 1
108 96
108 98
108 129
108 149
109 90
109 110
109 154
109 266
109 300
109 437
109 460
110 109
110 111
110 266
110 390
110 437
110 460
111 82
111 110
111 224
111 227
111 351
112 132
112 205
112 238
112 241
112 355
113 196
113 256
113 387
113 408
113 412
114 82
114 224
114 227
114 228
114 273
114 351
114 454
115 125
115 238
115 241
115 265
115 355
116 14
116 188
116 275
116 350
116 421
116 426
116 428
116 434
116 451
116 454
116 467
116 488
117 10
117 56
117 118
117 139
117 157
117 322
117 327
117 340
118 3
118 117
118 288
118 352
118 445
118 450
119 55
119 88
119 207
119 262
119 332
119 367
119 399
120 21
120 137
120 283
120 414
120 441
121 263
121 277
121 342
121 373
121 391
122 45
122 49
122 81
122 127
122 330
123 150
123 180
123 239
123 346
123 463
124 76
124 260
124 349
124 358
124 369
125 16
125 115
125 126
125 132
125 214
125 230
125 355
126 63
126 125
126 274
126 326
126 386
126 452
127 122
127 267
127 309
127 344
127 481
128 444
128 456
128 461
128 465
128 484
129 1
129 96
129 108
129 131
129 149
130 175
130 235
130 315
130 362
130 419
131 22
131 46
131 129
131 225
131 303
132 16
132 112
132 125
132 205
132 230
133 134
133 145
133 264
133 423
133 463
134 133
134 172
134 222
134 242
134 302
135 136
135 186
135 333
135 339
135 384
135 407
135 422
135 429
135 442
135 447
135 470
135 471
135 487
135 495
135 497
136 22
136 135
136 244
136 303
136 439
137 21
137 50
137 75
137 120
137 141
137 253
137 283
137 404
137 414
137 430
137 441
138 15
138 140
138 213
138 320
138 361
139 56
139 117
139 157
139 322
139 340
140 80
140 138
140 164
140 197
140 286
140 312
141 137
141 143
141 283
141 347
141 414
142 66
142 210
142 232
142 397
142 405
143 141
143 246
143 334
143 360
143 406
144 48
144 174
144 183
144 250
144 301
145 133
145 146
145 199
145 423
145 463
146 145
146 270
146 306
146 374
146 419
147 328
147 477
147 491
147 496
148 22
148 46
148 303
148 439
148 448
149 1
149 96
149 108
149 129
149 367
150 123
150 239
150 329
150 346
150 463
151 177
151 201
151 341
151 356
151 363
152 4
152 12
152 24
152 31
152 85
153 4
153 12
153 24
153 31
153 85
153 414
154 90
154 109
154 266
154 300
154 314
154 437
154 460
155 48
155 174
155 183
155 250
155 301
156 29
156 80
156 197
156 286
156 312
157 10
157 117
157 139
157 327
157 340
158 54
158 103
158 107
158 166
158 185
158 192
158 268
158 372
159 39
159 161
159 297
159 380
159 464
159 466
160 76
160 260
160 349
160 358
160 369
161 159
161 256
161 387
161 403
161 408
161 412
162 196
162 245
162 387
162 408
162 412
163 387
163 403
163 408
163 412
164 29
164 80
164 140
164 197
164 286
164 312
165 194
165 246
165 310
165 360
165 406
166 103
166 107
166 158
166 167
166 192
166 372
167 92
167 99
167 166
167 258
167 317
168 91
168 191
168 287
168 402
168 410
169 86
169 336
169 371
169 382
169 395
170 28
170 77
170 237
170 255
171 173
171 328
171 477
171 491
171 492
171 496
172 23
172 43
172 134
172 242
172 308
173 171
173 281
173 292
173 431
173 435
173 438
173 479
173 486
174 20
174 144
174 155
174 183
174 250
174 301
175 130
175 209
175 304
175 306
175 374
175 419
176 178
176 328
176 353
176 457
176 477
176 482
176 485
176 490
176 491
176 492
176 493
177 102
177 151
177 201
177 208
177 223
177 341
178 176
178 281
178 338
178 425
178 431
178 435
178 455
178 479
178 486
179 86
179 180
179 336
179 371
179 382
179 395
180 123
180 179
180 264
180 365
180 423
180 463
181 195
181 202
181 221
181 392
181 393
181 416
182 183
182 234
182 236
182 251
182 274
182 278
182 386
183 144
183 155
183 174
183 182
183 250
183 301
184 185
184 314
184 390
184 437
184 460
185 103
185 107
185 158
185 184
185 192
185 354
185 372
186 135
186 333
186 384
186 411
186 459
186 471
186 487
186 497
187 231
187 333
187 459
187 471
187 487
187 497
188 14
188 116
188 350
188 426
188 428
188 451
188 454
188 467
189 40
189 92
189 282
189 284
189 321
190 8
190 17
190 27
190 191
190 217
190 229
190 290
190 383
191 25
191 51
191 91
191 168
191 190
191 261
191 311
191 402
192 54
192 158
192 166
192 185
192 268
192 354
192 372
193 196
193 232
193 331
193 376
193 397
193 405
194 95
194 165
194 240
194 246
194 310
194 406
195 33
195 69
195 181
195 416
196 113
196 162
196 193
196 387
196 408
196 412
197 29
197 140
197 156
197 164
197 198
197 312
198 197
198 343
198 366
198 377
198 385
198 401
199 145
199 264
199 319
199 423
199 457
199 463
200 235
200 270
200 304
200 362
200 374
200 419
201 102
201 151
201 177
201 208
201 215
201 223
201 345
201 413
202 33
202 69
202 181
202 205
202 392
202 416
203 95
203 240
203 246
203 310
203 334
203 406
204 39
204 257
204 297
204 380
204 464
204 466
205 112
205 132
205 202
205 238
205 241
205 355
206 9
206 28
206 289
206 299
206 396
206 418
207 55
207 83
207 119
207 210
207 332
207 399
208 177
208 201
208 215
208 341
208 356
208 363
209 175
209 270
209 304
209 306
209 315
209 362
209 374
209 419
210 66
210 142
210 207
210 331
210 376
210 405
211 366
211 377
211 385
211 401
212 328
212 477
212 485
212 491
212 492
212 496
213 11
213 15
213 62
213 138
213 215
213 320
213 348
213 361
214 125
214 238
214 241
214 355
215 201
215 208
215 213
215 223
215 341
215 345
215 363
215 413
216 328
216 477
216 491
216 492
216 496
217 8
217 27
217 190
217 218
217 229
217 337
217 383
218 217
218 256
218 387
218 403
218 408
218 412
219 6
219 221
219 267
219 344
220 281
220 292
220 431
220 435
220 479
220 486
221 33
221 69
221 181
221 219
221 392
221 416
222 23
222 43
222 44
222 134
222 225
222 302
223 177
223 201
223 215
223 341
223 345
223 356
223 363
224 111
224 114
224 227
224 228
224 273
224 351
225 19
225 22
225 131
225 222
225 303
225 439
226 3
226 233
226 445
226 450
227 82
227 111
227 114
227 224
227 228
227 351
228 82
228 114
228 224
228 227
228 351
229 8
229 190
229 217
229 230
229 318
229 337
230 125
230 132
230 229
230 238
230 241
230 355
231 187
231 263
231 277
231 342
231 373
231 391
232 64
232 66
232 73
232 142
232 193
232 331
232 376
232 397
232 405
233 3
233 53
233 226
233 294
233 445
233 450
234 5
234 87
234 89
234 182
234 274
234 386
235 130
235 200
235 306
235 419
236 87
236 182
236 274
236 326
236 452
237 18
237 42
237 77
237 170
237 239
237 255
238 16
238 112
238 115
238 205
238 214
238 230
239 123
239 150
239 237
239 264
239 319
239 329
239 346
239 423
239 463
240 194
240 203
240 246
240 334
240 360
240 406
241 16
241 112
241 115
241 205
241 214
241 230
242 44
242 71
242 134
242 172
242 302
242 370
243 19
243 22
243 65
243 303
243 329
243 439
244 22
244 65
244 136
244 303
244 330
244 439
245 162
245 252
245 387
245 403
245 408
245 412
246 143
246 165
246 194
246 203
246 240
246 310
246 334
246 406
247 13
247 76
247 259
247 349
247 358
247 369
248 328
248 477
248 485
248 491
248 492
248 496
249 9
249 59
249 98
249 400
249 417
249 418
250 20
250 48
250 144
250 155
250 174
250 183
251 5
251 89
251 182
251 274
251 452
251 490
252 245
252 277
252 291
252 342
252 373
252 391
253 21
253 106
253 137
253 254
253 283
253 430
254 60
254 101
254 253
254 269
254 325
254 368
254 375
254 378
254 409
254 415
254 420
254 436
254 458
254 469
254 472
254 475
254 480
254 489
254 494
254 498
254 500
255 18
255 28
255 42
255 170
255 237
255 470
256 113
256 161
256 218
256 403
256 408
256 412
257 39
257 104
257 204
257 280
257 293
257 298
257 380
257 462
257 464
257 478
258 40
258 92
258 167
258 262
258 282
258 284
258 321
259 76
259 247
259 260
259 349
259 358
259 369
260 13
260 124
260 160
260 259
260 358
260 369
261 191
261 287
261 402
261 410
262 55
262 83
262 119
262 258
262 332
262 399
263 35
263 121
263 231
263 291
263 323
263 391
264 133
264 180
264 199
264 239
264 423
264 463
265 58
265 68
265 115
265 271
265 305
265 313
266 109
266 110
266 154
266 269
266 314
266 437
266 460
267 6
267 45
267 49
267 127
267 219
267 309
267 330
268 103
268 158
268 192
268 354
269 254
269 266
269 469
269 473
269 489
269 494
269 499
270 146
270 200
270 209
270 304
270 315
270 362
270 374
271 7
271 58
271 68
271 265
271 305
271 307
271 313
272 26
272 57
272 79
272 93
272 100
272 273
272 316
273 82
273 114
273 224
273 272
273 351
274 5
274 63
274 87
274 89
274 126
274 182
274 234
274 236
274 251
274 278
274 326
274 386
275 14
275 34
275 116
275 350
275 381
275 428
275 451
276 76
276 349
276 358
276 369
277 35
277 121
277 231
277 252
277 291
277 323
277 391
278 87
278 182
278 274
278 279
278 326
278 386
278 452
279 278
279 427
279 432
279 444
279 446
279 453
279 456
279 461
279 465
279 484
280 39
280 257
280 283
280 297
280 380
280 464
280 466
281 173
281 178
281 220
281 292
281 359
281 425
281 431
281 438
281 479
281 483
281 486
282 72
282 92
282 189
282 258
282 483
282 500
283 21
283 50
283 75
283 106
283 120
283 137
283 141
283 253
283 280
283 347
283 404
283 414
283 430
284 99
284 189
284 258
284 286
284 317
285 67
285 314
285 390
285 437
285 460
286 140
286 156
286 164
286 284
286 312
287 25
287 51
287 70
287 91
287 168
287 261
287 311
288 3
288 53
288 118
288 294
288 352
288 445
288 450
289 9
289 59
289 206
289 299
289 396
289 400
289 417
290 8
290 190
290 318
290 337
290 379
290 489
291 252
291 263
291 277
291 323
291 332
291 342
291 391
292 32
292 41
292 173
292 220
292 281
292 338
292 359
292 425
292 431
292 435
292 438
292 455
292 483
292 486
292 489
293 39
293 257
293 296
293 297
293 380
293 464
293 466
294 3
294 233
294 288
294 298
294 352
294 445
294 450
295 432
295 444
295 446
295 456
295 461
295 465
295 484
296 293
296 328
296 477
296 485
296 491
296 492
296 496
297 52
297 104
297 159
297 204
297 280
297 293
297 298
297 364
297 380
297 417
297 424
297 462
297 476
297 494
298 39
298 104
298 257
298 294
298 297
298 380
298 464
298 466
298 478
299 9
299 59
299 206
299 289
299 400
299 417
299 418
300 78
300 109
300 154
300 390
300 437
300 460
301 20
301 48
301 144
301 155
301 174
301 183
301 302
302 43
302 44
302 71
302 134
302 222
302 242
302 301
302 308
302 370
303 19
303 22
303 46
303 65
303 131
303 136
303 148
303 225
303 243
303 244
303 306
303 448
304 175
304 200
304 209
304 270
304 315
304 362
304 419
305 7
305 58
305 68
305 265
305 271
305 307
305 313
306 146
306 175
306 209
306 235
306 303
306 315
306 419
307 58
307 271
307 305
307 309
307 313
308 23
308 43
308 44
308 71
308 172
308 302
308 370
309 49
309 81
309 127
309 267
309 307
309 330
309 344
310 165
310 194
310 203
310 246
310 315
310 360
310 406
311 70
311 191
311 287
311 402
311 410
312 29
312 80
312 140
312 156
312 164
312 197
312 286
313 7
313 58
313 265
313 271
313 305
313 307
314 67
314 154
314 184
314 266
314 285
314 388
314 437
314 460
315 130
315 209
315 270
315 304
315 306
315 310
315 374
316 26
316 57
316 79
316 93
316 100
316 272
316 317
317 40
317 72
317 99
317 167
317 284
317 316
317 321
318 17
318 27
318 229
318 290
318 337
318 379
318 383
319 199
319 239
319 322
319 329
319 365
319 423
319 463
320 11
320 15
320 62
320 138
320 213
320 348
320 361
321 72
321 92
321 189
321 258
321 317
322 10
322 56
322 117
322 139
322 319
322 340
323 263
323 277
323 291
323 326
323 342
323 373
323 391
324 336
324 382
324 395
325 254
325 473
325 475
325 489
325 494
325 499
325 500
326 126
326 236
326 274
326 278
326 323
327 56
327 117
327 157
327 340
328 47
328 78
328 147
328 171
328 176
328 212
328 216
328 248
328 296
328 353
328 457
328 477
328 481
328 482
328 490
328 493
328 496
329 150
329 239
329 243
329 319
329 346
329 423
329 463
330 81
330 122
330 244
330 267
330 309
330 344
331 64
331 73
331 193
331 210
331 232
331 376
331 397
332 55
332 88
332 119
332 207
332 262
332 291
332 367
332 399
333 135
333 186
333 187
333 339
333 384
333 407
333 411
333 422
333 429
333 433
333 442
333 447
333 468
333 470
333 471
333 474
333 495
333 497
334 95
334 143
334 203
334 240
334 246
334 360
335 432
335 444
335 446
335 453
335 456
335 461
335 465
335 484
336 84
336 86
336 97
336 105
336 169
336 179
336 324
336 337
336 371
337 8
337 17
337 27
337 217
337 229
337 290
337 318
337 336
337 379
337 383
338 178
338 292
338 425
338 438
338 440
338 479
338 486
339 135
339 333
339 411
339 442
339 459
339 471
339 487
339 492
339 497
340 10
340 56
340 117
340 139
340 157
340 322
340 327
340 492
341 102
341 151
341 177
341 208
341 215
341 223
341 345
341 356
341 413
342 35
342 121
342 231
342 252
342 291
342 323
342 343
342 373
343 30
343 36
343 198
343 342
343 366
343 377
343 385
343 401
344 45
344 49
344 81
344 127
344 219
344 309
344 330
344 345
345 201
345 215
345 223
345 341
345 344
345 363
346 123
346 150
346 239
346 329
346 365
346 423
346 463
346 467
347 21
347 50
347 75
347 141
347 283
347 348
347 414
347 449
348 11
348 15
348 62
348 213
348 320
348 347
349 13
349 76
349 124
349 160
349 247
349 259
349 276
349 369
350 14
350 34
350 94
350 116
350 188
350 275
350 381
350 421
350 426
350 451
350 454
350 467
350 488
351 82
351 111
351 114
351 224
351 227
351 228
351 273
351 354
352 61
352 74
352 118
352 288
352 294
352 443
352 445
352 450
353 176
353 328
353 477
353 482
353 485
353 491
353 492
353 496
354 54
354 185
354 192
354 268
354 351
354 372
355 16
355 112
355 115
355 125
355 205
355 214
355 230
355 356
356 102
356 151
356 208
356 223
356 341
356 355
356 363
357 432
357 444
357 446
357 453
357 456
357 461
357 465
357 484
358 13
358 76
358 124
358 160
358 247
358 259
358 260
358 276
359 281
359 292
359 455
359 479
359 486
360 95
360 143
360 165
360 240
360 310
360 334
360 361
360 406
361 15
361 62
361 138
361 213
361 320
361 360
362 130
362 200
362 209
362 270
362 304
362 374
363 102
363 151
363 208
363 215
363 223
363 345
363 356
363 413
364 39
364 297
364 380
364 464
364 466
365 180
365 319
365 346
365 423
365 463
366 30
366 36
366 37
366 198
366 211
366 343
366 385
366 401
367 83
367 88
367 119
367 149
367 332
367 399
368 254
368 462
368 469
368 473
368 475
368 489
368 494
368 499
369 13
369 124
369 160
369 247
369 259
369 260
369 276
369 349
370 23
370 44
370 242
370 302
370 308
371 84
371 86
371 97
371 105
371 169
371 179
371 336
371 375
372 54
372 107
372 158
372 166
372 185
372 192
372 354
373 35
373 121
373 231
373 252
373 323
373 342
373 378
373 391
374 146
374 175
374 200
374 209
374 270
374 315
374 362
374 419
375 254
375 371
375 472
375 473
375 475
375 489
375 494
375 499
375 500
376 64
376 73
376 193
376 210
376 232
376 331
376 397
376 405
376 452
377 30
377 36
377 37
377 198
377 211
377 343
377 385
377 401
377 453
378 254
378 373
378 469
378 472
378 473
378 475
378 494
378 499
378 500
379 17
379 290
379 318
379 337
379 380
380 39
380 52
380 104
380 159
380 204
380 257
380 280
380 293
380 297
380 298
380 364
380 379
380 424
380 464
380 466
380 476
381 275
381 350
381 382
381 426
381 428
381 451
381 454
382 84
382 97
382 105
382 169
382 179
382 324
382 381
382 395
383 8
383 190
383 217
383 318
383 337
384 135
384 186
384 333
384 385
384 407
384 422
384 429
384 468
384 470
384 471
384 474
384 487
384 495
384 497
385 30
385 36
385 37
385 198
385 211
385 343
385 366
385 377
385 384
386 63
386 87
386 89
386 126
386 182
386 234
386 274
386 278
386 388
387 113
387 161
387 162
387 163
387 196
387 218
387 245
387 403
387 412
388 314
388 386
388 390
388 437
388 460
389 392
389 432
389 444
389 446
389 453
389 456
389 461
389 465
389 484
390 67
390 90
390 110
390 184
390 285
390 300
390 388
390 393
390 437
391 35
391 121
391 231
391 252
391 263
391 277
391 291
391 323
391 373
392 33
392 69
392 181
392 202
392 221
392 389
392 393
392 394
392 416
393 33
393 69
393 181
393 390
393 392
393 416
394 33
394 69
394 392
394 395
394 416
395 84
395 86
395 97
395 105
395 169
395 179
395 324
395 382
395 394
396 206
396 289
396 397
396 400
396 417
396 418
397 64
397 66
397 73
397 142
397 193
397 232
397 331
397 376
397 396
398 432
398 444
398 456
398 461
398 465
398 484
399 55
399 83
399 88
399 119
399 207
399 262
399 332
399 367
399 400
400 9
400 98
400 249
400 289
400 299
400 396
400 399
400 417
400 418
401 30
401 36
401 37
401 198
401 211
401 343
401 366
401 377
401 402
402 25
402 51
402 70
402 91
402 168
402 191
402 261
402 311
402 401
402 410
403 161
403 163
403 218
403 245
403 256
403 387
403 404
403 408
403 412
404 21
404 75
404 106
404 137
404 283
404 403
404 414
404 430
404 449
405 66
405 142
405 193
405 210
405 232
405 376
405 406
406 95
406 143
406 165
406 194
406 203
406 240
406 246
406 310
406 360
406 405
407 135
407 333
407 384
407 411
407 459
407 470
407 471
407 487
407 497
408 113
408 161
408 162
408 163
408 196
408 218
408 245
408 256
408 403
408 409
409 254
409 408
409 458
409 469
409 472
409 473
409 475
409 494
409 499
409 500
410 25
410 51
410 70
410 76
410 91
410 168
410 261
410 311
410 402
411 186
411 333
411 339
411 407
411 413
411 429
411 442
411 447
411 468
411 474
411 487
411 497
412 113
412 161
412 162
412 163
412 196
412 218
412 245
412 256
412 387
412 403
413 201
413 215
413 341
413 363
413 411
414 106
414 120
414 137
414 141
414 153
414 283
414 347
414 404
414 441
414 449
415 254
415 416
415 469
415 472
415 473
415 475
415 489
415 494
415 499
415 500
416 33
416 69
416 181
416 195
416 202
416 221
416 392
416 393
416 394
416 415
417 9
417 59
417 249
417 289
417 297
417 299
417 396
417 400
417 418
417 494
418 9
418 59
418 98
418 206
418 249
418 299
418 396
418 400
418 417
418 419
419 130
419 146
419 175
419 200
419 209
419 235
419 304
419 306
419 374
419 418
420 254
420 421
420 458
420 469
420 472
420 473
420 475
420 494
420 499
420 500
421 14
421 38
421 116
421 350
421 420
421 426
421 434
421 451
421 454
421 467
421 488
422 135
422 333
422 384
422 429
422 442
422 447
422 470
422 471
422 474
422 487
422 497
423 133
423 145
423 180
423 199
423 239
423 264
423 319
423 329
423 346
423 365
423 424
424 39
424 297
424 380
424 423
424 466
425 178
425 281
425 292
425 338
425 426
425 431
425 435
425 455
425 479
425 486
426 14
426 94
426 116
426 188
426 350
426 381
426 421
426 425
426 428
426 434
426 451
427 279
427 429
427 432
427 444
427 446
427 453
427 456
427 461
427 465
427 484
428 94
428 116
428 188
428 275
428 381
428 426
428 434
428 451
428 454
428 467
428 488
429 135
429 333
429 384
429 411
429 422
429 427
429 442
429 459
429 470
429 487
429 497
430 137
430 253
430 283
430 404
431 173
431 178
431 220
431 281
431 292
431 425
431 433
431 435
431 438
431 455
431 479
431 483
431 486
432 279
432 295
432 335
432 357
432 389
432 398
432 427
432 446
432 456
432 465
432 484
433 333
433 431
433 459
433 487
433 497
434 116
434 421
434 426
434 428
434 435
434 451
435 32
435 173
435 178
435 220
435 292
435 425
435 431
435 434
435 438
435 479
435 486
436 60
436 64
436 254
436 458
436 469
436 472
436 473
436 489
436 494
436 499
436 500
437 67
437 90
437 109
437 110
437 154
437 184
437 266
437 285
437 300
437 314
437 388
437 390
437 438
438 41
438 173
438 281
438 292
438 338
438 431
438 435
438 437
438 440
438 455
438 479
438 486
439 46
439 136
439 148
439 225
439 243
439 244
439 440
440 338
440 438
440 439
440 455
440 479
440 486
441 21
441 50
441 120
441 137
441 414
441 449
442 135
442 333
442 339
442 411
442 422
442 429
442 443
442 447
442 468
442 471
442 474
442 497
443 3
443 352
443 442
443 445
443 450
444 128
444 279
444 295
444 335
444 357
444 389
444 398
444 427
444 445
444 453
444 461
444 465
444 484
445 3
445 53
445 61
445 74
445 118
445 226
445 233
445 288
445 294
445 352
445 443
445 444
446 279
446 295
446 335
446 357
446 389
446 427
446 432
446 447
446 456
446 461
446 465
446 484
447 135
447 333
447 411
447 422
447 442
447 446
447 459
447 470
447 487
447 497
448 19
448 22
448 65
448 148
448 303
448 449
449 21
449 347
449 404
449 414
449 441
449 448
450 3
450 53
450 61
450 74
450 118
450 226
450 233
450 288
450 294
450 352
450 443
450 451
451 2
451 14
451 34
451 38
451 94
451 116
451 188
451 275
451 350
451 381
451 421
451 426
451 428
451 434
451 450
451 454
451 488
452 5
452 63
452 89
452 126
452 236
452 251
452 278
452 376
453 279
453 335
453 357
453 377
453 389
453 427
453 444
453 456
453 461
453 465
453 484
454 2
454 14
454 34
454 94
454 114
454 116
454 188
454 350
454 381
454 421
454 428
454 451
454 467
455 178
455 292
455 359
455 425
455 431
455 438
455 440
455 456
455 479
455 483
455 486
456 128
456 279
456 295
456 335
456 357
456 389
456 398
456 427
456 432
456 446
456 453
456 455
456 465
457 176
457 199
457 328
457 477
457 482
457 485
457 490
457 491
457 492
457 496
458 60
458 254
458 409
458 420
458 436
458 459
458 473
458 475
458 489
458 494
458 499
459 186
459 187
459 339
459 407
459 429
459 433
459 447
459 458
459 468
459 470
459 474
459 495
459 497
460 67
460 90
460 109
460 110
460 154
460 184
460 266
460 285
460 300
460 314
460 388
460 461
461 128
461 279
461 295
461 335
461 357
461 389
461 398
461 427
461 444
461 446
461 453
461 460
461 465
462 39
462 257
462 297
462 368
462 464
462 466
462 478
463 123
463 133
463 145
463 150
463 180
463 199
463 239
463 264
463 319
463 329
463 346
463 365
463 464
464 104
464 159
464 204
464 257
464 280
464 293
464 298
464 364
464 380
464 462
464 463
464 476
464 478
465 128
465 279
465 295
465 335
465 357
465 389
465 398
465 427
465 432
465 444
465 446
465 453
465 456
465 461
465 466
466 52
466 104
466 159
466 204
466 280
466 293
466 298
466 364
466 380
466 424
466 462
466 465
466 476
466 478
467 2
467 38
467 116
467 188
467 346
467 350
467 421
467 428
467 454
468 333
468 384
468 411
468 442
468 459
468 469
468 487
468 497
469 60
469 254
469 269
469 368
469 378
469 409
469 415
469 420
469 436
469 468
469 472
469 473
469 475
469 489
469 499
469 500
470 135
470 255
470 333
470 384
470 407
470 422
470 429
470 447
470 459
470 471
470 474
470 487
470 497
471 135
471 186
471 187
471 333
471 339
471 384
471 407
471 422
471 442
471 470
471 473
471 474
471 487
471 497
472 60
472 254
472 375
472 378
472 409
472 415
472 420
472 436
472 469
472 473
472 484
472 494
472 495
472 496
472 499
473 60
473 101
473 269
473 325
473 368
473 375
473 378
473 409
473 415
473 420
473 436
473 458
473 469
473 471
473 472
473 475
473 480
473 489
473 498
473 500
474 333
474 384
474 411
474 422
474 442
474 459
474 470
474 471
474 475
474 487
474 497
475 60
475 254
475 325
475 368
475 375
475 378
475 409
475 415
475 420
475 458
475 469
475 473
475 474
475 489
475 500
476 39
476 297
476 380
476 464
476 466
476 477
476 499
477 47
477 78
477 147
477 171
477 176
477 212
477 216
477 248
477 296
477 328
477 353
477 457
477 476
477 481
477 485
477 490
477 491
477 493
477 499
478 104
478 257
478 298
478 462
478 464
478 466
478 479
479 32
479 41
479 173
479 178
479 220
479 281
479 338
479 359
479 425
479 431
479 435
479 438
479 440
479 455
479 478
479 483
480 254
480 473
480 482
480 494
480 499
481 127
481 328
481 477
481 491
481 492
481 496
482 176
482 328
482 353
482 457
482 480
482 485
482 490
482 491
482 492
482 496
483 281
483 282
483 292
483 431
483 455
483 479
483 486
483 500
484 128
484 279
484 295
484 335
484 357
484 389
484 398
484 427
484 432
484 444
484 446
484 453
484 472
484 495
485 47
485 176
485 212
485 248
485 296
485 353
485 457
485 477
485 482
485 486
485 490
485 491
485 492
485 493
485 496
486 32
486 41
486 173
486 178
486 220
486 281
486 292
486 338
486 359
486 425
486 431
486 435
486 438
486 440
486 455
486 483
486 485
487 135
487 186
487 187
487 339
487 384
487 407
487 411
487 422
487 429
487 433
487 447
487 468
487 470
487 471
487 474
487 491
487 495
488 116
488 350
488 421
488 428
488 451
488 493
489 101
489 254
489 269
489 290
489 292
489 325
489 368
489 375
489 415
489 436
489 458
489 469
489 473
489 475
489 494
489 498
489 499
489 500
490 176
490 251
490 328
490 457
490 477
490 482
490 485
490 491
490 492
490 496
491 47
491 78
491 147
491 171
491 176
491 212
491 216
491 248
491 296
491 353
491 457
491 477
491 481
491 482
491 485
491 487
491 490
491 492
491 493
491 496
492 47
492 171
492 176
492 212
492 216
492 248
492 296
492 339
492 340
492 353
492 457
492 481
492 482
492 485
492 490
492 491
492 493
492 496
493 176
493 328
493 477
493 485
493 488
493 491
493 492
493 496
494 60
494 101
494 254
494 269
494 297
494 325
494 368
494 375
494 378
494 409
494 415
494 417
494 420
494 436
494 458
494 472
494 480
494 489
494 498
494 499
495 135
495 333
495 384
495 459
495 472
495 484
495 487
495 497
496 47
496 70
496 78
496 147
496 171
496 212
496 216
496 248
496 296
496 328
496 353
496 457
496 472
496 481
496 482
496 485
496 490
496 491
496 492
496 493
497 135
497 186
497 187
497 333
497 339
497 384
497 407
497 411
497 422
497 429
497 433
497 442
497 447
497 459
497 468
497 470
497 471
497 474
497 495
497 498
498 254
498 473
498 489
498 494
498 497
498 499
499 60
499 101
499 269
499 325
499 368
499 375
499 378
499 409
499 415
499 420
499 436
499 458
499 469
499 472
499 476
499 477
499 480
499 489
499 494
499 498
499 500
500 60
500 254
500 282
500 325
500 375
500 378
500 409
500 415
500 420
500 436
500 469
500 473
500 475
500 483
500 489
500 499
