1 27
2 7
3 31
4 25
5 27
6 13
7 8
8 42
9 23
10 38
11 41
12 37
13 40
14 22
15 24
16 15
17 21
18 22
19 18
20 27
21 29
22 23
23 11
24 7
25 25
26 3
27 2
28 35
29 10
30 31
31 21
32 5
33 2
34 28
35 4
36 40
37 34
38 30
39 34
40 40
41 36
42 34
43 7
44 29
45 12
46 12
47 43
48 23
49 21
50 27
51 9
52 16
53 41
54 33
55 18
56 27
57 32
58 9
59 24
60 18
61 40
62 36
63 15
64 19
65 38
66 39
67 6
68 19
69 23
70 4
71 11
72 31
73 30
74 31
75 32
76 42
77 14
78 24
79 13
80 2
81 9
82 10
83 36
84 3
85 42
86 43
87 23
88 25
89 8
90 31
91 26
92 13
93 1
94 10
95 22
96 16
97 5
98 28
99 21
100 31
101 22
102 13
103 22
104 22
105 7
106 28
107 34
108 10
109 11
110 1
111 23
112 9
113 11
114 41
115 12
116 9
117 20
118 30
119 3
120 37
121 34
122 30
123 18
124 21
125 15
126 3
127 21
128 42
129 31
130 23
131 1
132 30
133 1
134 2
135 33
136 22
137 5
138 1
139 12
140 18
141 38
142 5
143 3
144 32
145 29
146 41
147 19
148 6
149 32
150 13
151 19
152 33
153 16
154 28
155 39
156 17
157 26
158 9
159 2
160 22
161 12
162 21
163 15
164 26
165 24
166 31
167 14
168 18
169 42
170 7
171 21
172 12
173 38
174 36
175 5
176 28
177 35
178 16
179 18
180 27
181 42
182 30
183 30
184 22
185 22
186 25
187 20
188 18
189 4
190 21
191 34
192 28
193 24
194 38
195 10
196 37
197 18
198 7
199 25
200 11
201 41
202 27
203 34
204 18
205 26
206 1
207 9
208 31
209 23
210 25
211 2
212 21
213 18
214 14
215 10
216 26
217 9
218 2
219 19
220 28
221 5
222 18
223 6
224 35
225 24
226 34
227 27
228 21
229 30
230 38
231 31
232 30
233 2
234 28
235 33
236 12
237 31
238 23
239 17
240 29
241 26
242 15
243 22
244 6
245 31
246 32
247 42
248 15
249 20
250 6
251 16
252 8
253 42
254 32
255 39
256 37
257 36
258 8
259 38
260 14
261 38
262 34
263 24
264 31
265 1
266 20
267 26
268 9
269 5
270 8
271 25
272 36
273 43
274 22
275 21
276 39
277 25
278 30
279 9
280 2
281 4
282 41
283 10
284 18
285 21
286 1
287 4
288 35
289 2
290 38
291 33
292 31
293 17
294 22
295 9
296 8
297 30
298 19
299 12
300 9
301 17
302 35
303 24
304 30
305 27
306 22
307 10
308 22
309 17
310 18
311 9
312 36
313 41
314 27
315 27
316 26
317 28
318 8
319 1
320 30
321 9
322 18
323 40
324 12
325 43
326 12
327 12
328 40
329 34
330 33
331 9
332 23
333 22
334 12
335 34
336 18
337 42
338 24
339 1
340 24
341 9
342 5
343 28
344 26
345 2
346 8
347 14
348 36
349 31
350 27
351 2
352 33
353 18
354 43
355 42
356 27
357 38
358 17
359 12
360 2
361 9
362 26
363 10
364 28
365 30
366 10
367 13
368 14
369 23
370 20
371 18
372 29
373 21
374 32
375 40
376 18
377 1
378 37
379 33
380 26
381 8
382 34
383 6
384 12
385 8
386 22
387 26
388 38
389 41
390 34
391 25
392 12
393 15
394 23
395 14
396 10
397 30
398 30
399 26
400 32
401 30
402 5
403 26
404 2
405 42
406 42
407 23
408 24
409 21
410 23
411 2
412 41
413 33
414 25
415 4
416 14
417 2
418 10
419 33
420 25
421 41
422 12
423 18
424 9
425 32
426 22
427 34
428 24
429 1
430 31
431 42
432 23
433 24
434 27
435 39
436 23
437 6
438 27
439 1
440 42
441 22
442 42
443 8
444 10
445 26
446 9
447 9
448 22
449 8
450 30
451 23
452 21
453 9
454 5
455 1
456 12
457 40
458 3
459 15
460 25
461 10
462 5
463 12
464 41
465 9
466 15
467 34
468 10
469 23
470 2
471 38
472 26
473 30
474 21
475 31
476 26
477 27
478 6
479 9
480 12
481 36
482 28
483 18
484 21
485 38
486 1
487 21
488 38
489 1
490 22
491 42
492 12
493 3
494 18
495 27
496 2
497 8
498 43
499 14
500 42
