1 1
2 13
3 13
4 14
5 4
6 39
7 3
8 31
9 2
10 27
11 23
12 4
13 39
14 14
15 39
16 27
17 37
18 34
19 30
20 25
21 18
22 13
23 30
24 29
25 19
26 21
27 9
28 9
29 41
30 35
31 1
32 36
33 17
34 16
35 17
36 23
37 17
38 35
39 23
40 11
41 17
42 18
43 22
44 37
45 17
46 21
47 25
48 39
49 31
50 24
51 4
52 26
53 13
54 7
55 1
56 11
57 23
58 23
59 39
60 20
61 39
62 29
63 20
64 38
65 30
66 1
67 14
68 15
69 24
70 6
71 15
72 32
73 23
74 24
75 7
76 16
77 19
78 17
79 33
80 26
81 15
82 27
83 34
84 30
85 17
86 35
87 28
88 7
89 8
90 12
91 8
92 6
93 24
94 31
95 14
96 14
97 1
98 29
99 32
100 6
101 5
102 1
103 3
104 24
105 8
106 16
107 32
108 38
109 10
110 13
111 16
112 39
113 30
114 16
115 16
116 4
117 20
118 25
119 14
120 5
121 33
122 35
123 32
124 35
125 41
126 36
127 1
128 39
129 33
130 10
131 2
132 28
133 41
134 22
135 39
136 25
137 5
138 40
139 33
140 29
141 37
142 5
143 19
144 39
145 20
146 2
147 6
148 9
149 5
150 41
151 28
152 27
153 17
154 27
155 33
156 31
157 11
158 32
159 15
160 10
161 12
162 17
163 26
164 10
165 37
166 28
167 25
168 15
169 14
170 31
171 35
172 34
173 5
174 12
175 29
176 8
177 27
178 15
179 6
180 3
181 1
182 22
183 4
184 8
185 40
186 4
187 41
188 15
189 3
190 34
191 27
192 9
193 3
194 15
195 34
196 38
197 18
198 24
199 29
200 28
201 21
202 37
203 39
204 37
205 27
206 15
207 37
208 39
209 7
210 7
211 24
212 11
213 11
214 34
215 33
216 12
217 23
218 21
219 36
220 40
221 6
222 39
223 26
224 22
225 14
226 13
227 36
228 12
229 24
230 25
231 8
232 39
233 39
234 38
235 38
236 37
237 19
238 29
239 2
240 5
241 23
242 35
243 9
244 4
245 37
246 32
247 11
248 1
249 40
250 14
251 36
252 3
253 12
254 38
255 36
256 32
257 9
258 1
259 18
260 36
261 36
262 4
263 31
264 28
265 13
266 19
267 3
268 13
269 19
270 7
271 13
272 22
273 30
274 37
275 2
276 8
277 11
278 28
279 31
280 38
281 34
282 31
283 36
284 22
285 38
286 9
287 28
288 38
289 14
290 7
291 17
292 25
293 26
294 16
295 41
296 6
297 36
298 35
299 40
300 10
301 34
302 21
303 7
304 22
305 8
306 31
307 4
308 6
309 36
310 33
311 9
312 29
313 21
314 3
315 18
316 12
317 6
318 20
319 5
320 26
321 23
322 1
323 10
324 31
325 24
326 20
327 24
328 33
329 34
330 1
331 6
332 3
333 16
334 5
335 32
336 32
337 9
338 11
339 11
340 18
341 14
342 4
343 33
344 11
345 3
346 29
347 15
348 8
349 5
350 18
351 14
352 27
353 17
354 1
355 34
356 7
357 35
358 26
359 25
360 8
361 15
362 10
363 21
364 10
365 32
366 25
367 24
368 24
369 30
370 21
371 22
372 30
373 11
374 17
375 29
376 38
377 36
378 28
379 30
380 24
381 20
382 35
383 40
384 9
385 9
386 4
387 1
388 31
389 4
390 13
391 28
392 30
393 4
394 38
395 6
396 34
397 17
398 28
399 10
400 30
401 1
402 38
403 16
404 24
405 27
406 21
407 14
408 27
409 11
410 10
411 10
412 9
413 3
414 23
415 20
416 31
417 25
418 32
419 24
420 14
421 32
422 21
423 1
424 31
425 20
426 17
427 10
428 29
429 2
430 39
431 26
432 8
433 20
434 1
435 39
436 32
437 9
438 9
439 4
440 25
441 36
442 31
443 24
444 24
445 14
446 14
447 39
448 10
449 39
450 10
451 14
452 38
453 39
454 10
455 32
456 31
457 29
458 36
459 11
460 11
461 34
462 11
463 4
464 17
465 9
466 34
467 19
468 10
469 31
470 17
471 1
472 4
473 4
474 34
475 14
476 10
477 5
478 1
479 4
480 24
481 8
482 24
483 10
484 4
485 10
486 24
487 29
488 4
489 24
490 2
491 24
492 35
493 41
494 8
495 1
496 24
497 40
498 1
499 41
500 39
