1 10
1 33
1 318
1 319
1 414
2 5
2 220
2 332
2 412
2 436
3 6
3 223
3 412
3 489
3 494
4 7
4 144
4 276
4 312
4 432
5 2
5 6
5 160
5 234
5 399
6 3
6 5
6 50
6 90
6 303
7 4
7 9
7 118
7 271
7 389
8 11
8 14
8 42
8 70
8 84
8 162
8 289
8 429
9 7
9 62
9 389
9 438
9 482
10 1
10 15
10 254
10 389
10 438
11 8
11 14
11 57
11 110
11 285
12 100
12 123
12 209
12 240
12 319
12 322
12 374
12 426
12 434
12 448
12 452
12 464
12 466
12 481
12 491
12 494
12 499
13 110
13 114
13 212
13 364
13 432
14 8
14 11
14 440
14 474
14 492
15 10
15 24
15 289
15 429
15 438
16 52
16 143
16 152
16 425
16 466
16 477
16 480
16 481
16 483
16 488
16 496
17 140
17 325
17 345
17 354
17 472
18 20
18 74
18 159
18 401
18 469
19 20
19 41
19 202
19 221
19 245
19 291
20 18
20 19
20 56
20 65
20 71
21 22
21 23
21 89
21 103
21 122
21 285
21 297
21 418
21 455
22 21
22 23
22 263
22 371
22 451
23 21
23 22
23 199
23 333
23 348
24 15
24 25
24 81
24 276
24 421
25 24
25 28
25 29
25 115
25 316
26 27
26 57
26 406
26 418
26 496
27 26
27 30
27 179
27 231
27 287
27 334
27 375
27 417
27 487
28 25
28 29
28 31
28 81
28 421
29 25
29 28
29 31
29 364
29 465
30 27
30 32
30 55
30 241
30 298
31 28
31 29
31 33
31 135
31 220
31 332
32 30
32 34
32 44
32 146
32 274
33 1
33 31
33 35
33 141
33 340
34 32
34 36
34 49
34 68
34 449
35 33
35 43
35 141
35 281
35 410
36 34
36 37
36 302
36 400
36 497
37 36
37 38
37 317
37 382
37 435
38 37
38 40
38 373
38 396
38 460
39 183
39 184
39 187
39 310
39 313
40 38
40 152
40 396
40 405
40 484
41 19
41 44
41 142
41 221
41 245
41 273
41 385
41 438
41 441
42 8
42 64
42 85
42 162
42 205
42 410
42 429
42 448
43 35
43 58
43 99
43 105
43 141
44 32
44 41
44 45
44 129
44 204
44 272
44 274
45 44
45 112
45 209
45 260
45 383
46 85
46 101
46 366
46 451
46 493
47 214
47 370
47 414
47 428
47 451
47 474
48 143
48 144
48 226
48 422
48 491
49 34
49 50
49 387
49 449
49 451
50 6
50 49
50 51
50 90
50 290
51 50
51 115
51 188
51 211
51 499
52 16
52 55
52 69
52 152
52 408
52 425
52 468
52 484
52 485
53 104
53 161
53 209
53 372
53 379
53 390
53 442
53 443
53 444
53 454
53 485
53 487
53 490
53 493
54 81
54 158
54 160
54 421
54 486
55 30
55 52
55 69
55 78
55 284
55 298
55 328
55 485
56 20
56 57
56 63
56 94
56 354
57 11
57 26
57 56
57 63
57 110
58 43
58 60
58 141
58 199
58 348
59 60
59 61
59 65
59 141
59 182
60 58
60 59
60 65
60 237
60 448
61 59
61 65
61 291
61 360
61 432
62 9
62 216
62 218
62 220
62 258
63 56
63 57
63 255
63 427
63 449
64 42
64 173
64 192
64 367
64 369
65 20
65 59
65 60
65 61
65 71
65 94
66 71
66 370
66 389
66 414
66 417
66 475
67 100
67 337
67 346
67 352
67 358
67 362
67 373
67 479
67 489
67 493
67 494
68 34
68 70
68 80
68 97
68 387
68 427
69 52
69 55
69 78
69 79
69 144
69 178
69 293
69 312
69 485
70 8
70 68
70 80
70 84
70 97
71 20
71 65
71 66
71 94
71 249
72 106
72 203
72 249
72 273
72 302
73 74
73 163
73 302
73 368
73 432
74 18
74 73
74 76
74 91
74 483
75 99
75 215
75 379
75 419
75 490
76 74
76 133
76 152
76 408
77 81
77 82
77 112
77 233
77 260
77 270
78 55
78 69
78 104
78 108
78 111
78 123
78 467
78 491
79 69
79 95
79 105
79 178
79 411
80 68
80 70
80 205
80 215
80 269
80 359
81 24
81 28
81 54
81 77
81 82
81 421
82 77
82 81
82 201
82 407
82 475
83 179
83 216
83 402
83 468
83 499
84 8
84 70
84 86
84 418
84 429
85 42
85 46
85 101
85 205
85 232
85 287
85 443
85 448
85 490
86 84
86 88
86 120
86 145
86 368
87 89
87 290
87 303
87 321
87 489
88 86
88 89
88 175
88 248
88 292
89 21
89 87
89 88
89 122
89 297
89 462
90 6
90 50
90 91
90 93
90 290
90 321
91 74
91 90
91 93
91 338
91 478
92 328
92 336
92 361
92 396
92 453
93 90
93 91
93 130
93 468
93 499
94 56
94 65
94 71
94 96
94 101
95 79
95 98
95 105
95 474
95 492
96 94
96 101
96 230
96 377
96 471
97 68
97 70
97 171
97 205
97 215
97 350
98 95
98 105
98 131
98 249
98 411
99 43
99 75
99 215
99 225
99 411
100 12
100 67
100 123
100 213
100 215
100 224
100 230
100 240
100 362
100 377
100 471
100 489
100 491
100 493
100 494
100 499
101 46
101 85
101 94
101 96
101 366
102 150
102 190
102 191
102 325
102 342
102 470
102 495
103 21
103 122
103 147
103 156
103 297
104 53
104 78
104 123
104 153
104 161
104 280
104 422
104 467
104 487
104 491
104 493
105 43
105 79
105 95
105 98
105 225
106 72
106 109
106 142
106 439
106 482
107 110
107 203
107 364
107 441
107 485
108 78
108 111
108 132
108 176
108 197
108 208
108 340
108 363
109 106
109 168
109 397
109 427
109 482
110 11
110 13
110 57
110 107
110 226
110 364
111 78
111 108
111 132
111 184
111 197
111 239
111 365
112 45
112 77
112 113
112 260
112 278
112 315
112 383
112 431
113 112
113 156
113 173
113 252
113 278
114 13
114 117
114 234
114 290
114 399
115 25
115 51
115 133
115 213
115 500
116 120
116 121
116 123
116 467
116 491
117 114
117 166
117 290
117 364
117 478
118 7
118 119
118 126
118 290
118 353
119 118
119 126
119 164
119 191
119 290
119 393
120 86
120 116
120 121
120 145
120 170
121 116
121 120
121 275
121 307
121 412
121 433
121 476
122 21
122 89
122 103
122 123
122 240
122 285
122 297
122 406
122 418
122 455
122 462
122 473
122 477
122 480
122 494
122 499
123 12
123 78
123 100
123 104
123 116
123 122
123 174
123 195
123 218
123 240
123 246
123 280
123 422
123 467
123 473
123 491
123 494
123 499
124 125
124 140
124 325
124 439
124 472
125 124
125 139
125 217
125 279
125 439
125 446
126 118
126 119
126 131
126 161
126 229
126 262
126 282
127 128
127 351
127 412
127 439
127 476
128 127
128 137
128 172
128 485
128 486
129 44
129 134
129 146
129 272
129 486
130 93
130 131
130 135
130 496
130 499
131 98
131 126
131 130
131 135
131 138
132 108
132 111
132 197
132 199
132 281
132 410
132 437
132 473
132 480
133 76
133 115
133 213
133 408
133 484
133 500
134 129
134 288
134 291
134 360
134 486
135 31
135 130
135 131
135 139
135 308
136 140
136 155
136 169
136 376
136 456
136 474
137 128
137 228
137 230
137 234
137 268
137 485
138 131
138 142
138 249
138 476
138 493
139 125
139 135
139 146
139 148
139 381
140 17
140 124
140 136
140 142
140 325
141 33
141 35
141 43
141 58
141 59
141 286
141 478
141 488
142 41
142 106
142 138
142 140
142 245
142 327
143 16
143 48
143 373
143 396
143 456
144 4
144 48
144 69
144 226
144 293
145 86
145 120
145 148
145 163
145 170
145 208
145 212
145 368
146 32
146 129
146 139
146 150
146 381
147 103
147 357
147 359
147 362
147 462
148 139
148 145
148 208
148 217
148 279
148 446
149 190
149 213
149 370
149 389
149 414
149 415
149 479
150 102
150 146
150 151
150 342
150 381
151 150
151 159
151 381
151 403
151 480
152 16
152 40
152 52
152 76
152 157
152 345
152 405
152 408
152 423
152 425
152 479
153 104
153 161
153 200
153 201
153 211
153 229
153 367
153 445
153 468
153 499
154 157
154 182
154 280
154 281
154 465
155 136
155 157
155 169
155 358
155 479
156 103
156 113
156 173
156 192
156 252
157 152
157 154
157 155
157 364
157 465
158 54
158 163
158 276
158 314
158 380
158 461
159 18
159 151
159 162
159 347
159 348
159 411
160 5
160 54
160 163
160 234
160 238
161 53
161 104
161 126
161 153
161 200
161 201
161 229
161 282
161 295
162 8
162 42
162 159
162 164
162 289
162 348
163 73
163 145
163 158
163 160
163 368
163 432
164 119
164 162
164 165
164 191
164 235
164 348
164 393
165 164
165 168
165 207
165 260
165 270
165 348
166 117
166 167
166 171
166 337
166 478
166 488
167 166
167 171
167 253
167 378
167 403
167 480
168 109
168 165
168 169
168 397
168 411
168 427
169 136
169 155
169 168
169 170
169 173
169 358
170 120
170 145
170 169
170 173
170 174
170 212
171 97
171 166
171 167
171 205
171 350
172 128
172 175
172 197
172 257
172 275
172 355
172 485
173 64
173 113
173 156
173 169
173 170
173 174
174 123
174 170
174 173
174 280
174 490
174 491
175 88
175 172
175 248
175 275
175 292
175 320
176 108
176 181
176 208
176 275
176 340
176 363
177 178
177 183
177 438
177 471
177 489
177 494
178 69
178 79
178 177
178 183
178 312
178 471
179 27
179 83
179 243
179 257
179 287
179 318
179 334
179 469
179 474
179 476
179 487
179 489
179 490
180 253
180 254
180 316
180 369
180 433
180 443
181 176
181 195
181 239
181 264
181 271
181 394
182 59
182 154
182 281
182 347
182 374
182 478
183 39
183 177
183 178
183 311
183 420
183 463
184 39
184 111
184 187
184 189
184 195
184 264
185 194
185 271
185 430
185 469
185 474
185 492
186 194
186 271
186 299
186 341
186 343
187 39
187 184
187 189
187 278
187 311
187 336
187 388
187 392
187 424
187 463
187 496
188 51
188 234
188 243
188 248
188 445
188 499
189 184
189 187
189 190
189 469
189 474
189 492
190 102
190 149
190 189
190 191
190 300
190 415
191 102
191 119
191 164
191 190
191 235
191 325
191 393
192 64
192 156
192 193
192 252
192 325
192 421
193 192
193 195
193 325
193 346
193 364
193 465
194 185
194 186
194 346
194 364
194 465
195 123
195 181
195 184
195 193
195 198
195 264
196 198
196 202
196 219
196 336
196 388
196 442
197 108
197 111
197 132
197 172
197 199
197 268
197 355
197 485
198 195
198 196
198 202
198 309
198 452
198 466
199 23
199 58
199 132
199 197
199 231
199 333
199 348
199 423
200 153
200 161
200 201
200 229
200 277
200 311
200 449
201 82
201 153
201 161
201 200
201 229
201 370
201 407
201 414
201 415
201 449
201 475
202 19
202 196
202 198
202 206
202 221
203 72
203 107
203 212
203 439
203 467
204 44
204 212
204 257
204 272
204 274
204 395
205 42
205 80
205 85
205 97
205 171
205 269
205 331
205 350
205 359
205 443
205 448
206 202
206 278
206 320
206 405
206 463
206 496
207 165
207 216
207 233
207 402
207 431
207 452
208 108
208 145
208 148
208 176
208 226
208 340
209 12
209 45
209 53
209 426
209 434
209 448
209 452
209 464
209 466
209 467
209 478
209 481
209 487
209 490
209 493
210 267
210 283
210 297
210 301
210 305
210 347
211 51
211 153
211 320
211 402
211 452
211 468
212 13
212 145
212 170
212 203
212 204
213 100
213 115
213 133
213 149
213 215
213 224
213 407
213 493
214 47
214 296
214 297
214 378
214 428
215 75
215 80
215 97
215 99
215 100
215 213
215 224
215 405
215 493
215 494
216 62
216 83
216 207
216 218
216 468
216 499
217 125
217 148
217 221
217 224
217 446
218 62
218 123
218 216
218 219
218 467
218 491
219 196
219 218
219 220
219 222
219 392
219 477
220 2
220 31
220 62
220 219
220 222
220 308
221 19
221 41
221 202
221 217
221 224
221 245
222 219
222 220
222 223
222 228
222 358
222 386
223 3
223 222
223 227
223 418
223 489
223 494
224 100
224 213
224 215
224 217
224 221
224 494
225 99
225 105
225 256
225 258
225 334
225 350
226 48
226 110
226 144
226 208
226 406
226 418
227 223
227 418
227 440
227 454
227 469
227 492
228 137
228 222
228 230
228 386
228 456
228 460
229 126
229 153
229 161
229 200
229 201
229 262
229 274
229 295
229 449
230 96
230 100
230 137
230 228
230 377
230 471
231 27
231 199
231 247
231 268
231 287
231 334
231 375
231 417
231 423
231 487
231 490
232 85
232 233
232 240
232 296
232 418
232 443
233 77
233 207
233 232
233 235
233 315
233 418
234 5
234 114
234 137
234 160
234 188
234 238
234 399
235 164
235 191
235 233
235 236
235 371
235 393
236 235
236 237
236 329
236 371
236 460
236 466
237 60
237 236
237 309
237 318
237 326
237 414
238 160
238 234
238 239
238 366
238 371
238 399
239 111
239 181
239 238
239 365
239 366
239 464
240 12
240 100
240 122
240 123
240 232
240 287
240 318
240 366
240 444
240 473
240 490
240 491
240 494
240 499
241 30
241 242
241 298
241 328
241 366
241 481
242 241
242 244
242 246
242 345
242 423
242 484
243 179
243 188
243 318
243 334
243 457
243 490
244 242
244 246
244 250
244 299
244 341
244 343
245 19
245 41
245 142
245 221
245 272
245 287
245 340
245 385
245 441
245 481
245 492
245 496
246 123
246 242
246 244
246 250
246 467
246 491
247 231
247 251
247 268
247 284
247 412
247 423
247 476
248 88
248 175
248 188
248 260
248 292
248 320
249 71
249 72
249 98
249 138
249 302
249 493
250 244
250 246
250 251
250 310
250 313
250 500
251 247
251 250
251 252
251 253
251 351
251 476
252 113
252 156
252 192
252 251
252 253
252 463
253 167
253 180
253 251
253 252
253 357
253 437
254 10
254 180
254 340
254 363
254 393
254 433
255 63
255 259
255 261
255 397
255 449
255 459
256 225
256 258
256 334
256 430
256 474
256 492
257 172
257 179
257 204
257 265
257 355
257 404
257 458
257 461
257 474
257 476
257 485
258 62
258 225
258 256
258 393
258 398
258 438
259 255
259 261
259 345
259 423
259 459
259 484
260 45
260 77
260 112
260 165
260 248
260 262
261 255
261 259
261 265
261 430
261 474
261 492
262 126
262 229
262 260
262 263
262 282
262 295
263 22
263 262
263 371
263 384
263 407
263 451
264 181
264 184
264 195
264 293
264 299
265 257
265 261
265 266
265 355
265 404
265 459
265 485
266 265
266 269
266 322
266 374
266 459
266 464
266 481
267 210
267 269
267 270
267 283
267 305
267 444
267 453
268 137
268 197
268 231
268 247
268 284
268 423
268 485
269 80
269 205
269 266
269 267
269 270
269 350
269 359
270 77
270 165
270 267
270 269
270 273
270 431
271 7
271 181
271 185
271 186
271 353
272 44
272 129
272 204
272 245
272 274
272 287
272 304
272 340
272 395
272 434
272 465
272 492
273 41
273 72
273 270
273 277
273 279
273 385
274 32
274 44
274 204
274 229
274 272
274 304
274 341
274 406
274 408
274 449
275 121
275 172
275 175
275 176
275 307
275 351
275 476
276 4
276 24
276 158
276 314
276 380
276 426
276 430
276 432
276 461
277 200
277 273
277 279
277 374
277 420
278 112
278 113
278 187
278 206
278 424
278 463
278 482
279 125
279 148
279 273
279 277
279 374
279 446
280 104
280 123
280 154
280 174
280 282
280 374
280 491
281 35
281 132
281 154
281 182
281 282
281 473
281 480
282 126
282 161
282 262
282 280
282 281
282 283
282 295
283 210
283 267
283 282
283 285
283 286
283 305
284 55
284 247
284 268
284 288
284 298
284 328
284 423
285 11
285 21
285 122
285 283
285 286
285 289
285 455
286 141
286 283
286 285
286 289
286 335
286 483
286 488
287 27
287 85
287 179
287 231
287 240
287 245
287 272
287 340
287 349
287 366
287 375
287 417
287 434
287 465
287 487
287 490
287 492
288 134
288 284
288 291
288 305
288 306
288 350
288 360
289 8
289 15
289 162
289 285
289 286
289 292
289 429
290 50
290 87
290 90
290 114
290 117
290 118
290 119
290 321
291 19
291 61
291 134
291 288
291 345
291 360
291 499
292 88
292 175
292 248
292 289
292 294
292 320
292 440
293 69
293 144
293 264
293 299
293 312
294 292
294 295
294 339
294 367
294 440
294 468
294 499
295 161
295 229
295 262
295 282
295 294
295 296
295 440
296 214
296 232
296 295
296 378
296 487
296 490
297 21
297 89
297 103
297 122
297 210
297 214
297 347
298 30
298 55
298 241
298 284
298 300
298 303
298 347
299 186
299 244
299 264
299 293
299 341
299 343
300 190
300 298
300 301
300 303
300 407
300 415
301 210
301 300
301 303
301 306
301 344
301 380
301 461
302 36
302 72
302 73
302 249
302 391
302 402
302 497
303 6
303 87
303 298
303 300
303 301
303 321
304 272
304 274
304 308
304 310
304 395
305 210
305 267
305 283
305 288
305 306
305 323
305 350
305 361
305 453
306 288
306 301
306 305
306 323
306 344
306 350
306 380
307 121
307 275
307 327
307 354
307 404
307 412
307 476
308 135
308 220
308 304
308 310
308 332
309 198
309 237
309 311
309 312
309 329
309 449
309 481
310 39
310 250
310 304
310 308
310 500
311 183
311 187
311 200
311 309
311 312
311 424
311 429
312 4
312 69
312 178
312 293
312 309
312 311
312 313
313 39
313 250
313 312
313 314
313 427
313 500
314 158
314 276
314 313
314 316
314 380
314 427
314 461
315 112
315 233
315 333
315 342
315 343
315 344
315 383
316 25
316 180
316 314
316 319
316 324
316 331
316 427
317 37
317 321
317 339
317 382
317 498
318 1
318 179
318 237
318 240
318 243
318 322
318 490
319 1
319 12
319 316
319 322
319 414
319 426
319 481
320 175
320 206
320 211
320 248
320 292
320 402
320 405
321 87
321 90
321 290
321 303
321 317
321 339
322 12
322 266
322 318
322 319
322 326
322 456
322 481
323 305
323 306
323 329
323 350
323 385
323 441
323 457
324 316
324 330
324 372
324 379
324 413
324 427
324 488
325 17
325 102
325 124
325 140
325 191
325 192
325 193
326 237
326 322
326 330
326 335
326 338
326 478
326 488
327 142
327 307
327 328
327 336
327 354
327 439
327 457
328 55
328 92
328 241
328 284
328 327
328 336
328 487
329 236
329 309
329 323
329 333
329 342
329 350
329 448
330 324
330 326
330 335
330 430
330 440
330 469
330 492
331 205
331 316
331 332
331 335
331 379
331 413
331 444
332 2
332 31
332 308
332 331
332 335
332 338
332 436
333 23
333 199
333 315
333 329
333 342
333 343
333 348
334 27
334 179
334 225
334 231
334 243
334 256
334 393
334 433
335 286
335 326
335 330
335 331
335 332
335 478
335 483
335 488
336 92
336 187
336 196
336 327
336 328
336 388
336 396
336 424
336 463
337 67
337 166
337 338
337 363
337 373
337 375
337 401
337 411
338 91
338 326
338 332
338 337
338 351
338 353
338 478
338 483
339 294
339 317
339 321
339 367
339 499
340 33
340 108
340 176
340 208
340 245
340 254
340 272
340 287
340 363
340 434
340 465
340 492
341 186
341 244
341 274
341 299
341 343
341 406
341 408
341 413
341 449
342 102
342 150
342 315
342 329
342 333
342 343
342 470
342 495
343 186
343 244
343 299
343 315
343 333
343 341
343 342
343 344
344 301
344 306
344 315
344 343
344 346
344 358
344 380
344 461
345 17
345 152
345 242
345 259
345 291
345 410
345 423
345 425
345 484
346 67
346 193
346 194
346 344
346 352
346 358
346 364
346 465
347 159
347 182
347 210
347 297
347 298
347 378
347 483
347 488
348 23
348 58
348 159
348 162
348 164
348 165
348 199
348 333
349 287
349 356
349 360
349 417
349 458
349 490
350 97
350 171
350 205
350 225
350 269
350 288
350 305
350 306
350 323
350 329
350 359
351 127
351 251
351 275
351 338
351 353
351 355
351 433
351 476
352 67
352 346
352 358
352 373
352 390
352 409
352 416
352 454
353 118
353 271
353 338
353 351
353 355
353 380
354 17
354 56
354 307
354 327
354 376
354 438
354 460
354 462
355 172
355 197
355 257
355 265
355 351
355 353
355 404
355 431
356 349
356 360
356 409
356 416
356 443
357 147
357 253
357 359
357 362
357 378
357 437
357 473
357 480
358 67
358 155
358 169
358 222
358 344
358 346
358 352
358 438
359 80
359 147
359 205
359 269
359 350
359 357
359 362
360 61
360 134
360 288
360 291
360 349
360 356
361 92
361 305
361 382
361 384
361 453
362 67
362 100
362 147
362 357
362 359
362 369
362 479
362 489
363 108
363 176
363 254
363 337
363 340
363 376
363 468
363 485
364 13
364 29
364 107
364 110
364 117
364 157
364 193
364 194
364 346
364 465
365 111
365 239
365 367
365 369
365 372
365 394
366 46
366 101
366 238
366 239
366 240
366 241
366 287
366 371
367 64
367 153
367 294
367 339
367 365
367 372
367 381
367 447
368 73
368 86
368 145
368 163
368 429
368 443
368 444
368 475
369 64
369 180
369 362
369 365
369 409
369 442
369 443
369 454
370 47
370 66
370 149
370 201
370 389
370 391
370 407
370 415
370 428
370 440
370 448
370 475
371 22
371 235
371 236
371 238
371 263
371 366
371 384
371 451
372 53
372 324
372 365
372 367
372 390
372 391
372 444
372 450
373 38
373 67
373 143
373 337
373 352
373 438
373 456
373 493
374 12
374 182
374 266
374 277
374 279
374 280
374 434
374 452
375 27
375 231
375 287
375 337
375 376
375 377
375 379
375 458
375 487
376 136
376 354
376 363
376 375
376 377
376 379
376 386
376 438
376 460
377 96
377 100
377 230
377 375
377 376
377 379
377 380
377 471
377 493
378 167
378 214
378 296
378 347
378 357
378 403
378 437
378 440
378 473
379 53
379 75
379 324
379 331
379 375
379 376
379 377
379 380
379 444
380 158
380 276
380 301
380 306
380 314
380 344
380 353
380 377
380 379
380 388
380 489
381 139
381 146
381 150
381 151
381 367
381 447
381 468
381 499
382 37
382 317
382 361
382 384
382 435
382 498
383 45
383 112
383 315
383 385
383 388
383 390
383 392
384 263
384 361
384 371
384 382
384 451
385 41
385 245
385 273
385 323
385 383
385 388
385 390
385 392
385 441
386 222
386 228
386 376
386 438
386 463
386 464
386 468
386 471
386 475
387 49
387 68
387 391
387 397
387 400
387 420
388 187
388 196
388 336
388 380
388 383
388 385
388 390
388 424
388 463
389 7
389 9
389 10
389 66
389 149
389 370
389 438
390 53
390 352
390 372
390 383
390 385
390 388
390 392
390 442
390 450
391 302
391 370
391 372
391 387
391 402
392 187
392 219
392 383
392 385
392 390
392 395
392 424
392 477
392 496
393 119
393 164
393 191
393 235
393 254
393 258
393 334
393 433
394 181
394 365
394 398
394 416
394 446
394 482
395 204
395 272
395 304
395 392
395 399
395 401
395 403
396 38
396 40
396 92
396 143
396 336
396 438
396 456
396 460
396 500
397 109
397 168
397 255
397 387
397 409
397 427
397 449
397 460
397 463
397 464
397 469
398 258
398 394
398 417
398 425
398 447
398 453
398 482
399 5
399 114
399 234
399 238
399 395
399 401
399 403
399 485
400 36
400 387
400 402
400 419
400 420
401 18
401 337
401 395
401 399
401 403
401 411
401 415
401 483
401 488
402 83
402 207
402 211
402 302
402 320
402 391
402 400
402 452
402 497
403 151
403 167
403 378
403 395
403 399
403 401
403 415
403 473
403 480
404 257
404 265
404 307
404 355
404 412
404 452
404 462
404 485
405 40
405 152
405 206
405 215
405 320
405 408
405 425
405 452
405 484
406 26
406 122
406 226
406 274
406 341
406 408
406 413
406 418
406 449
407 82
407 201
407 213
407 263
407 300
407 370
407 414
407 415
407 472
407 497
408 52
408 76
408 133
408 152
408 274
408 341
408 405
408 406
408 413
408 422
409 352
409 356
409 369
409 397
409 442
409 454
409 460
409 463
409 469
409 489
410 35
410 42
410 132
410 345
410 417
410 437
410 448
410 457
410 473
410 480
411 79
411 98
411 99
411 159
411 168
411 337
411 401
411 426
411 483
411 488
412 2
412 3
412 121
412 127
412 247
412 307
412 404
412 433
412 462
412 476
413 324
413 331
413 341
413 406
413 408
413 419
413 422
413 437
413 444
413 454
414 1
414 47
414 66
414 149
414 201
414 237
414 319
414 407
414 427
414 475
415 149
415 190
415 201
415 300
415 370
415 401
415 403
415 407
415 425
415 487
416 352
416 356
416 394
416 446
416 450
417 27
417 66
417 231
417 287
417 349
417 398
417 410
417 447
417 457
417 487
418 21
418 26
418 84
418 122
418 223
418 226
418 227
418 232
418 233
418 406
419 75
419 400
419 413
419 420
419 424
420 183
420 277
420 387
420 400
420 419
420 424
421 24
421 28
421 54
421 81
421 192
421 426
421 431
421 442
421 454
421 486
422 48
422 104
422 123
422 408
422 413
422 437
422 441
422 455
422 467
422 491
423 152
423 199
423 231
423 242
423 247
423 259
423 268
423 284
423 345
423 484
424 187
424 278
424 311
424 336
424 388
424 392
424 419
424 420
424 428
424 435
424 463
424 477
424 496
425 16
425 52
425 152
425 345
425 398
425 405
425 415
425 453
425 484
425 494
426 12
426 209
426 276
426 319
426 411
426 421
426 430
426 434
426 442
426 481
427 63
427 68
427 109
427 168
427 313
427 314
427 316
427 324
427 397
427 414
428 47
428 214
428 370
428 424
428 435
428 436
429 8
429 15
429 42
429 84
429 289
429 311
429 368
429 444
429 454
429 456
430 185
430 256
430 261
430 276
430 330
430 426
430 431
430 432
430 440
430 442
430 469
431 112
431 207
431 270
431 355
431 421
431 430
431 442
431 454
432 4
432 13
432 61
432 73
432 163
432 276
432 430
432 471
433 121
433 180
433 254
433 334
433 351
433 393
433 412
433 476
434 12
434 209
434 272
434 287
434 340
434 374
434 426
434 464
434 465
434 478
435 37
435 382
435 424
435 428
435 436
435 498
436 2
436 332
436 428
436 435
436 445
437 132
437 253
437 357
437 378
437 410
437 413
437 422
437 441
437 455
437 458
437 473
438 9
438 10
438 15
438 41
438 177
438 258
438 354
438 358
438 373
438 376
438 386
438 389
438 396
438 456
438 460
439 106
439 124
439 125
439 127
439 203
439 327
440 14
440 227
440 292
440 294
440 295
440 330
440 370
440 378
440 430
440 459
440 469
441 41
441 107
441 245
441 323
441 385
441 422
441 437
441 455
441 457
441 458
441 461
442 53
442 196
442 369
442 390
442 409
442 421
442 426
442 430
442 431
442 443
442 444
443 53
443 85
443 180
443 205
443 232
443 356
443 368
443 369
443 442
443 454
443 456
444 53
444 240
444 267
444 331
444 368
444 372
444 379
444 413
444 429
444 442
444 456
445 153
445 188
445 436
445 472
445 497
445 499
446 125
446 148
446 217
446 279
446 394
446 416
447 367
447 381
447 398
447 417
447 453
447 457
447 468
447 499
448 12
448 42
448 60
448 85
448 205
448 209
448 329
448 370
448 410
448 452
448 464
449 34
449 49
449 63
449 200
449 201
449 229
449 255
449 274
449 309
449 341
449 397
449 406
450 372
450 390
450 416
450 454
450 470
450 495
451 22
451 46
451 47
451 49
451 263
451 371
451 384
452 12
452 198
452 207
452 209
452 211
452 374
452 402
452 404
452 405
452 448
452 464
452 466
453 92
453 267
453 305
453 361
453 398
453 425
453 447
453 457
454 53
454 227
454 352
454 369
454 409
454 413
454 421
454 429
454 431
454 443
454 450
454 456
455 21
455 122
455 285
455 422
455 437
455 441
455 458
455 461
456 136
456 143
456 228
456 322
456 373
456 396
456 429
456 438
456 443
456 444
456 454
456 460
457 243
457 323
457 327
457 410
457 417
457 441
457 447
457 453
458 257
458 349
458 375
458 437
458 441
458 455
458 461
458 487
459 255
459 259
459 265
459 266
459 440
459 474
459 492
460 38
460 228
460 236
460 354
460 376
460 396
460 397
460 409
460 438
460 456
460 469
460 471
460 489
461 158
461 257
461 276
461 301
461 314
461 344
461 441
461 455
461 458
461 474
461 476
462 89
462 122
462 147
462 354
462 404
462 412
463 183
463 187
463 206
463 252
463 278
463 336
463 386
463 388
463 397
463 409
463 424
463 464
463 475
464 12
464 209
464 239
464 266
464 386
464 397
464 434
464 448
464 452
464 463
464 466
464 471
464 475
465 29
465 154
465 157
465 193
465 194
465 272
465 287
465 340
465 346
465 364
465 434
465 467
465 478
466 12
466 16
466 198
466 209
466 236
466 452
466 464
466 477
466 480
466 481
466 483
466 484
466 488
466 496
467 78
467 104
467 116
467 123
467 203
467 209
467 218
467 246
467 422
467 465
467 478
467 487
467 490
467 493
468 52
468 83
468 93
468 153
468 211
468 216
468 294
468 363
468 381
468 386
468 447
468 471
468 475
468 485
469 18
469 179
469 185
469 189
469 227
469 330
469 397
469 409
469 430
469 440
469 460
469 474
469 489
469 492
470 102
470 342
470 450
470 495
470 498
471 96
471 100
471 177
471 178
471 230
471 377
471 386
471 432
471 460
471 464
471 468
471 475
471 489
471 493
472 17
472 124
472 407
472 445
472 497
473 122
473 123
473 132
473 240
473 281
473 357
473 378
473 403
473 410
473 437
473 477
473 480
473 483
473 494
473 499
474 14
474 47
474 95
474 136
474 179
474 185
474 189
474 256
474 257
474 261
474 459
474 461
474 469
474 476
474 489
475 66
475 82
475 201
475 368
475 370
475 386
475 414
475 463
475 464
475 468
475 471
476 121
476 127
476 138
476 179
476 247
476 251
476 257
476 275
476 307
476 351
476 412
476 433
476 461
476 474
476 489
477 16
477 122
477 219
477 392
477 424
477 466
477 473
477 480
477 483
477 484
477 496
478 91
478 117
478 141
478 166
478 182
478 209
478 326
478 335
478 338
478 434
478 465
478 467
478 483
478 487
478 490
479 67
479 149
479 152
479 155
479 362
479 494
480 16
480 122
480 132
480 151
480 167
480 281
480 357
480 403
480 410
480 466
480 473
480 477
480 483
480 484
480 488
481 12
481 16
481 209
481 241
481 245
481 266
481 309
481 319
481 322
481 426
481 466
481 483
481 484
481 488
481 492
481 496
482 9
482 106
482 109
482 278
482 394
482 398
483 16
483 74
483 286
483 335
483 338
483 347
483 401
483 411
483 466
483 473
483 477
483 478
483 480
483 481
483 484
483 488
484 40
484 52
484 133
484 242
484 259
484 345
484 405
484 423
484 425
484 466
484 477
484 480
484 481
484 483
484 488
484 496
485 52
485 53
485 55
485 69
485 107
485 128
485 137
485 172
485 197
485 257
485 265
485 268
485 363
485 399
485 404
485 468
486 54
486 128
486 129
486 134
486 421
487 27
487 53
487 104
487 179
487 209
487 231
487 287
487 296
487 328
487 375
487 415
487 417
487 458
487 467
487 478
487 490
487 493
488 16
488 141
488 166
488 286
488 324
488 326
488 335
488 347
488 401
488 411
488 466
488 480
488 481
488 483
488 484
488 492
488 496
489 3
489 67
489 87
489 100
489 177
489 179
489 223
489 362
489 380
489 409
489 460
489 469
489 471
489 474
489 476
489 493
489 494
490 53
490 75
490 85
490 174
490 179
490 209
490 231
490 240
490 243
490 287
490 296
490 318
490 349
490 467
490 478
490 487
490 492
490 493
491 12
491 48
491 78
491 100
491 104
491 116
491 123
491 174
491 218
491 240
491 246
491 280
491 422
491 494
491 499
492 14
492 95
492 185
492 189
492 227
492 245
492 256
492 261
492 272
492 287
492 330
492 340
492 459
492 469
492 481
492 488
492 490
492 496
493 46
493 53
493 67
493 100
493 104
493 138
493 209
493 213
493 215
493 249
493 373
493 377
493 467
493 471
493 487
493 489
493 490
493 494
494 3
494 12
494 67
494 100
494 122
494 123
494 177
494 215
494 223
494 224
494 240
494 425
494 473
494 479
494 489
494 491
494 493
494 499
495 102
495 342
495 450
495 470
495 498
496 16
496 26
496 130
496 187
496 206
496 245
496 392
496 424
496 466
496 477
496 481
496 484
496 488
496 492
497 36
497 302
497 402
497 407
497 445
497 472
498 317
498 382
498 435
498 470
498 495
499 12
499 51
499 83
499 93
499 100
499 122
499 123
499 130
499 153
499 188
499 216
499 240
499 291
499 294
499 339
499 381
499 445
499 447
499 473
499 491
499 494
500 115
500 133
500 250
500 310
500 313
500 396
