1 19
1 132
1 321
1 414
1 478
2 122
2 278
2 410
2 461
2 490
3 8
3 149
3 382
3 444
3 477
4 43
4 63
4 176
4 383
4 480
5 84
5 90
5 185
5 284
5 487
6 79
6 190
6 369
6 433
6 491
7 66
7 221
7 415
7 416
7 480
8 3
8 190
8 439
8 447
8 475
9 314
9 369
9 430
9 443
9 488
10 239
10 376
10 386
10 408
10 451
11 90
11 185
11 280
11 439
11 465
12 104
12 249
12 263
12 264
12 321
13 48
13 298
13 427
13 454
13 492
14 77
14 164
14 237
14 471
14 484
15 289
15 420
15 481
15 496
15 499
16 109
16 236
16 244
16 247
16 293
17 365
17 401
17 406
17 479
17 494
18 35
18 204
18 211
18 283
18 430
19 1
19 224
19 273
19 321
19 438
20 206
20 326
20 329
20 444
20 462
21 167
21 376
21 486
21 487
21 490
22 41
22 225
22 257
22 284
22 446
23 344
23 387
23 467
23 474
23 493
24 139
24 464
24 467
24 474
24 478
25 118
25 312
25 387
25 479
25 488
26 54
26 83
26 234
26 383
26 417
27 32
27 52
27 151
27 293
27 480
28 191
28 304
28 412
28 442
28 460
29 74
29 166
29 417
29 489
29 498
30 58
30 244
30 246
30 433
30 438
31 281
31 400
31 472
31 478
31 497
32 27
32 35
32 269
32 310
32 327
33 332
33 344
33 403
33 406
33 429
34 392
34 431
34 456
34 477
34 483
35 18
35 32
35 152
35 293
35 463
36 160
36 220
36 386
36 411
36 425
37 108
37 157
37 237
37 249
37 436
38 127
38 165
38 253
38 408
38 423
39 316
39 337
39 422
39 473
39 500
40 297
40 308
40 327
40 464
40 489
41 22
41 253
41 386
41 411
41 472
42 193
42 222
42 459
42 473
42 500
43 4
43 416
43 421
43 422
43 459
44 283
44 403
44 464
44 493
44 495
45 174
45 217
45 316
45 394
45 487
46 134
46 271
46 355
46 367
46 492
47 67
47 428
47 437
47 442
47 460
48 13
48 172
48 181
48 294
48 354
49 198
49 399
49 453
49 467
49 482
50 172
50 227
50 401
50 455
50 481
51 290
51 380
51 413
51 481
51 494
52 27
52 67
52 71
52 78
52 262
53 99
53 344
53 388
53 476
53 490
54 26
54 126
54 319
54 383
54 491
55 195
55 306
55 386
55 411
55 494
56 234
56 271
56 331
56 460
56 466
57 416
57 422
57 478
57 489
57 497
58 30
58 131
58 173
58 244
58 348
59 186
59 234
59 391
59 422
59 443
60 332
60 355
60 470
60 491
60 492
61 76
61 113
61 241
61 261
61 436
62 64
62 173
62 244
62 361
62 426
63 4
63 408
63 410
63 478
63 497
64 62
64 208
64 336
64 418
64 460
65 165
65 170
65 203
65 231
65 240
66 7
66 324
66 384
66 480
66 481
67 47
67 52
67 264
67 369
67 456
68 118
68 208
68 389
68 455
68 481
69 127
69 289
69 404
69 447
69 465
70 77
70 205
70 392
70 451
70 487
71 52
71 186
71 223
71 371
71 418
72 172
72 181
72 354
72 475
72 485
73 86
73 363
73 375
73 447
73 465
74 29
74 218
74 301
74 346
74 417
75 180
75 268
75 370
75 457
75 499
76 61
76 287
76 290
76 302
76 369
77 14
77 70
77 442
77 451
77 487
78 52
78 153
78 270
78 330
78 352
79 6
79 160
79 205
79 329
79 376
80 398
80 414
80 444
80 457
80 498
81 245
81 395
81 446
81 479
81 492
82 100
82 429
82 478
82 493
82 497
83 26
83 126
83 313
83 383
83 390
84 5
84 100
84 292
84 341
84 496
85 125
85 212
85 251
85 328
85 425
86 73
86 176
86 265
86 352
86 418
87 95
87 401
87 461
87 481
87 494
88 285
88 345
88 449
88 478
88 479
89 215
89 257
89 282
89 295
89 474
90 5
90 11
90 170
90 275
90 439
91 280
91 283
91 476
91 480
91 484
92 149
92 352
92 381
92 431
92 454
93 233
93 249
93 309
93 375
93 495
94 95
94 317
94 422
94 456
94 459
95 87
95 94
95 104
95 488
95 492
96 359
96 426
96 436
96 455
96 493
97 212
97 318
97 380
97 408
97 440
98 259
98 345
98 440
98 449
98 497
99 53
99 199
99 477
99 490
99 493
100 82
100 84
100 380
100 394
100 434
101 252
101 319
101 407
101 409
101 434
102 112
102 209
102 277
102 291
102 494
103 165
103 177
103 254
103 440
103 465
104 12
104 95
104 279
104 378
104 466
105 156
105 297
105 327
105 412
105 433
106 141
106 291
106 468
106 472
106 479
107 177
107 184
107 220
107 442
107 457
108 37
108 373
108 449
108 457
108 495
109 16
109 129
109 181
109 293
109 440
110 135
110 202
110 340
110 368
110 379
111 161
111 269
111 288
111 303
111 494
112 102
112 310
112 426
112 433
112 475
113 61
113 170
113 465
113 473
113 497
114 132
114 261
114 341
114 440
114 488
115 189
115 214
115 449
115 456
115 473
116 193
116 428
116 442
116 460
116 463
117 179
117 318
117 467
117 474
117 483
118 25
118 68
118 299
118 427
118 481
119 250
119 348
119 374
119 462
119 474
120 184
120 427
120 434
120 435
120 473
121 267
121 296
121 412
121 461
121 496
122 2
122 409
122 430
122 456
122 458
123 278
123 320
123 351
123 483
123 489
124 147
124 154
124 265
124 352
124 497
125 85
125 258
125 402
125 478
125 500
126 54
126 83
126 325
126 367
126 383
127 38
127 69
127 131
127 260
127 458
128 165
128 240
128 268
128 393
128 463
129 109
129 130
129 464
129 488
129 493
130 129
130 314
130 385
130 470
130 482
131 58
131 127
131 225
131 407
131 429
132 1
132 114
132 224
132 408
132 446
133 230
133 366
133 408
133 436
133 498
134 46
134 281
134 307
134 329
134 362
135 110
135 274
135 379
135 393
135 490
136 215
136 337
136 359
136 450
136 486
137 140
137 148
137 165
137 258
137 393
138 252
138 370
138 432
138 498
138 499
139 24
139 427
139 430
139 445
139 454
140 137
140 382
140 432
140 455
140 457
141 106
141 149
141 399
141 445
141 450
142 156
142 271
142 384
142 432
142 452
143 149
143 178
143 196
143 326
143 411
144 276
144 335
144 470
144 498
144 499
145 214
145 282
145 323
145 495
145 496
146 169
146 308
146 317
146 406
146 430
147 124
147 185
147 265
147 395
147 497
148 137
148 170
148 276
148 333
148 389
149 3
149 92
149 141
149 143
149 476
150 179
150 199
150 325
150 372
150 443
151 27
151 175
151 287
151 302
151 474
152 35
152 213
152 279
152 378
152 458
153 78
153 206
153 231
153 373
153 472
154 124
154 275
154 328
154 436
154 469
155 194
155 294
155 446
155 491
155 494
156 105
156 142
156 405
156 409
156 452
157 37
157 249
157 263
157 336
157 344
157 391
158 231
158 305
158 322
158 392
158 395
158 475
159 331
159 364
159 373
159 468
159 481
159 486
160 36
160 79
160 179
160 245
160 490
160 491
161 111
161 288
161 358
161 419
161 423
161 476
162 260
162 283
162 284
162 388
162 416
162 496
163 325
163 326
163 415
163 473
163 499
163 500
164 14
164 288
164 297
164 298
164 309
164 425
165 38
165 65
165 103
165 128
165 137
165 393
166 29
166 229
166 302
166 316
166 417
166 500
167 21
167 168
167 256
167 340
167 384
167 487
168 167
168 299
168 346
168 396
168 460
168 495
169 146
169 251
169 318
169 408
169 423
169 483
170 65
170 90
170 113
170 148
170 360
170 439
171 200
171 404
171 469
171 470
171 482
171 499
172 48
172 50
172 72
172 354
172 355
172 433
173 58
173 62
173 244
173 347
173 368
173 469
174 45
174 251
174 256
174 400
174 451
174 472
175 151
175 292
175 296
175 351
175 370
175 390
176 4
176 86
176 210
176 416
176 480
176 482
177 103
177 107
177 338
177 339
177 445
177 465
178 143
178 198
178 280
178 337
178 357
178 359
179 117
179 150
179 160
179 312
179 474
179 488
180 75
180 223
180 279
180 367
180 404
180 439
181 48
181 72
181 109
181 354
181 404
181 489
182 272
182 289
182 347
182 427
182 434
182 454
183 184
183 321
183 332
183 445
183 477
183 490
184 107
184 120
184 183
184 220
184 384
184 498
185 5
185 11
185 147
185 270
185 341
185 371
186 59
186 71
186 225
186 384
186 435
186 441
187 210
187 228
187 451
187 464
187 487
187 492
188 430
188 432
188 458
188 496
188 497
188 498
189 115
189 199
189 290
189 403
189 464
189 500
190 6
190 8
190 341
190 439
190 469
190 486
191 28
191 342
191 428
191 442
191 460
191 461
192 250
192 298
192 435
192 438
192 441
192 468
193 42
193 116
193 208
193 235
193 347
193 453
194 155
194 225
194 228
194 273
194 376
194 491
195 55
195 358
195 360
195 474
195 493
195 499
196 143
196 380
196 410
196 417
196 420
196 495
197 213
197 279
197 334
197 365
197 378
197 386
198 49
198 178
198 307
198 333
198 381
198 389
199 99
199 150
199 189
199 306
199 422
199 500
200 171
200 243
200 360
200 363
200 452
200 471
201 255
201 363
201 412
201 447
201 496
201 498
202 110
202 253
202 297
202 367
202 443
202 492
203 65
203 270
203 370
203 384
203 421
203 480
204 18
204 261
204 362
204 400
204 415
204 495
205 70
205 79
205 324
205 349
205 437
205 489
206 20
206 153
206 207
206 231
206 262
206 446
207 206
207 412
207 431
207 458
207 489
207 496
208 64
208 68
208 193
208 332
208 336
208 451
209 102
209 227
209 248
209 283
209 442
209 494
210 176
210 187
210 241
210 294
210 336
210 439
211 18
211 374
211 397
211 444
211 462
211 475
212 85
212 97
212 380
212 408
212 409
212 423
213 152
213 197
213 378
213 386
213 488
213 500
214 115
214 145
214 356
214 401
214 482
214 495
215 89
215 136
215 257
215 282
215 333
215 402
216 217
216 370
216 419
216 445
216 448
216 490
217 45
217 216
217 279
217 363
217 405
217 452
218 74
218 235
218 316
218 417
218 475
218 486
219 236
219 327
219 347
219 360
219 403
219 493
220 36
220 107
220 184
220 280
220 461
220 498
221 7
221 233
221 375
221 381
221 485
221 496
222 42
222 230
222 409
222 414
222 496
222 498
223 71
223 180
223 268
223 391
223 404
223 407
224 19
224 132
224 321
224 353
224 389
224 452
225 22
225 131
225 186
225 194
225 373
225 491
226 235
226 254
226 298
226 302
226 347
226 497
227 50
227 209
227 473
227 477
227 492
227 494
228 187
228 194
228 398
228 406
228 409
228 428
229 166
229 374
229 448
229 477
229 490
229 493
230 133
230 222
230 267
230 371
230 416
230 457
231 65
231 153
231 158
231 206
231 270
231 349
232 324
232 355
232 377
232 414
232 441
232 492
233 93
233 221
233 309
233 394
233 404
233 496
234 26
234 56
234 59
234 349
234 464
234 489
235 193
235 218
235 226
235 307
235 336
235 406
236 16
236 219
236 306
236 432
236 455
236 482
237 14
237 37
237 297
237 327
237 402
237 495
238 286
238 296
238 390
238 427
238 487
238 500
239 10
239 324
239 326
239 453
239 475
239 495
240 65
240 128
240 387
240 393
240 401
240 448
241 61
241 210
241 294
241 310
241 462
241 499
242 390
242 396
242 397
242 413
242 481
242 494
243 200
243 314
243 320
243 376
243 405
243 421
244 16
244 30
244 58
244 62
244 173
244 306
244 484
245 81
245 160
245 385
245 441
245 446
245 475
245 483
246 30
246 403
246 435
246 438
246 441
246 449
246 480
247 16
247 364
247 375
247 469
247 477
247 485
247 499
248 209
248 250
248 319
248 364
248 409
248 449
248 457
249 12
249 37
249 93
249 157
249 263
249 356
249 485
250 119
250 192
250 248
250 374
250 379
250 382
250 386
251 85
251 169
251 174
251 269
251 425
251 427
251 476
252 101
252 138
252 280
252 330
252 357
252 429
252 461
253 38
253 41
253 202
253 359
253 386
253 411
253 466
254 103
254 226
254 255
254 336
254 347
254 393
254 493
255 201
255 254
255 273
255 289
255 430
255 484
255 494
256 167
256 174
256 260
256 376
256 481
256 487
256 492
257 22
257 89
257 215
257 295
257 330
257 342
257 382
258 125
258 137
258 390
258 470
258 478
258 484
258 497
259 98
259 285
259 358
259 373
259 378
259 449
259 454
260 127
260 162
260 256
260 407
260 428
260 443
260 496
261 61
261 114
261 204
261 265
261 294
261 410
261 430
262 52
262 206
262 270
262 319
262 331
262 406
262 496
263 12
263 157
263 249
263 270
263 271
263 443
263 448
264 12
264 67
264 315
264 355
264 391
264 440
264 488
265 86
265 124
265 147
265 261
265 352
265 403
265 465
266 338
266 343
266 392
266 399
266 425
266 431
266 494
267 121
267 230
267 288
267 349
267 483
267 486
267 493
268 75
268 128
268 223
268 277
268 294
268 309
268 404
269 32
269 111
269 251
269 423
269 444
269 446
269 484
270 78
270 185
270 203
270 231
270 262
270 263
270 455
271 46
271 56
271 142
271 263
271 378
271 387
271 489
272 182
272 387
272 400
272 472
272 483
272 485
272 486
273 19
273 194
273 255
273 366
273 476
273 482
273 484
274 135
274 275
274 327
274 340
274 368
274 379
274 455
275 90
275 154
275 274
275 317
275 343
275 372
275 434
276 144
276 148
276 304
276 333
276 353
276 389
276 418
277 102
277 268
277 401
277 422
277 465
277 481
277 494
278 2
278 123
278 357
278 389
278 390
278 394
278 414
279 104
279 152
279 180
279 197
279 217
279 378
279 384
280 11
280 91
280 178
280 220
280 252
280 303
280 461
281 31
281 134
281 291
281 334
281 354
281 413
281 483
282 89
282 145
282 215
282 295
282 393
282 399
282 494
283 18
283 44
283 91
283 162
283 209
283 390
283 424
284 5
284 22
284 162
284 328
284 439
284 475
284 491
285 88
285 259
285 373
285 382
285 403
285 480
285 494
286 238
286 296
286 383
286 390
286 407
286 441
286 484
287 76
287 151
287 290
287 302
287 335
287 420
287 467
288 111
288 161
288 164
288 267
288 451
288 477
288 484
289 15
289 69
289 182
289 255
289 313
289 330
289 496
290 51
290 76
290 189
290 287
290 302
290 313
290 489
291 102
291 106
291 281
291 307
291 329
291 334
291 500
292 84
292 175
292 358
292 371
292 455
292 463
292 479
293 16
293 27
293 35
293 109
293 357
293 461
293 487
294 48
294 155
294 210
294 241
294 261
294 268
294 447
295 89
295 257
295 282
295 335
295 372
295 451
295 488
296 121
296 175
296 238
296 286
296 390
296 452
296 453
297 40
297 105
297 164
297 202
297 237
297 327
297 377
298 13
298 164
298 192
298 226
298 434
298 454
298 462
299 118
299 168
299 344
299 346
299 396
299 411
299 419
300 330
300 419
300 450
300 451
300 463
300 479
300 492
301 74
301 303
301 311
301 385
301 453
301 475
301 482
302 76
302 151
302 166
302 226
302 287
302 290
302 469
303 111
303 280
303 301
303 380
303 422
303 456
303 500
304 28
304 276
304 333
304 368
304 389
304 408
304 458
305 158
305 311
305 405
305 416
305 433
305 490
305 491
306 55
306 199
306 236
306 244
306 313
306 364
306 409
307 134
307 198
307 235
307 291
307 329
307 334
307 376
308 40
308 146
308 317
308 398
308 401
308 406
308 487
309 93
309 164
309 233
309 268
309 404
309 471
309 488
310 32
310 112
310 241
310 366
310 425
310 476
310 484
311 301
311 305
311 360
311 375
311 383
311 474
311 493
312 25
312 179
312 336
312 377
312 378
312 391
312 462
313 83
313 289
313 290
313 306
313 319
313 363
313 455
314 9
314 130
314 243
314 333
314 379
314 405
314 452
315 264
315 356
315 402
315 429
315 481
315 497
315 498
316 39
316 45
316 166
316 218
316 372
316 417
316 442
317 94
317 146
317 275
317 308
317 377
317 398
317 406
318 97
318 117
318 169
318 423
318 428
318 460
318 486
319 54
319 101
319 248
319 262
319 313
319 399
319 463
320 123
320 243
320 342
320 350
320 421
320 468
320 489
321 1
321 12
321 19
321 183
321 224
321 367
321 420
322 158
322 435
322 444
322 466
322 470
322 471
322 485
323 145
323 326
323 338
323 415
323 430
323 459
323 495
324 66
324 205
324 232
324 239
324 483
324 486
324 487
325 126
325 150
325 163
325 395
325 456
325 459
325 473
326 20
326 143
326 163
326 239
326 323
326 350
326 400
326 495
327 32
327 40
327 105
327 219
327 237
327 274
327 297
327 498
328 85
328 154
328 284
328 350
328 404
328 470
328 471
328 499
329 20
329 79
329 134
329 291
329 307
329 334
329 358
329 465
330 78
330 252
330 257
330 289
330 300
330 365
330 412
330 420
331 56
331 159
331 262
331 345
331 441
331 472
331 489
331 491
332 33
332 60
332 183
332 208
332 344
332 346
332 396
332 441
333 148
333 198
333 215
333 276
333 304
333 314
333 382
333 460
334 197
334 281
334 291
334 307
334 329
334 407
334 445
334 477
335 144
335 287
335 295
335 411
335 454
335 469
335 471
335 499
336 64
336 157
336 208
336 210
336 235
336 254
336 312
336 347
337 39
337 136
337 178
337 338
337 340
337 343
337 426
337 436
338 177
338 266
338 323
338 337
338 392
338 399
338 431
338 443
339 177
339 342
339 350
339 361
339 366
339 437
339 440
339 485
340 110
340 167
340 274
340 337
340 368
340 379
340 416
340 473
341 84
341 114
341 185
341 190
341 385
341 437
341 446
341 479
342 191
342 257
342 320
342 339
342 377
342 456
342 459
342 500
343 266
343 275
343 337
343 424
343 426
343 436
343 467
343 493
344 23
344 33
344 53
344 157
344 299
344 332
344 396
344 461
345 88
345 98
345 331
345 359
345 373
345 375
345 439
345 449
346 74
346 168
346 299
346 332
346 361
346 396
346 417
346 435
347 173
347 182
347 193
347 219
347 226
347 254
347 336
347 401
348 58
348 119
348 353
348 360
348 468
348 472
348 486
348 489
349 205
349 231
349 234
349 267
349 397
349 427
349 452
349 483
350 320
350 326
350 328
350 339
350 466
350 469
350 471
350 476
351 123
351 175
351 424
351 445
351 448
351 473
351 477
351 490
352 78
352 86
352 92
352 124
352 265
352 410
352 425
352 456
353 224
353 276
353 348
353 370
353 414
353 433
353 457
353 498
354 48
354 72
354 172
354 181
354 281
354 418
354 437
354 486
355 46
355 60
355 172
355 232
355 264
355 374
355 381
355 500
356 214
356 249
356 315
356 429
356 446
356 459
356 478
356 497
357 178
357 252
357 278
357 293
357 407
357 461
357 464
357 474
358 161
358 195
358 259
358 292
358 329
358 388
358 479
358 500
359 96
359 136
359 178
359 253
359 345
359 372
359 426
359 484
360 170
360 195
360 200
360 219
360 311
360 348
360 403
360 411
361 62
361 339
361 346
361 437
361 440
361 447
361 452
361 486
362 134
362 204
362 398
362 421
362 445
362 477
362 487
362 490
363 73
363 200
363 201
363 217
363 313
363 405
363 452
363 495
364 159
364 247
364 248
364 306
364 388
364 397
364 432
364 455
365 17
365 197
365 330
365 420
365 424
365 438
365 496
365 498
366 133
366 273
366 310
366 339
366 367
366 447
366 476
366 484
367 46
367 126
367 180
367 202
367 321
367 366
367 443
367 488
368 110
368 173
368 274
368 304
368 340
368 374
368 379
368 443
369 6
369 9
369 67
369 76
369 472
369 485
369 488
369 492
370 75
370 138
370 175
370 203
370 216
370 353
370 414
370 457
370 498
371 71
371 185
371 230
371 292
371 418
371 435
371 438
371 441
371 479
372 150
372 275
372 295
372 316
372 359
372 426
372 436
372 454
372 456
373 108
373 153
373 159
373 225
373 259
373 285
373 345
373 419
373 449
374 119
374 211
374 229
374 250
374 355
374 368
374 444
374 462
374 476
375 73
375 93
375 221
375 247
375 311
375 345
375 381
375 415
375 466
376 10
376 21
376 79
376 194
376 243
376 256
376 307
376 485
376 487
377 232
377 297
377 312
377 317
377 342
377 400
377 413
377 488
377 492
378 104
378 152
378 197
378 213
378 259
378 271
378 279
378 312
378 436
379 110
379 135
379 250
379 274
379 314
379 340
379 368
379 431
379 468
380 51
380 97
380 100
380 196
380 212
380 303
380 410
380 461
380 479
381 92
381 198
381 221
381 355
381 375
381 396
381 450
381 485
381 499
382 3
382 140
382 250
382 257
382 285
382 333
382 444
382 451
382 462
383 4
383 26
383 54
383 83
383 126
383 286
383 311
383 405
383 467
384 66
384 142
384 167
384 184
384 186
384 203
384 279
384 421
384 480
385 130
385 245
385 301
385 341
385 394
385 426
385 473
385 482
385 495
386 10
386 36
386 41
386 55
386 197
386 213
386 250
386 253
386 411
387 23
387 25
387 240
387 271
387 272
387 395
387 468
387 471
387 483
388 53
388 162
388 358
388 364
388 394
388 450
388 453
388 463
388 479
389 68
389 148
389 198
389 224
389 276
389 278
389 304
389 424
389 468
390 83
390 175
390 238
390 242
390 258
390 278
390 283
390 286
390 296
391 59
391 157
391 223
391 264
391 312
391 442
391 446
391 459
391 488
392 34
392 70
392 158
392 266
392 338
392 399
392 413
392 431
392 494
393 128
393 135
393 137
393 165
393 240
393 254
393 282
393 401
393 429
394 45
394 100
394 233
394 278
394 385
394 388
394 410
394 426
394 461
395 81
395 147
395 158
395 325
395 387
395 433
395 435
395 475
395 491
396 168
396 242
396 299
396 332
396 344
396 346
396 381
396 424
396 500
397 211
397 242
397 349
397 364
397 419
397 450
397 463
397 479
397 487
398 80
398 228
398 308
398 317
398 362
398 406
398 422
398 431
398 492
399 49
399 141
399 266
399 282
399 319
399 338
399 392
399 431
399 493
400 31
400 174
400 204
400 272
400 326
400 377
400 415
400 453
400 489
401 17
401 50
401 87
401 214
401 240
401 277
401 308
401 347
401 393
401 413
402 125
402 215
402 237
402 315
402 417
402 429
402 431
402 478
402 497
402 498
403 33
403 44
403 189
403 219
403 246
403 265
403 285
403 360
403 464
403 467
404 69
404 171
404 180
404 181
404 223
404 233
404 268
404 309
404 328
404 466
405 156
405 217
405 243
405 305
405 314
405 363
405 383
405 421
405 482
405 488
406 17
406 33
406 146
406 228
406 235
406 262
406 308
406 317
406 398
406 410
407 101
407 131
407 223
407 260
407 286
407 334
407 357
407 412
407 424
407 458
408 10
408 38
408 63
408 97
408 132
408 133
408 169
408 212
408 304
408 423
409 101
409 122
409 156
409 212
409 222
409 228
409 248
409 306
409 432
409 455
410 2
410 63
410 196
410 261
410 352
410 380
410 394
410 406
410 461
410 478
411 36
411 41
411 55
411 143
411 253
411 299
411 335
411 360
411 386
411 457
412 28
412 105
412 121
412 201
412 207
412 330
412 407
412 454
412 482
412 487
413 51
413 242
413 281
413 377
413 392
413 401
413 450
413 465
413 481
413 494
414 1
414 80
414 222
414 232
414 278
414 353
414 370
414 458
414 482
414 498
415 7
415 163
415 204
415 323
415 375
415 400
415 434
415 445
415 482
415 495
416 7
416 43
416 57
416 162
416 176
416 230
416 305
416 340
416 421
416 480
417 26
417 29
417 74
417 166
417 196
417 218
417 316
417 346
417 402
417 495
418 64
418 71
418 86
418 276
418 354
418 371
418 435
418 438
418 441
418 489
419 161
419 216
419 299
419 300
419 373
419 397
419 429
419 450
419 463
419 479
420 15
420 196
420 287
420 321
420 330
420 365
420 423
420 424
420 458
420 474
421 43
421 203
421 243
421 320
421 362
421 384
421 405
421 416
421 453
421 480
422 39
422 43
422 57
422 59
422 94
422 199
422 277
422 303
422 398
422 500
423 38
423 161
423 169
423 212
423 269
423 318
423 408
423 420
423 437
423 468
423 491
424 283
424 343
424 351
424 365
424 389
424 396
424 407
424 420
424 430
424 477
424 496
425 36
425 85
425 164
425 251
425 266
425 310
425 352
425 452
425 476
425 483
425 496
426 62
426 96
426 112
426 337
426 343
426 359
426 372
426 385
426 394
426 436
426 500
427 13
427 118
427 120
427 139
427 182
427 238
427 251
427 349
427 434
427 444
427 454
428 47
428 116
428 191
428 228
428 260
428 318
428 433
428 442
428 448
428 460
428 483
429 33
429 82
429 131
429 252
429 315
429 356
429 393
429 402
429 419
429 482
429 497
430 9
430 18
430 122
430 139
430 146
430 188
430 255
430 261
430 323
430 424
430 483
431 34
431 92
431 207
431 266
431 338
431 379
431 392
431 398
431 399
431 402
431 458
432 138
432 140
432 142
432 188
432 236
432 364
432 409
432 453
432 455
432 458
432 469
433 6
433 30
433 105
433 112
433 172
433 305
433 353
433 395
433 428
433 446
433 475
434 100
434 101
434 120
434 182
434 275
434 298
434 415
434 427
434 443
434 454
434 498
435 120
435 186
435 192
435 246
435 322
435 346
435 371
435 395
435 418
435 438
435 460
436 37
436 61
436 96
436 133
436 154
436 337
436 343
436 372
436 378
436 426
436 462
437 47
437 205
437 339
437 341
437 354
437 361
437 423
437 440
437 447
437 465
437 485
438 19
438 30
438 192
438 246
438 365
438 371
438 418
438 435
438 441
438 459
438 475
439 8
439 11
439 90
439 170
439 180
439 190
439 210
439 284
439 345
439 441
439 481
439 491
440 97
440 98
440 103
440 109
440 114
440 264
440 339
440 361
440 437
440 447
440 465
440 484
441 186
441 192
441 232
441 245
441 246
441 286
441 331
441 332
441 371
441 418
441 438
441 439
442 28
442 47
442 77
442 107
442 116
442 191
442 209
442 316
442 391
442 428
442 460
442 497
443 9
443 59
443 150
443 202
443 260
443 263
443 338
443 367
443 368
443 434
443 463
443 492
444 3
444 20
444 80
444 211
444 269
444 322
444 374
444 382
444 427
444 448
444 462
444 466
445 139
445 141
445 177
445 183
445 216
445 334
445 351
445 362
445 415
445 448
445 449
445 477
446 22
446 81
446 132
446 155
446 206
446 245
446 269
446 341
446 356
446 391
446 433
446 475
447 8
447 69
447 73
447 201
447 294
447 361
447 366
447 437
447 440
447 462
447 465
447 481
448 216
448 229
448 240
448 263
448 351
448 428
448 444
448 445
448 468
448 470
448 477
448 490
449 88
449 98
449 108
449 115
449 246
449 248
449 259
449 345
449 373
449 445
449 450
449 451
450 136
450 141
450 300
450 381
450 388
450 397
450 413
450 419
450 449
450 463
450 476
450 479
451 10
451 70
451 77
451 174
451 187
451 208
451 288
451 295
451 300
451 382
451 449
451 487
452 142
452 156
452 200
452 217
452 224
452 296
452 314
452 349
452 361
452 363
452 425
452 476
453 49
453 193
453 239
453 296
453 301
453 388
453 400
453 421
453 432
453 467
453 482
453 495
454 13
454 92
454 139
454 182
454 259
454 298
454 335
454 372
454 412
454 427
454 434
454 470
454 499
455 50
455 68
455 96
455 140
455 236
455 270
455 274
455 292
455 313
455 364
455 409
455 432
455 485
456 34
456 67
456 94
456 115
456 122
456 303
456 325
456 342
456 352
456 372
456 459
456 473
456 474
457 75
457 80
457 107
457 108
457 140
457 230
457 248
457 353
457 370
457 411
457 459
457 473
457 498
458 122
458 127
458 152
458 188
458 207
458 304
458 407
458 414
458 420
458 431
458 432
458 460
458 480
459 42
459 43
459 94
459 323
459 325
459 342
459 356
459 391
459 438
459 456
459 457
459 462
459 500
460 28
460 47
460 56
460 64
460 116
460 168
460 191
460 318
460 333
460 428
460 435
460 442
460 458
461 2
461 87
461 121
461 191
461 220
461 252
461 280
461 293
461 344
461 357
461 380
461 394
461 410
462 20
462 119
462 211
462 241
462 298
462 312
462 374
462 382
462 436
462 444
462 447
462 459
462 465
463 35
463 116
463 128
463 292
463 300
463 319
463 388
463 397
463 419
463 443
463 450
463 468
463 479
464 24
464 40
464 44
464 129
464 187
464 189
464 234
464 357
464 403
464 467
464 471
464 474
464 493
464 497
465 11
465 69
465 73
465 103
465 113
465 177
465 265
465 277
465 329
465 413
465 437
465 440
465 447
465 462
466 56
466 104
466 253
466 322
466 350
466 375
466 404
466 444
466 471
466 473
466 485
466 488
466 492
466 499
467 23
467 24
467 49
467 117
467 287
467 343
467 383
467 403
467 453
467 464
467 469
467 470
467 474
467 493
468 106
468 159
468 192
468 320
468 348
468 379
468 387
468 389
468 423
468 448
468 463
468 472
468 486
468 489
469 154
469 171
469 173
469 190
469 247
469 302
469 335
469 350
469 432
469 467
469 470
469 471
469 485
469 490
469 499
470 60
470 130
470 144
470 171
470 258
470 322
470 328
470 448
470 454
470 467
470 469
470 471
470 484
470 485
470 499
471 14
471 200
471 309
471 322
471 328
471 335
471 350
471 387
471 464
471 466
471 469
471 470
471 485
471 490
471 491
472 31
472 41
472 106
472 153
472 174
472 272
472 331
472 348
472 369
472 468
472 483
472 486
472 489
472 491
472 499
473 39
473 42
473 113
473 115
473 120
473 163
473 227
473 325
473 340
473 351
473 385
473 456
473 457
473 466
473 500
474 23
474 24
474 89
474 117
474 119
474 151
474 179
474 195
474 311
474 357
474 420
474 456
474 464
474 467
474 477
474 493
475 8
475 72
475 112
475 158
475 211
475 218
475 239
475 245
475 284
475 301
475 395
475 433
475 438
475 446
475 491
475 495
476 53
476 91
476 149
476 161
476 251
476 273
476 310
476 350
476 366
476 374
476 425
476 450
476 452
476 480
476 481
476 484
477 3
477 34
477 99
477 183
477 227
477 229
477 247
477 288
477 334
477 351
477 362
477 424
477 445
477 448
477 474
477 490
478 1
478 24
478 31
478 57
478 63
478 82
478 88
478 125
478 258
478 356
478 402
478 410
478 487
478 491
478 496
478 497
479 17
479 25
479 81
479 88
479 106
479 292
479 300
479 341
479 358
479 371
479 380
479 388
479 397
479 419
479 450
479 463
480 4
480 7
480 27
480 66
480 91
480 176
480 203
480 246
480 285
480 384
480 416
480 421
480 458
480 476
480 483
480 493
481 15
481 50
481 51
481 66
481 68
481 87
481 118
481 159
481 242
481 256
481 277
481 315
481 413
481 439
481 447
481 476
481 494
482 49
482 130
482 171
482 176
482 214
482 236
482 273
482 301
482 385
482 405
482 412
482 414
482 415
482 429
482 453
482 486
482 495
483 34
483 117
483 123
483 169
483 245
483 267
483 272
483 281
483 324
483 349
483 387
483 425
483 428
483 430
483 472
483 480
483 486
484 14
484 91
484 244
484 255
484 258
484 269
484 273
484 286
484 288
484 310
484 359
484 366
484 440
484 470
484 476
484 490
484 500
485 72
485 221
485 247
485 249
485 272
485 322
485 339
485 369
485 376
485 381
485 437
485 455
485 466
485 469
485 470
485 471
485 499
486 21
486 136
486 159
486 190
486 218
486 267
486 272
486 318
486 324
486 348
486 354
486 361
486 468
486 472
486 482
486 483
486 499
487 5
487 21
487 45
487 70
487 77
487 167
487 187
487 238
487 256
487 293
487 308
487 324
487 362
487 376
487 397
487 412
487 451
487 478
488 9
488 25
488 95
488 114
488 129
488 179
488 213
488 264
488 295
488 309
488 367
488 369
488 377
488 391
488 405
488 466
488 492
488 494
489 29
489 40
489 57
489 123
489 181
489 205
489 207
489 234
489 271
489 290
489 320
489 331
489 348
489 400
489 418
489 468
489 472
489 496
490 2
490 21
490 53
490 99
490 135
490 160
490 183
490 216
490 229
490 305
490 351
490 362
490 448
490 469
490 471
490 477
490 484
490 498
491 6
491 54
491 60
491 155
491 160
491 194
491 225
491 284
491 305
491 331
491 395
491 423
491 439
491 471
491 472
491 475
491 478
491 497
492 13
492 46
492 60
492 81
492 95
492 187
492 202
492 227
492 232
492 256
492 300
492 369
492 377
492 398
492 443
492 466
492 488
492 499
493 23
493 44
493 82
493 96
493 99
493 129
493 195
493 219
493 229
493 254
493 267
493 311
493 343
493 399
493 464
493 467
493 474
493 480
494 17
494 51
494 55
494 87
494 102
494 111
494 155
494 209
494 227
494 242
494 255
494 266
494 277
494 282
494 285
494 392
494 413
494 481
494 488
495 44
495 93
495 108
495 145
495 168
495 196
495 204
495 214
495 237
495 239
495 323
495 326
495 363
495 385
495 415
495 417
495 453
495 475
495 482
496 15
496 84
496 121
496 145
496 162
496 188
496 201
496 207
496 221
496 222
496 233
496 260
496 262
496 289
496 365
496 424
496 425
496 478
496 489
497 31
497 57
497 63
497 82
497 98
497 113
497 124
497 147
497 188
497 226
497 258
497 315
497 356
497 402
497 429
497 442
497 464
497 478
497 491
498 29
498 80
498 133
498 138
498 144
498 184
498 188
498 201
498 220
498 222
498 315
498 327
498 353
498 365
498 370
498 402
498 414
498 434
498 457
498 490
499 15
499 75
499 138
499 144
499 163
499 171
499 195
499 241
499 247
499 328
499 335
499 381
499 454
499 466
499 469
499 470
499 472
499 485
499 486
499 492
500 39
500 42
500 125
500 163
500 166
500 189
500 199
500 213
500 238
500 291
500 303
500 342
500 355
500 358
500 396
500 422
500 426
500 459
500 473
500 484
