1 46
1 73
1 159
1 178
1 311
2 72
2 238
2 334
2 391
2 479
3 8
3 50
3 59
3 107
3 124
3 177
3 226
3 232
4 11
4 17
4 109
4 229
4 466
5 140
5 162
5 266
5 282
5 292
5 303
5 323
5 467
5 469
5 489
5 494
6 22
6 52
6 65
6 96
6 151
6 196
7 41
7 206
7 353
7 379
7 387
8 3
8 62
8 155
8 181
8 227
8 348
8 364
8 367
8 400
8 427
8 428
8 435
8 440
8 444
8 447
9 130
9 136
9 300
9 436
9 441
10 60
10 416
10 442
10 452
10 468
11 4
11 17
11 37
11 109
11 466
12 348
12 400
12 435
12 440
12 447
13 127
13 205
13 269
13 297
13 485
14 58
14 92
14 241
14 248
14 285
15 101
15 139
15 217
15 240
15 251
15 293
15 302
15 380
15 406
15 439
15 445
15 449
15 470
15 471
15 480
15 483
15 486
16 49
16 56
16 213
16 275
16 278
17 4
17 11
17 37
17 229
17 466
18 64
18 150
18 190
18 244
18 324
18 372
18 425
18 463
19 21
19 134
19 149
19 325
19 339
19 384
19 407
20 228
20 376
20 422
20 450
20 474
21 19
21 28
21 191
21 214
21 273
21 276
21 281
21 286
22 6
22 65
22 96
22 126
22 415
23 26
23 63
23 208
23 298
23 305
23 314
23 385
23 390
23 488
24 34
24 57
24 184
24 254
24 344
25 342
25 361
25 365
25 452
25 468
26 23
26 112
26 153
26 170
26 247
26 257
26 493
27 174
27 250
27 288
27 304
27 332
27 378
27 382
27 394
27 455
27 465
27 472
27 475
28 21
28 273
28 276
28 281
28 286
29 53
29 156
29 209
29 220
29 336
29 368
29 381
29 405
29 421
30 47
30 125
30 131
30 132
30 374
31 158
31 225
31 239
31 277
31 299
31 333
31 369
31 424
31 429
31 430
31 484
32 400
32 428
32 435
32 440
32 447
33 54
33 145
33 319
33 356
33 362
34 24
34 57
34 184
34 203
34 254
34 344
34 355
34 411
35 44
35 106
35 189
35 221
35 234
35 321
35 349
35 431
35 476
36 74
36 94
36 330
36 396
36 397
37 11
37 17
37 109
37 229
37 466
38 39
38 100
38 113
38 313
38 360
39 38
39 100
39 113
39 313
39 360
40 125
40 131
40 132
40 374
40 377
41 7
41 206
41 379
41 387
41 410
42 154
42 166
42 322
42 388
42 408
43 342
43 365
43 416
43 452
43 468
44 35
44 106
44 234
44 349
44 476
45 90
45 93
45 207
45 260
45 290
46 1
46 67
46 159
46 178
46 311
47 30
47 87
47 105
47 115
47 180
47 352
48 116
48 135
48 142
48 164
48 268
48 320
48 351
48 386
48 395
48 398
48 413
48 454
49 16
49 56
49 83
49 213
49 218
49 275
49 278
50 3
50 107
50 177
50 226
50 232
51 59
51 166
51 253
51 308
51 316
51 318
51 464
51 473
51 481
51 487
51 490
51 491
51 496
51 497
51 499
51 500
52 6
52 65
52 96
52 235
52 337
53 29
53 242
53 368
53 405
53 421
54 33
54 121
54 145
54 319
54 362
55 61
55 80
55 194
55 243
55 274
55 301
56 16
56 49
56 83
56 213
56 218
56 275
57 24
57 34
57 143
57 187
57 254
57 344
58 14
58 85
58 241
58 248
58 285
59 3
59 51
59 124
59 226
59 232
60 10
60 365
60 416
60 442
60 452
60 468
61 55
61 70
61 194
61 237
61 274
62 8
62 181
62 227
62 348
62 367
62 400
62 427
62 428
62 435
62 440
62 444
62 447
63 23
63 208
63 305
63 314
63 385
63 390
63 488
64 18
64 150
64 190
64 244
64 372
65 6
65 22
65 52
65 96
65 117
65 126
65 151
65 196
65 235
65 431
66 228
66 294
66 376
66 422
66 450
66 461
66 479
67 46
67 73
67 159
67 311
67 315
68 74
68 94
68 108
68 182
68 264
69 139
69 251
69 470
69 480
69 486
70 61
70 249
70 370
70 376
70 461
71 80
71 185
71 197
71 200
71 267
71 310
71 328
71 329
71 433
71 492
72 2
72 110
72 219
72 223
72 238
72 383
72 391
72 477
73 1
73 67
73 178
73 311
73 315
74 36
74 68
74 212
74 330
74 396
74 397
75 140
75 280
75 292
75 303
75 467
75 469
75 489
76 77
76 103
76 152
76 171
76 262
77 76
77 103
77 152
77 171
77 262
77 338
78 127
78 205
78 269
78 297
78 371
78 485
79 86
79 104
79 120
79 161
79 179
79 252
79 327
79 331
79 350
79 418
79 451
79 457
80 55
80 71
80 194
80 237
80 274
81 83
81 199
81 206
81 379
81 387
81 410
81 478
82 365
82 416
82 442
82 452
82 468
83 49
83 56
83 81
83 218
83 278
84 146
84 160
84 233
84 255
84 307
85 58
85 92
85 241
85 248
85 285
86 79
86 120
86 327
86 418
86 443
87 47
87 169
87 180
87 352
87 432
88 365
88 416
88 442
88 452
88 468
89 335
89 366
89 373
89 375
89 426
90 45
90 93
90 148
90 207
90 290
91 239
91 369
91 424
91 429
91 484
92 14
92 85
92 241
92 248
92 285
93 45
93 90
93 148
93 207
93 260
93 290
94 36
94 68
94 212
94 264
94 397
95 102
95 140
95 266
95 323
95 489
96 6
96 22
96 52
96 65
96 126
96 151
96 196
96 235
96 337
96 415
97 129
97 269
97 371
97 420
97 485
98 228
98 370
98 376
98 461
98 474
98 479
99 128
99 138
99 167
99 346
99 437
100 38
100 39
100 113
100 313
100 360
101 15
101 114
101 139
101 240
101 251
101 380
101 406
101 439
101 449
101 470
101 471
101 480
101 483
101 486
102 95
102 283
102 289
102 322
102 326
103 76
103 77
103 152
103 262
103 338
104 79
104 120
104 295
104 417
104 443
105 47
105 115
105 168
105 180
105 352
106 35
106 44
106 189
106 221
106 321
106 349
107 3
107 50
107 108
107 177
107 226
107 232
108 68
108 107
108 264
108 330
108 396
109 4
109 11
109 37
109 229
109 466
110 72
110 223
110 238
110 383
110 391
111 150
111 190
111 244
111 324
111 372
112 26
112 153
112 247
112 257
112 265
112 493
113 38
113 39
113 100
113 313
113 360
114 101
114 445
114 470
114 471
114 486
115 47
115 105
115 168
115 180
115 352
116 48
116 142
116 164
116 398
116 413
116 446
117 65
117 123
117 151
117 196
117 235
118 140
118 175
118 292
118 303
118 467
118 489
119 378
119 382
119 394
119 455
119 475
120 79
120 86
120 104
120 161
120 179
120 327
120 331
120 350
120 417
120 418
120 451
120 457
121 54
121 145
121 202
121 319
121 362
122 134
122 149
122 325
122 339
122 384
123 117
123 378
123 382
123 448
123 455
123 465
123 475
124 3
124 59
124 126
124 177
124 232
125 30
125 40
125 131
125 132
125 259
125 374
125 377
125 412
126 22
126 65
126 96
126 124
126 151
126 196
126 235
126 337
127 13
127 78
127 129
127 269
127 297
127 371
128 99
128 138
128 167
128 346
128 437
129 97
129 127
129 130
129 297
129 420
130 9
130 129
130 136
130 165
130 300
130 309
130 359
130 389
130 403
130 436
130 441
130 458
130 459
130 462
131 30
131 40
131 125
131 374
131 377
132 30
132 40
132 125
132 140
132 374
132 377
133 233
133 255
133 307
134 19
134 122
134 149
134 339
134 384
135 48
135 320
135 395
135 398
135 454
136 9
136 130
136 300
136 309
136 359
136 389
136 403
136 436
136 441
136 459
136 460
136 462
137 150
137 190
137 244
137 324
137 372
138 99
138 128
138 167
138 346
138 437
139 15
139 69
139 101
139 217
139 251
139 293
139 302
139 380
139 406
139 439
139 445
139 449
139 470
139 471
139 480
139 486
140 5
140 75
140 95
140 118
140 132
140 141
140 144
140 162
140 280
140 282
140 292
140 303
140 323
140 357
140 467
140 469
140 489
140 494
141 140
141 163
141 292
141 303
141 469
141 489
142 48
142 116
142 145
142 164
142 320
142 351
142 395
142 398
142 413
142 446
142 454
143 57
143 150
143 187
143 344
143 355
144 140
144 292
144 303
144 357
144 467
144 469
144 489
145 33
145 54
145 121
145 142
145 202
145 319
145 356
145 362
146 84
146 160
146 176
146 233
146 307
147 219
147 223
147 238
147 383
147 477
148 90
148 93
148 207
148 260
148 290
149 19
149 122
149 134
149 172
149 222
149 325
149 339
149 384
149 407
150 18
150 64
150 111
150 137
150 143
150 190
150 244
150 324
150 425
150 463
151 6
151 65
151 96
151 117
151 126
151 235
151 337
151 415
151 431
152 76
152 77
152 103
152 171
152 262
153 26
153 112
153 170
153 247
153 257
153 265
153 493
154 42
154 283
154 322
154 345
154 388
154 408
155 8
155 367
155 400
155 440
155 444
156 29
156 220
156 368
156 405
156 421
157 159
157 173
157 228
157 287
157 376
157 423
157 438
157 450
157 461
157 479
158 31
158 239
158 277
158 424
158 484
159 1
159 46
159 67
159 157
159 178
160 84
160 146
160 176
160 233
160 255
160 307
161 79
161 120
161 162
161 417
161 443
162 5
162 140
162 161
162 323
162 489
163 141
163 292
163 303
163 469
163 489
164 48
164 116
164 142
164 320
164 351
164 395
164 413
164 454
165 130
165 300
165 403
165 436
165 441
166 42
166 51
166 253
166 308
166 316
166 318
166 419
166 453
166 464
166 473
166 481
166 487
166 490
166 491
166 496
166 498
166 499
166 500
167 99
167 128
167 138
167 346
167 437
168 105
168 115
168 169
168 180
168 352
168 432
169 87
169 168
169 180
169 352
169 432
170 26
170 153
170 179
170 247
170 257
170 265
170 493
171 76
171 77
171 152
171 262
171 338
172 149
172 222
172 325
172 339
172 384
173 157
173 228
173 249
173 376
173 422
173 423
173 450
173 461
173 474
173 479
174 27
174 250
174 288
174 378
174 382
174 455
174 465
174 475
175 118
175 292
175 303
175 467
175 489
176 146
176 160
176 233
176 255
176 307
177 3
177 50
177 107
177 124
177 226
177 232
178 1
178 46
178 73
178 159
178 311
178 315
179 79
179 120
179 170
179 252
179 295
179 327
179 331
179 350
179 417
179 418
179 443
179 451
179 457
180 47
180 87
180 105
180 115
180 168
180 169
180 352
180 432
181 8
181 62
181 367
181 435
181 440
181 444
181 447
182 68
182 188
182 212
182 330
182 396
182 397
183 211
183 291
183 306
183 393
183 404
184 24
184 34
184 203
184 344
184 355
185 71
185 200
185 267
185 317
185 328
185 492
186 246
186 284
186 373
186 375
186 495
187 57
187 143
187 344
187 355
188 182
188 211
188 270
188 306
188 341
188 393
188 404
188 409
189 35
189 106
189 221
189 234
189 321
190 18
190 64
190 111
190 137
190 150
190 244
190 372
190 425
190 463
191 21
191 198
191 273
191 276
191 281
191 286
192 231
192 261
192 354
192 360
192 456
193 201
193 342
193 343
193 361
193 365
193 442
194 55
194 61
194 80
194 237
194 243
194 301
195 209
195 296
195 381
195 405
195 421
196 6
196 65
196 96
196 117
196 126
197 71
197 200
197 263
197 267
197 317
197 328
197 374
197 492
198 191
198 325
198 339
198 384
198 407
199 81
199 206
199 353
199 379
199 387
199 478
200 71
200 185
200 197
200 263
200 267
200 328
200 492
201 193
201 365
201 416
201 442
201 452
201 468
202 121
202 145
202 319
202 356
202 362
203 34
203 184
203 209
203 344
203 355
203 411
204 215
204 224
204 236
204 258
204 392
204 399
205 13
205 78
205 269
205 371
205 420
205 485
206 7
206 41
206 81
206 199
206 353
206 379
206 410
206 478
207 45
207 90
207 93
207 148
207 260
207 290
208 23
208 63
208 305
208 390
208 488
209 29
209 195
209 203
209 336
209 368
209 405
209 421
210 211
210 490
210 491
210 496
210 499
210 500
211 183
211 188
211 210
211 270
211 291
211 306
211 393
211 402
211 404
211 409
212 74
212 94
212 182
212 264
212 330
212 396
212 397
213 16
213 49
213 56
213 218
213 275
214 21
214 273
214 281
214 286
215 204
215 224
215 256
215 258
215 312
215 340
215 392
215 399
216 342
216 361
216 365
216 442
216 452
216 468
217 15
217 139
217 251
217 406
217 470
217 486
218 49
218 56
218 83
218 213
218 275
218 278
219 72
219 147
219 223
219 238
219 363
219 477
220 29
220 156
220 336
220 381
220 405
220 421
221 35
221 106
221 189
221 321
221 349
221 476
222 149
222 172
222 325
222 339
222 384
223 72
223 110
223 147
223 219
223 238
223 334
223 363
223 391
223 477
224 204
224 215
224 236
224 258
224 312
224 399
225 31
225 239
225 277
225 333
225 369
225 429
225 484
226 3
226 50
226 59
226 107
226 177
227 8
227 62
227 400
227 428
227 435
227 444
228 20
228 66
228 98
228 157
228 173
228 230
228 287
228 294
228 376
228 422
228 423
228 438
228 450
228 461
228 474
228 479
229 4
229 17
229 37
229 109
229 466
230 228
230 335
230 366
230 373
230 375
230 426
231 192
231 261
231 313
231 354
231 360
231 456
232 3
232 50
232 59
232 107
232 124
232 177
232 244
233 84
233 133
233 146
233 160
233 176
233 255
233 307
234 35
234 44
234 189
235 52
235 65
235 96
235 117
235 126
235 151
236 204
236 224
236 256
236 258
236 312
236 340
236 392
236 399
237 61
237 80
237 194
237 243
237 274
237 301
238 2
238 72
238 110
238 147
238 219
238 223
238 334
238 363
238 477
239 31
239 91
239 158
239 225
239 424
239 484
240 15
240 101
240 251
240 470
240 471
240 486
241 14
241 58
241 85
241 92
241 248
241 285
242 53
242 296
242 336
242 381
242 405
242 421
243 55
243 194
243 237
243 274
243 301
244 18
244 64
244 111
244 137
244 150
244 190
244 232
244 324
244 372
244 425
245 378
245 455
245 472
245 475
246 186
246 284
246 373
246 375
246 426
246 495
247 26
247 112
247 153
247 170
247 257
247 493
248 14
248 58
248 85
248 92
248 241
248 285
249 70
249 173
249 253
249 376
249 461
249 479
250 27
250 174
250 288
250 332
250 378
250 382
250 394
250 448
250 455
250 465
250 472
250 475
251 15
251 69
251 101
251 139
251 217
251 240
251 293
251 302
251 380
251 406
251 439
251 445
251 449
251 470
251 471
251 480
251 486
252 79
252 179
252 350
252 417
252 418
252 443
253 51
253 166
253 249
253 308
253 316
253 318
253 419
253 453
253 464
253 473
253 481
253 487
253 490
253 491
253 496
253 497
253 499
253 500
254 24
254 34
254 57
254 355
254 411
255 84
255 133
255 160
255 176
255 233
255 307
256 215
256 236
256 261
256 340
256 392
256 399
257 26
257 112
257 153
257 170
257 247
257 265
257 493
258 204
258 215
258 224
258 236
258 340
258 392
258 399
259 125
259 374
259 377
259 412
260 45
260 93
260 148
260 207
260 290
261 192
261 231
261 256
261 313
261 354
261 456
262 76
262 77
262 103
262 152
262 171
262 338
263 197
263 200
263 265
263 317
263 328
264 68
264 94
264 108
264 212
264 397
265 112
265 153
265 170
265 257
265 263
265 493
266 5
266 95
266 292
266 303
266 467
266 489
267 71
267 185
267 197
267 200
267 272
267 310
267 328
267 329
267 433
267 492
268 48
268 386
268 398
268 446
268 454
269 13
269 78
269 97
269 127
269 205
269 273
269 297
269 371
269 420
270 188
270 211
270 306
270 393
270 402
270 404
271 308
271 318
271 490
271 491
271 496
271 497
271 499
271 500
272 267
272 310
272 329
272 433
272 492
273 21
273 28
273 191
273 214
273 269
273 276
273 281
273 286
274 55
274 61
274 80
274 237
274 243
274 280
274 301
275 16
275 49
275 56
275 213
275 218
275 278
276 21
276 28
276 191
276 273
276 281
276 286
277 31
277 158
277 225
277 299
277 333
277 424
277 484
278 16
278 49
278 83
278 218
278 275
279 308
279 318
279 490
279 491
279 496
279 497
279 499
279 500
280 75
280 140
280 274
280 292
280 303
280 467
280 489
281 21
281 28
281 191
281 214
281 273
281 276
281 286
282 5
282 140
282 292
282 303
282 347
282 467
282 469
283 102
283 154
283 285
283 326
283 345
283 358
283 388
284 186
284 246
284 366
284 373
284 375
284 426
284 495
285 14
285 58
285 85
285 92
285 241
285 248
285 283
286 21
286 28
286 191
286 214
286 273
286 276
286 281
287 157
287 228
287 376
287 422
287 438
287 461
287 479
288 27
288 174
288 250
288 304
288 332
288 378
288 382
288 394
288 448
288 465
288 472
288 475
289 102
289 326
289 345
289 358
289 408
290 45
290 90
290 93
290 148
290 207
290 260
290 291
291 183
291 211
291 290
291 306
291 341
292 5
292 75
292 118
292 140
292 141
292 144
292 163
292 175
292 266
292 280
292 282
292 296
292 303
292 323
292 347
292 357
292 467
292 469
292 489
292 494
293 15
293 139
293 251
293 302
293 470
293 471
293 486
294 66
294 228
294 422
294 423
294 479
295 104
295 179
295 327
295 331
295 350
295 418
295 443
296 195
296 242
296 292
296 336
296 381
296 405
296 421
297 13
297 78
297 127
297 129
297 269
297 303
297 371
298 23
298 314
298 385
298 488
299 31
299 277
299 333
299 369
299 424
299 484
300 9
300 130
300 136
300 165
300 309
300 359
300 389
300 403
300 436
300 441
300 458
300 460
300 462
301 55
301 194
301 237
301 243
301 274
302 15
302 139
302 251
302 293
302 470
302 471
302 486
303 5
303 75
303 118
303 140
303 141
303 144
303 163
303 175
303 266
303 280
303 282
303 292
303 297
303 323
303 347
303 357
303 467
303 469
303 489
303 494
304 27
304 288
304 378
304 455
304 465
304 472
304 475
305 23
305 63
305 208
305 314
305 385
305 390
305 488
306 183
306 188
306 211
306 270
306 291
306 393
306 402
306 404
306 409
307 84
307 133
307 146
307 160
307 176
307 233
307 255
308 51
308 166
308 253
308 271
308 279
308 316
308 318
308 414
308 419
308 453
308 464
308 473
308 481
308 487
308 490
308 491
308 496
308 497
308 498
308 499
308 500
309 130
309 136
309 300
309 311
309 403
309 436
309 441
310 71
310 267
310 272
310 315
310 329
310 433
310 492
311 1
311 46
311 67
311 73
311 178
311 309
311 315
312 215
312 224
312 236
312 340
312 399
313 38
313 39
313 100
313 113
313 231
313 261
313 354
314 23
314 63
314 298
314 305
314 385
314 488
315 67
315 73
315 178
315 310
315 311
316 51
316 166
316 253
316 308
316 318
316 324
316 419
316 453
316 464
316 473
316 481
316 487
316 490
316 491
316 496
316 497
316 498
316 499
316 500
317 185
317 197
317 263
317 328
317 492
318 51
318 166
318 253
318 271
318 279
318 308
318 316
318 419
318 453
318 464
318 473
318 481
318 487
318 490
318 491
318 496
318 497
318 498
318 499
318 500
319 33
319 54
319 121
319 145
319 202
319 356
319 362
320 48
320 135
320 142
320 164
320 395
320 398
320 413
320 454
321 35
321 106
321 189
321 221
321 476
322 42
322 102
322 154
322 326
322 345
322 408
323 5
323 95
323 140
323 162
323 292
323 303
323 467
323 469
323 489
323 494
324 18
324 111
324 137
324 150
324 244
324 316
324 372
324 425
325 19
325 122
325 149
325 172
325 198
325 222
325 384
325 407
326 102
326 283
326 289
326 322
326 345
326 358
326 388
326 408
327 79
327 86
327 120
327 179
327 295
327 350
327 417
327 443
328 71
328 185
328 197
328 200
328 263
328 267
328 317
328 492
329 71
329 267
329 272
329 310
329 330
329 433
329 492
330 36
330 74
330 108
330 182
330 212
330 329
330 396
331 79
331 120
331 179
331 295
331 350
331 417
331 443
332 27
332 250
332 288
332 378
332 394
332 455
332 465
332 472
332 475
333 31
333 225
333 277
333 299
333 369
333 424
333 430
333 484
334 2
334 223
334 238
334 363
334 477
335 89
335 230
335 337
335 373
335 375
336 29
336 209
336 220
336 242
336 296
336 368
336 381
336 405
336 421
337 52
337 96
337 126
337 151
337 335
337 415
337 431
338 77
338 103
338 171
338 262
339 19
339 122
339 134
339 149
339 172
339 198
339 222
339 407
340 215
340 236
340 256
340 258
340 312
340 399
341 188
341 291
341 342
341 393
341 404
342 25
342 43
342 193
342 216
342 341
342 343
342 361
342 365
342 416
342 442
342 452
342 468
343 193
343 342
343 347
343 361
343 365
343 401
343 442
343 452
344 24
344 34
344 57
344 143
344 184
344 187
344 203
344 355
344 411
345 154
345 283
345 289
345 322
345 326
345 358
345 388
345 408
346 99
346 128
346 138
346 167
346 437
347 282
347 292
347 303
347 343
347 469
347 489
348 8
348 12
348 62
348 367
348 427
348 428
348 435
348 447
349 35
349 44
349 106
349 221
349 476
350 79
350 120
350 179
350 252
350 295
350 327
350 331
350 417
350 418
350 443
351 48
351 142
351 164
351 386
351 398
351 413
351 454
352 47
352 87
352 105
352 115
352 168
352 169
352 180
352 432
353 7
353 199
353 206
353 379
353 387
354 192
354 231
354 261
354 313
354 360
354 362
354 456
355 34
355 143
355 184
355 187
355 203
355 254
355 344
355 411
356 33
356 145
356 202
356 319
356 362
357 140
357 144
357 292
357 303
357 467
357 469
357 489
358 283
358 289
358 326
358 345
358 388
359 130
359 136
359 300
359 389
359 403
359 436
359 441
359 459
360 38
360 39
360 100
360 113
360 192
360 231
360 354
360 456
361 25
361 193
361 216
361 342
361 343
361 365
361 416
361 442
362 33
362 54
362 121
362 145
362 202
362 319
362 354
362 356
363 219
363 223
363 238
363 334
363 477
364 8
364 400
364 427
364 435
364 440
364 447
365 25
365 43
365 60
365 82
365 88
365 193
365 201
365 216
365 342
365 343
365 361
365 401
365 416
365 442
365 452
365 468
366 89
366 230
366 284
366 369
366 373
366 375
366 426
366 495
367 8
367 62
367 155
367 181
367 348
367 400
367 427
367 428
367 435
367 440
367 444
367 447
368 29
368 53
368 156
368 209
368 336
368 381
368 405
368 421
369 31
369 91
369 225
369 299
369 333
369 366
369 430
369 484
370 70
370 98
370 376
370 450
370 479
371 78
371 97
371 127
371 205
371 269
371 297
371 420
371 485
372 18
372 64
372 111
372 137
372 190
372 244
372 324
372 425
372 463
373 89
373 186
373 230
373 246
373 284
373 335
373 366
373 426
373 495
374 30
374 40
374 125
374 131
374 132
374 197
374 259
374 377
374 412
375 89
375 186
375 230
375 246
375 284
375 335
375 366
375 426
375 495
376 20
376 66
376 70
376 98
376 157
376 173
376 228
376 249
376 287
376 370
376 381
376 422
376 423
376 438
376 450
376 479
377 40
377 125
377 131
377 132
377 259
377 374
377 412
378 27
378 119
378 123
378 174
378 245
378 250
378 288
378 304
378 332
378 382
378 394
378 434
378 448
378 455
378 465
378 472
379 7
379 41
379 81
379 199
379 206
379 353
379 387
379 410
379 478
380 15
380 101
380 139
380 251
380 445
380 449
380 470
380 471
380 486
381 29
381 195
381 220
381 242
381 296
381 336
381 368
381 376
381 405
382 27
382 119
382 123
382 174
382 250
382 288
382 378
382 434
382 455
382 465
382 475
383 72
383 110
383 147
383 391
383 477
384 19
384 122
384 134
384 149
384 172
384 198
384 222
384 325
384 407
385 23
385 63
385 298
385 305
385 314
385 386
385 488
386 48
386 268
386 351
386 385
386 413
386 454
387 7
387 41
387 81
387 199
387 353
387 379
387 388
387 410
387 478
388 42
388 154
388 283
388 326
388 345
388 358
388 387
389 130
389 136
389 300
389 359
389 396
389 403
389 436
389 441
389 460
390 23
390 63
390 208
390 305
390 488
391 2
391 72
391 110
391 223
391 383
391 477
392 204
392 215
392 236
392 256
392 258
392 399
393 183
393 188
393 211
393 270
393 306
393 341
393 404
393 409
394 27
394 119
394 250
394 288
394 332
394 378
394 455
394 465
394 475
395 48
395 135
395 142
395 164
395 320
395 398
395 413
395 446
395 454
396 36
396 74
396 108
396 182
396 212
396 330
396 389
397 36
397 74
397 94
397 182
397 212
397 264
398 48
398 116
398 135
398 142
398 268
398 320
398 351
398 395
398 413
398 454
399 204
399 215
399 224
399 236
399 256
399 258
399 312
399 340
399 392
399 402
400 8
400 12
400 32
400 62
400 155
400 227
400 364
400 367
400 428
400 444
401 343
401 365
401 416
401 452
401 468
402 211
402 270
402 306
402 399
402 404
402 409
403 130
403 136
403 165
403 300
403 309
403 359
403 389
403 405
403 436
403 458
404 183
404 188
404 211
404 270
404 306
404 341
404 393
404 402
404 409
405 29
405 53
405 156
405 195
405 209
405 220
405 242
405 296
405 336
405 368
405 381
405 403
406 15
406 101
406 139
406 217
406 251
406 407
406 445
406 471
406 480
406 486
407 19
407 149
407 198
407 325
407 339
407 384
407 406
408 42
408 154
408 289
408 322
408 326
408 345
409 188
409 211
409 306
409 393
409 402
409 404
410 41
410 81
410 206
410 379
410 387
410 412
410 478
411 34
411 203
411 254
411 344
411 355
412 125
412 259
412 374
412 377
412 410
413 48
413 116
413 142
413 164
413 320
413 351
413 386
413 395
413 398
413 454
414 308
414 490
414 491
414 496
414 497
414 499
414 500
415 22
415 96
415 151
415 337
415 418
415 431
416 10
416 43
416 60
416 82
416 88
416 201
416 342
416 361
416 365
416 401
416 468
417 104
417 120
417 161
417 179
417 252
417 327
417 331
417 350
417 418
417 451
417 457
418 79
418 86
418 120
418 179
418 252
418 295
418 350
418 415
418 417
419 166
419 253
419 308
419 316
419 318
419 490
419 491
419 496
419 497
419 499
419 500
420 97
420 129
420 205
420 269
420 371
421 29
421 53
421 156
421 195
421 209
421 220
421 242
421 296
421 336
421 368
421 424
422 20
422 66
422 173
422 228
422 287
422 294
422 376
422 423
422 429
422 438
422 461
423 157
423 173
423 228
423 294
423 376
423 422
423 450
423 461
423 474
423 479
424 31
424 91
424 158
424 239
424 277
424 299
424 333
424 421
424 429
424 430
424 484
425 18
425 150
425 190
425 244
425 324
425 372
426 89
426 230
426 246
426 284
426 366
426 373
426 375
426 495
427 8
427 62
427 348
427 364
427 367
427 428
427 435
427 440
427 444
427 447
427 453
428 8
428 32
428 62
428 227
428 348
428 367
428 400
428 427
428 440
428 444
428 447
429 31
429 91
429 225
429 422
429 424
429 430
430 31
430 333
430 369
430 424
430 429
431 35
431 65
431 151
431 337
431 415
431 479
432 87
432 168
432 169
432 180
432 352
433 71
433 267
433 272
433 310
433 329
433 443
433 492
434 378
434 382
434 455
434 472
434 475
435 8
435 12
435 32
435 62
435 181
435 227
435 348
435 364
435 367
435 427
435 440
435 447
436 9
436 130
436 136
436 165
436 300
436 309
436 359
436 389
436 403
436 458
436 459
436 460
436 462
437 99
437 128
437 138
437 167
437 346
438 157
438 228
438 287
438 376
438 422
438 479
439 15
439 101
439 139
439 251
439 445
439 470
439 471
439 486
440 8
440 12
440 32
440 62
440 155
440 181
440 364
440 367
440 427
440 428
440 435
440 444
441 9
441 130
441 136
441 165
441 300
441 309
441 359
441 389
441 458
441 459
441 460
441 462
442 10
442 60
442 82
442 88
442 193
442 201
442 216
442 342
442 343
442 361
442 365
442 468
443 86
443 104
443 161
443 179
443 252
443 295
443 327
443 331
443 350
443 433
443 451
443 457
444 8
444 62
444 155
444 181
444 227
444 367
444 400
444 427
444 428
444 440
444 447
444 449
445 15
445 114
445 139
445 251
445 380
445 406
445 439
445 449
445 471
445 480
445 483
445 486
446 116
446 142
446 268
446 395
446 454
447 8
447 12
447 32
447 62
447 181
447 348
447 364
447 367
447 427
447 428
447 435
447 444
448 123
448 250
448 288
448 378
448 455
448 465
448 475
449 15
449 101
449 139
449 251
449 380
449 444
449 445
449 470
449 471
449 480
449 483
449 486
450 20
450 66
450 157
450 173
450 228
450 370
450 376
450 423
450 451
450 461
450 474
450 479
451 79
451 120
451 179
451 417
451 443
451 450
452 10
452 25
452 43
452 60
452 82
452 88
452 201
452 216
452 342
452 343
452 365
452 401
452 468
453 166
453 253
453 308
453 316
453 318
453 427
453 487
453 490
453 491
453 496
453 497
453 499
453 500
454 48
454 135
454 142
454 164
454 268
454 320
454 351
454 386
454 395
454 398
454 413
454 446
454 455
455 27
455 119
455 123
455 174
455 245
455 250
455 304
455 332
455 378
455 382
455 394
455 434
455 448
455 454
455 465
456 192
456 231
456 261
456 354
456 360
457 79
457 120
457 179
457 417
457 443
457 459
458 130
458 300
458 403
458 436
458 441
459 130
459 136
459 359
459 436
459 441
459 457
460 136
460 300
460 389
460 436
460 441
460 461
461 66
461 70
461 98
461 157
461 173
461 228
461 249
461 287
461 422
461 423
461 450
461 460
461 474
461 479
462 130
462 136
462 300
462 436
462 441
462 465
463 18
463 150
463 190
463 372
464 51
464 166
464 253
464 308
464 316
464 318
464 481
464 487
464 490
464 491
464 496
464 497
464 499
464 500
465 27
465 123
465 174
465 250
465 288
465 304
465 332
465 378
465 382
465 394
465 448
465 455
465 462
465 475
466 4
466 11
466 17
466 37
466 109
466 229
467 5
467 75
467 118
467 140
467 144
467 175
467 266
467 280
467 282
467 292
467 303
467 323
467 357
467 469
467 494
468 10
468 25
468 43
468 60
468 82
468 88
468 201
468 216
468 342
468 365
468 401
468 416
468 442
468 452
468 469
469 5
469 75
469 140
469 141
469 144
469 163
469 282
469 292
469 303
469 323
469 347
469 357
469 467
469 468
469 489
470 15
470 69
470 101
470 114
470 139
470 217
470 240
470 251
470 293
470 302
470 380
470 439
470 449
470 471
470 486
471 15
471 101
471 114
471 139
471 240
471 251
471 293
471 302
471 380
471 406
471 439
471 445
471 449
471 470
471 480
471 483
472 27
472 245
472 250
472 288
472 304
472 332
472 378
472 434
472 475
473 51
473 166
473 253
473 308
473 316
473 318
473 481
473 487
473 490
473 491
473 496
473 497
473 499
473 500
474 20
474 98
474 173
474 228
474 423
474 450
474 461
474 475
474 479
475 27
475 119
475 123
475 174
475 245
475 250
475 288
475 304
475 332
475 382
475 394
475 434
475 448
475 465
475 472
475 474
476 35
476 44
476 221
476 321
476 349
477 72
477 147
477 219
477 223
477 238
477 334
477 363
477 383
477 391
477 481
478 81
478 199
478 206
478 379
478 387
478 410
479 2
479 66
479 98
479 157
479 173
479 228
479 249
479 287
479 294
479 370
479 376
479 423
479 431
479 438
479 450
479 461
479 474
480 15
480 69
480 101
480 139
480 251
480 406
480 445
480 449
480 471
480 486
481 51
481 166
481 253
481 308
481 316
481 318
481 464
481 473
481 477
481 487
481 490
481 491
481 496
481 497
481 499
481 500
482 490
482 491
482 496
482 500
483 15
483 101
483 445
483 449
483 471
483 486
483 491
484 31
484 91
484 158
484 225
484 239
484 277
484 299
484 333
484 369
484 424
485 13
485 78
485 97
485 205
485 371
486 15
486 69
486 101
486 114
486 139
486 217
486 240
486 251
486 293
486 302
486 380
486 406
486 439
486 445
486 449
486 470
486 480
486 483
486 496
487 51
487 166
487 253
487 308
487 316
487 318
487 453
487 464
487 473
487 481
487 490
487 491
487 496
487 497
487 499
487 500
488 23
488 63
488 208
488 298
488 305
488 314
488 385
488 390
489 5
489 75
489 95
489 118
489 140
489 141
489 144
489 162
489 163
489 175
489 266
489 280
489 292
489 303
489 323
489 347
489 357
489 469
489 499
490 51
490 166
490 210
490 253
490 271
490 279
490 308
490 316
490 318
490 414
490 419
490 453
490 464
490 473
490 481
490 482
490 487
490 497
490 498
490 500
491 51
491 166
491 210
491 253
491 271
491 279
491 308
491 316
491 318
491 414
491 419
491 453
491 464
491 473
491 481
491 482
491 483
491 487
491 497
491 498
492 71
492 185
492 197
492 200
492 267
492 272
492 310
492 317
492 328
492 329
492 433
493 26
493 112
493 153
493 170
493 247
493 257
493 265
494 5
494 140
494 292
494 303
494 323
494 467
494 500
495 186
495 246
495 284
495 366
495 373
495 375
495 426
496 51
496 166
496 210
496 253
496 271
496 279
496 308
496 316
496 318
496 414
496 419
496 453
496 464
496 473
496 481
496 482
496 486
496 487
496 497
496 498
497 51
497 253
497 271
497 279
497 308
497 316
497 318
497 414
497 419
497 453
497 464
497 473
497 481
497 487
497 490
497 491
497 496
497 498
497 499
497 500
498 166
498 308
498 316
498 318
498 490
498 491
498 496
498 497
498 499
498 500
499 51
499 166
499 210
499 253
499 271
499 279
499 308
499 316
499 318
499 414
499 419
499 453
499 464
499 473
499 481
499 487
499 489
499 497
499 498
499 500
500 51
500 166
500 210
500 253
500 271
500 279
500 308
500 316
500 318
500 414
500 419
500 453
500 464
500 473
500 481
500 482
500 487
500 490
500 494
500 497
500 498
500 499
