1 2
1 51
1 66
1 352
1 486
2 1
2 7
2 176
2 393
2 486
3 140
3 298
3 411
3 452
3 496
4 6
4 45
4 48
4 235
4 328
5 6
5 10
5 161
5 196
5 371
5 396
6 4
6 5
6 10
6 396
6 409
7 2
7 9
7 72
7 121
7 377
8 9
8 10
8 398
8 442
8 482
9 7
9 8
9 11
9 139
9 442
10 5
10 6
10 8
10 297
10 398
11 9
11 146
11 248
11 265
11 405
11 486
12 13
12 16
12 18
12 143
12 464
12 478
13 12
13 18
13 175
13 398
13 411
14 15
14 54
14 216
14 392
14 490
15 14
15 109
15 224
15 258
15 260
15 359
15 379
16 12
16 18
16 398
16 487
16 489
17 19
17 109
17 226
17 286
17 328
17 333
18 12
18 13
18 16
18 64
18 269
19 17
19 98
19 109
19 165
19 206
19 356
19 445
19 484
19 492
20 22
20 27
20 83
20 177
20 317
21 25
21 88
21 215
21 262
21 272
21 319
21 401
21 469
21 482
21 490
22 20
22 27
22 191
22 491
22 500
23 24
23 26
23 327
23 448
23 463
24 23
24 26
24 29
24 207
24 221
25 21
25 88
25 181
25 247
25 434
25 452
25 467
25 469
25 482
25 496
26 23
26 24
26 29
26 420
26 500
27 20
27 22
27 28
27 153
27 372
28 27
28 372
28 397
28 414
28 481
29 24
29 26
29 31
29 35
29 133
30 71
30 92
30 114
30 416
30 457
31 29
31 32
31 133
31 494
31 498
32 31
32 38
32 238
32 264
32 483
33 40
33 112
33 317
33 408
33 493
34 43
34 197
34 277
34 281
34 289
35 29
35 41
35 498
36 42
36 169
36 172
36 271
36 484
37 41
37 42
37 52
37 184
37 429
38 32
38 40
38 102
38 419
38 446
39 126
39 352
39 364
39 437
39 462
40 33
40 38
40 106
40 141
40 497
41 35
41 37
41 42
41 291
41 413
42 36
42 37
42 41
42 48
42 60
43 34
43 147
43 178
43 185
43 197
44 107
44 126
44 204
44 225
44 250
44 310
44 342
44 437
44 445
44 451
45 4
45 48
45 56
45 418
45 454
46 89
46 94
46 122
46 237
46 263
46 340
46 375
46 486
47 240
47 255
47 348
47 381
47 389
47 426
47 440
47 476
47 497
48 4
48 42
48 45
48 117
48 335
48 424
49 50
49 63
49 427
49 436
49 496
50 49
50 323
50 385
50 403
50 459
51 1
51 53
51 54
51 66
51 473
52 37
52 253
52 328
52 409
52 432
53 51
53 54
53 140
53 422
53 443
54 14
54 51
54 53
54 216
54 392
55 100
55 123
55 125
55 212
55 259
56 45
56 117
56 328
56 396
56 424
57 67
57 68
57 70
57 113
57 366
58 60
58 312
58 328
58 422
58 471
59 306
59 364
59 367
59 397
59 398
60 42
60 58
60 61
60 318
60 471
61 60
61 63
61 343
61 471
61 487
62 66
62 90
62 244
62 330
62 415
63 49
63 61
63 64
63 205
63 360
63 436
64 18
64 63
64 205
64 269
64 471
65 77
65 92
65 261
65 309
65 321
65 324
65 353
65 375
65 453
66 1
66 51
66 62
66 324
66 473
67 57
67 303
67 370
67 390
67 473
68 57
68 280
68 324
68 380
68 466
69 71
69 287
69 464
69 490
69 494
70 57
70 79
70 104
70 475
70 480
71 30
71 69
71 72
71 205
71 421
72 7
72 71
72 73
72 74
72 377
73 72
73 74
73 161
73 205
73 371
74 72
74 73
74 84
74 367
74 398
75 76
75 78
75 84
75 307
75 316
75 350
75 456
76 75
76 78
76 86
76 275
76 387
77 65
77 118
77 159
77 166
77 236
77 261
77 309
77 350
77 353
77 375
77 452
77 453
77 455
77 472
77 487
77 491
78 75
78 76
78 86
78 106
78 141
79 70
79 81
79 189
79 384
79 481
80 98
80 269
80 448
80 452
80 495
81 79
81 83
81 108
81 169
81 418
82 187
82 191
82 192
82 201
82 298
82 455
82 494
83 20
83 81
83 182
83 471
83 493
84 74
84 75
84 86
84 332
84 387
84 477
85 175
85 180
85 316
85 350
85 361
86 76
86 78
86 84
86 184
86 253
86 273
86 300
87 118
87 171
87 218
87 290
87 368
87 370
87 371
87 376
87 383
87 393
87 406
87 469
87 482
88 21
88 25
88 131
88 181
88 218
88 368
88 383
88 449
89 46
89 94
89 141
89 146
89 248
89 331
89 375
89 405
90 62
90 244
90 268
90 330
90 360
90 374
90 457
91 180
91 266
91 435
91 457
91 490
92 30
92 65
92 375
92 472
92 475
93 95
93 160
93 349
93 401
93 450
94 46
94 89
94 141
94 276
94 313
94 375
95 93
95 97
95 117
95 158
95 173
96 99
96 101
96 390
96 473
96 494
97 95
97 102
97 104
97 119
97 145
98 19
98 80
98 179
98 211
98 299
98 356
98 445
98 484
98 492
98 495
99 96
99 101
99 104
99 256
99 469
100 55
100 193
100 366
100 431
100 432
101 96
101 99
101 104
101 491
101 500
102 38
102 97
102 105
102 446
102 479
103 135
103 230
103 278
103 400
103 417
104 70
104 97
104 99
104 101
104 110
104 145
105 102
105 106
105 163
105 272
105 319
106 40
106 78
106 105
106 446
106 497
107 44
107 110
107 111
107 112
107 342
108 81
108 113
108 115
108 454
108 499
109 15
109 17
109 19
109 418
109 454
110 104
110 107
110 111
110 132
110 430
111 107
111 110
111 112
111 194
111 397
112 33
112 107
112 111
112 317
112 465
113 57
113 108
113 115
113 193
113 414
113 431
113 498
114 30
114 116
114 123
114 421
114 468
115 108
115 113
115 351
115 355
115 425
116 114
116 123
116 128
116 276
116 470
117 48
117 56
117 95
117 119
117 121
117 158
117 173
117 335
117 424
118 77
118 87
118 159
118 170
118 171
118 192
118 290
118 350
118 376
118 406
118 452
118 469
118 472
118 482
118 484
118 492
119 97
119 117
119 121
119 145
119 174
120 264
120 281
120 282
120 284
120 286
120 315
120 483
121 7
121 117
121 119
121 210
121 234
121 377
122 46
122 125
122 196
122 263
122 340
122 486
123 55
123 114
123 116
123 125
123 128
123 212
123 259
124 151
124 240
124 264
124 303
124 370
124 391
124 393
124 415
124 442
124 473
124 474
124 483
124 496
125 55
125 122
125 123
125 127
125 259
126 39
126 44
126 134
126 205
126 279
126 337
126 373
126 437
126 445
126 451
126 461
127 125
127 130
127 351
127 355
127 425
128 116
128 123
128 284
128 339
128 418
129 132
129 209
129 292
129 341
129 348
130 127
130 131
130 167
130 249
130 250
130 283
130 450
131 88
131 130
131 134
131 213
131 308
131 383
132 110
132 129
132 197
132 292
132 304
133 29
133 31
133 135
133 142
133 292
134 126
134 131
134 139
134 373
134 437
135 103
135 133
135 138
135 142
135 417
136 186
136 298
136 299
136 391
136 473
137 278
137 389
137 391
137 394
137 401
137 434
137 467
137 496
138 135
138 142
138 149
138 220
138 373
139 9
139 134
139 298
139 364
139 388
139 442
139 485
140 3
140 53
140 143
140 312
140 422
141 40
141 78
141 89
141 94
141 184
141 363
141 497
142 133
142 135
142 138
142 407
142 451
143 12
143 140
143 464
143 478
143 491
144 145
144 148
144 190
144 232
144 464
145 97
145 104
145 119
145 144
145 148
145 149
146 11
146 89
146 147
146 153
146 248
146 405
147 43
147 146
147 153
147 185
147 193
148 144
148 145
148 149
148 240
148 440
148 476
149 138
149 145
149 148
149 152
149 222
149 498
150 152
150 365
150 381
150 423
150 473
150 480
151 124
151 240
151 264
151 267
151 357
151 384
151 442
151 460
151 465
151 468
151 481
151 483
151 496
152 149
152 150
152 160
152 319
152 349
152 381
152 401
153 27
153 146
153 147
153 194
153 372
153 397
154 156
154 172
154 187
154 296
154 381
154 473
155 156
155 311
155 381
155 402
155 409
155 498
156 154
156 155
156 239
156 241
156 396
156 451
157 164
157 210
157 249
157 250
157 491
157 500
158 95
158 117
158 160
158 161
158 335
158 426
159 77
159 118
159 311
159 320
159 350
159 402
159 407
159 409
159 451
159 452
159 462
159 484
159 491
159 492
160 93
160 152
160 158
160 161
160 319
160 487
161 5
161 73
161 158
161 160
161 162
161 196
161 371
162 161
162 164
162 418
162 454
162 494
162 499
163 105
163 253
163 257
163 260
163 272
163 319
164 157
164 162
164 168
164 424
164 491
164 500
165 19
165 189
165 211
165 377
165 419
165 422
165 427
165 435
165 440
165 445
165 484
165 492
166 77
166 167
166 170
166 353
166 375
166 493
167 130
167 166
167 170
167 249
167 416
167 424
168 164
168 170
168 246
168 369
168 424
168 447
169 36
169 81
169 171
169 198
169 377
169 499
170 118
170 166
170 167
170 168
170 192
170 482
171 87
171 118
171 169
171 172
171 173
171 199
172 36
172 154
172 171
172 173
172 296
172 362
173 95
173 117
173 171
173 172
173 335
173 435
174 119
174 237
174 316
174 336
174 337
174 361
174 408
174 465
174 467
174 475
174 480
174 498
175 13
175 85
175 180
175 361
175 411
176 2
176 177
176 180
176 182
176 393
176 415
177 20
177 176
177 178
177 182
177 361
177 493
178 43
178 177
178 182
178 185
178 186
178 432
179 98
179 183
179 185
179 318
179 323
179 347
180 85
180 91
180 175
180 176
180 361
180 435
180 490
181 25
181 88
181 217
181 218
181 267
181 368
181 370
181 460
181 465
181 468
181 481
182 83
182 176
182 177
182 178
182 186
182 493
183 179
183 318
183 323
183 385
183 386
183 406
183 410
183 411
183 419
183 431
184 37
184 86
184 141
184 216
184 248
184 273
184 363
185 43
185 147
185 178
185 179
185 190
186 136
186 178
186 182
186 187
186 391
186 474
187 82
187 154
187 186
187 192
187 281
187 362
188 206
188 336
188 404
188 439
188 492
188 500
189 79
189 165
189 191
189 334
189 357
189 384
190 144
190 185
190 206
190 227
190 232
190 354
191 22
191 82
191 189
191 334
191 491
191 500
192 82
192 118
192 170
192 187
192 290
192 334
193 100
193 113
193 147
193 211
193 425
193 498
194 111
194 153
194 198
194 199
194 334
194 397
195 218
195 267
195 270
195 274
195 290
195 291
195 323
195 395
195 405
195 435
195 464
195 471
195 478
195 489
195 490
195 500
196 5
196 122
196 161
196 269
196 371
196 487
197 34
197 43
197 132
197 390
197 430
197 493
198 169
198 194
198 199
198 454
198 478
198 499
199 171
199 194
199 198
199 290
199 339
199 469
200 201
200 339
200 420
200 479
200 491
200 500
201 82
201 200
201 298
201 339
201 479
202 207
202 252
202 280
202 341
202 380
202 479
203 204
203 207
203 249
203 416
203 450
203 479
204 44
204 203
204 207
204 310
204 342
204 494
205 63
205 64
205 71
205 73
205 126
205 437
206 19
206 188
206 190
206 327
206 356
206 445
207 24
207 202
207 203
207 204
207 223
207 363
208 215
208 217
208 306
208 314
208 367
208 398
209 129
209 255
209 279
209 283
209 376
209 476
210 121
210 157
210 234
210 243
210 249
210 250
210 377
211 98
211 165
211 193
211 244
211 445
211 492
212 55
212 123
212 259
212 283
212 330
212 496
213 131
213 214
213 283
213 308
213 330
213 383
214 213
214 321
214 325
214 330
214 376
214 403
215 21
215 208
215 262
215 314
215 330
215 401
216 14
216 54
216 184
216 231
216 248
216 252
216 363
216 392
216 495
217 181
217 208
217 221
217 358
217 427
217 460
218 87
218 88
218 181
218 195
218 270
218 368
218 370
218 464
218 478
218 490
219 220
219 221
219 223
219 312
219 422
219 443
220 138
220 219
220 222
220 223
220 314
220 498
221 24
221 217
221 219
221 314
221 363
221 438
222 149
222 220
222 245
222 375
222 414
222 498
223 207
223 219
223 220
223 224
223 363
223 438
224 15
224 223
224 258
224 331
224 379
224 485
225 44
225 226
225 310
225 331
225 342
225 491
226 17
226 225
226 227
226 328
226 333
226 485
227 190
227 226
227 228
227 229
227 354
228 227
228 229
228 325
228 386
228 403
228 485
229 227
229 228
229 230
229 394
229 444
229 483
230 103
230 229
230 232
230 233
230 417
231 216
231 281
231 282
231 284
231 392
231 495
232 144
232 190
232 230
232 233
232 234
232 354
233 230
233 232
233 234
233 291
233 395
233 490
234 121
234 210
234 232
234 233
234 377
234 422
235 4
235 252
235 254
235 297
235 379
235 441
236 77
236 238
236 241
236 375
236 472
237 46
237 174
237 267
237 301
237 341
237 358
237 375
237 465
237 467
237 468
237 498
238 32
238 236
238 239
238 241
238 483
239 156
239 238
239 242
239 387
239 396
239 445
240 47
240 124
240 148
240 151
240 264
240 426
240 440
240 442
240 444
240 476
240 483
241 156
241 236
241 238
241 242
241 332
241 387
241 396
241 477
242 239
242 241
242 243
242 316
242 350
243 210
243 242
243 249
243 418
243 454
243 499
244 62
244 90
244 211
244 245
244 268
244 330
244 374
245 222
245 244
245 321
245 325
245 386
245 403
246 168
246 247
246 251
246 447
246 450
246 489
247 25
247 246
247 251
247 450
247 452
247 496
248 11
248 89
248 146
248 184
248 216
248 252
248 338
248 363
248 405
249 130
249 157
249 167
249 203
249 210
249 243
249 283
249 304
249 416
249 450
250 44
250 130
250 157
250 210
250 304
250 416
250 433
251 246
251 247
251 320
251 450
251 458
251 462
252 202
252 216
252 235
252 248
252 326
252 363
252 466
253 52
253 86
253 163
253 257
253 273
253 300
253 450
254 235
254 265
254 284
254 297
254 379
254 405
254 441
255 47
255 209
255 296
255 302
255 303
255 346
255 348
256 99
256 258
256 261
256 290
256 469
257 163
257 253
257 259
257 336
257 404
257 491
257 500
258 15
258 224
258 256
258 260
258 261
258 293
258 359
259 55
259 123
259 125
259 212
259 257
259 260
259 369
260 15
260 163
260 258
260 259
260 369
261 65
261 77
261 256
261 258
261 472
262 21
262 215
262 270
262 272
262 369
262 401
262 468
263 46
263 122
263 265
263 271
263 467
263 486
264 32
264 120
264 124
264 151
264 240
264 315
264 322
264 394
264 429
264 442
264 455
264 483
264 496
265 11
265 254
265 263
265 271
265 405
265 448
266 91
266 288
266 318
266 360
266 415
266 448
266 496
267 151
267 181
267 195
267 237
267 290
267 323
267 341
267 358
267 384
267 405
267 460
267 465
267 468
267 481
267 489
267 500
268 90
268 244
268 274
268 330
268 455
269 18
269 64
269 80
269 196
269 299
269 416
269 480
270 195
270 218
270 262
270 271
270 369
270 464
270 478
271 36
271 263
271 265
271 270
271 323
271 385
271 410
272 21
272 105
272 163
272 262
272 273
272 275
272 477
273 86
273 184
273 253
273 272
273 275
273 280
273 300
274 195
274 268
274 288
274 435
274 471
275 76
275 272
275 273
275 280
275 387
276 94
276 116
276 277
276 285
276 291
276 294
276 313
276 470
276 474
277 34
277 276
277 285
277 289
277 379
277 428
277 474
278 103
278 137
278 434
278 467
278 496
279 126
279 209
279 310
279 342
279 373
279 426
279 437
280 68
280 202
280 273
280 275
280 359
280 380
280 455
281 34
281 120
281 187
281 231
281 359
281 362
281 428
282 120
282 231
282 302
282 359
282 378
282 414
282 498
283 130
283 209
283 212
283 213
283 249
283 376
283 450
284 120
284 128
284 231
284 254
284 398
284 405
285 276
285 277
285 291
285 429
285 444
285 474
285 483
286 17
286 120
286 289
286 293
286 328
286 333
287 69
287 356
287 357
287 362
287 374
287 455
287 466
288 266
288 274
288 294
288 448
288 496
289 34
289 277
289 286
289 293
289 346
289 428
290 87
290 118
290 192
290 195
290 199
290 256
290 267
290 323
290 376
290 405
290 406
290 469
290 472
290 482
290 489
290 492
290 500
291 41
291 195
291 233
291 276
291 285
291 441
291 474
292 129
292 132
292 133
292 346
292 352
292 475
292 500
293 258
293 286
293 289
293 346
293 379
294 276
294 288
294 300
294 313
294 470
295 296
295 321
295 325
295 346
295 386
295 403
295 480
296 154
296 172
296 255
296 295
296 302
296 362
296 428
297 10
297 235
297 254
297 375
297 379
297 441
297 474
298 3
298 82
298 136
298 139
298 201
298 455
298 466
299 98
299 136
299 269
299 316
299 350
299 416
299 457
300 86
300 253
300 273
300 294
300 327
301 237
301 308
301 313
301 337
301 361
301 432
301 480
302 255
302 282
302 296
302 303
302 378
302 414
302 431
303 67
303 124
303 255
303 302
303 307
303 370
303 474
304 132
304 249
304 250
304 373
304 397
304 409
304 416
304 418
304 450
305 306
305 309
305 434
305 448
305 467
305 476
305 496
306 59
306 208
306 305
306 309
306 367
306 398
306 450
307 75
307 303
307 309
307 316
307 350
307 440
307 456
308 131
308 213
308 301
308 313
308 432
308 449
308 474
309 65
309 77
309 305
309 306
309 307
309 375
309 472
310 44
310 204
310 225
310 279
310 311
310 312
310 410
311 155
311 159
311 310
311 312
311 402
311 409
311 494
312 58
312 140
312 219
312 310
312 311
312 319
312 443
313 94
313 276
313 294
313 301
313 308
313 315
313 432
313 470
314 208
314 215
314 220
314 221
314 329
314 447
314 487
314 489
315 120
315 264
315 313
315 317
315 394
315 432
315 469
315 483
316 75
316 85
316 174
316 242
316 299
316 307
316 350
316 436
316 456
316 465
316 467
316 480
316 498
317 20
317 33
317 112
317 315
317 320
317 322
317 432
317 493
318 60
318 179
318 183
318 266
318 321
318 323
318 410
318 415
319 21
319 105
319 152
319 160
319 163
319 312
319 325
319 367
320 159
320 251
320 317
320 322
320 407
320 417
320 458
320 498
321 65
321 214
321 245
321 295
321 318
321 334
321 462
321 478
322 264
322 317
322 320
322 329
322 394
322 417
322 429
322 444
322 483
323 50
323 179
323 183
323 195
323 267
323 271
323 290
323 318
323 347
323 385
323 405
323 410
323 459
323 472
323 484
323 489
323 492
323 500
324 65
324 66
324 68
324 400
324 417
325 214
325 228
325 245
325 295
325 319
325 334
325 343
325 367
326 252
326 329
326 335
326 390
326 417
326 455
326 467
326 494
327 23
327 206
327 300
327 340
327 484
328 4
328 17
328 52
328 56
328 58
328 226
328 286
328 333
329 314
329 322
329 326
329 332
329 369
329 417
329 487
329 489
330 62
330 90
330 212
330 213
330 214
330 215
330 244
330 268
330 374
331 89
331 224
331 225
331 338
331 345
331 405
331 437
331 485
332 84
332 241
332 329
332 333
332 335
332 336
332 387
332 477
333 17
333 226
333 286
333 328
333 332
333 335
333 336
333 417
334 189
334 191
334 192
334 194
334 321
334 325
334 386
334 403
335 48
335 117
335 158
335 173
335 326
335 332
335 333
335 336
336 174
336 188
336 257
336 332
336 333
336 335
336 404
336 420
337 126
337 174
337 301
337 361
337 373
337 397
337 408
337 466
338 248
338 331
338 339
338 342
338 343
338 344
338 345
338 405
339 128
339 199
339 200
339 201
339 338
339 345
339 405
339 417
340 46
340 122
340 327
340 372
340 486
341 129
341 202
341 237
341 267
341 358
341 465
341 468
341 469
341 477
341 478
341 481
341 482
341 490
341 494
342 44
342 107
342 204
342 225
342 279
342 338
342 344
342 367
343 61
343 325
343 338
343 367
343 487
343 489
344 338
344 342
344 349
344 487
344 489
345 331
345 338
345 339
345 348
345 351
345 353
345 405
345 474
346 255
346 289
346 292
346 293
346 295
346 352
346 408
346 480
347 179
347 323
347 385
347 394
347 401
347 402
347 410
347 499
348 47
348 129
348 255
348 345
348 351
348 353
348 366
348 426
349 93
349 152
349 344
349 354
349 355
349 401
350 75
350 77
350 85
350 118
350 159
350 242
350 299
350 307
350 316
350 452
350 456
350 457
350 484
350 487
350 491
351 115
351 127
351 345
351 348
351 353
351 355
351 366
351 425
352 1
352 39
352 292
352 346
352 364
352 390
352 408
352 475
353 65
353 77
353 166
353 345
353 348
353 351
353 366
353 375
354 190
354 227
354 232
354 349
354 355
354 358
355 115
355 127
355 349
355 351
355 354
355 358
355 412
355 425
356 19
356 98
356 206
356 287
356 357
356 378
356 484
356 496
357 151
357 189
357 287
357 356
357 362
357 378
357 384
357 460
358 217
358 237
358 267
358 341
358 354
358 355
358 388
359 15
359 258
359 280
359 281
359 282
359 379
359 481
360 63
360 90
360 266
360 399
360 416
360 427
360 436
360 460
360 488
361 85
361 174
361 175
361 177
361 180
361 301
361 337
361 475
361 480
362 172
362 187
362 281
362 287
362 296
362 357
362 374
362 378
362 428
363 141
363 184
363 207
363 216
363 221
363 223
363 248
363 252
363 438
364 39
364 59
364 139
364 352
364 388
364 390
364 442
364 485
365 150
365 399
365 404
365 406
365 411
365 423
365 434
365 475
365 480
366 57
366 100
366 348
366 351
366 353
366 374
366 432
367 59
367 74
367 208
367 306
367 319
367 325
367 342
367 343
367 398
368 87
368 88
368 181
368 218
368 370
368 441
368 463
368 484
368 492
369 168
369 259
369 260
369 262
369 270
369 329
369 447
369 487
369 489
370 67
370 87
370 124
370 181
370 218
370 303
370 368
370 371
370 415
371 5
371 73
371 87
371 161
371 196
371 370
371 383
371 393
371 434
372 27
372 28
372 153
372 340
372 395
372 397
373 126
373 134
373 138
373 279
373 304
373 337
373 426
373 437
374 90
374 244
374 287
374 330
374 362
374 366
374 378
375 46
375 65
375 77
375 89
375 92
375 94
375 166
375 222
375 236
375 237
375 297
375 309
375 353
375 472
375 498
376 87
376 118
376 209
376 214
376 283
376 290
376 406
376 474
376 482
377 7
377 72
377 121
377 165
377 169
377 210
377 234
377 435
377 466
377 475
377 493
378 282
378 302
378 356
378 357
378 362
378 374
378 414
378 431
378 498
379 15
379 224
379 235
379 254
379 277
379 293
379 297
379 359
379 441
380 68
380 202
380 280
380 384
380 385
380 436
380 455
380 465
380 494
381 47
381 150
381 152
381 154
381 155
381 389
381 426
381 440
382 386
382 390
382 392
382 419
382 431
382 455
382 466
382 494
382 499
383 87
383 88
383 131
383 213
383 371
383 393
383 434
383 449
383 455
384 79
384 151
384 189
384 267
384 357
384 380
384 385
384 387
384 480
385 50
385 183
385 271
385 323
385 347
385 380
385 384
385 387
385 389
386 183
386 228
386 245
386 295
386 334
386 382
386 411
386 431
386 499
387 76
387 84
387 239
387 241
387 275
387 332
387 384
387 385
387 389
387 391
387 396
387 477
388 139
388 358
388 364
388 400
388 412
388 442
389 47
389 137
389 381
389 385
389 387
389 391
389 426
389 440
390 67
390 96
390 197
390 326
390 352
390 364
390 382
390 455
390 486
390 494
391 124
391 136
391 137
391 186
391 387
391 389
391 394
391 474
392 14
392 54
392 216
392 231
392 382
392 419
392 425
392 446
392 495
392 499
393 2
393 87
393 124
393 176
393 371
393 383
393 399
393 415
393 434
393 474
394 137
394 229
394 264
394 315
394 322
394 347
394 391
394 401
394 429
394 444
395 195
395 233
395 372
395 413
395 423
396 5
396 6
396 56
396 156
396 239
396 241
396 387
396 409
396 418
396 477
397 28
397 59
397 111
397 153
397 194
397 304
397 337
397 372
397 409
397 437
398 8
398 10
398 13
398 16
398 59
398 74
398 208
398 284
398 306
398 367
399 360
399 365
399 393
399 404
399 406
399 427
399 434
399 436
399 488
400 103
400 324
400 388
400 412
400 413
400 417
401 21
401 93
401 137
401 152
401 215
401 262
401 347
401 349
401 394
401 402
402 155
402 159
402 311
402 347
402 401
402 407
402 428
402 439
402 451
402 462
403 50
403 214
403 228
403 245
403 295
403 334
403 408
403 410
403 414
403 482
404 188
404 257
404 336
404 365
404 399
404 406
404 411
404 420
404 434
404 491
404 500
405 11
405 89
405 146
405 195
405 248
405 254
405 265
405 267
405 284
405 290
405 323
405 331
405 338
405 339
405 345
405 472
405 484
405 489
405 492
405 500
406 87
406 118
406 183
406 290
406 365
406 376
406 399
406 404
406 411
406 482
407 142
407 159
407 320
407 402
407 448
407 451
407 466
407 473
407 475
407 493
408 33
408 174
408 337
408 346
408 352
408 403
408 410
408 414
408 470
408 475
409 6
409 52
409 155
409 159
409 304
409 311
409 396
409 397
409 418
409 451
410 183
410 271
410 310
410 318
410 323
410 347
410 403
410 408
410 414
410 451
411 3
411 13
411 175
411 183
411 365
411 386
411 404
411 406
411 434
411 467
412 355
412 388
412 400
412 413
412 425
413 41
413 395
413 400
413 412
413 421
414 28
414 113
414 222
414 282
414 302
414 378
414 403
414 408
414 410
414 470
414 498
415 62
415 124
415 176
415 266
415 318
415 370
415 393
415 462
415 473
415 474
416 30
416 167
416 203
416 249
416 250
416 269
416 299
416 304
416 360
416 433
416 450
417 103
417 135
417 230
417 320
417 322
417 324
417 326
417 329
417 333
417 339
417 400
418 45
418 81
418 109
418 128
418 162
418 243
418 304
418 396
418 409
418 490
418 499
419 38
419 165
419 183
419 382
419 392
419 420
419 431
419 446
419 484
419 492
419 499
420 26
420 200
420 336
420 404
420 419
420 422
420 425
420 427
420 440
420 446
420 491
421 71
421 114
421 413
421 430
421 433
422 53
422 58
422 140
422 165
422 219
422 234
422 420
422 425
422 440
422 443
422 446
423 150
423 365
423 395
423 443
423 475
423 480
424 48
424 56
424 117
424 164
424 167
424 168
424 475
425 115
425 127
425 193
425 351
425 355
425 392
425 412
425 420
425 422
425 446
425 499
426 47
426 158
426 240
426 279
426 348
426 373
426 381
426 389
426 440
426 445
426 451
427 49
427 165
427 217
427 360
427 399
427 420
427 435
427 436
427 440
427 469
427 488
428 277
428 281
428 289
428 296
428 362
428 402
428 439
428 449
428 458
429 37
429 264
429 285
429 322
429 394
429 436
429 444
429 448
429 464
429 473
429 480
430 110
430 197
430 421
430 433
430 438
430 493
431 100
431 113
431 183
431 302
431 378
431 382
431 386
431 419
431 432
431 498
431 499
432 52
432 100
432 178
432 301
432 308
432 313
432 315
432 317
432 366
432 431
432 498
433 250
433 416
433 421
433 430
433 438
433 450
434 25
434 137
434 278
434 305
434 365
434 371
434 383
434 393
434 399
434 404
434 411
434 452
435 91
435 165
435 173
435 180
435 195
435 274
435 377
435 427
435 471
435 475
435 490
435 493
436 49
436 63
436 316
436 360
436 380
436 399
436 427
436 429
436 448
436 465
436 480
436 488
437 39
437 44
437 126
437 134
437 205
437 279
437 331
437 373
437 397
437 445
437 451
437 461
438 221
438 223
438 363
438 430
438 433
438 459
439 188
439 402
439 428
439 449
439 458
439 491
439 500
440 47
440 148
440 165
440 240
440 307
440 381
440 389
440 420
440 422
440 426
440 427
440 446
441 235
441 254
441 291
441 297
441 368
441 379
441 446
441 492
442 8
442 9
442 124
442 139
442 151
442 240
442 264
442 364
442 388
442 444
442 483
442 485
443 53
443 219
443 312
443 422
443 423
443 456
444 229
444 240
444 285
444 322
444 394
444 429
444 442
444 447
444 453
444 454
444 460
444 483
445 19
445 44
445 98
445 126
445 165
445 206
445 211
445 239
445 426
445 437
445 492
445 498
446 38
446 102
446 106
446 392
446 419
446 420
446 422
446 425
446 440
446 441
446 484
446 492
447 168
447 246
447 314
447 369
447 444
447 453
447 454
447 460
447 476
447 481
447 487
447 489
448 23
448 80
448 265
448 266
448 288
448 305
448 407
448 429
448 436
448 464
448 467
448 473
448 496
449 88
449 308
449 383
449 428
449 439
449 458
449 470
450 93
450 130
450 203
450 246
450 247
450 249
450 251
450 253
450 283
450 304
450 306
450 416
450 433
451 44
451 126
451 142
451 156
451 159
451 402
451 407
451 409
451 410
451 426
451 437
451 458
451 462
452 3
452 25
452 77
452 80
452 118
452 159
452 247
452 350
452 434
452 455
452 467
452 487
452 491
453 65
453 77
453 444
453 447
453 454
453 460
453 472
453 476
453 481
454 45
454 108
454 109
454 162
454 198
454 243
454 444
454 447
454 453
454 460
454 476
454 481
454 499
455 77
455 82
455 264
455 268
455 280
455 287
455 298
455 326
455 380
455 382
455 383
455 390
455 452
455 466
455 483
455 487
455 491
455 494
455 496
456 75
456 307
456 316
456 350
456 443
456 497
457 30
457 90
457 91
457 299
457 350
458 251
458 320
458 428
458 439
458 449
458 451
458 462
458 470
459 50
459 323
459 438
459 461
459 463
460 151
460 181
460 217
460 267
460 357
460 360
460 444
460 447
460 453
460 454
460 468
460 476
460 477
460 481
461 126
461 437
461 459
461 463
461 488
462 39
462 159
462 251
462 321
462 402
462 415
462 451
462 458
463 23
463 368
463 459
463 461
463 488
463 492
464 12
464 69
464 143
464 144
464 195
464 218
464 270
464 429
464 448
464 466
464 473
464 478
464 480
464 490
465 112
465 151
465 174
465 181
465 237
465 267
465 316
465 341
465 380
465 436
465 467
465 468
465 480
465 481
466 68
466 252
466 287
466 298
466 337
466 377
466 382
466 407
466 455
466 464
466 473
466 475
466 493
466 494
467 25
467 137
467 174
467 237
467 263
467 278
467 305
467 316
467 326
467 411
467 448
467 452
467 465
467 498
468 114
468 151
468 181
468 237
468 262
468 267
468 341
468 460
468 465
468 469
468 477
468 478
468 481
468 482
468 490
468 494
469 21
469 25
469 87
469 99
469 118
469 199
469 256
469 290
469 315
469 341
469 427
469 468
469 482
469 490
469 494
470 116
470 276
470 294
470 313
470 408
470 414
470 449
470 458
471 58
471 60
471 61
471 64
471 83
471 195
471 274
471 435
471 490
472 77
472 92
472 118
472 236
472 261
472 290
472 309
472 323
472 375
472 405
472 453
472 484
472 489
472 492
472 500
473 51
473 66
473 67
473 96
473 124
473 136
473 150
473 154
473 407
473 415
473 429
473 448
473 464
473 466
473 474
474 124
474 186
474 276
474 277
474 285
474 291
474 297
474 303
474 308
474 345
474 376
474 391
474 393
474 415
474 473
475 70
475 92
475 174
475 292
475 352
475 361
475 365
475 377
475 407
475 408
475 423
475 424
475 435
475 466
475 493
476 47
476 148
476 209
476 240
476 305
476 447
476 453
476 454
476 460
476 477
476 481
477 84
477 241
477 272
477 332
477 341
477 387
477 396
477 460
477 468
477 476
477 478
477 481
478 12
478 143
478 195
478 198
478 218
478 270
478 321
478 341
478 464
478 468
478 477
478 481
478 483
478 490
478 494
479 102
479 200
479 201
479 202
479 203
480 70
480 150
480 174
480 269
480 295
480 301
480 316
480 346
480 361
480 365
480 384
480 423
480 429
480 436
480 464
480 465
481 28
481 79
481 151
481 181
481 267
481 341
481 359
481 447
481 453
481 454
481 460
481 465
481 468
481 476
481 477
481 478
482 8
482 21
482 25
482 87
482 118
482 170
482 290
482 341
482 376
482 403
482 406
482 468
482 469
482 490
482 494
483 32
483 120
483 124
483 151
483 229
483 238
483 240
483 264
483 285
483 315
483 322
483 442
483 444
483 455
483 478
483 487
483 496
484 19
484 36
484 98
484 118
484 159
484 165
484 323
484 327
484 350
484 356
484 368
484 405
484 419
484 446
484 472
484 489
484 500
485 139
485 224
485 226
485 228
485 331
485 364
485 442
486 1
486 2
486 11
486 46
486 122
486 263
486 340
486 390
487 16
487 61
487 77
487 160
487 196
487 314
487 329
487 343
487 344
487 350
487 369
487 447
487 452
487 455
487 483
487 489
487 491
487 496
488 360
488 399
488 427
488 436
488 461
488 463
488 495
489 16
489 195
489 246
489 267
489 290
489 314
489 323
489 329
489 343
489 344
489 369
489 405
489 447
489 472
489 484
489 487
489 492
489 500
490 14
490 21
490 69
490 91
490 180
490 195
490 218
490 233
490 341
490 418
490 435
490 464
490 468
490 469
490 471
490 478
490 482
490 494
491 22
491 77
491 101
491 143
491 157
491 159
491 164
491 191
491 200
491 225
491 257
491 350
491 404
491 420
491 439
491 452
491 455
491 487
491 496
492 19
492 98
492 118
492 159
492 165
492 188
492 211
492 290
492 323
492 368
492 405
492 419
492 441
492 445
492 446
492 463
492 472
492 489
492 500
493 33
493 83
493 166
493 177
493 182
493 197
493 317
493 377
493 407
493 430
493 435
493 466
493 475
494 31
494 69
494 82
494 96
494 162
494 204
494 311
494 326
494 341
494 380
494 382
494 390
494 455
494 466
494 468
494 469
494 478
494 482
494 490
495 80
495 98
495 216
495 231
495 392
495 488
496 3
496 25
496 49
496 124
496 137
496 151
496 212
496 247
496 264
496 266
496 278
496 288
496 305
496 356
496 448
496 455
496 483
496 487
496 491
497 40
497 47
497 106
497 141
497 456
498 31
498 35
498 113
498 149
498 155
498 174
498 193
498 220
498 222
498 237
498 282
498 316
498 320
498 375
498 378
498 414
498 431
498 432
498 445
498 467
499 108
499 162
499 169
499 198
499 243
499 347
499 382
499 386
499 392
499 418
499 419
499 425
499 431
499 454
500 22
500 26
500 101
500 157
500 164
500 188
500 191
500 195
500 200
500 257
500 267
500 290
500 292
500 323
500 404
500 405
500 439
500 472
500 484
500 489
500 492
