1 3
1 33
1 257
1 427
1 455
1 472
1 482
2 4
2 65
2 115
2 439
2 446
2 493
3 1
3 33
3 86
3 140
3 189
3 257
3 267
3 319
3 359
3 462
3 463
3 472
3 482
3 499
4 2
4 52
4 349
5 37
5 97
5 208
5 212
5 227
6 7
6 82
6 239
6 431
7 6
7 38
7 104
7 452
7 477
7 490
8 224
8 227
8 377
8 436
8 461
9 162
9 183
9 192
9 358
9 430
9 468
10 123
10 141
10 160
10 173
10 281
10 343
10 382
10 499
11 15
11 19
11 42
11 295
11 298
11 300
11 356
11 409
11 443
12 160
12 200
12 296
12 361
12 474
13 17
13 250
13 376
13 413
13 437
14 73
14 112
14 180
14 480
14 490
15 11
15 19
15 51
15 119
15 230
15 231
15 280
16 21
16 22
16 24
16 60
16 93
16 237
16 367
16 386
16 388
16 468
16 473
17 13
17 80
17 178
17 238
17 245
17 269
17 402
17 407
18 20
18 399
18 483
18 492
18 497
19 11
19 15
19 301
19 378
19 452
19 463
19 477
19 490
20 18
20 148
20 246
20 422
20 429
21 16
21 22
21 128
21 217
21 252
21 314
22 16
22 21
22 53
22 88
22 149
22 354
22 355
22 469
23 25
23 226
23 389
23 436
23 461
24 16
24 30
24 107
24 466
24 489
24 499
25 23
25 32
25 81
25 278
26 27
26 58
26 384
26 404
26 423
27 26
27 78
27 105
27 159
27 172
27 193
27 194
27 195
27 273
27 318
27 337
27 338
27 418
27 486
28 29
28 149
28 185
28 354
28 467
29 28
29 153
29 235
29 261
29 294
29 328
30 24
30 32
30 86
30 199
30 210
30 441
31 36
31 163
31 209
31 276
31 415
32 25
32 30
32 33
32 81
32 98
32 278
33 1
33 3
33 32
33 34
33 189
33 353
33 472
33 482
34 33
34 35
34 483
34 492
34 497
35 34
35 38
35 109
35 223
35 400
35 401
36 31
36 183
36 358
36 430
36 485
37 5
37 40
37 46
37 97
37 263
38 7
38 35
38 42
38 462
38 490
39 135
39 139
39 242
39 253
39 440
40 37
40 52
40 113
40 349
40 372
41 43
41 157
41 212
41 243
41 285
41 322
41 324
41 326
41 375
41 383
41 416
41 447
41 453
42 11
42 38
42 45
42 264
42 287
42 298
42 300
42 319
42 356
42 405
42 409
42 435
42 443
43 41
43 63
43 65
43 192
43 464
44 48
44 67
44 299
44 330
44 432
45 42
45 47
45 56
45 253
45 262
45 440
46 37
46 263
46 311
46 362
46 369
47 45
47 55
47 160
47 165
47 177
47 190
47 234
48 44
48 111
48 161
48 312
48 426
49 50
49 277
49 483
49 492
49 497
50 49
50 128
50 249
50 329
50 333
51 15
51 52
51 119
51 230
51 231
51 280
52 4
52 40
52 51
52 137
52 219
52 349
53 22
53 88
53 145
53 188
53 240
53 254
53 354
53 355
53 465
53 467
53 469
53 475
53 488
54 298
54 300
54 409
54 435
54 494
55 47
55 59
55 274
55 308
55 354
55 467
55 469
56 45
56 82
56 239
56 242
56 253
56 262
56 291
56 418
56 431
56 440
56 467
56 478
57 92
57 98
57 172
57 195
57 318
58 26
58 60
58 79
58 116
58 127
58 404
58 423
59 55
59 65
59 144
59 216
59 374
59 385
60 16
60 58
60 237
60 292
60 388
60 471
61 151
61 344
61 442
61 444
61 496
62 207
62 212
62 266
62 286
62 450
63 43
63 108
63 192
63 427
64 67
64 171
64 398
64 414
64 474
65 2
65 43
65 59
65 72
65 334
65 485
65 493
66 103
66 250
66 300
66 301
66 406
67 44
67 64
67 256
67 299
67 330
67 352
67 432
68 69
68 191
68 214
68 265
68 304
69 68
69 392
69 419
69 459
69 499
70 74
70 153
70 205
70 294
70 328
71 123
71 130
71 270
71 316
71 325
71 379
71 452
71 463
71 477
71 488
71 490
72 65
72 82
72 178
72 245
72 340
73 14
73 99
73 122
73 138
73 390
73 433
73 444
73 465
73 490
73 496
73 498
74 70
74 373
74 438
74 460
74 475
75 76
75 171
75 398
75 408
75 474
76 75
76 146
76 198
76 240
76 451
77 78
77 228
77 347
77 456
77 495
78 27
78 77
78 159
78 337
78 418
79 58
79 80
79 384
79 404
79 423
80 17
80 79
80 156
80 307
80 402
80 407
81 25
81 32
81 83
81 98
81 278
82 6
82 56
82 72
82 84
82 291
82 431
83 81
83 249
83 271
83 290
83 329
83 333
84 82
84 92
84 458
84 475
84 494
85 86
85 225
85 350
85 360
86 3
86 30
86 85
86 140
86 199
86 210
86 233
86 353
86 472
86 482
87 140
87 233
87 329
87 332
87 482
88 22
88 53
88 149
88 254
88 287
88 354
88 355
88 467
88 469
88 481
88 482
88 484
89 90
89 91
89 166
89 279
89 282
90 89
90 317
90 357
90 430
90 485
91 89
91 166
91 175
91 279
91 282
91 476
92 57
92 84
92 146
92 169
92 198
92 289
92 391
92 451
93 16
93 94
93 168
93 237
93 386
93 388
93 473
94 93
94 150
94 211
94 268
94 425
95 96
95 228
95 347
95 456
95 495
96 95
96 112
96 180
96 393
97 5
97 37
97 190
97 227
97 278
98 32
98 57
98 81
98 101
98 278
99 73
99 114
99 117
99 125
99 129
99 158
99 176
99 179
99 348
100 229
100 231
100 241
100 310
100 399
100 483
100 497
101 98
101 102
101 225
101 350
101 360
102 101
102 107
102 114
102 124
102 141
102 484
102 499
103 66
103 104
103 162
103 406
104 7
104 103
104 379
104 462
104 477
105 27
105 106
105 172
105 193
105 194
105 318
105 338
106 105
106 152
106 155
106 181
106 363
106 380
106 417
106 448
107 24
107 102
107 108
107 466
108 63
108 107
108 115
108 334
108 446
108 493
109 35
109 110
109 275
109 336
109 376
109 428
110 109
110 458
110 460
110 475
110 480
111 48
111 112
111 161
111 312
111 426
112 14
112 96
112 111
112 180
112 393
113 40
113 115
113 137
113 219
113 349
114 99
114 102
114 117
114 118
114 158
114 176
114 179
114 218
114 313
114 348
115 2
115 108
115 113
115 334
115 446
115 464
115 493
116 58
116 127
116 404
116 416
116 423
117 99
117 114
117 121
117 158
117 218
118 114
118 119
118 326
118 375
118 487
119 15
119 51
119 118
119 120
119 230
119 231
119 280
120 119
120 123
120 213
120 339
120 346
120 420
120 454
121 117
121 163
121 209
121 412
121 415
122 73
122 127
122 138
122 251
122 433
122 496
123 10
123 71
123 120
123 343
123 382
123 419
124 102
124 141
124 244
124 248
124 281
124 297
124 382
124 479
124 499
125 99
125 129
125 136
125 232
125 241
125 258
125 310
125 399
125 421
125 483
125 492
125 497
126 130
126 222
126 365
126 434
126 480
127 58
127 116
127 122
127 404
127 423
128 21
128 50
128 132
128 249
128 333
129 99
129 125
129 136
129 139
129 154
129 410
129 436
129 457
129 461
129 478
130 71
130 126
130 303
130 309
130 424
131 142
131 143
131 229
131 244
131 288
132 128
132 164
132 182
132 204
132 208
132 395
133 134
133 147
133 255
133 320
133 366
133 381
134 133
134 274
134 308
134 354
134 467
135 39
135 140
135 225
135 272
135 350
135 360
136 125
136 129
136 152
136 186
136 222
136 341
136 368
136 434
137 52
137 113
137 138
137 349
137 372
138 73
138 122
138 137
138 251
138 496
139 39
139 129
139 196
139 394
139 478
140 3
140 86
140 87
140 135
140 199
140 472
141 10
141 102
141 124
141 173
141 258
141 259
141 281
141 343
141 370
141 382
141 419
141 459
141 484
141 489
141 499
142 131
142 143
142 163
142 276
142 412
142 415
143 131
143 142
143 298
143 300
143 409
144 59
144 145
144 216
144 374
144 385
145 53
145 144
145 188
145 254
145 354
145 467
145 469
146 76
146 92
146 149
146 162
146 169
146 198
146 206
146 289
147 133
147 255
147 320
147 366
147 381
148 20
148 150
148 246
148 422
148 429
149 22
149 28
149 88
149 146
149 151
150 94
150 148
150 268
150 340
150 407
151 61
151 149
151 154
151 266
151 390
151 433
151 444
151 496
151 498
152 106
152 136
152 155
152 173
152 174
152 181
152 363
152 380
152 411
152 417
152 442
152 448
153 29
153 70
153 261
153 328
153 494
154 129
154 151
154 155
154 196
154 226
154 377
154 389
154 394
154 410
154 436
154 457
154 461
154 478
155 106
155 152
155 154
155 157
155 417
155 448
156 80
156 161
156 307
156 340
156 407
157 41
157 155
157 158
157 322
157 324
157 416
157 427
157 453
158 99
158 114
158 117
158 157
158 159
158 179
158 313
159 27
159 78
159 158
159 163
159 273
159 337
160 10
160 12
160 47
160 165
160 177
160 184
160 234
161 48
161 111
161 156
161 312
161 426
162 9
162 103
162 146
162 203
162 250
162 406
162 428
162 465
162 468
163 31
163 121
163 142
163 159
163 165
163 209
163 276
163 387
163 412
163 415
164 132
164 182
164 204
164 208
164 395
164 459
165 47
165 160
165 163
165 166
165 177
165 190
166 89
166 91
166 165
166 168
166 175
166 279
166 282
167 170
167 191
167 214
167 265
167 304
167 480
168 93
168 166
168 170
168 292
168 386
168 473
169 92
169 146
169 198
169 206
169 283
169 451
170 167
170 168
170 438
170 458
170 460
170 475
171 64
171 75
171 175
171 176
171 200
171 361
171 408
171 414
172 27
172 57
172 105
172 283
172 338
172 486
173 10
173 141
173 152
173 174
173 188
173 343
173 382
173 419
173 459
173 484
173 499
174 152
174 173
174 188
174 236
174 303
174 309
175 91
175 166
175 171
175 176
175 279
175 282
176 99
176 114
176 171
176 175
176 313
176 348
177 47
177 160
177 165
177 179
177 184
177 190
177 234
178 17
178 72
178 222
178 225
178 238
178 315
178 402
179 99
179 114
179 158
179 177
179 218
179 348
180 14
180 96
180 112
180 182
180 393
180 394
181 106
181 152
181 363
181 380
181 381
181 382
182 132
182 164
182 180
182 204
182 208
182 394
183 9
183 36
183 184
183 358
183 430
183 446
183 464
183 485
183 493
184 160
184 177
184 183
184 190
184 234
185 28
185 204
185 325
185 354
185 467
185 469
186 136
186 293
186 302
186 341
186 368
186 394
186 446
187 193
187 310
187 321
187 399
187 492
187 497
188 53
188 145
188 173
188 174
188 200
188 254
188 354
188 467
188 469
189 3
189 33
189 194
189 267
189 359
189 482
190 47
190 97
190 165
190 177
190 184
190 234
190 280
191 68
191 167
191 192
191 214
191 265
191 304
191 446
192 9
192 43
192 63
192 191
192 195
192 485
193 27
193 105
193 187
193 273
193 338
193 418
194 27
194 105
194 189
194 273
194 337
194 486
195 27
195 57
195 192
195 338
195 418
195 446
196 139
196 154
196 202
196 226
196 410
196 457
197 198
197 220
197 227
197 311
197 460
198 76
198 92
198 146
198 169
198 197
198 206
198 240
198 451
198 460
199 30
199 86
199 140
199 206
199 233
199 468
200 12
200 171
200 188
200 211
200 216
200 248
200 296
200 361
200 398
200 408
200 474
200 500
201 206
201 351
201 438
201 458
201 460
201 475
201 480
202 196
202 222
202 293
202 365
202 434
203 162
203 205
203 250
203 336
203 376
203 397
203 413
203 428
203 437
204 132
204 164
204 182
204 185
204 208
204 323
204 395
205 70
205 203
205 235
205 261
205 294
206 146
206 169
206 198
206 199
206 201
206 451
207 62
207 212
207 286
207 340
207 343
207 450
208 5
208 132
208 164
208 182
208 204
208 395
209 31
209 121
209 163
209 210
209 220
209 276
209 412
209 415
210 30
210 86
210 209
210 220
210 257
210 441
211 94
211 200
211 216
211 238
211 246
211 340
211 425
212 5
212 41
212 62
212 207
212 322
212 450
212 453
212 487
213 120
213 214
213 339
213 346
213 454
214 68
214 167
214 191
214 213
214 304
215 217
215 323
215 390
215 433
215 465
215 496
216 59
216 144
216 200
216 211
216 246
216 385
217 21
217 215
217 249
217 290
217 327
217 333
218 114
218 117
218 179
218 219
219 52
219 113
219 218
219 349
219 372
220 197
220 209
220 210
220 263
220 362
220 369
221 226
221 284
221 371
221 452
221 488
221 490
222 126
222 136
222 178
222 202
222 302
222 368
223 35
223 259
223 355
223 356
223 400
223 401
224 8
224 227
224 229
224 244
224 288
224 332
225 85
225 101
225 135
225 178
225 350
225 360
226 23
226 154
226 196
226 221
226 436
226 461
227 5
227 8
227 97
227 197
227 224
227 263
228 77
228 95
228 232
228 347
228 456
228 495
229 100
229 131
229 224
229 230
229 244
229 288
229 332
230 15
230 51
230 119
230 229
230 455
231 15
231 51
231 100
231 119
231 280
231 455
232 125
232 228
232 310
232 399
232 421
232 497
233 86
233 87
233 199
233 234
233 472
234 47
234 160
234 177
234 184
234 190
234 233
235 29
235 205
235 238
235 261
235 294
235 328
236 174
236 240
236 303
236 309
236 424
236 455
237 16
237 60
237 93
237 306
237 331
237 367
237 386
237 388
237 468
237 473
238 17
238 178
238 211
238 235
238 269
238 402
239 6
239 56
239 245
239 291
239 431
240 53
240 76
240 198
240 236
240 342
240 451
241 100
241 125
241 242
241 243
241 310
241 399
242 39
242 56
242 241
242 243
242 253
242 431
242 440
243 41
243 241
243 242
243 260
243 326
243 375
243 447
243 453
244 124
244 131
244 224
244 229
244 332
244 479
245 17
245 72
245 239
245 269
245 307
245 315
246 20
246 148
246 211
246 216
246 254
246 422
247 336
247 403
247 458
247 460
247 480
248 124
248 200
248 361
248 408
248 474
248 479
249 50
249 83
249 128
249 217
249 271
249 336
250 13
250 66
250 162
250 203
250 251
251 122
251 138
251 250
251 266
251 444
251 465
252 21
252 256
252 262
252 271
252 290
252 314
252 327
253 39
253 45
253 56
253 242
253 440
253 479
254 53
254 88
254 145
254 188
254 246
254 272
254 313
254 354
254 467
254 469
255 133
255 147
255 257
255 320
255 381
256 67
256 252
256 262
256 299
256 330
256 432
257 1
257 3
257 210
257 255
257 441
257 482
258 125
258 141
258 310
258 421
258 476
258 492
259 141
259 223
259 376
259 397
259 400
259 428
260 243
260 261
260 285
260 324
260 447
260 453
261 29
261 153
261 205
261 235
261 260
262 45
262 56
262 252
262 256
262 431
262 440
263 37
263 46
263 220
263 227
263 268
263 311
263 362
263 369
263 421
264 42
264 269
264 298
264 300
264 405
264 409
264 435
264 488
265 68
265 167
265 191
265 269
265 304
265 421
266 62
266 151
266 251
266 344
266 442
266 496
267 3
267 189
267 270
267 359
267 396
267 472
267 482
268 94
268 150
268 263
268 315
268 421
268 425
269 17
269 238
269 245
269 264
269 265
269 307
269 315
269 340
269 402
269 407
270 71
270 267
270 316
270 325
270 490
271 83
271 249
271 252
271 273
271 274
271 290
271 314
271 327
272 135
272 254
272 313
272 350
272 351
272 360
273 27
273 159
273 193
273 194
273 271
273 274
274 55
274 134
274 271
274 273
274 354
275 109
275 279
275 336
275 397
275 437
275 449
276 31
276 142
276 163
276 209
276 277
276 412
276 415
277 49
277 276
277 483
277 492
277 497
278 25
278 32
278 81
278 97
278 98
279 89
279 91
279 166
279 175
279 275
279 282
279 290
280 15
280 51
280 119
280 190
280 231
281 10
281 124
281 141
281 285
281 484
281 499
282 89
282 91
282 166
282 175
282 279
282 290
282 449
283 169
283 172
283 306
283 468
283 471
283 473
284 221
284 367
284 371
284 390
284 452
284 488
284 490
285 41
285 260
285 281
285 326
285 383
285 453
286 62
286 207
286 288
286 322
286 487
287 42
287 88
287 298
287 300
287 409
287 481
287 484
287 491
288 131
288 224
288 229
288 286
288 332
289 92
289 146
289 297
289 391
289 451
290 83
290 217
290 252
290 271
290 279
290 282
290 314
291 56
291 82
291 239
291 292
291 293
291 431
291 440
292 60
292 168
292 291
292 293
292 471
292 473
293 186
293 202
293 291
293 292
293 341
293 365
294 29
294 70
294 205
294 235
294 295
294 296
295 11
295 294
295 296
295 298
295 300
295 409
295 443
296 12
296 200
296 294
296 295
296 361
296 398
296 474
297 124
297 289
297 466
297 481
297 499
298 11
298 42
298 54
298 143
298 264
298 287
298 295
298 299
298 319
298 345
298 405
298 409
298 435
298 443
298 470
298 491
299 44
299 67
299 256
299 298
299 330
299 352
299 432
300 11
300 42
300 54
300 66
300 143
300 264
300 287
300 295
300 319
300 345
300 405
300 409
300 435
300 443
300 470
300 491
300 493
301 19
301 66
301 302
301 378
301 452
301 463
301 477
302 186
302 222
302 301
302 303
302 341
302 434
303 130
303 174
303 236
303 302
303 309
303 424
303 444
304 68
304 167
304 191
304 214
304 265
304 306
304 444
305 307
305 351
305 458
305 460
305 475
305 480
305 494
306 237
306 283
306 304
306 309
306 331
306 388
306 473
307 80
307 156
307 245
307 269
307 305
307 402
308 55
308 134
308 312
308 354
308 469
309 130
309 174
309 236
309 303
309 306
309 310
309 424
310 100
310 125
310 187
310 232
310 241
310 258
310 309
310 311
310 399
310 421
310 479
310 492
310 497
311 46
311 197
311 263
311 310
311 362
311 369
311 488
312 48
312 111
312 161
312 308
312 426
313 114
313 158
313 176
313 254
313 272
313 348
313 351
314 21
314 252
314 271
314 290
314 318
314 327
314 478
315 178
315 245
315 268
315 269
315 352
315 353
315 425
316 71
316 270
316 317
316 325
316 490
317 90
317 316
317 364
317 430
317 464
317 485
317 493
318 27
318 57
318 105
318 314
318 322
318 486
319 3
319 42
319 298
319 300
319 345
319 356
319 409
319 462
319 463
319 499
320 133
320 147
320 255
320 324
320 366
320 381
320 477
321 187
321 322
321 324
321 399
321 483
321 492
321 497
322 41
322 157
322 212
322 286
322 318
322 321
322 383
323 204
323 215
323 326
323 433
323 449
323 465
323 496
324 41
324 157
324 260
324 320
324 321
324 383
324 416
325 71
325 185
325 270
325 316
325 326
325 490
326 41
326 118
326 243
326 285
326 323
326 325
326 453
327 217
327 252
327 271
327 314
327 328
327 329
327 333
328 29
328 70
328 153
328 235
328 327
329 50
329 83
329 87
329 327
329 335
330 44
330 67
330 256
330 299
330 352
330 432
330 483
331 237
331 306
331 337
331 367
331 388
331 473
332 87
332 224
332 229
332 244
332 288
332 335
333 50
333 83
333 128
333 217
333 327
333 362
333 363
334 65
334 108
334 115
334 338
334 446
334 464
334 493
335 329
335 332
335 483
335 492
335 497
336 109
336 203
336 247
336 249
336 275
336 397
336 428
337 27
337 78
337 159
337 194
337 331
337 338
338 27
338 105
338 172
338 193
338 195
338 334
338 337
339 120
339 213
339 341
339 346
339 420
339 454
340 72
340 150
340 156
340 207
340 211
340 269
340 344
341 136
341 186
341 293
341 302
341 339
341 368
342 240
342 365
342 391
342 451
343 10
343 123
343 141
343 173
343 207
343 344
343 370
343 382
343 419
343 459
343 481
343 484
343 499
344 61
344 266
344 340
344 343
344 465
344 496
344 498
345 298
345 300
345 319
345 346
345 347
345 356
345 409
346 120
346 213
346 339
346 345
346 347
346 420
346 454
347 77
347 95
347 228
347 345
347 346
347 456
347 495
348 99
348 114
348 176
348 179
348 313
348 349
348 350
349 4
349 40
349 52
349 113
349 137
349 219
349 348
349 350
350 85
350 101
350 135
350 225
350 272
350 348
350 349
350 360
351 201
351 272
351 305
351 313
351 366
351 438
351 458
351 460
351 475
351 480
351 494
352 67
352 299
352 315
352 330
352 354
352 432
353 33
353 86
353 315
353 354
353 396
353 472
354 22
354 28
354 53
354 55
354 88
354 134
354 145
354 185
354 188
354 254
354 274
354 308
354 352
354 353
354 355
354 467
354 469
355 22
355 53
355 88
355 223
355 354
355 356
355 467
356 11
356 42
356 223
356 319
356 345
356 355
356 409
356 443
357 90
357 364
357 382
357 384
357 446
357 493
358 9
358 36
358 183
358 430
358 435
358 446
358 493
358 497
359 3
359 189
359 267
359 361
359 435
359 455
359 482
360 85
360 101
360 135
360 225
360 272
360 350
360 361
360 435
361 12
361 171
361 200
361 248
361 296
361 359
361 360
361 474
362 46
362 220
362 263
362 311
362 333
362 363
362 369
363 106
363 152
363 181
363 333
363 362
363 411
363 417
363 448
364 317
364 357
364 368
364 370
364 446
364 464
364 485
364 493
365 126
365 202
365 293
365 342
365 368
366 133
366 147
366 320
366 351
366 371
366 381
366 386
367 16
367 237
367 284
367 331
367 388
367 392
367 468
367 473
368 136
368 186
368 222
368 341
368 364
368 365
368 370
368 434
369 46
369 220
369 263
369 311
369 362
369 374
370 141
370 343
370 364
370 368
370 382
370 392
370 459
370 489
371 221
371 284
371 366
371 379
371 386
371 396
371 452
371 463
371 477
371 488
371 490
372 40
372 137
372 219
372 373
372 375
373 74
373 372
373 375
373 438
373 458
373 460
373 475
373 480
374 59
374 144
374 369
374 385
375 41
375 118
375 243
375 372
375 373
375 416
375 447
375 487
376 13
376 109
376 203
376 259
376 401
376 419
376 423
376 428
376 437
376 497
377 8
377 154
377 378
377 379
377 410
377 461
378 19
378 301
378 377
378 379
378 463
378 476
378 477
378 488
379 71
379 104
379 371
379 377
379 378
379 463
379 476
379 477
379 488
380 106
380 152
380 181
380 381
380 411
380 442
380 448
380 476
381 133
381 147
381 181
381 255
381 320
381 366
381 380
382 10
382 123
382 124
382 141
382 173
382 181
382 343
382 357
382 370
382 392
382 459
382 484
382 489
382 499
383 41
383 285
383 322
383 324
383 384
383 447
383 453
383 492
384 26
384 79
384 357
384 383
384 404
384 423
385 59
385 144
385 216
385 374
385 389
386 16
386 93
386 168
386 237
386 366
386 371
386 388
386 396
387 163
387 390
387 412
387 415
387 491
388 16
388 60
388 93
388 237
388 306
388 331
388 367
388 386
388 458
388 464
388 468
388 473
388 483
389 23
389 154
389 385
389 394
389 461
390 73
390 151
390 215
390 284
390 387
390 433
390 444
390 496
390 498
391 92
391 289
391 342
391 392
391 398
391 451
392 69
392 367
392 370
392 382
392 391
392 459
393 96
393 112
393 180
393 395
394 139
394 154
394 180
394 182
394 186
394 389
394 410
394 457
394 461
395 132
395 164
395 204
395 208
395 393
396 267
396 353
396 371
396 386
396 397
396 455
397 203
397 259
397 275
397 336
397 396
397 403
397 407
397 428
397 437
398 64
398 75
398 200
398 296
398 391
398 402
398 414
398 445
398 500
399 18
399 100
399 125
399 187
399 232
399 241
399 310
399 321
399 421
399 469
399 470
399 473
399 483
399 492
399 494
400 35
400 223
400 259
400 413
400 431
400 436
400 439
401 35
401 223
401 376
401 413
401 422
401 428
402 17
402 80
402 178
402 238
402 269
402 307
402 398
402 404
402 407
403 247
403 397
403 407
403 409
403 460
403 475
403 480
404 26
404 58
404 79
404 116
404 127
404 384
404 402
404 405
404 423
405 42
405 264
405 298
405 300
405 404
405 406
406 66
406 103
406 162
406 405
406 408
406 428
407 17
407 80
407 150
407 156
407 269
407 397
407 402
407 403
407 409
408 75
408 171
408 200
408 248
408 406
408 415
408 445
408 474
408 500
409 11
409 42
409 54
409 143
409 264
409 287
409 295
409 298
409 300
409 319
409 345
409 356
409 403
409 407
409 410
409 435
409 443
410 129
410 154
410 196
410 377
410 394
410 409
410 414
410 417
410 436
411 152
411 363
411 380
411 412
411 417
411 485
412 121
412 142
412 163
412 209
412 276
412 387
412 411
412 415
412 420
413 13
413 203
413 400
413 401
413 428
413 437
413 438
413 439
413 447
414 64
414 171
414 398
414 410
414 417
414 419
414 474
415 31
415 121
415 142
415 163
415 209
415 276
415 387
415 408
415 412
415 420
416 41
416 116
416 157
416 324
416 375
416 427
416 447
416 450
416 459
416 500
417 106
417 152
417 155
417 363
417 410
417 411
417 414
417 419
417 442
417 448
418 27
418 56
418 78
418 193
418 195
418 444
418 461
418 467
419 69
419 123
419 141
419 173
419 343
419 376
419 414
419 417
419 459
419 499
420 120
420 339
420 346
420 412
420 415
420 454
421 125
421 232
421 258
421 263
421 265
421 268
421 310
421 399
421 479
421 483
422 20
422 148
422 246
422 401
422 429
423 26
423 58
423 79
423 116
423 127
423 376
423 384
423 404
423 428
423 485
424 130
424 236
424 303
424 309
424 426
425 94
425 211
425 268
425 315
425 429
425 430
426 48
426 111
426 161
426 312
426 424
427 1
427 63
427 157
427 416
427 447
427 459
428 109
428 162
428 203
428 259
428 336
428 376
428 397
428 401
428 406
428 413
428 423
428 485
428 497
429 20
429 148
429 422
429 425
429 430
430 9
430 36
430 90
430 183
430 317
430 358
430 425
430 429
430 446
430 493
431 6
431 56
431 82
431 239
431 242
431 262
431 291
431 400
431 436
431 437
431 440
432 44
432 67
432 256
432 299
432 330
432 352
432 433
432 434
433 73
433 122
433 151
433 215
433 323
433 390
433 432
433 434
433 465
433 496
433 498
434 126
434 136
434 202
434 302
434 368
434 432
434 433
435 42
435 54
435 264
435 298
435 300
435 358
435 359
435 360
435 409
435 470
435 491
436 8
436 23
436 129
436 154
436 226
436 400
436 410
436 431
436 457
436 478
436 485
437 13
437 203
437 275
437 376
437 397
437 413
437 431
437 438
437 497
438 74
438 170
438 201
438 351
438 373
438 413
438 437
438 439
438 460
438 480
438 494
439 2
439 400
439 413
439 438
439 446
439 464
439 493
440 39
440 45
440 56
440 242
440 253
440 262
440 291
440 431
440 445
441 30
441 210
441 257
441 443
441 469
442 61
442 152
442 266
442 380
442 417
443 11
443 42
443 295
443 298
443 300
443 356
443 409
443 441
443 448
444 61
444 73
444 151
444 251
444 303
444 304
444 390
444 418
444 449
444 465
444 498
445 398
445 408
445 440
445 474
445 500
446 2
446 108
446 115
446 183
446 186
446 191
446 195
446 334
446 357
446 358
446 364
446 430
446 439
446 464
446 493
447 41
447 243
447 260
447 375
447 383
447 413
447 416
447 427
447 451
447 452
447 453
448 106
448 152
448 155
448 363
448 380
448 417
448 443
448 450
449 275
449 282
449 323
449 444
449 475
449 496
450 62
450 207
450 212
450 416
450 448
450 472
451 76
451 92
451 169
451 198
451 206
451 240
451 289
451 342
451 391
451 447
451 452
451 453
452 7
452 19
452 71
452 221
452 284
452 301
452 371
452 447
452 451
452 453
452 462
452 463
452 477
452 488
452 490
453 41
453 157
453 212
453 243
453 260
453 285
453 326
453 383
453 447
453 451
453 452
453 458
454 120
454 213
454 339
454 346
454 420
454 456
455 1
455 230
455 231
455 236
455 359
455 396
455 482
456 77
456 95
456 228
456 347
456 454
456 495
457 129
457 154
457 196
457 394
457 436
457 461
457 466
458 84
458 110
458 170
458 201
458 247
458 305
458 351
458 373
458 388
458 453
458 460
458 464
459 69
459 141
459 164
459 173
459 343
459 370
459 382
459 392
459 416
459 419
459 427
459 499
460 74
460 110
460 170
460 197
460 198
460 201
460 247
460 305
460 351
460 373
460 403
460 438
460 458
460 475
460 480
460 494
461 8
461 23
461 129
461 154
461 226
461 377
461 389
461 394
461 418
461 457
461 467
461 475
461 478
462 3
462 38
462 104
462 319
462 452
462 474
462 499
463 3
463 19
463 71
463 301
463 319
463 371
463 378
463 379
463 452
463 474
463 477
463 486
463 490
464 43
464 115
464 183
464 317
464 334
464 364
464 388
464 439
464 446
464 458
464 483
464 485
464 493
465 53
465 73
465 162
465 215
465 251
465 323
465 344
465 433
465 444
465 468
465 488
465 496
465 498
466 24
466 107
466 297
466 457
466 499
467 28
467 53
467 55
467 56
467 88
467 134
467 145
467 185
467 188
467 254
467 354
467 355
467 418
467 461
468 9
468 16
468 162
468 199
468 237
468 283
468 367
468 388
468 465
468 473
469 22
469 53
469 55
469 88
469 145
469 185
469 188
469 254
469 308
469 354
469 399
469 441
469 477
469 491
470 298
470 300
470 399
470 435
470 473
470 494
471 60
471 283
471 292
471 473
471 495
472 1
472 3
472 33
472 86
472 140
472 233
472 267
472 353
472 450
472 482
472 498
473 16
473 93
473 168
473 237
473 283
473 292
473 306
473 331
473 367
473 388
473 399
473 468
473 470
473 471
473 483
474 12
474 64
474 75
474 200
474 248
474 296
474 361
474 408
474 414
474 445
474 462
474 463
474 486
474 489
474 500
475 53
475 74
475 84
475 110
475 170
475 201
475 305
475 351
475 373
475 403
475 449
475 460
475 461
475 480
475 488
476 91
476 258
476 378
476 379
476 380
476 483
476 497
477 7
477 19
477 71
477 104
477 301
477 320
477 371
477 378
477 379
477 452
477 463
477 469
477 478
477 488
477 491
478 56
478 129
478 139
478 154
478 314
478 436
478 461
478 477
478 491
479 124
479 244
479 248
479 253
479 310
479 421
479 483
479 492
479 497
480 14
480 110
480 126
480 167
480 201
480 247
480 305
480 351
480 373
480 403
480 438
480 460
480 475
480 490
480 492
480 493
481 88
481 287
481 297
481 343
481 482
481 487
481 496
481 499
482 1
482 3
482 33
482 86
482 87
482 88
482 189
482 257
482 267
482 359
482 455
482 472
482 481
482 484
482 487
482 496
483 18
483 34
483 49
483 100
483 125
483 277
483 321
483 330
483 335
483 388
483 399
483 421
483 464
483 473
483 476
483 479
483 497
484 88
484 102
484 141
484 173
484 281
484 287
484 343
484 382
484 482
484 487
484 496
485 36
485 65
485 90
485 183
485 192
485 317
485 364
485 411
485 423
485 428
485 436
485 464
485 497
486 27
486 172
486 194
486 318
486 463
486 474
486 489
486 492
487 118
487 212
487 286
487 375
487 481
487 482
487 484
487 496
487 499
488 53
488 71
488 221
488 264
488 284
488 311
488 371
488 378
488 379
488 452
488 465
488 475
488 477
488 490
489 24
489 141
489 370
489 382
489 474
489 486
489 492
489 493
490 7
490 14
490 19
490 38
490 71
490 73
490 221
490 270
490 284
490 316
490 325
490 371
490 452
490 463
490 480
490 488
490 493
490 494
491 287
491 298
491 300
491 387
491 435
491 469
491 477
491 478
492 18
492 34
492 49
492 125
492 187
492 258
492 277
492 310
492 321
492 335
492 383
492 399
492 479
492 480
492 486
492 489
492 493
492 497
493 2
493 65
493 108
493 115
493 183
493 300
493 317
493 334
493 357
493 358
493 364
493 430
493 439
493 446
493 464
493 480
493 489
493 490
493 492
494 54
494 84
494 153
494 305
494 351
494 399
494 438
494 460
494 470
494 490
495 77
495 95
495 228
495 347
495 456
495 471
496 61
496 73
496 122
496 138
496 151
496 215
496 266
496 323
496 344
496 390
496 433
496 449
496 465
496 481
496 482
496 484
496 487
496 498
496 499
497 18
497 34
497 49
497 100
497 125
497 187
497 232
497 277
497 310
497 321
497 335
497 358
497 376
497 428
497 437
497 476
497 479
497 483
497 485
497 492
498 73
498 151
498 344
498 390
498 433
498 444
498 465
498 472
498 496
498 500
499 3
499 10
499 24
499 69
499 102
499 124
499 141
499 173
499 281
499 297
499 319
499 343
499 382
499 419
499 459
499 462
499 466
499 481
499 487
499 496
500 200
500 398
500 408
500 416
500 445
500 474
500 498
