1 126
1 279
1 417
1 455
1 459
2 3
2 4
2 176
2 371
2 390
2 451
2 483
3 2
3 4
3 52
3 90
3 314
4 2
4 3
4 25
4 85
4 231
4 258
4 298
5 9
5 260
5 401
5 477
5 481
6 9
6 26
6 70
6 176
6 452
7 137
7 285
7 286
7 304
7 440
7 452
8 103
8 445
8 452
8 479
8 488
9 5
9 6
9 26
9 76
9 104
9 171
10 11
10 226
10 370
10 407
10 431
11 10
11 20
11 82
11 179
11 355
11 473
12 14
12 15
12 22
12 144
12 412
12 418
12 421
12 438
12 447
13 239
13 301
13 319
13 320
13 411
13 441
14 12
14 15
14 383
14 394
14 492
14 493
15 12
15 14
15 64
15 118
15 208
15 378
16 19
16 20
16 134
16 480
16 491
17 18
17 253
17 262
17 345
17 463
18 17
18 74
18 245
18 267
18 315
19 16
19 20
19 65
19 110
19 313
19 336
19 381
20 11
20 16
20 19
20 82
20 165
20 179
20 309
20 343
20 346
20 355
20 459
20 481
21 23
21 26
21 38
21 303
21 325
22 12
22 30
22 412
22 418
22 421
23 21
23 26
23 48
23 95
23 238
23 300
24 241
24 348
24 415
24 419
24 428
25 4
25 85
25 172
25 173
25 231
25 258
25 298
26 6
26 9
26 21
26 23
26 70
26 171
27 28
27 29
27 98
27 252
27 274
28 27
28 29
28 132
28 260
28 401
29 27
29 28
29 365
29 395
29 427
30 22
30 86
30 117
30 189
30 393
31 106
31 218
31 219
31 270
31 307
32 34
32 102
32 262
32 345
32 389
32 460
32 463
33 35
33 36
33 56
33 234
33 289
34 32
34 390
34 400
34 468
34 483
35 33
35 36
35 222
35 322
35 492
36 33
36 35
36 111
36 296
36 436
36 495
37 283
37 290
37 407
37 431
37 446
38 21
38 39
38 45
38 325
38 474
39 38
39 45
39 145
39 198
39 354
39 399
39 450
40 41
40 79
40 257
40 413
40 477
41 40
41 67
41 72
41 172
41 392
41 426
42 43
42 46
42 116
42 273
42 357
43 42
43 247
43 276
43 284
43 310
44 46
44 167
44 244
44 397
44 465
45 38
45 39
45 227
45 291
45 318
45 362
46 42
46 44
46 116
46 273
46 357
47 48
47 51
47 296
47 436
47 495
48 23
48 47
48 51
48 95
48 238
49 50
49 281
49 297
49 324
49 486
50 49
50 67
50 72
50 388
50 392
50 426
51 47
51 48
51 155
51 342
51 371
52 3
52 61
52 90
52 314
52 352
53 56
53 57
53 148
53 207
53 334
53 425
54 96
54 148
54 226
54 227
54 228
54 425
54 446
54 452
54 464
54 500
55 150
55 152
55 205
55 272
55 347
55 466
56 33
56 53
56 57
56 152
56 234
56 289
56 311
57 53
57 56
57 153
57 182
57 339
57 442
58 148
58 228
58 411
58 423
58 465
59 62
59 64
59 204
59 235
59 420
60 108
60 111
60 147
60 209
60 225
60 277
60 327
60 404
60 445
60 488
60 499
61 52
61 137
61 252
61 274
61 498
62 59
62 64
62 125
62 262
62 463
62 472
63 66
63 99
63 121
63 261
63 331
64 15
64 59
64 62
64 118
64 208
65 19
65 68
65 70
65 110
65 313
66 63
66 123
66 170
66 263
66 280
67 41
67 50
67 130
67 172
67 234
67 392
67 470
68 65
68 70
68 127
68 203
68 295
68 350
68 376
69 183
69 248
69 263
69 264
69 360
69 494
70 6
70 26
70 65
70 68
70 171
71 72
71 226
71 370
71 407
71 431
72 41
72 50
72 71
72 172
72 349
72 392
72 426
73 77
73 185
73 201
73 202
73 203
73 233
73 257
73 308
73 319
73 372
73 396
73 413
73 429
73 477
73 497
74 18
74 85
74 245
74 267
74 315
74 351
75 77
75 78
75 147
75 445
75 499
76 9
76 84
76 104
76 456
76 485
77 73
77 75
77 78
77 185
77 197
77 396
77 413
77 477
77 497
78 75
78 77
78 155
78 162
78 230
78 468
78 483
79 40
79 80
79 81
79 257
79 497
80 79
80 81
80 137
80 252
80 274
80 498
81 79
81 80
81 209
81 240
81 292
81 404
81 499
82 11
82 20
82 83
82 86
82 165
82 179
82 309
82 343
82 346
82 355
82 459
82 473
82 475
82 489
83 82
83 86
83 157
83 228
83 423
84 76
84 104
84 154
84 349
84 388
84 392
84 426
85 4
85 25
85 74
85 231
85 298
86 30
86 82
86 83
86 283
86 393
87 88
87 224
87 337
87 380
87 404
87 499
88 87
88 250
88 332
88 375
88 380
89 90
89 164
89 314
89 352
89 473
90 3
90 52
90 89
90 91
90 163
90 164
90 314
91 90
91 458
91 478
91 492
91 493
92 93
92 96
92 265
92 410
92 487
93 92
93 94
93 140
93 316
93 380
94 93
94 97
94 268
94 338
94 391
94 433
95 23
95 48
95 238
95 300
95 318
95 327
95 336
95 358
96 54
96 92
96 148
96 446
96 500
97 94
97 108
97 159
97 206
97 343
98 27
98 101
98 137
98 252
98 343
99 63
99 101
99 121
99 146
99 261
99 278
99 331
99 343
100 109
100 340
100 410
100 430
100 487
101 98
101 99
101 113
101 237
101 251
101 490
102 32
102 193
102 288
102 463
102 472
103 8
103 105
103 107
103 277
103 445
104 9
104 76
104 84
104 114
104 154
104 215
104 255
104 344
104 380
105 103
105 107
105 166
105 328
105 381
106 31
106 143
106 270
106 307
106 340
107 103
107 105
107 293
107 317
107 439
108 60
108 97
108 112
108 159
108 321
109 100
109 110
109 135
109 140
109 316
109 487
110 19
110 65
110 109
110 313
110 336
111 36
111 60
111 112
111 296
111 495
112 108
112 111
112 142
112 160
112 409
113 101
113 222
113 251
113 490
114 104
114 115
114 119
114 154
114 215
114 255
114 344
114 380
115 114
115 119
115 169
115 218
115 241
115 332
115 419
115 437
116 42
116 46
116 222
116 273
116 357
117 30
117 189
117 393
117 398
117 429
118 15
118 64
118 208
118 378
118 466
119 114
119 115
119 181
119 210
119 272
119 275
119 432
119 466
120 122
120 123
120 161
120 214
120 405
121 63
121 99
121 155
121 169
121 174
121 183
121 261
121 278
121 331
121 499
122 120
122 123
122 249
122 391
122 433
123 66
123 120
123 122
123 170
123 263
123 280
124 126
124 127
124 149
124 188
124 359
125 62
125 262
125 463
125 466
125 496
126 1
126 124
126 127
126 194
126 373
126 417
127 68
127 124
127 126
127 295
127 350
128 130
128 149
128 188
128 190
128 359
129 131
129 136
129 175
129 294
129 364
129 382
129 383
129 454
129 461
129 469
129 484
130 67
130 128
130 392
130 426
130 470
131 129
131 178
131 262
131 383
131 405
131 448
131 460
132 28
132 133
132 260
132 383
132 401
133 132
133 134
133 356
133 435
133 456
133 485
134 16
134 133
134 135
134 158
134 200
134 220
134 302
134 333
134 369
134 479
134 491
135 109
135 134
135 136
135 265
135 430
136 129
136 135
136 139
136 175
136 364
136 382
136 454
136 461
136 469
137 7
137 61
137 80
137 98
137 150
137 151
137 233
137 252
137 274
137 444
137 462
137 478
137 480
137 488
137 491
137 498
138 142
138 272
138 275
138 432
138 453
138 466
139 136
139 140
139 247
139 276
139 284
140 93
140 109
140 139
140 141
140 316
140 487
141 140
141 143
141 186
141 229
141 232
141 465
142 112
142 138
142 160
142 217
142 409
143 106
143 141
143 146
143 270
143 307
144 12
144 283
144 412
144 429
144 438
145 39
145 211
145 354
145 399
145 446
146 99
146 143
146 149
146 261
146 278
147 60
147 75
147 207
147 212
147 445
148 53
148 54
148 58
148 96
148 207
148 236
148 334
148 366
148 406
148 411
148 414
148 425
148 445
148 446
148 452
148 464
148 465
148 500
149 124
149 128
149 146
149 150
149 188
150 55
150 137
150 149
150 274
150 498
151 137
151 153
151 252
151 274
151 498
152 55
152 56
152 156
152 234
152 289
153 57
153 151
153 182
153 339
154 84
154 104
154 114
154 178
154 182
154 215
154 380
155 51
155 78
155 121
155 169
155 183
155 230
155 499
156 152
156 157
156 242
156 456
156 485
157 83
157 156
157 159
157 228
157 423
158 134
158 160
158 443
158 480
158 491
159 97
159 108
159 157
159 161
159 206
159 321
160 112
160 142
160 158
160 217
160 409
161 120
161 159
161 214
161 361
161 492
162 78
162 163
162 164
162 176
162 230
162 279
162 342
162 371
162 451
162 468
162 483
163 90
163 162
163 164
163 279
163 314
164 89
164 90
164 162
164 163
164 314
164 489
165 20
165 82
165 166
165 343
165 440
165 481
166 105
166 165
166 177
166 381
166 440
167 44
167 175
167 186
167 403
167 465
168 171
168 199
168 239
168 385
168 440
169 115
169 121
169 155
169 183
169 250
169 332
169 374
169 419
169 437
169 482
169 499
170 66
170 123
170 196
170 224
170 263
171 9
171 26
171 70
171 168
171 172
172 25
172 41
172 67
172 72
172 171
173 25
173 174
173 369
173 443
173 480
173 491
174 121
174 173
174 177
174 261
174 331
175 129
175 136
175 167
175 454
175 469
176 2
176 6
176 162
176 279
176 347
176 363
176 377
176 390
176 451
176 468
176 483
176 486
176 489
176 496
177 166
177 174
177 180
177 184
177 313
177 336
177 381
178 131
178 154
178 182
178 191
178 262
178 345
178 361
178 448
178 460
178 463
179 11
179 20
179 82
179 188
179 309
179 346
179 355
179 459
179 475
179 481
179 489
180 177
180 181
180 216
180 308
180 429
180 497
181 119
181 180
181 184
181 210
181 432
182 57
182 153
182 154
182 178
182 191
182 339
182 442
183 69
183 121
183 155
183 169
183 264
183 360
183 494
183 499
184 177
184 181
184 185
184 336
184 353
184 381
185 73
185 77
185 184
185 186
185 266
185 308
185 396
185 413
185 429
185 477
185 497
186 141
186 167
186 185
186 187
186 232
186 244
186 465
187 186
187 189
187 435
187 456
187 485
188 124
188 128
188 149
188 179
188 190
188 359
189 30
189 117
189 187
189 190
189 283
189 393
189 398
190 128
190 188
190 189
190 192
190 359
191 178
191 182
191 229
191 320
191 335
191 348
191 408
191 428
192 190
192 195
192 212
192 243
192 422
193 102
193 205
193 272
193 289
193 347
193 466
194 126
194 202
194 208
194 373
194 417
194 455
195 192
195 197
195 201
195 209
195 367
195 499
196 170
196 219
196 221
196 256
196 281
196 297
196 299
196 305
196 324
196 486
196 498
197 77
197 195
197 198
197 266
197 413
197 477
198 39
198 197
198 199
198 211
198 269
198 354
198 387
198 399
198 450
199 168
199 198
199 200
199 301
199 441
200 134
200 199
200 201
200 443
200 480
200 491
201 73
201 195
201 200
201 209
201 225
202 73
202 194
202 203
202 259
202 373
202 417
202 457
203 68
203 73
203 202
203 295
203 312
203 350
204 59
204 205
204 206
204 235
204 471
205 55
205 193
205 204
205 206
205 272
205 466
206 97
206 159
206 204
206 205
206 321
207 53
207 147
207 148
207 212
207 414
207 452
208 15
208 64
208 118
208 194
208 378
209 60
209 81
209 195
209 201
209 210
209 225
209 292
209 337
209 367
209 404
209 445
209 488
210 119
210 181
210 209
210 272
210 275
210 466
211 145
211 198
211 215
211 399
211 450
212 147
212 192
212 207
212 243
212 411
212 422
213 214
213 216
213 217
213 319
213 429
213 497
214 120
214 161
214 213
214 217
214 262
214 405
214 463
215 104
215 114
215 154
215 211
215 380
216 180
216 213
216 233
216 282
216 294
216 297
216 299
217 142
217 160
217 213
217 214
217 409
218 31
218 115
218 220
218 306
218 332
218 374
219 31
219 196
219 220
219 256
219 281
219 486
220 134
220 218
220 219
220 302
220 443
220 480
220 491
221 196
221 282
221 458
221 492
221 493
221 498
222 35
222 113
222 116
222 254
222 282
222 288
222 383
222 394
222 458
222 492
222 493
223 224
223 366
223 406
223 446
223 498
224 87
224 170
224 223
224 240
224 404
224 499
225 60
225 201
225 209
225 337
225 404
225 405
225 493
225 497
225 499
225 500
226 10
226 54
226 71
226 227
226 407
226 431
227 45
227 54
227 226
227 291
227 318
228 54
228 58
228 83
228 157
228 231
228 423
229 141
229 191
229 232
229 245
229 254
229 403
229 465
230 78
230 155
230 162
230 236
231 4
231 25
231 85
231 228
231 298
231 459
232 141
232 186
232 229
232 235
232 244
232 397
232 403
232 465
232 486
233 73
233 137
233 216
233 366
233 372
233 429
233 478
233 480
233 488
233 491
233 497
234 33
234 56
234 67
234 152
234 289
234 308
235 59
235 204
235 232
235 237
235 420
235 471
236 148
236 230
236 334
236 406
236 414
236 425
237 101
237 235
237 238
237 251
237 490
238 23
238 48
238 95
238 237
238 300
238 358
238 445
239 13
239 168
239 240
239 348
239 385
239 441
240 81
240 224
240 239
240 348
240 404
240 499
241 24
241 115
241 243
241 306
241 332
241 419
242 156
242 243
242 329
242 348
242 356
242 485
243 192
243 212
243 241
243 242
243 385
243 411
243 422
243 441
244 44
244 186
244 232
244 246
244 247
244 397
244 403
244 465
245 18
245 74
245 229
245 254
245 267
245 271
245 315
246 244
246 247
246 317
246 365
246 395
246 416
246 439
247 43
247 139
247 244
247 246
247 276
247 284
247 310
248 69
248 249
248 250
248 264
248 360
248 494
249 122
249 248
249 250
249 287
249 379
249 391
250 88
250 169
250 248
250 249
250 375
250 437
251 101
251 113
251 237
251 253
251 255
251 490
252 27
252 61
252 80
252 98
252 137
252 151
252 274
252 301
252 302
252 444
252 498
253 17
253 251
253 255
253 262
253 448
253 463
254 222
254 229
254 245
254 271
254 288
254 492
254 493
255 104
255 114
255 251
255 253
255 344
256 196
256 219
256 259
256 260
256 281
256 486
257 40
257 73
257 79
257 275
257 276
257 477
257 497
258 4
258 25
258 367
258 406
258 407
259 202
259 256
259 260
259 373
259 417
259 457
260 5
260 28
260 132
260 256
260 259
260 401
261 63
261 99
261 121
261 146
261 174
261 278
261 331
261 416
261 417
261 418
261 424
262 17
262 32
262 62
262 125
262 131
262 178
262 214
262 253
262 265
262 269
262 345
262 361
262 389
262 448
262 460
262 463
263 66
263 69
263 123
263 170
263 280
263 376
264 69
264 183
264 248
264 298
264 301
264 360
264 494
265 92
265 135
265 262
265 269
265 410
265 487
266 185
266 197
266 372
266 413
267 18
267 74
267 245
267 274
267 315
267 351
268 94
268 293
268 388
268 402
268 433
269 198
269 262
269 265
269 354
269 387
269 450
270 31
270 106
270 143
270 273
270 277
271 245
271 254
271 272
271 384
271 386
271 424
271 476
272 55
272 119
272 138
272 193
272 205
272 210
272 271
272 275
272 278
272 300
272 347
272 432
272 453
272 466
273 42
273 46
273 116
273 270
273 277
273 357
274 27
274 61
274 80
274 137
274 150
274 151
274 252
274 267
274 444
274 498
275 119
275 138
275 210
275 257
275 272
275 432
275 453
275 466
276 43
276 139
276 247
276 257
276 310
277 60
277 103
277 270
277 273
277 327
277 499
278 99
278 121
278 146
278 261
278 272
278 300
278 314
279 1
279 162
279 163
279 176
279 342
279 363
279 371
279 377
279 451
279 459
279 465
279 468
279 483
280 66
280 123
280 263
280 285
280 286
281 49
281 196
281 219
281 256
281 284
281 297
281 299
281 305
281 324
281 486
282 216
282 221
282 222
282 294
282 297
282 299
282 383
282 458
282 478
282 492
282 493
283 37
283 86
283 144
283 189
283 393
283 398
284 43
284 139
284 247
284 281
284 310
285 7
285 280
285 286
285 287
285 304
285 440
286 7
286 280
286 285
286 287
286 440
287 249
287 285
287 286
287 379
287 391
287 402
287 433
287 449
288 102
288 222
288 254
288 289
288 383
288 493
289 33
289 56
289 152
289 193
289 234
289 288
290 37
290 292
290 370
290 407
290 431
291 45
291 227
291 295
291 296
291 318
291 362
292 81
292 209
292 290
292 404
292 467
292 499
293 107
293 268
293 391
293 398
293 416
293 439
294 129
294 216
294 282
294 297
294 299
294 454
294 469
295 68
295 127
295 203
295 291
295 296
295 312
295 350
295 376
296 36
296 47
296 111
296 291
296 295
296 436
296 495
297 49
297 196
297 216
297 281
297 282
297 294
297 299
297 305
297 324
297 396
297 486
298 4
298 25
298 85
298 231
298 264
298 500
299 196
299 216
299 281
299 282
299 294
299 297
299 305
299 396
299 486
300 23
300 95
300 238
300 272
300 278
300 314
300 358
301 13
301 199
301 252
301 264
301 385
301 411
302 134
302 220
302 252
302 303
302 443
302 480
302 491
303 21
303 302
303 304
303 325
303 474
304 7
304 285
304 303
304 305
304 440
305 196
305 281
305 297
305 299
305 304
305 307
305 486
306 218
306 241
306 322
306 332
306 482
307 31
307 106
307 143
307 305
307 309
308 73
308 180
308 185
308 234
308 317
308 376
308 396
308 477
308 497
309 20
309 82
309 179
309 307
309 310
309 355
309 459
310 43
310 247
310 276
310 284
310 309
310 311
311 56
311 310
311 312
312 203
312 295
312 311
312 313
312 350
313 19
313 65
313 110
313 177
313 312
313 315
313 336
314 3
314 52
314 89
314 90
314 163
314 164
314 278
314 300
314 336
314 352
315 18
315 74
315 245
315 267
315 313
315 316
315 351
316 93
316 109
316 140
316 315
316 319
316 410
316 487
317 107
317 246
317 308
317 365
317 376
317 395
317 439
318 45
318 95
318 227
318 291
318 327
318 339
318 362
319 13
319 73
319 213
319 316
319 413
319 477
319 497
320 13
320 191
320 323
320 335
320 348
320 408
320 496
321 108
321 159
321 206
321 323
321 324
322 35
322 306
322 492
322 493
323 320
323 321
323 324
323 348
323 408
323 428
324 49
324 196
324 281
324 297
324 321
324 323
324 486
325 21
325 38
325 303
325 328
325 329
325 474
326 368
326 372
326 381
326 386
326 424
326 476
326 477
327 60
327 95
327 277
327 318
327 339
327 404
327 467
328 105
328 325
328 329
328 336
328 353
329 242
329 325
329 328
329 356
329 435
329 456
329 485
330 331
330 356
330 385
330 435
330 456
330 485
331 63
331 99
331 121
331 174
331 261
331 330
331 385
332 88
332 115
332 169
332 218
332 241
332 306
332 334
332 374
332 375
332 390
332 419
332 437
333 134
333 334
333 390
333 480
333 491
334 53
334 148
334 236
334 332
334 333
334 452
334 500
335 191
335 320
335 342
335 348
335 408
335 434
336 19
336 95
336 110
336 177
336 184
336 313
336 314
336 328
336 339
336 353
336 381
337 87
337 209
337 225
337 338
337 341
337 499
338 94
338 337
338 341
338 379
338 391
338 433
338 449
339 57
339 153
339 182
339 318
339 327
339 336
339 442
340 100
340 106
340 384
340 386
340 424
341 337
341 338
341 435
341 456
341 485
342 51
342 162
342 279
342 335
342 377
342 468
342 483
343 20
343 82
343 97
343 98
343 99
343 165
343 481
344 104
344 114
344 255
344 345
344 349
344 380
345 17
345 32
345 178
345 262
345 344
345 349
345 361
345 460
345 463
345 496
346 20
346 82
346 179
346 353
346 355
346 481
346 491
346 499
347 55
347 176
347 193
347 272
347 402
347 477
347 481
347 496
348 24
348 191
348 239
348 240
348 242
348 320
348 323
348 335
348 408
348 415
349 72
349 84
349 344
349 345
349 392
349 426
350 68
350 127
350 203
350 295
350 312
350 351
350 376
350 431
351 74
351 267
351 315
351 350
351 355
352 52
352 89
352 314
352 356
352 443
353 184
353 328
353 336
353 346
353 354
353 358
354 39
354 145
354 198
354 269
354 353
354 358
354 359
354 387
354 399
354 450
355 11
355 20
355 82
355 179
355 309
355 346
355 351
355 356
355 473
355 481
356 133
356 242
356 329
356 330
356 352
356 355
356 435
356 485
357 42
357 46
357 116
357 273
357 361
357 362
358 95
358 238
358 300
358 353
358 354
358 359
359 124
359 128
359 188
359 190
359 354
359 358
359 369
360 69
360 183
360 248
360 264
360 369
360 370
360 497
361 161
361 178
361 262
361 345
361 357
361 362
361 448
361 460
362 45
362 291
362 318
362 357
362 361
363 176
363 279
363 364
363 365
363 377
363 400
363 451
363 483
364 129
364 136
364 363
364 365
364 382
364 454
364 469
365 29
365 246
365 317
365 363
365 364
365 395
365 416
365 427
365 439
366 148
366 223
366 233
366 373
366 425
366 452
366 464
366 500
367 195
367 209
367 258
367 404
367 406
367 407
367 488
367 499
368 326
368 384
368 386
368 424
368 476
369 134
369 173
369 359
369 360
369 370
369 443
369 480
369 491
370 10
370 71
370 290
370 360
370 369
370 371
370 407
370 431
371 2
371 51
371 162
371 279
371 370
371 372
371 468
371 481
372 73
372 233
372 266
372 326
372 371
372 374
372 413
372 497
373 126
373 194
373 202
373 259
373 366
373 375
373 417
373 455
373 457
374 169
374 218
374 332
374 372
374 381
374 382
374 437
374 482
375 88
375 250
375 332
375 373
375 377
376 68
376 263
376 295
376 308
376 317
376 350
377 176
377 279
377 342
377 363
377 375
377 378
377 451
377 468
378 15
378 118
378 208
378 377
378 379
379 249
379 287
379 338
379 378
379 386
379 391
379 402
379 433
380 87
380 88
380 93
380 104
380 114
380 154
380 215
380 344
381 19
381 105
381 166
381 177
381 184
381 326
381 336
381 374
381 382
382 129
382 136
382 364
382 374
382 381
382 384
382 454
382 469
383 14
383 129
383 131
383 132
383 222
383 282
383 288
383 394
383 458
383 492
383 493
384 271
384 340
384 368
384 382
384 386
384 389
384 392
384 424
384 476
385 168
385 239
385 243
385 301
385 330
385 331
385 390
385 411
385 441
386 271
386 326
386 340
386 368
386 379
386 384
386 387
386 424
386 476
387 198
387 269
387 354
387 386
387 388
387 450
388 50
388 84
388 268
388 387
388 426
389 32
389 262
389 384
389 392
389 393
389 448
389 460
389 463
389 496
390 2
390 34
390 176
390 332
390 333
390 385
390 451
390 468
390 483
391 94
391 122
391 249
391 287
391 293
391 338
391 379
391 402
391 403
392 41
392 50
392 67
392 72
392 84
392 130
392 349
392 384
392 389
392 393
392 470
393 30
393 86
393 117
393 189
393 283
393 389
393 392
393 395
393 398
394 14
394 222
394 383
394 425
394 426
394 441
394 458
394 492
394 493
395 29
395 246
395 317
395 365
395 393
395 397
395 400
395 416
395 427
395 439
396 73
396 77
396 185
396 297
396 299
396 308
396 413
396 421
396 429
396 432
396 477
396 497
397 44
397 232
397 244
397 395
397 400
397 402
397 465
398 117
398 189
398 283
398 293
398 393
398 403
399 39
399 145
399 198
399 211
399 354
399 428
399 430
399 441
399 450
400 34
400 363
400 395
400 397
400 402
400 468
401 5
401 28
401 132
401 260
401 422
402 268
402 287
402 347
402 379
402 391
402 397
402 400
402 433
402 449
403 167
403 229
403 232
403 244
403 391
403 398
403 465
404 60
404 81
404 87
404 209
404 224
404 225
404 240
404 292
404 327
404 367
404 410
404 445
404 464
404 468
404 475
404 488
404 499
405 120
405 131
405 214
405 225
405 493
405 497
405 500
406 148
406 223
406 236
406 258
406 367
406 407
406 414
406 446
406 452
406 464
407 10
407 37
407 71
407 226
407 258
407 290
407 367
407 370
407 406
407 431
408 191
408 320
408 323
408 335
408 348
408 412
408 413
408 414
408 415
408 428
408 434
409 112
409 142
409 160
409 217
409 415
409 420
410 92
410 100
410 265
410 316
410 404
410 430
410 469
410 475
410 482
410 487
411 13
411 58
411 148
411 212
411 243
411 301
411 385
411 422
411 441
411 473
412 12
412 22
412 144
412 408
412 413
412 414
412 418
412 421
412 438
412 447
413 40
413 73
413 77
413 185
413 197
413 266
413 319
413 372
413 396
413 408
413 412
413 414
413 497
414 148
414 207
414 236
414 406
414 408
414 412
414 413
414 425
414 452
414 464
415 24
415 348
415 408
415 409
415 420
415 428
416 246
416 261
416 293
416 365
416 395
416 417
416 418
417 1
417 126
417 194
417 202
417 259
417 261
417 373
417 416
417 418
417 455
417 457
418 12
418 22
418 261
418 412
418 416
418 417
418 421
418 438
418 447
419 24
419 115
419 169
419 241
419 332
419 431
419 437
419 443
419 444
419 482
420 59
420 235
420 409
420 415
420 471
421 12
421 22
421 396
421 412
421 418
421 432
421 437
421 438
421 439
421 447
422 192
422 212
422 243
422 401
422 411
422 441
423 58
423 83
423 157
423 228
423 427
423 434
424 261
424 271
424 326
424 340
424 368
424 384
424 386
424 425
424 426
424 476
425 53
425 54
425 148
425 236
425 366
425 394
425 414
425 424
425 426
425 446
425 452
425 464
426 41
426 50
426 72
426 84
426 130
426 349
426 388
426 394
426 424
426 425
426 470
427 29
427 365
427 395
427 423
427 434
427 439
428 24
428 191
428 323
428 399
428 408
428 415
428 433
428 434
428 441
429 73
429 117
429 144
429 180
429 185
429 213
429 233
429 396
429 446
430 100
430 135
430 399
430 410
430 433
430 441
430 487
431 10
431 37
431 71
431 226
431 290
431 350
431 370
431 407
431 419
431 443
431 444
432 119
432 138
432 181
432 272
432 275
432 396
432 421
432 437
432 439
432 453
433 94
433 122
433 268
433 287
433 338
433 379
433 402
433 428
433 430
433 435
433 449
434 335
434 408
434 423
434 427
434 428
435 133
435 187
435 329
435 330
435 341
435 356
435 433
435 448
435 451
435 456
435 485
436 36
436 47
436 296
436 455
436 495
437 115
437 169
437 250
437 332
437 374
437 419
437 421
437 432
437 439
437 447
437 482
438 12
438 144
438 412
438 418
438 421
439 107
439 246
439 293
439 317
439 365
439 395
439 421
439 427
439 432
439 437
439 453
440 7
440 165
440 166
440 168
440 285
440 286
440 304
441 13
441 199
441 239
441 243
441 385
441 394
441 399
441 411
441 422
441 428
441 430
442 57
442 182
442 339
442 449
442 450
443 158
443 173
443 200
443 220
443 302
443 352
443 369
443 419
443 431
443 444
443 491
444 137
444 252
444 274
444 419
444 431
444 443
444 462
444 473
445 8
445 60
445 75
445 103
445 147
445 148
445 209
445 238
445 404
445 473
445 496
446 37
446 54
446 96
446 145
446 148
446 223
446 406
446 425
446 429
446 464
446 500
447 12
447 412
447 418
447 421
447 437
447 453
447 454
447 492
448 131
448 178
448 253
448 262
448 361
448 389
448 435
448 451
448 460
448 463
448 479
449 287
449 338
449 402
449 433
449 442
449 450
450 39
450 198
450 211
450 269
450 354
450 387
450 399
450 442
450 449
451 2
451 162
451 176
451 279
451 363
451 377
451 390
451 435
451 448
451 479
451 483
452 6
452 7
452 8
452 54
452 148
452 207
452 334
452 366
452 406
452 414
452 425
453 138
453 272
453 275
453 432
453 439
453 447
453 454
453 492
454 129
454 136
454 175
454 294
454 364
454 382
454 447
454 453
454 456
454 469
454 484
454 492
455 1
455 194
455 373
455 417
455 436
456 76
456 133
456 156
456 187
456 329
456 330
456 341
456 435
456 454
456 457
456 458
456 492
457 202
457 259
457 373
457 417
457 456
457 458
457 460
457 463
458 91
458 221
458 222
458 282
458 383
458 394
458 456
458 457
458 460
458 463
458 492
458 493
459 1
459 20
459 82
459 179
459 231
459 279
459 309
459 465
460 32
460 131
460 178
460 262
460 345
460 361
460 389
460 448
460 457
460 458
460 467
460 492
461 129
461 136
461 462
461 469
461 479
461 487
462 137
462 444
462 461
462 470
462 487
462 498
463 17
463 32
463 62
463 102
463 125
463 178
463 214
463 253
463 262
463 345
463 389
463 448
463 457
463 458
463 464
463 467
463 472
463 496
464 54
464 148
464 366
464 404
464 406
464 414
464 425
464 446
464 463
464 467
464 468
464 500
465 44
465 58
465 141
465 148
465 167
465 186
465 229
465 232
465 244
465 279
465 397
465 403
465 459
466 55
466 118
466 119
466 125
466 138
466 193
466 205
466 210
466 272
466 275
467 292
467 327
467 460
467 463
467 464
467 468
467 499
468 34
468 78
468 162
468 176
468 279
468 342
468 371
468 377
468 390
468 400
468 404
468 464
468 467
468 469
469 129
469 136
469 175
469 294
469 364
469 382
469 410
469 454
469 461
469 468
469 475
469 482
469 484
470 67
470 130
470 392
470 426
470 462
470 479
470 487
471 204
471 235
471 420
471 474
471 476
472 62
472 102
472 463
472 495
473 11
473 82
473 89
473 355
473 411
473 444
473 445
473 481
474 38
474 303
474 325
474 471
474 476
475 82
475 179
475 404
475 410
475 469
475 481
475 482
476 271
476 326
476 368
476 384
476 386
476 424
476 471
476 474
477 5
477 40
477 73
477 77
477 185
477 197
477 257
477 308
477 319
477 326
477 347
477 396
477 481
477 496
478 91
478 137
478 233
478 282
478 480
478 488
478 491
478 492
478 493
479 8
479 134
479 448
479 451
479 461
479 470
479 480
479 491
480 16
480 137
480 158
480 173
480 200
480 220
480 233
480 302
480 333
480 369
480 478
480 479
480 488
480 497
481 5
481 20
481 165
481 179
481 343
481 346
481 347
481 355
481 371
481 473
481 475
481 477
481 489
481 496
482 169
482 306
482 374
482 410
482 419
482 437
482 469
482 475
482 485
483 2
483 34
483 78
483 162
483 176
483 279
483 342
483 363
483 390
483 451
483 485
483 486
483 489
483 499
484 129
484 454
484 469
484 490
484 494
485 76
485 133
485 156
485 187
485 242
485 329
485 330
485 341
485 356
485 435
485 482
485 483
485 486
485 489
486 49
486 176
486 196
486 219
486 232
486 256
486 281
486 297
486 299
486 305
486 324
486 483
486 485
486 489
487 92
487 100
487 109
487 140
487 265
487 316
487 410
487 430
487 461
487 462
487 470
488 8
488 60
488 137
488 209
488 233
488 367
488 404
488 478
488 480
488 491
489 82
489 164
489 176
489 179
489 481
489 483
489 485
489 486
490 101
490 113
490 237
490 251
490 484
490 494
491 16
491 134
491 137
491 158
491 173
491 200
491 220
491 233
491 302
491 333
491 346
491 369
491 443
491 478
491 479
491 488
491 499
492 14
492 35
492 91
492 161
492 221
492 222
492 254
492 282
492 322
492 383
492 394
492 447
492 453
492 454
492 456
492 458
492 460
492 478
493 14
493 91
493 221
493 222
493 225
493 254
493 282
493 288
493 322
493 383
493 394
493 405
493 458
493 478
493 497
493 500
494 69
494 183
494 248
494 264
494 484
494 490
495 36
495 47
495 111
495 296
495 436
495 472
496 125
496 176
496 320
496 345
496 347
496 389
496 445
496 463
496 477
496 481
497 73
497 77
497 79
497 180
497 185
497 213
497 225
497 233
497 257
497 308
497 319
497 360
497 372
497 396
497 405
497 413
497 480
497 493
497 500
498 61
498 80
498 137
498 150
498 151
498 196
498 221
498 223
498 252
498 274
498 462
499 60
499 75
499 81
499 87
499 121
499 155
499 169
499 183
499 195
499 224
499 225
499 240
499 277
499 292
499 337
499 346
499 367
499 404
499 467
499 483
499 491
500 54
500 96
500 148
500 225
500 298
500 334
500 366
500 405
500 446
500 464
500 493
500 497
