1 14
1 221
1 319
1 321
1 423
2 3
2 143
2 338
2 437
2 488
3 2
3 52
3 211
3 454
3 465
4 6
4 222
4 271
4 408
4 474
5 285
5 291
5 379
5 380
5 381
6 4
6 45
6 256
6 361
6 447
7 213
7 305
7 409
7 424
7 488
8 204
8 221
8 438
8 455
8 479
9 220
9 294
9 320
9 423
9 483
10 306
10 369
10 459
10 480
10 490
11 47
11 121
11 151
11 274
11 408
12 272
12 432
12 446
12 461
12 487
13 188
13 377
13 380
13 428
13 434
14 1
14 61
14 238
14 299
14 466
15 17
15 347
15 353
15 486
15 487
16 315
16 323
16 341
16 473
16 483
17 15
17 350
17 414
17 496
17 497
18 218
18 299
18 391
18 435
18 475
19 177
19 355
19 447
19 469
19 498
20 54
20 133
20 257
20 426
20 489
21 329
21 380
21 428
21 473
21 487
22 350
22 378
22 388
22 393
22 487
23 77
23 106
23 111
23 465
23 470
24 50
24 187
24 404
24 436
24 496
25 83
25 253
25 267
25 366
25 397
26 106
26 107
26 109
26 183
26 365
27 38
27 242
27 293
27 334
27 410
28 229
28 287
28 293
28 361
28 430
29 101
29 116
29 190
29 306
29 470
30 305
30 392
30 427
30 483
30 488
31 348
31 440
31 454
31 470
31 483
32 118
32 370
32 449
32 477
32 482
33 177
33 198
33 237
33 364
33 499
34 48
34 67
34 296
34 471
34 482
35 168
35 297
35 313
35 356
35 428
36 102
36 185
36 226
36 432
36 457
37 99
37 345
37 388
37 447
37 495
38 27
38 108
38 152
38 204
38 397
39 42
39 136
39 194
39 453
39 474
40 44
40 430
40 433
40 465
40 483
41 78
41 391
41 417
41 437
41 494
42 39
42 125
42 298
42 358
42 417
43 228
43 318
43 324
43 349
43 426
44 40
44 251
44 365
44 377
44 442
45 6
45 176
45 214
45 358
45 468
46 211
46 235
46 237
46 430
46 434
47 11
47 51
47 129
47 285
47 452
48 34
48 269
48 316
48 453
48 458
49 322
49 358
49 421
49 479
49 490
50 24
50 171
50 312
50 325
50 471
51 47
51 125
51 126
51 229
51 294
52 3
52 128
52 337
52 403
52 411
53 181
53 320
53 339
53 373
53 444
54 20
54 363
54 395
54 442
54 468
55 97
55 117
55 356
55 363
55 416
56 264
56 346
56 409
56 432
56 438
57 68
57 292
57 429
57 442
57 477
58 104
58 252
58 386
58 412
58 471
59 111
59 175
59 366
59 378
59 462
60 300
60 349
60 365
60 378
60 445
61 14
61 105
61 419
61 458
61 495
62 249
62 341
62 373
62 468
62 500
63 156
63 351
63 389
63 395
63 492
64 76
64 89
64 478
64 493
64 500
65 144
65 292
65 421
65 468
65 481
66 91
66 290
66 423
66 449
66 486
67 34
67 276
67 310
67 353
67 441
68 57
68 238
68 377
68 407
68 482
69 99
69 171
69 324
69 450
69 478
70 172
70 446
70 455
70 488
70 490
71 237
71 338
71 343
71 458
71 489
72 155
72 160
72 317
72 444
72 489
73 82
73 433
73 434
73 459
73 469
74 158
74 272
74 402
74 427
74 484
75 177
75 200
75 302
75 473
75 476
76 64
76 136
76 138
76 364
76 435
77 23
77 358
77 370
77 426
77 483
78 41
78 310
78 371
78 475
78 498
79 211
79 234
79 244
79 292
79 481
80 148
80 186
80 376
80 471
80 493
81 164
81 275
81 493
81 495
81 500
82 73
82 248
82 447
82 471
82 496
83 25
83 228
83 367
83 462
83 496
84 174
84 299
84 391
84 447
84 493
85 100
85 157
85 193
85 304
85 307
86 90
86 209
86 323
86 395
86 469
87 163
87 208
87 341
87 389
87 463
88 164
88 203
88 209
88 407
88 468
89 64
89 262
89 396
89 405
89 436
90 86
90 199
90 301
90 424
90 440
91 66
91 100
91 147
91 259
91 483
92 247
92 289
92 320
92 414
92 418
93 120
93 160
93 308
93 325
93 478
94 262
94 281
94 399
94 429
94 439
95 340
95 395
95 435
95 440
95 486
96 110
96 306
96 354
96 419
96 450
97 55
97 331
97 362
97 442
97 487
98 101
98 348
98 365
98 431
98 499
99 37
99 69
99 364
99 432
99 457
100 85
100 91
100 175
100 408
100 485
101 29
101 98
101 127
101 134
101 191
102 36
102 103
102 291
102 475
102 497
103 102
103 251
103 308
103 318
103 395
104 58
104 187
104 289
104 290
104 387
105 61
105 195
105 202
105 236
105 342
106 23
106 26
106 167
106 470
106 478
107 26
107 157
107 173
107 385
107 486
108 38
108 382
108 454
108 472
108 479
109 26
109 295
109 331
109 389
109 432
110 96
110 156
110 334
110 367
110 456
111 23
111 59
111 223
111 237
111 485
112 380
112 383
112 386
112 421
112 491
113 279
113 309
113 345
113 377
113 487
114 179
114 201
114 259
114 305
114 455
115 225
115 411
115 421
115 486
115 491
116 29
116 181
116 412
116 460
116 492
117 55
117 199
117 302
117 319
117 402
118 32
118 130
118 139
118 337
118 380
119 134
119 232
119 442
119 469
119 470
120 93
120 123
120 162
120 291
120 386
121 11
121 423
121 485
121 493
121 499
122 290
122 307
122 313
122 416
122 481
123 120
123 337
123 346
123 420
123 497
124 153
124 265
124 289
124 358
124 431
125 42
125 51
125 425
125 436
125 466
126 51
126 290
126 318
126 440
126 443
127 101
127 284
127 391
127 481
127 494
128 52
128 291
128 308
128 329
128 424
129 47
129 212
129 330
129 408
129 431
130 118
130 425
130 465
130 471
130 485
131 193
131 293
131 411
131 415
131 475
132 157
132 187
132 189
132 358
132 460
133 20
133 223
133 268
133 418
133 456
134 101
134 119
134 181
134 198
134 480
135 212
135 357
135 402
135 438
135 463
136 39
136 76
136 227
136 439
136 467
137 311
137 424
137 429
137 448
137 454
138 76
138 439
138 444
138 463
138 478
139 118
139 290
139 404
139 410
139 440
140 145
140 318
140 425
140 488
140 499
141 267
141 287
141 415
141 443
141 449
142 182
142 235
142 406
142 487
142 495
143 2
143 168
143 212
143 348
143 398
144 65
144 324
144 392
144 437
144 458
145 140
145 207
145 286
145 363
145 462
146 317
146 362
146 371
146 381
146 385
147 91
147 372
147 386
147 423
147 434
148 80
148 210
148 296
148 465
148 498
149 282
149 297
149 303
149 433
149 441
150 218
150 335
150 351
150 480
150 482
151 11
151 164
151 246
151 363
151 486
152 38
152 269
152 315
152 320
152 485
153 124
153 204
153 255
153 343
153 458
154 156
154 394
154 461
154 480
154 488
155 72
155 315
155 437
155 444
155 479
156 63
156 110
156 154
156 376
156 416
157 85
157 107
157 132
157 357
157 467
158 74
158 289
158 323
158 360
158 445
159 224
159 327
159 364
159 375
159 487
160 72
160 93
160 373
160 474
160 488
161 240
161 344
161 400
161 405
161 477
162 120
162 272
162 379
162 395
162 494
163 87
163 325
163 372
163 378
163 482
164 81
164 88
164 151
164 213
164 478
165 188
165 355
165 450
165 467
165 468
166 169
166 171
166 297
166 386
166 495
167 106
167 219
167 339
167 413
167 479
168 35
168 143
168 433
168 441
168 485
169 166
169 183
169 289
169 405
169 463
170 235
170 245
170 312
170 334
170 446
171 50
171 69
171 166
171 302
171 482
172 70
172 310
172 312
172 390
172 432
173 107
173 223
173 368
173 474
173 498
174 84
174 280
174 385
174 468
174 485
175 59
175 100
175 230
175 455
175 457
176 45
176 259
176 345
176 353
176 428
177 19
177 33
177 75
177 301
177 496
178 234
178 255
178 297
178 442
178 490
179 114
179 224
179 230
179 433
179 443
180 184
180 207
180 329
180 369
180 479
181 53
181 116
181 134
181 391
181 429
182 142
182 354
182 372
182 429
182 461
183 26
183 169
183 232
183 257
183 445
184 180
184 323
184 389
184 393
184 473
185 36
185 305
185 470
185 473
185 476
186 80
186 350
186 384
186 448
186 459
187 24
187 104
187 132
187 446
187 495
188 13
188 165
188 206
188 267
188 474
189 132
189 301
189 346
189 441
189 490
190 29
190 285
190 286
190 319
190 432
191 101
191 320
191 405
191 422
191 496
192 207
192 356
192 380
192 429
192 465
193 85
193 131
193 269
193 348
193 383
194 39
194 208
194 230
194 302
194 453
194 484
195 105
195 197
195 234
195 307
195 412
195 499
196 351
196 355
196 359
196 389
196 443
196 494
197 195
197 242
197 251
197 331
197 448
197 486
198 33
198 134
198 203
198 333
198 410
198 417
199 90
199 117
199 270
199 341
199 368
199 463
200 75
200 298
200 394
200 410
200 480
200 495
201 114
201 332
201 339
201 438
201 481
201 485
202 105
202 258
202 261
202 382
202 448
202 449
203 88
203 198
203 266
203 469
203 479
203 491
204 8
204 38
204 153
204 317
204 392
204 416
205 258
205 280
205 391
205 436
205 440
205 459
206 188
206 333
206 344
206 352
206 368
206 466
207 145
207 180
207 192
207 230
207 435
207 485
208 87
208 194
208 244
208 282
208 468
208 490
209 86
209 88
209 353
209 405
209 410
209 473
210 148
210 217
210 398
210 435
210 456
210 492
211 3
211 46
211 79
211 279
211 425
211 479
212 129
212 135
212 143
212 374
212 417
212 472
213 7
213 164
213 257
213 320
213 431
213 497
214 45
214 360
214 399
214 400
214 419
214 489
215 245
215 327
215 343
215 400
215 476
215 479
216 274
216 306
216 379
216 397
216 443
216 445
217 210
217 271
217 423
217 454
217 493
217 500
218 18
218 150
218 228
218 337
218 451
218 475
219 167
219 233
219 291
219 368
219 371
219 487
220 9
220 246
220 274
220 359
220 488
220 500
221 1
221 8
221 373
221 422
221 447
221 450
222 4
222 256
222 449
222 451
222 467
222 474
223 111
223 133
223 173
223 228
223 400
223 460
224 159
224 179
224 344
224 366
224 443
224 477
225 115
225 333
225 358
225 485
225 490
225 499
226 36
226 254
226 306
226 390
226 483
226 500
227 136
227 275
227 276
227 352
227 465
227 467
228 43
228 83
228 218
228 223
228 474
228 476
229 28
229 51
229 250
229 283
229 342
229 350
230 175
230 179
230 194
230 207
230 254
230 473
231 232
231 233
231 240
231 392
231 417
231 486
232 119
232 183
232 231
232 236
232 300
232 457
233 219
233 231
233 381
233 385
233 475
233 486
234 79
234 178
234 195
234 399
234 411
234 428
235 46
235 142
235 170
235 370
235 378
235 400
236 105
236 232
236 426
236 437
236 447
236 474
237 33
237 46
237 71
237 111
237 435
237 497
238 14
238 68
238 353
238 405
238 444
238 450
239 249
239 301
239 423
239 443
239 448
239 461
240 161
240 231
240 263
240 374
240 392
240 476
241 275
241 419
241 472
241 475
241 487
241 488
242 27
242 197
242 303
242 440
242 450
242 478
243 248
243 315
243 370
243 375
243 413
243 453
244 79
244 208
244 442
244 458
244 473
244 483
245 170
245 215
245 263
245 302
245 369
245 421
246 151
246 220
246 253
246 316
246 378
246 455
247 92
247 251
247 322
247 385
247 457
247 499
248 82
248 243
248 249
248 311
248 412
248 470
249 62
249 239
249 248
249 256
249 470
249 494
250 229
250 261
250 441
250 445
250 463
250 495
251 44
251 103
251 197
251 247
251 293
251 456
252 58
252 307
252 309
252 344
252 375
252 493
253 25
253 246
253 264
253 296
253 393
253 492
254 226
254 230
254 364
254 461
254 478
254 489
255 153
255 178
255 345
255 376
255 412
255 500
256 6
256 222
256 249
256 314
256 477
256 493
257 20
257 183
257 213
257 421
257 442
257 491
258 202
258 205
258 397
258 422
258 466
258 491
259 91
259 114
259 176
259 407
259 416
259 465
260 273
260 316
260 461
260 466
260 489
260 490
261 202
261 250
261 273
261 323
261 417
261 465
262 89
262 94
262 263
262 356
262 362
262 378
263 240
263 245
263 262
263 297
263 476
263 494
264 56
264 253
264 346
264 433
264 484
264 494
265 124
265 295
265 353
265 383
265 398
265 489
266 203
266 273
266 422
266 456
266 486
266 498
267 25
267 141
267 188
267 388
267 439
267 453
268 133
268 304
268 310
268 409
268 449
268 454
269 48
269 152
269 193
269 279
269 322
269 488
270 199
270 330
270 372
270 387
270 449
270 498
271 4
271 217
271 315
271 394
271 396
271 466
272 12
272 74
272 162
272 357
272 376
272 489
273 260
273 261
273 266
273 285
273 321
273 418
274 11
274 216
274 220
274 401
274 416
274 488
275 81
275 227
275 241
275 276
275 421
275 469
276 67
276 227
276 275
276 375
276 438
276 490
277 326
277 366
277 392
277 421
277 423
277 475
278 308
278 319
278 400
278 403
278 468
278 494
279 113
279 211
279 269
279 360
279 363
279 375
280 174
280 205
280 322
280 351
280 456
280 494
281 94
281 295
281 359
281 380
281 392
281 456
282 149
282 208
282 300
282 380
282 424
282 429
282 477
283 229
283 430
283 444
283 458
283 467
283 486
283 498
284 127
284 419
284 428
284 445
284 452
284 454
284 471
285 5
285 47
285 190
285 273
285 332
285 366
285 372
286 145
286 190
286 294
286 427
286 439
286 477
286 499
287 28
287 141
287 298
287 309
287 361
287 489
287 496
288 362
288 366
288 388
288 417
288 437
288 471
288 482
289 92
289 104
289 124
289 158
289 169
289 463
289 484
290 66
290 104
290 122
290 126
290 139
290 456
290 485
291 5
291 102
291 120
291 128
291 219
291 345
291 365
292 57
292 65
292 79
292 340
292 385
292 478
292 487
293 27
293 28
293 131
293 251
293 304
293 329
293 382
294 9
294 51
294 286
294 437
294 466
294 472
294 485
295 109
295 265
295 281
295 325
295 458
295 469
295 495
296 34
296 148
296 253
296 328
296 367
296 377
296 492
297 35
297 149
297 166
297 178
297 263
297 306
297 389
298 42
298 200
298 287
298 347
298 427
298 439
298 487
299 14
299 18
299 84
299 359
299 415
299 456
299 475
300 60
300 232
300 282
300 364
300 402
300 447
300 497
301 90
301 177
301 189
301 239
301 435
301 481
301 493
302 75
302 117
302 171
302 194
302 245
302 384
302 472
303 149
303 242
303 304
303 312
303 372
303 427
303 464
304 85
304 268
304 293
304 303
304 427
304 495
304 497
305 7
305 30
305 114
305 185
305 370
305 451
305 480
306 10
306 29
306 96
306 216
306 226
306 297
306 476
307 85
307 122
307 195
307 252
307 332
307 416
307 455
308 93
308 103
308 128
308 278
308 406
308 411
308 422
309 113
309 252
309 287
309 390
309 399
309 447
309 484
310 67
310 78
310 172
310 268
310 359
310 418
310 497
311 137
311 248
311 314
311 357
311 451
311 462
311 467
312 50
312 170
312 172
312 303
312 324
312 403
312 455
313 35
313 122
313 343
313 440
313 464
313 474
313 497
314 256
314 311
314 322
314 386
314 433
314 467
314 479
315 16
315 152
315 155
315 243
315 271
315 352
315 406
316 48
316 246
316 260
316 338
316 452
316 481
316 499
317 72
317 146
317 204
317 355
317 358
317 418
317 424
318 43
318 103
318 126
318 140
318 339
318 398
318 480
319 1
319 117
319 190
319 278
319 464
319 486
319 500
320 9
320 53
320 92
320 152
320 191
320 213
320 328
321 1
321 273
321 340
321 437
321 451
321 491
321 494
322 49
322 247
322 269
322 280
322 314
322 348
322 420
323 16
323 86
323 158
323 184
323 261
323 325
323 459
324 43
324 69
324 144
324 312
324 374
324 377
324 397
325 50
325 93
325 163
325 295
325 323
325 438
325 469
326 277
326 332
326 354
326 362
326 379
326 415
326 473
327 159
327 215
327 337
327 373
327 475
327 478
327 492
328 296
328 320
328 340
328 383
328 445
328 451
328 487
329 21
329 128
329 180
329 293
329 343
329 403
329 437
330 129
330 270
330 389
330 478
330 481
330 490
330 500
331 97
331 109
331 197
331 396
331 399
331 462
331 478
332 201
332 285
332 307
332 326
332 390
332 398
332 474
333 198
333 206
333 225
333 346
333 440
333 449
333 468
334 27
334 110
334 170
334 369
334 451
334 489
334 495
335 150
335 349
335 367
335 382
335 414
335 461
335 483
336 371
336 374
336 436
336 446
336 481
336 483
336 499
337 52
337 118
337 123
337 218
337 327
337 384
337 472
338 2
338 71
338 316
338 399
338 433
338 452
338 492
338 499
339 53
339 167
339 201
339 318
339 342
339 373
339 418
339 446
340 95
340 292
340 321
340 328
340 354
340 356
340 383
340 455
341 16
341 62
341 87
341 199
341 442
341 464
341 472
341 477
342 105
342 229
342 339
342 355
342 415
342 420
342 452
342 494
343 71
343 153
343 215
343 313
343 329
343 393
343 417
343 485
344 161
344 206
344 224
344 252
344 408
344 444
344 470
344 500
345 37
345 113
345 176
345 255
345 291
345 384
345 396
345 436
346 56
346 123
346 189
346 264
346 333
346 464
346 496
346 498
347 15
347 298
347 395
347 408
347 456
347 486
347 488
347 495
348 31
348 98
348 143
348 193
348 322
348 361
348 433
348 445
349 43
349 60
349 335
349 394
349 428
349 451
349 479
349 500
350 17
350 22
350 186
350 229
350 362
350 401
350 429
350 497
351 63
351 150
351 196
351 280
351 354
351 385
351 408
351 472
352 206
352 227
352 315
352 432
352 448
352 451
352 463
352 475
353 15
353 67
353 176
353 209
353 238
353 265
353 374
353 439
354 96
354 182
354 326
354 340
354 351
354 401
354 413
354 463
354 477
355 19
355 165
355 196
355 317
355 342
355 448
355 457
355 459
356 35
356 55
356 192
356 262
356 340
356 424
356 495
356 500
357 135
357 157
357 272
357 311
357 396
357 440
357 495
357 499
358 42
358 45
358 49
358 77
358 124
358 132
358 225
358 317
359 196
359 220
359 281
359 299
359 310
359 453
359 461
359 479
360 158
360 214
360 279
360 362
360 368
360 387
360 444
360 492
361 6
361 28
361 287
361 348
361 417
361 443
361 455
361 471
362 97
362 146
362 262
362 288
362 326
362 350
362 360
362 428
363 54
363 55
363 145
363 151
363 279
363 367
363 452
363 482
364 33
364 76
364 99
364 159
364 254
364 300
364 426
364 429
365 26
365 44
365 60
365 98
365 291
365 395
365 410
365 474
366 25
366 59
366 224
366 277
366 285
366 288
366 429
366 487
367 83
367 110
367 296
367 335
367 363
367 379
367 405
367 431
368 173
368 199
368 206
368 219
368 360
368 369
368 444
368 452
369 10
369 180
369 245
369 334
369 368
369 391
369 401
369 473
370 32
370 77
370 235
370 243
370 305
370 402
370 409
370 480
371 78
371 146
371 219
371 336
371 414
371 445
371 460
371 492
372 147
372 163
372 182
372 270
372 285
372 303
372 430
372 455
373 53
373 62
373 160
373 221
373 327
373 339
373 379
373 414
374 212
374 240
374 324
374 336
374 353
374 431
374 468
374 480
375 159
375 243
375 252
375 276
375 279
375 381
375 383
375 472
376 80
376 156
376 255
376 272
376 422
376 426
376 469
376 484
376 491
377 13
377 44
377 68
377 113
377 296
377 324
377 414
377 429
377 498
378 22
378 59
378 60
378 163
378 235
378 246
378 262
378 416
378 440
379 5
379 162
379 216
379 326
379 367
379 373
379 447
379 448
379 466
380 5
380 13
380 21
380 112
380 118
380 192
380 281
380 282
380 397
381 5
381 146
381 233
381 375
381 400
381 460
381 466
381 468
381 470
382 108
382 202
382 293
382 335
382 397
382 449
382 454
382 482
382 492
383 112
383 193
383 265
383 328
383 340
383 375
383 441
383 490
383 496
384 186
384 302
384 337
384 345
384 396
384 407
384 409
384 464
384 477
385 107
385 146
385 174
385 233
385 247
385 292
385 351
385 388
385 484
386 58
386 112
386 120
386 147
386 166
386 314
386 393
386 434
386 478
387 104
387 270
387 360
387 402
387 409
387 413
387 457
387 484
387 489
388 22
388 37
388 267
388 288
388 385
388 420
388 453
388 478
388 482
389 63
389 87
389 109
389 184
389 196
389 297
389 330
389 483
389 497
390 172
390 226
390 309
390 332
390 404
390 457
390 467
390 484
390 495
391 18
391 41
391 84
391 127
391 181
391 205
391 369
391 462
391 498
392 30
392 144
392 204
392 231
392 240
392 277
392 281
392 425
392 484
393 22
393 184
393 253
393 343
393 386
393 406
393 436
393 443
393 481
394 154
394 200
394 271
394 349
394 435
394 453
394 477
394 493
394 499
395 54
395 63
395 86
395 95
395 103
395 162
395 347
395 365
395 460
396 89
396 271
396 331
396 345
396 357
396 384
396 426
396 462
396 497
397 25
397 38
397 216
397 258
397 324
397 380
397 382
397 457
397 492
398 143
398 210
398 265
398 318
398 332
398 406
398 420
398 430
398 449
399 94
399 214
399 234
399 309
399 331
399 338
399 446
399 455
399 461
400 161
400 214
400 215
400 223
400 235
400 278
400 381
400 428
400 434
401 274
401 350
401 354
401 369
401 424
401 431
401 476
401 496
401 500
402 74
402 117
402 135
402 300
402 370
402 387
402 412
402 464
402 500
403 52
403 278
403 312
403 329
403 410
403 422
403 437
403 447
403 460
404 24
404 139
404 390
404 476
404 482
404 487
404 489
404 491
404 497
405 89
405 161
405 169
405 191
405 209
405 238
405 367
405 430
405 459
406 142
406 308
406 315
406 393
406 398
406 417
406 472
406 476
406 482
407 68
407 88
407 259
407 384
407 431
407 432
407 441
407 452
407 464
408 4
408 11
408 100
408 129
408 344
408 347
408 351
408 413
408 498
409 7
409 56
409 268
409 370
409 384
409 387
409 432
409 450
409 459
410 27
410 139
410 198
410 200
410 209
410 365
410 403
410 446
410 475
411 52
411 115
411 131
411 234
411 308
411 420
411 431
411 460
411 476
411 496
412 58
412 116
412 195
412 248
412 255
412 402
412 414
412 426
412 452
412 460
413 167
413 243
413 354
413 387
413 408
413 441
413 446
413 452
413 492
413 500
414 17
414 92
414 335
414 371
414 373
414 377
414 412
414 426
414 434
414 474
415 131
415 141
415 299
415 326
415 342
415 420
415 426
415 428
415 444
415 480
416 55
416 122
416 156
416 204
416 259
416 274
416 307
416 378
416 486
416 499
417 41
417 42
417 198
417 212
417 231
417 261
417 288
417 343
417 361
417 406
418 92
418 133
418 273
418 310
418 317
418 339
418 450
418 460
418 470
418 500
419 61
419 96
419 214
419 241
419 284
419 439
419 443
419 476
419 485
419 498
420 123
420 322
420 342
420 388
420 398
420 411
420 415
420 489
420 494
420 497
421 49
421 65
421 112
421 115
421 245
421 257
421 275
421 277
421 451
421 482
422 191
422 221
422 258
422 266
422 308
422 376
422 403
422 439
422 456
422 477
423 1
423 9
423 66
423 121
423 147
423 217
423 239
423 277
423 427
423 441
423 459
424 7
424 90
424 128
424 137
424 282
424 317
424 356
424 401
424 425
424 436
424 493
425 125
425 130
425 140
425 211
425 392
425 424
425 430
425 435
425 467
425 497
425 498
426 20
426 43
426 77
426 236
426 364
426 376
426 396
426 412
426 414
426 415
426 457
427 30
427 74
427 286
427 298
427 303
427 304
427 423
427 438
427 451
427 457
427 493
428 13
428 21
428 35
428 176
428 234
428 284
428 349
428 362
428 400
428 415
428 480
429 57
429 94
429 137
429 181
429 182
429 192
429 282
429 350
429 364
429 366
429 377
430 28
430 40
430 46
430 283
430 372
430 398
430 405
430 425
430 483
430 484
430 500
431 98
431 124
431 129
431 213
431 367
431 374
431 401
431 407
431 411
431 486
431 493
432 12
432 36
432 56
432 99
432 109
432 172
432 190
432 352
432 407
432 409
432 467
433 40
433 73
433 149
433 168
433 179
433 264
433 314
433 338
433 348
433 436
433 498
434 13
434 46
434 73
434 147
434 386
434 400
434 414
434 447
434 457
434 495
434 496
435 18
435 76
435 95
435 207
435 210
435 237
435 301
435 394
435 425
435 459
435 491
436 24
436 89
436 125
436 205
436 336
436 345
436 393
436 424
436 433
436 490
436 494
437 2
437 41
437 144
437 155
437 236
437 288
437 294
437 321
437 329
437 403
437 454
438 8
438 56
438 135
438 201
438 276
438 325
438 427
438 454
438 467
438 472
438 493
439 94
439 136
439 138
439 267
439 286
439 298
439 353
439 419
439 422
439 464
439 499
440 31
440 90
440 95
440 126
440 139
440 205
440 242
440 313
440 333
440 357
440 378
440 441
441 67
441 149
441 168
441 189
441 250
441 383
441 407
441 413
441 423
441 440
441 475
441 499
442 44
442 54
442 57
442 97
442 119
442 178
442 244
442 257
442 341
442 450
442 473
442 477
443 126
443 141
443 179
443 196
443 216
443 224
443 239
443 361
443 393
443 419
443 453
443 469
444 53
444 72
444 138
444 155
444 238
444 283
444 344
444 360
444 368
444 415
444 481
444 497
445 60
445 158
445 183
445 216
445 250
445 284
445 328
445 348
445 371
445 450
445 458
445 463
446 12
446 70
446 170
446 187
446 336
446 339
446 399
446 410
446 413
446 449
446 451
446 489
447 6
447 19
447 37
447 82
447 84
447 221
447 236
447 300
447 309
447 379
447 403
447 434
448 137
448 186
448 197
448 202
448 239
448 352
448 355
448 379
448 456
448 467
448 471
448 473
449 32
449 66
449 141
449 202
449 222
449 268
449 270
449 333
449 382
449 398
449 446
449 489
450 69
450 96
450 165
450 221
450 238
450 242
450 409
450 418
450 442
450 445
450 474
450 491
451 218
451 222
451 305
451 311
451 321
451 328
451 334
451 349
451 352
451 421
451 427
451 446
452 47
452 284
452 316
452 338
452 342
452 363
452 368
452 407
452 412
452 413
452 465
452 482
453 39
453 48
453 194
453 243
453 267
453 359
453 388
453 394
453 443
453 463
453 474
453 481
454 3
454 31
454 108
454 137
454 217
454 268
454 284
454 382
454 437
454 438
454 463
454 491
455 8
455 70
455 114
455 175
455 246
455 307
455 312
455 340
455 361
455 372
455 399
455 468
456 110
456 133
456 210
456 251
456 266
456 280
456 281
456 290
456 299
456 347
456 422
456 448
457 36
457 99
457 175
457 232
457 247
457 355
457 387
457 390
457 397
457 426
457 427
457 434
457 461
458 48
458 61
458 71
458 144
458 153
458 244
458 283
458 295
458 445
458 462
458 464
458 471
458 492
459 10
459 73
459 186
459 205
459 323
459 355
459 405
459 409
459 423
459 435
459 464
459 471
459 473
460 116
460 132
460 223
460 371
460 381
460 395
460 403
460 411
460 412
460 418
460 463
460 486
460 489
461 12
461 154
461 182
461 239
461 254
461 260
461 335
461 359
461 399
461 457
461 464
461 482
461 491
462 59
462 83
462 145
462 311
462 331
462 391
462 396
462 458
462 475
462 481
462 488
462 498
462 499
463 87
463 135
463 138
463 169
463 199
463 250
463 289
463 352
463 354
463 445
463 453
463 454
463 460
464 303
464 313
464 319
464 341
464 346
464 384
464 402
464 407
464 439
464 458
464 459
464 461
464 479
465 3
465 23
465 40
465 130
465 148
465 192
465 227
465 259
465 261
465 452
465 466
465 471
465 493
466 14
466 125
466 206
466 258
466 260
466 271
466 294
466 379
466 381
466 465
466 488
466 492
466 500
467 136
467 157
467 165
467 222
467 227
467 283
467 311
467 314
467 390
467 425
467 432
467 438
467 448
468 45
468 54
468 62
468 65
468 88
468 165
468 174
468 208
468 278
468 333
468 374
468 381
468 455
469 19
469 73
469 86
469 119
469 203
469 275
469 295
469 325
469 376
469 443
469 486
469 492
469 493
469 494
470 23
470 29
470 31
470 106
470 119
470 185
470 248
470 249
470 344
470 381
470 418
470 485
470 491
470 496
471 34
471 50
471 58
471 80
471 82
471 130
471 284
471 288
471 361
471 448
471 458
471 459
471 465
471 496
472 108
472 212
472 241
472 294
472 302
472 337
472 341
472 351
472 375
472 406
472 438
472 481
472 488
472 492
473 16
473 21
473 75
473 184
473 185
473 209
473 230
473 244
473 326
473 369
473 442
473 448
473 459
473 483
474 4
474 39
474 160
474 173
474 188
474 222
474 228
474 236
474 313
474 332
474 365
474 414
474 450
474 453
475 18
475 78
475 102
475 131
475 218
475 233
475 241
475 277
475 299
475 327
475 352
475 410
475 441
475 462
476 75
476 185
476 215
476 228
476 240
476 263
476 306
476 401
476 404
476 406
476 411
476 419
476 481
476 493
477 32
477 57
477 161
477 224
477 256
477 282
477 286
477 341
477 354
477 384
477 394
477 422
477 442
477 490
477 498
478 64
478 69
478 93
478 106
478 138
478 164
478 242
478 254
478 292
478 327
478 330
478 331
478 386
478 388
478 491
479 8
479 49
479 108
479 155
479 167
479 180
479 203
479 211
479 215
479 314
479 349
479 359
479 464
479 497
479 499
480 10
480 134
480 150
480 154
480 200
480 305
480 318
480 370
480 374
480 415
480 428
480 487
480 489
480 490
480 498
481 65
481 79
481 122
481 127
481 201
481 301
481 316
481 330
481 336
481 393
481 444
481 453
481 462
481 472
481 476
482 32
482 34
482 68
482 150
482 163
482 171
482 288
482 363
482 382
482 388
482 404
482 406
482 421
482 452
482 461
483 9
483 16
483 30
483 31
483 40
483 77
483 91
483 226
483 244
483 335
483 336
483 389
483 430
483 473
483 491
484 74
484 194
484 264
484 289
484 309
484 376
484 385
484 387
484 390
484 392
484 430
484 485
484 496
484 499
484 500
485 100
485 111
485 121
485 130
485 152
485 168
485 174
485 201
485 207
485 225
485 290
485 294
485 343
485 419
485 470
485 484
486 15
486 66
486 95
486 107
486 115
486 151
486 197
486 231
486 233
486 266
486 283
486 319
486 347
486 416
486 431
486 460
486 469
486 492
487 12
487 15
487 21
487 22
487 97
487 113
487 142
487 159
487 219
487 241
487 292
487 298
487 328
487 366
487 404
487 480
487 490
488 2
488 7
488 30
488 70
488 140
488 154
488 160
488 220
488 241
488 269
488 274
488 347
488 462
488 466
488 472
488 498
488 500
489 20
489 71
489 72
489 214
489 254
489 260
489 265
489 272
489 287
489 334
489 387
489 404
489 420
489 446
489 449
489 460
489 480
489 496
490 10
490 49
490 70
490 178
490 189
490 208
490 225
490 260
490 276
490 330
490 383
490 436
490 477
490 480
490 487
490 493
490 494
490 496
491 112
491 115
491 203
491 257
491 258
491 321
491 376
491 404
491 435
491 450
491 454
491 461
491 470
491 478
491 483
491 494
491 495
491 497
492 63
492 116
492 210
492 253
492 296
492 327
492 338
492 360
492 371
492 382
492 397
492 413
492 458
492 466
492 469
492 472
492 486
492 494
493 64
493 80
493 81
493 84
493 121
493 217
493 252
493 256
493 301
493 394
493 424
493 427
493 431
493 438
493 465
493 469
493 476
493 490
494 41
494 127
494 162
494 196
494 249
494 263
494 264
494 278
494 280
494 321
494 342
494 420
494 436
494 469
494 490
494 491
494 492
494 495
494 497
495 37
495 61
495 81
495 142
495 166
495 187
495 200
495 250
495 295
495 304
495 334
495 347
495 356
495 357
495 390
495 434
495 491
495 494
495 499
496 17
496 24
496 82
496 83
496 177
496 191
496 287
496 346
496 383
496 401
496 411
496 434
496 470
496 471
496 484
496 489
496 490
496 498
496 499
497 17
497 102
497 123
497 213
497 237
497 300
497 304
497 310
497 313
497 350
497 389
497 396
497 404
497 420
497 425
497 444
497 479
497 491
497 494
498 19
498 78
498 148
498 173
498 266
498 270
498 283
498 346
498 377
498 391
498 408
498 419
498 425
498 433
498 462
498 477
498 480
498 488
498 496
499 33
499 98
499 121
499 140
499 195
499 225
499 247
499 286
499 316
499 336
499 338
499 357
499 394
499 416
499 439
499 441
499 462
499 479
499 484
499 495
499 496
500 62
500 64
500 81
500 217
500 220
500 226
500 255
500 319
500 330
500 344
500 349
500 356
500 401
500 402
500 413
500 418
500 430
500 466
500 484
500 488
