1 34
2 41
3 46
4 47
5 22
6 32
7 11
8 26
9 33
10 44
11 2
12 11
13 41
14 45
15 13
16 3
17 33
18 27
19 21
20 19
21 34
22 47
23 4
24 34
25 18
26 49
27 5
28 9
29 47
30 35
31 2
32 8
33 13
34 18
35 19
36 34
37 30
38 48
39 8
40 34
41 48
42 34
43 7
44 46
45 49
46 12
47 40
48 7
49 20
50 46
51 19
52 20
53 12
54 15
55 6
56 36
57 1
58 36
59 44
60 7
61 44
62 3
63 42
64 10
65 11
66 33
67 47
68 20
69 9
70 39
71 4
72 12
73 21
74 31
75 11
76 29
77 20
78 8
79 42
80 45
81 41
82 37
83 27
84 8
85 33
86 2
87 2
88 5
89 37
90 23
91 29
92 47
93 17
94 49
95 12
96 7
97 25
98 40
99 12
100 46
101 37
102 26
103 3
104 47
105 37
106 41
107 11
108 18
109 45
110 47
111 22
112 19
113 49
114 27
115 18
116 6
117 35
118 12
119 41
120 39
121 29
122 12
123 8
124 37
125 34
126 2
127 35
128 25
129 29
130 14
131 49
132 47
133 24
134 26
135 41
136 4
137 45
138 18
139 26
140 31
141 38
142 11
143 43
144 39
145 16
146 23
147 32
148 19
149 46
150 39
151 33
152 46
153 47
154 32
155 39
156 24
157 6
158 23
159 6
160 18
161 47
162 30
163 2
164 17
165 41
166 19
167 3
168 45
169 33
170 48
171 46
172 17
173 6
174 40
175 24
176 24
177 2
178 10
179 10
180 17
181 4
182 39
183 14
184 48
185 35
186 36
187 3
188 23
189 44
190 34
191 23
192 47
193 19
194 10
195 7
196 23
197 37
198 17
199 46
200 20
201 47
202 42
203 18
204 26
205 29
206 47
207 18
208 30
209 44
210 8
211 41
212 49
213 30
214 32
215 41
216 2
217 23
218 41
219 26
220 28
221 32
222 2
223 12
224 6
225 29
226 26
227 8
228 22
229 25
230 41
231 40
232 23
233 20
234 22
235 40
236 43
237 37
238 7
239 34
240 14
241 5
242 25
243 29
244 8
245 22
246 33
247 34
248 34
249 18
250 9
251 2
252 44
253 27
254 25
255 25
256 19
257 14
258 43
259 7
260 49
261 15
262 42
263 17
264 16
265 31
266 45
267 42
268 18
269 42
270 48
271 45
272 45
273 17
274 19
275 44
276 46
277 38
278 49
279 44
280 41
281 46
282 6
283 34
284 21
285 12
286 12
287 49
288 42
289 42
290 40
291 10
292 29
293 3
294 28
295 13
296 7
297 10
298 42
299 33
300 14
301 25
302 18
303 7
304 29
305 31
306 44
307 46
308 47
309 44
310 7
311 33
312 7
313 18
314 34
315 12
316 43
317 40
318 32
319 9
320 1
321 5
322 11
323 5
324 49
325 20
326 32
327 24
328 10
329 45
330 26
331 21
332 37
333 28
334 39
335 15
336 24
337 43
338 49
339 7
340 43
341 1
342 41
343 12
344 4
345 33
346 25
347 3
348 46
349 48
350 10
351 14
352 45
353 49
354 45
355 5
356 15
357 12
358 7
359 38
360 36
361 38
362 2
363 46
364 23
365 18
366 7
367 1
368 23
369 1
370 18
371 45
372 29
373 25
374 5
375 40
376 47
377 7
378 13
379 5
380 14
381 45
382 45
383 22
384 48
385 32
386 39
387 27
388 7
389 5
390 13
391 35
392 6
393 29
394 38
395 6
396 34
397 48
398 7
399 16
400 12
401 46
402 41
403 31
404 47
405 7
406 45
407 41
408 31
409 2
410 38
411 20
412 15
413 43
414 45
415 23
416 6
417 42
418 14
419 32
420 16
421 47
422 9
423 11
424 17
425 13
426 7
427 29
428 27
429 28
430 48
431 46
432 5
433 47
434 44
435 46
436 7
437 12
438 30
439 42
440 44
441 33
442 47
443 49
444 30
445 5
446 8
447 28
448 40
449 13
450 47
451 47
452 21
453 9
454 12
455 41
456 20
457 14
458 44
459 39
460 33
461 46
462 18
463 37
464 36
465 48
466 23
467 10
468 7
469 6
470 16
471 8
472 23
473 5
474 14
475 46
476 43
477 43
478 1
479 6
480 7
481 11
482 45
483 35
484 46
485 24
486 45
487 36
488 15
489 33
490 25
491 5
492 18
493 9
494 1
495 28
496 49
497 41
498 4
499 11
500 10
