1 139
1 235
1 300
1 351
2 152
2 223
2 331
2 418
2 419
3 155
3 158
3 244
3 449
3 485
4 231
4 442
4 469
4 477
4 479
5 26
5 388
5 406
5 469
5 479
6 11
6 88
6 210
6 293
6 388
7 12
7 30
7 280
7 454
7 489
8 28
8 29
8 151
8 194
8 210
8 316
8 383
9 152
9 210
9 262
9 319
9 419
10 11
10 187
10 299
10 326
10 406
11 6
11 10
11 65
11 433
11 443
11 471
12 7
12 69
12 86
12 218
12 241
13 75
13 298
13 322
13 450
13 473
14 107
14 160
14 174
14 455
14 484
15 18
15 220
15 237
15 364
16 19
16 23
16 267
16 346
16 356
16 365
17 31
17 40
17 204
17 312
17 345
18 15
18 99
18 266
18 443
18 471
19 16
19 23
19 81
19 149
19 287
20 45
20 134
20 187
20 188
20 420
21 168
21 197
21 200
21 426
21 478
22 157
22 164
22 173
22 283
23 16
23 19
23 133
23 213
23 332
24 26
24 34
24 60
24 107
24 207
25 30
25 32
25 391
25 393
25 425
26 5
26 24
26 278
26 369
26 469
26 479
27 115
27 180
27 227
27 243
27 268
27 321
27 337
27 372
27 421
27 492
28 8
28 37
28 55
28 179
28 309
28 366
28 368
28 442
28 476
28 490
29 8
29 94
29 108
29 245
29 273
30 7
30 25
30 32
30 78
30 454
30 489
31 17
31 33
31 51
31 126
31 345
32 25
32 30
32 304
32 407
32 409
32 471
32 491
33 31
33 50
33 144
33 373
33 461
34 24
34 35
34 60
34 107
34 207
35 34
35 146
35 162
35 186
35 211
35 263
36 41
36 110
36 147
36 314
36 338
36 342
36 477
37 28
37 39
37 55
37 179
37 277
37 301
37 309
37 366
37 368
37 441
37 442
37 446
37 476
37 485
37 486
37 490
37 497
38 150
38 335
38 445
38 467
38 493
39 37
39 43
39 301
39 309
39 476
39 490
39 494
39 497
40 17
40 106
40 176
40 246
40 295
40 304
40 305
40 308
40 320
40 354
40 376
41 36
41 43
41 76
41 234
41 456
42 44
42 114
42 240
42 353
42 411
43 39
43 41
43 117
43 120
43 281
43 394
43 399
43 423
43 463
44 42
44 61
44 224
44 271
44 343
44 361
45 20
45 46
45 47
45 134
45 226
45 420
46 45
46 47
46 275
46 450
46 474
46 478
46 495
47 45
47 46
47 192
47 331
47 492
47 494
48 50
48 208
48 216
48 323
48 347
49 102
49 116
49 393
49 425
49 481
50 33
50 48
50 265
50 357
50 461
51 31
51 126
51 154
51 265
51 266
51 345
52 54
52 68
52 382
52 387
52 449
52 464
52 485
53 56
53 88
53 91
53 101
53 347
53 404
53 418
53 472
53 488
53 499
54 52
54 100
54 199
54 335
54 377
55 28
55 37
55 57
55 58
55 446
55 497
56 53
56 205
56 209
56 435
56 462
57 55
57 58
57 59
57 300
57 344
57 351
58 55
58 57
58 167
58 221
58 233
59 57
59 61
59 64
59 129
59 257
59 300
59 344
59 432
60 24
60 34
60 62
60 107
61 44
61 59
61 64
61 224
61 271
61 343
61 361
61 384
62 60
62 91
62 459
62 498
62 499
63 65
63 157
63 289
63 297
63 319
63 424
63 440
63 457
63 477
64 59
64 61
64 91
64 209
64 248
64 296
64 318
64 459
64 486
64 498
64 499
65 11
65 63
65 433
65 491
66 67
66 74
66 156
66 213
66 357
66 451
67 66
67 131
67 155
67 175
67 357
67 403
68 52
68 71
68 189
68 232
68 244
68 255
68 382
68 387
68 439
68 445
68 449
68 464
68 485
69 12
69 86
69 218
69 381
69 382
70 80
70 82
70 298
70 397
70 402
70 448
70 466
71 68
71 143
71 198
71 270
72 82
72 83
72 132
72 170
72 493
73 75
73 77
73 185
73 253
73 473
73 478
73 495
74 66
74 156
74 213
74 250
74 303
74 306
74 332
74 414
74 438
74 451
75 13
75 73
75 414
75 450
75 473
76 41
76 78
76 138
76 234
76 456
77 73
77 334
77 346
77 356
77 365
78 30
78 76
78 172
78 454
78 489
79 84
79 100
79 199
79 335
79 377
80 70
80 83
80 145
80 357
80 406
81 19
81 149
81 287
81 313
81 316
81 319
81 400
82 70
82 72
82 145
82 204
82 261
82 406
82 412
82 447
82 470
83 72
83 80
83 85
83 406
83 412
84 79
84 113
84 177
84 195
84 272
84 392
85 83
85 90
85 100
85 249
85 377
85 413
86 12
86 69
86 87
86 218
86 241
87 86
87 452
87 492
87 494
88 6
88 53
88 91
88 101
88 191
88 194
88 276
88 430
88 499
89 92
89 158
89 329
89 340
90 85
90 93
90 363
90 402
90 448
90 466
91 53
91 62
91 64
91 88
91 101
91 182
91 209
91 248
91 318
91 459
91 486
91 498
91 499
92 89
92 307
92 459
92 486
92 499
93 90
93 98
93 321
93 453
93 474
94 29
94 95
94 108
94 245
94 378
95 94
95 160
95 174
95 193
95 429
95 484
96 139
96 183
96 215
96 313
96 388
96 408
97 100
97 418
97 435
97 462
97 488
98 93
98 105
98 122
98 167
98 181
98 219
99 18
99 310
99 407
99 471
99 491
100 54
100 79
100 85
100 97
100 413
101 53
101 88
101 91
101 140
101 182
101 317
101 325
101 371
101 460
101 499
102 49
102 116
102 158
102 205
102 315
102 329
102 340
102 481
103 104
103 164
103 173
103 225
103 283
104 103
104 318
104 459
104 486
104 499
105 98
105 106
105 121
105 159
105 258
106 40
106 105
106 110
106 176
106 246
106 292
106 295
106 305
106 320
106 354
106 376
107 14
107 24
107 34
107 60
107 207
107 298
108 29
108 94
108 109
108 273
108 378
109 108
109 229
109 370
109 375
109 454
110 36
110 106
110 112
110 239
110 314
111 296
111 299
111 346
111 356
111 365
112 110
112 114
112 260
112 278
112 369
112 427
112 469
112 479
113 84
113 115
113 177
113 272
113 385
114 42
114 112
114 117
114 130
114 240
114 252
114 353
114 396
114 411
115 27
115 113
115 243
115 337
115 372
116 49
116 102
116 123
116 159
116 258
117 43
117 114
117 423
117 440
117 463
118 250
118 438
118 440
118 451
118 476
119 120
119 331
119 452
119 492
119 494
120 43
120 119
120 281
120 381
120 423
120 463
121 105
121 122
121 159
121 258
122 98
122 121
122 181
122 219
122 233
123 116
123 130
123 140
123 208
123 216
123 347
123 404
123 405
123 462
123 472
123 488
124 355
124 398
124 428
124 440
124 476
125 136
125 153
125 171
125 269
125 415
125 476
126 31
126 51
126 127
126 154
126 345
127 126
127 192
127 331
127 452
127 481
127 492
127 494
128 129
128 220
128 237
128 364
128 480
129 59
129 128
129 235
129 300
129 344
130 114
130 123
130 140
130 153
130 240
130 353
130 411
131 67
131 132
131 155
131 175
131 403
132 72
132 131
132 170
132 437
132 493
133 23
133 143
133 250
133 332
133 442
134 20
134 45
134 135
134 226
134 420
135 134
135 341
135 429
135 455
135 482
136 125
136 138
136 171
136 269
136 415
137 141
137 143
137 459
137 486
137 499
138 76
138 136
138 234
138 456
139 1
139 96
139 247
139 248
139 489
140 101
140 123
140 130
140 153
140 182
140 242
140 317
140 371
140 379
140 460
141 137
141 143
141 190
141 198
141 270
141 476
142 143
142 146
142 190
142 198
142 270
143 71
143 133
143 137
143 141
143 142
143 190
143 198
143 270
143 282
144 33
144 145
144 150
144 357
144 373
144 461
145 80
145 82
145 144
145 150
145 261
145 412
145 470
146 35
146 142
146 162
146 186
146 263
147 36
147 148
147 239
147 314
147 342
148 147
148 192
148 331
148 492
148 494
149 19
149 81
149 287
149 400
149 432
150 38
150 144
150 145
150 467
150 493
151 8
151 152
151 154
151 194
151 276
151 293
151 302
151 383
151 430
152 2
152 9
152 151
152 154
152 223
152 262
152 419
153 125
153 130
153 140
153 163
153 165
153 269
153 374
153 415
154 51
154 126
154 151
154 152
154 345
155 3
155 67
155 131
155 403
155 466
156 66
156 74
156 213
156 250
156 303
156 306
156 432
156 438
156 451
157 22
157 63
157 264
157 289
157 297
157 303
157 324
157 362
157 440
157 457
157 469
157 477
157 488
158 3
158 89
158 102
158 205
158 315
158 329
158 466
159 105
159 116
159 121
159 161
159 258
159 466
160 14
160 95
160 162
160 193
160 429
160 455
161 159
161 260
161 278
161 348
161 369
161 426
161 427
161 469
161 479
162 35
162 146
162 160
162 211
162 263
163 153
163 269
163 374
163 415
163 498
164 22
164 103
164 170
164 225
164 283
164 426
165 153
165 169
165 194
165 355
165 398
166 172
166 182
166 254
166 317
166 496
167 58
167 98
167 181
167 219
167 221
167 233
167 344
167 410
168 21
168 170
168 182
168 254
168 317
168 496
169 165
169 194
169 307
169 309
169 441
169 442
169 497
170 72
170 132
170 164
170 168
170 437
170 467
170 493
171 125
171 136
171 216
171 217
171 269
171 374
171 415
172 78
172 166
172 230
172 280
172 370
172 454
172 489
173 22
173 103
173 175
173 177
173 225
173 283
174 14
174 95
174 256
174 260
174 455
174 484
175 67
175 131
175 173
175 177
175 403
176 40
176 106
176 295
176 305
176 346
176 472
177 84
177 113
177 173
177 175
177 308
177 385
177 392
178 179
178 238
178 434
178 493
179 28
179 37
179 178
179 309
179 441
179 497
180 27
180 181
180 183
180 243
180 337
180 372
181 98
181 122
181 167
181 180
181 183
181 221
181 233
182 91
182 101
182 140
182 166
182 168
182 190
182 289
182 317
182 364
182 371
182 379
182 460
183 96
183 180
183 181
183 188
183 215
183 313
183 388
183 414
184 185
184 284
184 298
184 441
184 466
185 73
185 184
185 380
185 441
185 473
185 474
186 35
186 146
186 189
186 211
186 263
187 10
187 20
187 299
187 311
187 326
187 358
187 422
187 431
187 441
187 444
187 468
188 20
188 183
188 195
188 313
188 414
189 68
189 186
189 244
189 439
189 485
190 141
190 142
190 143
190 182
190 198
190 289
190 364
190 438
191 88
191 194
191 201
191 276
191 379
191 380
192 47
192 127
192 148
192 197
192 256
192 331
192 336
192 390
192 452
192 481
192 492
192 494
193 95
193 160
193 200
193 214
193 222
193 279
193 286
193 290
193 334
193 341
193 429
193 455
193 482
194 8
194 88
194 151
194 165
194 169
194 191
194 276
194 302
194 307
194 430
195 84
195 188
195 196
195 272
195 308
195 385
195 392
196 195
196 198
196 217
196 228
196 285
196 287
196 475
197 21
197 192
197 200
197 473
197 478
198 71
198 141
198 142
198 143
198 190
198 196
198 202
198 270
198 282
199 54
199 79
199 249
199 307
199 318
199 320
200 21
200 193
200 197
200 473
200 478
201 191
201 258
201 301
201 316
201 430
202 198
202 206
202 236
202 397
202 402
202 466
203 206
203 208
203 253
203 360
203 391
203 425
204 17
204 82
204 311
204 406
204 412
204 470
205 56
205 102
205 158
205 208
205 315
205 329
206 202
206 203
206 323
206 347
206 462
206 472
207 24
207 34
207 107
207 283
207 284
208 48
208 123
208 203
208 205
208 216
208 488
209 56
209 64
209 91
209 215
209 459
209 498
209 499
210 6
210 8
210 9
210 302
210 322
210 430
211 35
211 162
211 186
211 213
211 263
212 234
212 240
212 264
212 427
212 440
212 477
213 23
213 66
213 74
213 156
213 211
214 193
214 220
214 222
214 286
214 334
214 484
215 96
215 183
215 209
215 216
215 313
215 414
216 48
216 123
216 171
216 208
216 215
217 171
217 196
217 218
217 228
217 285
217 287
217 400
218 12
218 69
218 86
218 217
218 219
218 241
219 98
219 122
219 167
219 218
219 221
219 222
220 15
220 128
220 214
220 237
220 364
220 480
221 58
221 167
221 181
221 219
221 223
221 233
222 193
222 214
222 219
222 224
222 294
222 341
222 455
222 484
223 2
223 152
223 221
223 262
223 419
224 44
224 61
224 222
224 226
224 271
224 343
224 384
225 103
225 164
225 173
225 227
225 283
226 45
226 134
226 224
226 231
226 420
227 27
227 225
227 243
227 268
227 372
228 196
228 217
228 229
228 291
228 400
228 475
229 109
229 228
229 247
229 280
229 288
229 370
230 172
230 288
230 350
230 370
230 410
230 454
230 493
231 4
231 226
231 233
231 369
231 469
231 479
232 68
232 255
232 281
232 282
232 382
232 445
233 58
233 122
233 167
233 181
233 221
233 231
233 427
234 41
234 76
234 138
234 212
234 427
234 456
235 1
235 129
235 244
235 344
236 202
236 238
236 397
236 402
236 448
236 466
237 15
237 128
237 220
237 240
237 480
237 488
238 178
238 236
238 274
238 437
238 493
239 110
239 147
239 245
239 314
239 338
239 342
240 42
240 114
240 130
240 212
240 237
240 252
240 353
240 396
241 12
241 86
241 218
241 242
241 243
242 140
242 241
242 243
242 379
242 460
243 27
243 115
243 180
243 227
243 241
243 242
243 268
243 337
243 372
243 421
244 3
244 68
244 189
244 235
244 460
244 471
244 482
244 485
244 493
245 29
245 94
245 239
245 273
245 378
246 40
246 106
246 247
246 249
246 292
246 320
246 354
246 376
247 139
247 229
247 246
247 249
247 410
247 454
247 489
248 64
248 91
248 139
248 459
248 498
248 499
249 85
249 199
249 246
249 247
249 377
249 413
250 74
250 118
250 133
250 156
250 251
250 254
250 332
250 438
250 451
251 250
251 254
251 269
251 374
251 389
251 415
252 114
252 240
252 353
252 389
252 411
252 479
253 73
253 203
253 329
253 360
253 391
253 393
253 425
253 500
254 166
254 168
254 250
254 251
254 317
254 460
255 68
255 232
255 257
255 382
255 445
255 463
256 174
256 192
256 331
256 492
256 494
257 59
257 255
257 259
257 344
257 351
257 432
258 105
258 116
258 121
258 159
258 201
258 300
259 257
259 261
259 274
259 328
259 367
259 437
259 493
260 112
260 161
260 174
260 348
260 469
260 479
261 82
261 145
261 259
261 263
261 447
261 465
261 470
262 9
262 152
262 223
262 264
262 419
263 35
263 146
263 162
263 186
263 211
263 261
263 265
264 157
264 212
264 262
264 289
264 457
264 477
265 50
265 51
265 263
265 357
265 373
266 18
266 51
266 310
266 384
266 407
266 409
266 433
266 443
266 471
266 491
267 16
267 270
267 346
267 356
267 365
267 384
268 27
268 227
268 243
268 270
268 337
268 372
268 384
269 125
269 136
269 153
269 163
269 171
269 251
269 368
269 369
269 389
270 71
270 141
270 142
270 143
270 198
270 267
270 268
270 282
271 44
271 61
271 224
271 274
271 275
271 343
271 361
272 84
272 113
272 195
272 273
272 385
273 29
273 108
273 245
273 272
273 378
274 238
274 259
274 271
274 275
274 328
274 367
274 426
274 434
274 437
274 467
275 46
275 271
275 274
275 450
275 474
275 495
276 88
276 151
276 191
276 194
276 277
276 278
276 293
276 302
276 430
277 37
277 276
277 278
277 309
277 349
277 490
277 497
278 26
278 112
278 161
278 276
278 277
278 348
278 369
278 416
278 417
278 427
278 469
279 193
279 280
279 290
279 294
279 334
279 459
279 484
280 7
280 172
280 229
280 279
280 281
280 370
280 454
281 43
281 120
281 232
281 280
281 352
281 381
281 394
281 463
282 143
282 198
282 232
282 270
282 283
283 22
283 103
283 164
283 173
283 207
283 225
283 282
284 184
284 207
284 286
284 397
284 402
284 448
284 466
285 196
285 217
285 287
285 292
285 400
286 193
286 214
286 284
286 287
286 294
286 482
286 484
287 19
287 81
287 149
287 196
287 217
287 285
287 286
287 290
287 291
287 400
287 475
288 229
288 230
288 347
288 350
288 410
288 412
288 454
289 63
289 157
289 182
289 190
289 264
289 297
289 324
289 362
289 364
289 438
289 440
289 457
289 477
290 193
290 279
290 287
290 291
290 429
290 455
290 484
291 228
291 287
291 290
291 293
291 400
291 475
292 106
292 246
292 285
292 320
292 333
292 354
293 6
293 151
293 276
293 291
293 295
293 302
293 316
294 222
294 279
294 286
294 348
294 349
294 484
295 40
295 106
295 176
295 293
295 296
295 305
295 320
296 64
296 111
296 295
296 459
296 486
296 498
296 499
297 63
297 157
297 289
297 299
297 319
297 477
297 478
298 13
298 70
298 107
298 184
298 397
298 448
298 466
299 10
299 111
299 187
299 297
299 311
299 358
299 386
300 1
300 57
300 59
300 129
300 258
300 328
300 351
301 37
301 39
301 201
301 309
301 328
301 476
301 490
301 497
302 151
302 194
302 210
302 276
302 293
302 310
302 430
303 74
303 156
303 157
303 306
303 438
303 464
303 488
304 32
304 40
304 407
304 409
304 433
304 471
304 483
305 40
305 106
305 176
305 295
305 320
305 355
305 356
306 74
306 156
306 303
306 325
306 326
306 438
307 92
307 169
307 194
307 199
307 459
307 486
307 499
308 40
308 177
308 195
308 328
308 385
308 392
309 28
309 37
309 39
309 169
309 179
309 277
309 301
309 366
309 368
309 441
309 442
309 446
309 476
309 490
309 497
310 99
310 266
310 302
310 407
310 471
310 491
311 187
311 204
311 299
311 312
311 386
311 431
311 444
311 468
312 17
312 311
312 367
312 426
312 434
312 437
312 493
313 81
313 96
313 183
313 188
313 215
313 316
313 388
314 36
314 110
314 147
314 239
314 338
314 342
314 409
314 481
315 102
315 158
315 205
315 329
315 338
315 340
315 341
316 8
316 81
316 201
316 293
316 313
317 101
317 140
317 166
317 168
317 182
317 254
317 330
317 371
317 379
317 460
317 496
318 64
318 91
318 104
318 199
318 320
318 323
318 459
318 486
318 498
318 499
319 9
319 63
319 81
319 297
319 440
319 457
319 477
320 40
320 106
320 199
320 246
320 292
320 295
320 305
320 318
320 323
320 333
320 354
320 376
320 458
321 27
321 93
321 400
321 450
321 453
321 478
321 495
322 13
322 210
322 400
322 453
322 474
322 495
323 48
323 206
323 318
323 320
323 332
323 347
323 405
323 472
323 488
324 157
324 289
324 325
324 362
324 400
324 457
324 477
325 101
325 306
325 324
325 371
325 460
326 10
326 187
326 306
326 327
326 358
326 422
326 468
327 326
327 418
327 450
327 453
327 473
327 478
327 495
328 259
328 274
328 300
328 301
328 308
328 367
328 437
328 467
328 493
329 89
329 102
329 158
329 205
329 253
329 315
329 334
329 340
330 317
330 380
330 408
330 474
330 495
331 2
331 47
331 119
331 127
331 148
331 192
331 256
331 336
331 390
331 418
331 452
331 483
331 492
331 494
332 23
332 74
332 133
332 250
332 323
332 339
332 345
333 292
333 320
333 342
333 376
333 458
334 77
334 193
334 214
334 279
334 329
334 455
334 482
334 484
335 38
335 54
335 79
335 377
335 445
336 192
336 331
336 337
336 445
336 481
336 492
336 494
337 27
337 115
337 180
337 243
337 268
337 336
337 340
337 421
338 36
338 239
338 314
338 315
338 340
338 342
339 332
339 345
339 354
339 445
339 464
339 485
340 89
340 102
340 315
340 329
340 337
340 338
341 135
341 193
341 222
341 315
341 343
341 455
342 36
342 147
342 239
342 314
342 333
342 338
343 44
343 61
343 224
343 271
343 341
343 344
343 361
343 384
344 57
344 59
344 129
344 167
344 235
344 257
344 343
344 432
345 17
345 31
345 51
345 126
345 154
345 332
345 339
345 354
346 16
346 77
346 111
346 176
346 267
346 356
346 365
346 410
347 48
347 53
347 123
347 206
347 288
347 323
347 404
347 405
347 418
347 435
347 472
347 484
347 488
348 161
348 260
348 278
348 294
348 369
348 412
348 417
348 469
349 277
349 294
349 350
349 490
349 497
350 230
350 288
350 349
350 410
350 421
350 454
351 1
351 57
351 257
351 300
351 352
351 421
351 432
352 281
352 351
352 381
352 421
352 423
352 463
353 42
353 114
353 130
353 240
353 252
353 396
353 408
353 411
354 40
354 106
354 246
354 292
354 320
354 339
354 345
354 359
354 458
355 124
355 165
355 305
355 356
355 428
356 16
356 77
356 111
356 267
356 305
356 346
356 355
356 365
357 50
357 66
357 67
357 80
357 144
357 265
357 373
357 461
358 187
358 299
358 326
358 360
358 362
358 422
358 468
359 354
359 367
359 374
359 406
359 465
359 470
360 203
360 253
360 358
360 362
360 391
360 425
361 44
361 61
361 271
361 343
361 375
362 157
362 289
362 324
362 358
362 360
362 440
362 457
362 477
363 90
363 365
363 366
363 402
363 466
364 15
364 128
364 182
364 190
364 220
364 289
364 438
364 480
365 16
365 77
365 111
365 267
365 346
365 356
365 363
365 366
366 28
366 37
366 309
366 363
366 365
366 441
366 497
367 259
367 274
367 312
367 328
367 359
367 374
367 376
367 434
367 437
367 467
367 493
368 28
368 37
368 269
368 309
368 370
368 446
368 497
369 26
369 112
369 161
369 231
369 269
369 278
369 348
369 370
369 416
369 417
369 427
369 469
370 109
370 172
370 229
370 230
370 280
370 368
370 369
370 375
370 489
371 101
371 140
371 182
371 317
371 325
371 372
371 378
371 379
372 27
372 115
372 180
372 227
372 243
372 268
372 371
372 378
373 33
373 144
373 265
373 357
373 385
373 452
373 453
373 461
374 153
374 163
374 171
374 251
374 359
374 367
374 376
374 389
375 109
375 361
375 370
375 454
375 489
376 40
376 106
376 246
376 320
376 333
376 367
376 374
376 377
376 458
377 54
377 79
377 85
377 249
377 335
377 376
377 386
377 387
377 413
378 94
378 108
378 245
378 273
378 371
378 372
379 140
379 182
379 191
379 242
379 317
379 371
379 380
379 460
380 185
380 191
380 330
380 379
380 408
380 450
380 453
380 474
380 495
381 69
381 120
381 281
381 352
381 382
381 394
381 423
381 463
382 52
382 68
382 69
382 232
382 255
382 381
382 387
382 445
382 449
382 464
382 485
383 8
383 151
383 389
383 430
383 479
384 61
384 224
384 266
384 267
384 268
384 343
385 113
385 177
385 195
385 272
385 308
385 373
385 392
385 451
385 453
386 299
386 311
386 377
386 387
386 390
386 422
386 431
386 444
386 468
387 52
387 68
387 377
387 382
387 386
387 390
387 445
387 464
387 485
388 5
388 6
388 96
388 183
388 313
388 406
388 414
389 251
389 252
389 269
389 374
389 383
389 415
390 192
390 331
390 386
390 387
390 394
390 452
390 492
390 494
391 25
391 203
391 253
391 360
391 392
391 393
391 395
391 425
391 500
392 84
392 177
392 195
392 308
392 385
392 391
392 395
393 25
393 49
393 253
393 391
393 422
393 423
393 425
393 429
393 500
394 43
394 281
394 381
394 390
394 396
394 423
394 434
394 463
395 391
395 392
395 459
395 486
395 499
396 114
396 240
396 353
396 394
396 401
396 411
396 434
397 70
397 202
397 236
397 284
397 298
397 398
397 448
397 466
397 467
398 124
398 165
398 397
398 403
398 428
399 43
399 401
399 404
399 407
399 423
399 463
400 81
400 149
400 217
400 228
400 285
400 287
400 291
400 321
400 322
400 324
401 396
401 399
401 407
401 433
401 434
401 443
401 471
401 487
402 70
402 90
402 202
402 236
402 284
402 363
402 408
402 448
402 464
402 500
403 67
403 131
403 155
403 175
403 398
403 405
404 53
404 123
404 347
404 399
404 405
404 407
404 418
404 434
404 462
404 488
405 123
405 323
405 347
405 403
405 404
405 418
405 462
405 472
405 488
405 489
406 5
406 10
406 80
406 82
406 83
406 204
406 359
406 388
406 447
406 470
407 32
407 99
407 266
407 304
407 310
407 399
407 401
407 404
407 409
407 411
407 433
407 491
408 96
408 330
408 353
408 380
408 402
408 453
408 473
408 474
408 478
408 495
409 32
409 266
409 304
409 314
409 407
409 419
409 433
409 471
409 487
409 491
410 167
410 230
410 247
410 288
410 346
410 350
410 412
410 454
411 42
411 114
411 130
411 252
411 353
411 396
411 407
411 416
411 494
412 82
412 83
412 145
412 204
412 288
412 348
412 410
412 447
412 465
412 470
413 85
413 100
413 249
413 377
413 475
414 74
414 75
414 183
414 188
414 215
414 388
415 125
415 136
415 153
415 163
415 171
415 251
415 389
415 416
415 417
415 494
416 278
416 369
416 411
416 415
416 417
416 469
416 479
416 494
417 278
417 348
417 369
417 415
417 416
417 422
417 469
417 494
418 2
418 53
418 97
418 327
418 331
418 347
418 404
418 405
418 462
418 472
418 488
419 2
419 9
419 152
419 223
419 262
419 409
419 420
420 20
420 45
420 134
420 226
420 419
420 428
421 27
421 243
421 337
421 350
421 351
421 352
422 187
422 326
422 358
422 386
422 393
422 417
422 423
423 43
423 117
423 120
423 352
423 381
423 393
423 394
423 399
423 422
423 424
423 463
424 63
424 423
424 429
424 440
424 457
424 473
424 477
425 25
425 49
425 203
425 253
425 360
425 391
425 393
425 443
425 454
425 455
425 500
426 21
426 161
426 164
426 274
426 312
426 434
426 467
426 493
427 112
427 161
427 212
427 233
427 234
427 278
427 369
428 124
428 355
428 398
428 420
428 431
429 95
429 135
429 160
429 193
429 290
429 393
429 424
429 455
429 473
429 482
429 484
430 88
430 151
430 194
430 201
430 210
430 276
430 302
430 383
430 433
430 436
430 473
431 187
431 311
431 386
431 428
431 435
431 444
432 59
432 149
432 156
432 257
432 344
432 351
433 11
433 65
433 266
433 304
433 401
433 407
433 409
433 430
433 436
433 473
433 491
434 178
434 274
434 312
434 367
434 394
434 396
434 401
434 404
434 426
434 467
434 493
435 56
435 97
435 347
435 431
435 439
435 472
435 488
436 430
436 433
436 437
436 459
436 486
436 499
437 132
437 170
437 238
437 259
437 274
437 312
437 328
437 367
437 436
437 448
437 449
437 467
438 74
438 118
438 156
438 190
438 250
438 289
438 303
438 306
438 364
438 446
439 68
439 189
439 435
439 444
439 445
439 449
439 485
440 63
440 117
440 118
440 124
440 157
440 212
440 289
440 319
440 362
440 424
440 457
440 477
441 37
441 169
441 179
441 184
441 185
441 187
441 309
441 366
441 442
441 446
441 476
441 490
442 4
442 28
442 37
442 133
442 169
442 309
442 441
442 463
442 476
442 477
442 490
442 497
443 11
443 18
443 266
443 401
443 425
443 454
443 455
443 471
443 487
443 491
444 187
444 311
444 386
444 431
444 439
444 447
445 38
445 68
445 232
445 255
445 335
445 336
445 339
445 382
445 387
445 439
445 449
445 464
446 37
446 55
446 309
446 368
446 438
446 441
446 457
446 458
446 462
446 476
446 490
446 497
447 82
447 261
447 406
447 412
447 444
447 450
447 470
448 70
448 90
448 236
448 284
448 298
448 397
448 402
448 437
448 449
448 451
448 466
449 3
449 52
449 68
449 382
449 437
449 439
449 445
449 448
449 451
449 485
450 13
450 46
450 75
450 275
450 321
450 327
450 380
450 447
450 453
450 456
450 473
450 495
451 66
451 74
451 118
451 156
451 250
451 385
451 448
451 449
452 87
452 119
452 127
452 192
452 331
452 373
452 390
452 453
452 483
452 492
452 494
452 499
453 93
453 321
453 322
453 327
453 373
453 380
453 385
453 408
453 450
453 452
453 478
453 495
454 7
454 30
454 78
454 109
454 172
454 230
454 247
454 280
454 288
454 350
454 375
454 410
454 425
454 443
454 469
454 489
455 14
455 135
455 160
455 174
455 193
455 222
455 290
455 334
455 341
455 425
455 429
455 443
455 469
456 41
456 76
456 138
456 234
456 450
456 461
457 63
457 157
457 264
457 289
457 319
457 324
457 362
457 424
457 440
457 446
457 458
457 462
457 465
458 320
458 333
458 354
458 376
458 446
458 457
458 462
458 465
459 62
459 64
459 91
459 92
459 104
459 137
459 209
459 248
459 279
459 296
459 307
459 318
459 395
459 436
459 474
459 478
459 483
459 486
459 498
460 101
460 140
460 182
460 242
460 244
460 254
460 317
460 325
460 379
460 471
460 481
460 482
460 493
461 33
461 50
461 144
461 357
461 373
461 456
461 468
462 56
462 97
462 123
462 206
462 404
462 405
462 418
462 446
462 457
462 458
462 465
462 472
462 488
463 43
463 117
463 120
463 255
463 281
463 352
463 381
463 394
463 399
463 423
463 442
463 474
463 483
464 52
464 68
464 303
464 339
464 382
464 387
464 402
464 445
464 485
464 488
464 489
465 261
465 359
465 412
465 457
465 458
465 462
465 470
465 471
466 70
466 90
466 155
466 158
466 159
466 184
466 202
466 236
466 284
466 298
466 363
466 397
466 448
467 38
467 150
467 170
467 274
467 328
467 367
467 397
467 426
467 434
467 437
467 472
467 484
467 489
468 187
468 311
468 326
468 358
468 386
468 461
468 470
469 4
469 5
469 26
469 112
469 157
469 161
469 231
469 260
469 278
469 348
469 369
469 416
469 417
469 454
469 455
470 82
470 145
470 204
470 261
470 359
470 406
470 412
470 447
470 465
470 468
470 480
471 11
471 18
471 32
471 99
471 244
471 266
471 304
471 310
471 401
471 409
471 443
471 460
471 465
471 482
471 487
471 491
472 53
472 123
472 176
472 206
472 323
472 347
472 405
472 418
472 435
472 462
472 467
472 478
472 488
472 492
473 13
473 73
473 75
473 185
473 197
473 200
473 327
473 408
473 424
473 429
473 430
473 433
473 450
473 495
474 46
474 93
474 185
474 275
474 322
474 330
474 380
474 408
474 459
474 463
474 477
474 478
474 483
474 495
475 196
475 228
475 287
475 291
475 413
476 28
476 37
476 39
476 118
476 124
476 125
476 141
476 301
476 309
476 441
476 442
476 446
476 490
476 497
477 4
477 36
477 63
477 157
477 212
477 264
477 289
477 297
477 319
477 324
477 362
477 424
477 440
477 442
477 474
478 21
478 46
478 73
478 197
478 200
478 297
478 321
478 327
478 408
478 453
478 459
478 472
478 474
478 492
478 495
479 4
479 5
479 26
479 112
479 161
479 231
479 252
479 260
479 383
479 416
479 492
480 128
480 220
480 237
480 364
480 470
480 487
481 49
481 102
481 127
481 192
481 314
481 336
481 460
481 492
481 493
481 494
482 135
482 193
482 244
482 286
482 334
482 429
482 460
482 471
482 493
483 304
483 331
483 452
483 459
483 463
483 474
483 492
483 494
484 14
484 95
484 174
484 214
484 222
484 279
484 286
484 290
484 294
484 334
484 347
484 429
484 467
484 488
484 489
484 492
485 3
485 37
485 52
485 68
485 189
485 244
485 339
485 382
485 387
485 439
485 449
485 464
485 486
485 490
485 497
485 498
486 37
486 64
486 91
486 92
486 104
486 137
486 296
486 307
486 318
486 395
486 436
486 459
486 485
486 490
486 491
486 495
486 499
487 401
487 409
487 443
487 471
487 480
487 496
488 53
488 97
488 123
488 157
488 208
488 237
488 303
488 323
488 347
488 404
488 405
488 418
488 435
488 462
488 464
488 472
488 484
489 7
489 30
489 78
489 139
489 172
489 247
489 370
489 375
489 405
489 454
489 464
489 467
489 484
490 28
490 37
490 39
490 277
490 301
490 309
490 349
490 441
490 442
490 446
490 476
490 485
490 486
490 491
490 495
490 497
490 498
491 32
491 65
491 99
491 266
491 310
491 407
491 409
491 433
491 443
491 471
491 486
491 490
491 495
491 498
491 499
492 27
492 47
492 87
492 119
492 127
492 148
492 192
492 256
492 331
492 336
492 390
492 452
492 472
492 478
492 479
492 481
492 483
492 484
493 38
493 72
493 132
493 150
493 170
493 178
493 230
493 238
493 244
493 259
493 312
493 328
493 367
493 426
493 434
493 460
493 481
493 482
494 39
494 47
494 87
494 119
494 127
494 148
494 192
494 256
494 331
494 336
494 390
494 411
494 415
494 416
494 417
494 452
494 481
494 483
495 46
495 73
495 275
495 321
495 322
495 327
495 330
495 380
495 408
495 450
495 453
495 473
495 474
495 478
495 486
495 490
495 491
495 498
495 499
496 166
496 168
496 317
496 487
496 500
497 37
497 39
497 55
497 169
497 179
497 277
497 301
497 309
497 349
497 366
497 368
497 442
497 446
497 476
497 485
497 490
497 498
498 62
498 64
498 91
498 163
498 209
498 248
498 296
498 318
498 459
498 485
498 490
498 491
498 495
498 497
498 499
499 53
499 62
499 64
499 88
499 91
499 92
499 101
499 104
499 137
499 209
499 248
499 296
499 307
499 318
499 395
499 436
499 452
499 486
499 491
499 495
499 498
500 253
500 391
500 393
500 402
500 425
500 496
