1 45
2 30
3 34
4 49
5 49
6 27
7 9
8 27
9 30
10 14
11 13
12 11
13 26
14 16
15 40
16 23
17 28
18 13
19 2
20 32
21 26
22 48
23 36
24 4
25 29
26 49
27 6
28 44
29 25
30 9
31 28
32 13
33 37
34 4
35 38
36 12
37 44
38 35
39 44
40 15
41 7
42 19
43 43
44 18
45 32
46 26
47 39
48 10
49 29
50 37
51 28
52 34
53 10
54 3
55 44
56 10
57 45
58 21
59 45
60 4
61 18
62 1
63 33
64 1
65 13
66 36
67 47
68 34
69 11
70 8
71 42
72 35
73 26
74 36
75 26
76 7
77 23
78 9
79 3
80 5
81 2
82 5
83 5
84 17
85 3
86 11
87 39
88 27
89 22
90 8
91 1
92 1
93 26
94 25
95 16
96 20
97 10
98 21
99 13
100 3
101 31
102 22
103 48
104 1
105 46
106 15
107 4
108 25
109 9
110 12
111 23
112 49
113 17
114 19
115 6
116 46
117 43
118 36
119 39
120 43
121 46
122 21
123 10
124 41
125 24
126 28
127 39
128 40
129 45
130 19
131 47
132 35
133 36
134 32
135 16
136 24
137 1
138 7
139 9
140 31
141 42
142 42
143 42
144 37
145 5
146 38
147 12
148 39
149 2
150 35
151 27
152 30
153 24
154 28
155 47
156 36
157 33
158 22
159 46
160 16
161 49
162 38
163 24
164 48
165 41
166 31
167 21
168 31
169 44
170 35
171 24
172 9
173 48
174 16
175 47
176 15
177 17
178 35
179 44
180 6
181 21
182 31
183 20
184 8
185 26
186 38
187 14
188 20
189 34
190 42
191 27
192 39
193 16
194 27
195 17
196 2
197 26
198 42
199 3
200 26
201 27
202 8
203 29
204 5
205 22
206 10
207 4
208 10
209 1
210 27
211 38
212 33
213 36
214 16
215 20
216 10
217 2
218 11
219 21
220 40
221 21
222 16
223 30
224 18
225 48
226 32
227 6
228 2
229 9
230 9
231 49
232 34
233 21
234 7
235 45
236 8
237 40
238 35
239 12
240 19
241 11
242 31
243 6
244 34
245 25
246 15
247 9
248 1
249 3
250 36
251 24
252 19
253 29
254 31
255 34
256 39
257 45
258 46
259 35
260 49
261 5
262 30
263 38
264 33
265 37
266 13
267 23
268 6
269 24
270 42
271 18
272 17
273 25
274 35
275 26
276 27
277 44
278 49
279 16
280 9
281 43
282 42
283 48
284 8
285 2
286 16
287 2
288 9
289 33
290 16
291 2
292 15
293 27
294 16
295 15
296 1
297 33
298 8
299 14
300 45
301 44
302 27
303 36
304 13
305 15
306 36
307 1
308 17
309 44
310 13
311 14
312 35
313 20
314 12
315 22
316 27
317 31
318 1
319 33
320 15
321 26
322 26
323 10
324 33
325 31
326 14
327 26
328 35
329 22
330 26
331 39
332 36
333 15
334 16
335 3
336 39
337 6
338 12
339 34
340 22
341 16
342 12
343 18
344 45
345 28
346 23
347 10
348 49
349 44
350 9
351 45
352 43
353 19
354 15
355 41
356 23
357 37
358 14
359 5
360 29
361 18
362 33
363 8
364 40
365 23
366 44
367 35
368 44
369 49
370 9
371 31
372 6
373 37
374 24
375 9
376 15
377 3
378 25
379 31
380 26
381 43
382 34
383 27
384 18
385 17
386 14
387 34
388 20
389 24
390 39
391 29
392 17
393 29
394 43
395 1
396 19
397 8
398 41
399 43
400 2
401 13
402 8
403 47
404 10
405 10
406 5
407 13
408 26
409 13
410 9
411 19
412 5
413 3
414 20
415 24
416 49
417 49
418 10
419 30
420 32
421 6
422 14
423 43
424 33
425 29
426 35
427 49
428 41
429 16
430 27
431 14
432 45
433 13
434 35
435 10
436 1
437 35
438 36
439 34
440 33
441 44
442 44
443 13
444 14
445 34
446 44
447 5
448 8
449 34
450 26
451 36
452 39
453 26
454 9
455 16
456 7
457 33
458 15
459 1
460 31
461 37
462 10
463 43
464 34
465 5
466 8
467 35
468 14
469 49
470 5
471 13
472 10
473 26
474 26
475 2
476 44
477 33
478 26
479 49
480 40
481 39
482 16
483 39
484 16
485 34
486 1
487 13
488 10
489 9
490 44
491 13
492 39
493 35
494 39
495 26
496 31
497 44
498 1
499 1
500 29
