1 3
2 6
3 15
4 26
5 9
6 10
7 45
8 22
9 20
10 6
11 39
12 32
13 23
14 30
15 39
16 45
17 11
18 42
19 15
20 1
21 3
22 2
23 12
24 30
25 35
26 26
27 39
28 1
29 39
30 30
31 26
32 3
33 40
34 39
35 27
36 22
37 10
38 7
39 37
40 14
41 46
42 42
43 15
44 37
45 40
46 20
47 21
48 22
49 3
50 10
51 47
52 5
53 30
54 42
55 32
56 16
57 23
58 47
59 9
60 15
61 34
62 12
63 30
64 1
65 35
66 37
67 35
68 27
69 3
70 42
71 39
72 12
73 37
74 14
75 9
76 3
77 22
78 12
79 45
80 27
81 41
82 25
83 8
84 47
85 8
86 27
87 8
88 3
89 23
90 10
91 35
92 12
93 16
94 24
95 19
96 2
97 39
98 38
99 6
100 44
101 18
102 22
103 10
104 40
105 5
106 20
107 42
108 3
109 20
110 12
111 20
112 20
113 38
114 13
115 34
116 36
117 33
118 17
119 7
120 14
121 7
122 26
123 8
124 41
125 31
126 3
127 38
128 7
129 30
130 27
131 3
132 26
133 7
134 11
135 19
136 39
137 9
138 18
139 14
140 25
141 9
142 25
143 27
144 20
145 40
146 44
147 6
148 1
149 21
150 29
151 9
152 12
153 20
154 17
155 47
156 3
157 26
158 47
159 36
160 10
161 39
162 10
163 25
164 15
165 10
166 3
167 28
168 22
169 11
170 13
171 30
172 42
173 45
174 3
175 11
176 14
177 38
178 5
179 5
180 25
181 32
182 32
183 12
184 22
185 37
186 27
187 12
188 29
189 2
190 42
191 1
192 34
193 33
194 33
195 1
196 44
197 5
198 38
199 28
200 27
201 15
202 39
203 22
204 13
205 4
206 42
207 28
208 46
209 46
210 4
211 3
212 24
213 15
214 45
215 23
216 31
217 42
218 40
219 46
220 20
221 20
222 40
223 45
224 34
225 40
226 28
227 35
228 28
229 15
230 28
231 43
232 37
233 3
234 46
235 12
236 31
237 22
238 24
239 47
240 19
241 10
242 32
243 39
244 19
245 31
246 47
247 3
248 7
249 5
250 3
251 28
252 17
253 44
254 17
255 15
256 28
257 34
258 20
259 43
260 16
261 9
262 12
263 47
264 33
265 26
266 21
267 39
268 33
269 38
270 10
271 18
272 27
273 41
274 40
275 5
276 14
277 2
278 32
279 37
280 47
281 9
282 29
283 39
284 39
285 12
286 37
287 13
288 22
289 20
290 30
291 23
292 19
293 2
294 27
295 20
296 26
297 6
298 20
299 29
300 18
301 15
302 31
303 39
304 27
305 27
306 33
307 40
308 45
309 19
310 17
311 47
312 27
313 27
314 9
315 22
316 22
317 45
318 19
319 39
320 36
321 12
322 7
323 3
324 37
325 9
326 20
327 14
328 16
329 30
330 47
331 7
332 26
333 8
334 27
335 10
336 22
337 3
338 40
339 45
340 9
341 10
342 36
343 9
344 25
345 12
346 42
347 46
348 2
349 27
350 32
351 22
352 10
353 40
354 31
355 12
356 27
357 19
358 3
359 4
360 15
361 20
362 42
363 7
364 5
365 39
366 27
367 34
368 25
369 20
370 11
371 5
372 22
373 42
374 15
375 44
376 21
377 7
378 19
379 1
380 47
381 40
382 47
383 43
384 15
385 23
386 9
387 30
388 37
389 3
390 7
391 41
392 9
393 25
394 7
395 42
396 5
397 24
398 5
399 15
400 1
401 16
402 45
403 9
404 22
405 39
406 27
407 25
408 13
409 22
410 45
411 28
412 5
413 34
414 8
415 7
416 46
417 15
418 41
419 15
420 10
421 37
422 41
423 11
424 37
425 43
426 28
427 30
428 5
429 15
430 26
431 22
432 42
433 15
434 37
435 32
436 26
437 45
438 17
439 39
440 16
441 7
442 3
443 12
444 28
445 29
446 36
447 4
448 44
449 34
450 22
451 39
452 25
453 32
454 32
455 2
456 21
457 46
458 27
459 19
460 10
461 15
462 10
463 36
464 26
465 15
466 24
467 45
468 44
469 8
470 4
471 11
472 10
473 7
474 11
475 26
476 25
477 15
478 12
479 18
480 20
481 15
482 1
483 32
484 26
485 34
486 35
487 24
488 15
489 26
490 5
491 30
492 34
493 39
494 20
495 25
496 3
497 7
498 26
499 43
500 22
