1 15
2 5
3 36
4 41
5 37
6 25
7 44
8 28
9 26
10 2
11 5
12 29
13 5
14 38
15 16
16 25
17 25
18 44
19 27
20 41
21 26
22 39
23 12
24 47
25 36
26 32
27 10
28 15
29 33
30 34
31 18
32 36
33 25
34 28
35 22
36 38
37 36
38 36
39 2
40 26
41 8
42 46
43 3
44 43
45 15
46 19
47 34
48 32
49 43
50 29
51 41
52 24
53 18
54 28
55 29
56 49
57 26
58 2
59 30
60 39
61 25
62 24
63 28
64 35
65 12
66 23
67 33
68 18
69 33
70 8
71 3
72 33
73 33
74 39
75 45
76 33
77 11
78 4
79 14
80 9
81 15
82 2
83 35
84 13
85 34
86 4
87 6
88 24
89 29
90 46
91 4
92 26
93 41
94 3
95 33
96 48
97 22
98 38
99 10
100 41
101 20
102 47
103 33
104 26
105 6
106 24
107 1
108 33
109 5
110 5
111 33
112 7
113 1
114 41
115 9
116 4
117 4
118 26
119 18
120 31
121 22
122 19
123 32
124 19
125 13
126 40
127 49
128 30
129 18
130 33
131 38
132 9
133 36
134 17
135 7
136 29
137 20
138 2
139 26
140 33
141 48
142 2
143 4
144 33
145 14
146 31
147 27
148 45
149 19
150 32
151 27
152 8
153 16
154 45
155 36
156 1
157 39
158 5
159 31
160 25
161 5
162 18
163 4
164 36
165 42
166 9
167 45
168 49
169 4
170 25
171 11
172 7
173 29
174 41
175 5
176 20
177 37
178 20
179 15
180 3
181 3
182 45
183 8
184 11
185 29
186 36
187 2
188 27
189 25
190 38
191 35
192 18
193 5
194 36
195 12
196 17
197 39
198 13
199 28
200 3
201 3
202 31
203 24
204 30
205 32
206 38
207 29
208 28
209 6
210 10
211 6
212 2
213 42
214 43
215 33
216 36
217 21
218 48
219 22
220 26
221 1
222 18
223 47
224 5
225 14
226 47
227 5
228 19
229 48
230 14
231 28
232 25
233 38
234 26
235 9
236 38
237 37
238 35
239 14
240 36
241 31
242 3
243 2
244 47
245 38
246 29
247 10
248 20
249 29
250 23
251 29
252 4
253 5
254 22
255 13
256 34
257 2
258 49
259 44
260 12
261 26
262 27
263 22
264 6
265 36
266 26
267 29
268 16
269 20
270 38
271 31
272 31
273 13
274 25
275 5
276 5
277 10
278 2
279 38
280 9
281 14
282 8
283 26
284 49
285 18
286 38
287 40
288 9
289 5
290 33
291 22
292 5
293 15
294 18
295 40
296 4
297 49
298 49
299 21
300 20
301 49
302 15
303 21
304 7
305 46
306 30
307 39
308 18
309 36
310 33
311 46
312 14
313 5
314 9
315 9
316 38
317 4
318 39
319 14
320 26
321 28
322 27
323 9
324 42
325 38
326 7
327 22
328 4
329 24
330 35
331 27
332 16
333 32
334 14
335 43
336 22
337 32
338 11
339 1
340 28
341 47
342 29
343 9
344 34
345 10
346 36
347 17
348 31
349 47
350 39
351 2
352 21
353 28
354 8
355 32
356 42
357 4
358 20
359 29
360 4
361 14
362 27
363 10
364 7
365 17
366 2
367 24
368 38
369 36
370 5
371 36
372 27
373 26
374 14
375 36
376 4
377 15
378 19
379 29
380 49
381 39
382 9
383 28
384 32
385 49
386 40
387 4
388 23
389 8
390 14
391 13
392 29
393 31
394 23
395 32
396 23
397 29
398 42
399 30
400 4
401 43
402 26
403 38
404 29
405 37
406 36
407 2
408 40
409 4
410 7
411 39
412 9
413 29
414 15
415 25
416 10
417 20
418 39
419 8
420 14
421 15
422 32
423 6
424 13
425 14
426 16
427 34
428 28
429 37
430 5
431 41
432 12
433 5
434 44
435 9
436 19
437 5
438 20
439 3
440 29
441 24
442 4
443 41
444 1
445 18
446 2
447 15
448 33
449 44
450 25
451 43
452 8
453 28
454 1
455 36
456 25
457 13
458 39
459 19
460 9
461 11
462 46
463 17
464 8
465 39
466 47
467 22
468 33
469 48
470 14
471 38
472 46
473 29
474 18
475 25
476 18
477 3
478 21
479 33
480 41
481 37
482 36
483 14
484 26
485 38
486 39
487 43
488 25
489 25
490 47
491 29
492 49
493 34
494 26
495 31
496 29
497 36
498 35
499 21
500 39
