1 136
1 241
1 247
1 248
1 249
1 330
1 391
2 3
2 94
2 323
2 340
2 495
3 2
3 4
3 207
3 218
3 249
3 346
3 408
3 477
3 482
3 492
3 494
4 3
4 39
4 193
4 230
4 344
5 7
5 228
5 230
5 335
5 420
5 473
6 70
6 71
6 73
6 159
6 277
7 5
7 189
7 215
7 230
7 493
8 9
8 10
8 33
8 411
8 466
9 8
9 10
9 198
9 205
9 282
10 8
10 9
10 22
10 251
10 416
11 12
11 88
11 162
11 176
11 225
11 398
11 475
11 486
12 11
12 85
12 112
12 331
12 410
12 430
12 476
13 14
13 29
13 134
13 227
13 232
13 234
13 341
13 375
13 387
13 392
13 432
13 435
13 440
13 447
13 500
14 13
14 97
14 222
14 227
14 303
15 161
15 195
15 227
15 378
15 494
16 20
16 21
16 244
16 413
16 477
16 492
17 22
17 43
17 358
17 402
17 468
18 37
18 46
18 208
18 269
18 383
18 384
18 462
18 487
19 48
19 59
19 91
19 132
19 171
19 267
19 275
19 307
19 476
19 485
19 489
19 493
20 16
20 21
20 47
20 110
20 229
21 16
21 20
21 191
21 316
21 320
21 324
21 336
21 397
22 10
22 17
22 251
22 332
22 416
23 309
23 344
23 409
23 418
23 450
24 25
24 26
24 66
24 160
24 394
25 24
25 52
25 94
25 181
25 489
26 24
26 28
26 99
26 304
26 418
26 460
27 45
27 55
27 70
27 431
27 433
27 445
27 477
28 26
28 29
28 170
28 238
28 297
28 442
29 13
29 28
29 34
29 134
29 322
29 387
29 432
29 440
29 447
30 232
30 323
30 384
30 440
31 61
31 79
31 192
31 243
31 246
32 39
32 115
32 233
32 356
33 8
33 75
33 187
33 261
33 353
33 414
33 443
33 461
33 466
34 29
34 36
34 224
34 317
34 333
34 334
34 438
35 95
35 153
35 164
35 254
35 256
36 34
36 37
36 100
36 255
36 287
36 472
36 488
37 18
37 36
37 38
37 46
37 105
37 167
37 487
38 37
38 41
38 119
38 139
38 169
38 190
39 4
39 32
39 193
39 261
40 42
40 130
40 335
40 460
40 473
41 38
41 42
41 55
41 83
41 495
42 40
42 41
42 151
42 156
42 157
42 329
42 371
42 393
42 406
42 444
42 456
42 458
43 17
43 44
43 255
43 358
43 377
43 402
43 472
43 488
43 494
44 43
44 45
44 73
44 217
44 318
44 342
44 396
44 434
44 463
44 469
45 27
45 44
45 47
45 111
45 353
46 18
46 37
46 64
46 105
46 167
46 323
46 409
46 487
47 20
47 45
47 49
47 144
47 229
48 19
48 91
48 188
48 201
48 286
48 300
48 366
48 419
48 485
49 47
49 50
49 270
49 291
49 428
50 49
50 52
50 88
50 176
50 359
50 445
51 91
51 109
51 332
51 333
51 449
51 474
52 25
52 50
52 53
52 94
52 323
53 52
53 54
53 213
53 421
53 464
54 53
54 56
54 132
54 254
54 489
55 27
55 41
55 60
55 83
55 445
55 495
55 497
56 54
56 57
56 121
56 138
56 454
57 56
57 58
57 84
57 170
57 442
58 57
58 59
58 168
58 253
58 256
59 19
59 58
59 61
59 307
59 476
60 55
60 89
60 100
60 470
60 493
61 31
61 59
61 62
61 192
61 284
62 61
62 63
62 158
62 219
62 306
63 62
63 65
63 175
63 207
63 408
64 46
64 172
64 189
64 215
64 280
64 281
64 355
64 427
64 479
64 481
65 63
65 70
65 338
65 353
65 419
65 431
65 436
66 24
66 67
66 68
66 352
66 394
67 66
67 68
67 159
67 231
67 272
67 277
68 66
68 67
68 198
68 205
68 282
69 72
69 216
69 245
69 310
69 325
69 350
69 415
70 6
70 27
70 65
70 71
70 319
70 436
71 6
71 70
71 322
71 432
71 499
72 69
72 148
72 216
72 265
72 418
73 6
73 44
73 217
73 318
73 342
73 396
73 421
73 434
73 463
73 469
74 393
74 421
74 444
74 452
74 483
75 33
75 77
75 411
75 455
75 461
76 77
76 198
76 205
76 282
76 421
77 75
77 76
77 199
77 246
77 454
78 165
78 167
78 258
78 337
78 495
78 497
79 31
79 81
79 82
79 192
79 284
80 118
80 296
80 300
80 489
80 494
81 79
81 82
81 165
81 266
81 394
82 79
82 81
82 142
82 297
82 442
83 41
83 55
83 88
83 497
84 57
84 85
84 86
84 170
84 442
85 12
85 84
85 86
85 271
85 331
85 430
86 84
86 85
86 484
86 495
86 497
87 89
87 114
87 361
87 385
87 488
88 11
88 50
88 83
88 401
88 452
89 60
89 87
89 152
89 361
89 470
90 92
90 161
90 195
90 213
90 227
91 19
91 48
91 51
91 201
91 204
91 226
91 351
91 369
91 449
91 474
92 90
92 149
92 294
92 305
92 422
92 451
92 466
93 94
93 95
93 123
93 477
93 492
93 494
94 2
94 25
94 52
94 93
94 95
94 181
94 323
95 35
95 93
95 94
95 153
95 417
96 97
96 101
96 143
96 188
96 419
97 14
97 96
97 101
97 211
97 400
98 99
98 223
98 453
98 484
98 495
99 26
99 98
99 304
99 450
99 460
100 36
100 60
100 102
100 104
100 377
100 412
101 96
101 97
101 405
101 425
101 441
102 100
102 104
102 109
102 293
102 295
102 370
102 403
102 423
103 106
103 107
103 241
103 264
103 330
103 429
103 496
104 100
104 102
104 109
104 209
104 327
104 485
105 37
105 46
105 114
105 167
105 461
106 103
106 107
106 128
106 138
106 184
106 399
107 103
107 106
107 209
107 279
107 446
107 485
107 491
108 111
108 273
108 276
108 359
108 425
109 51
109 102
109 104
109 110
109 299
109 449
110 20
110 109
110 128
110 136
110 144
110 229
111 45
111 108
111 230
111 312
111 425
112 12
112 119
112 301
112 331
112 471
113 157
113 209
113 425
113 446
113 485
114 87
114 105
114 157
114 385
114 488
115 32
115 116
115 157
115 224
115 438
116 115
116 117
116 149
116 289
116 422
116 451
117 116
117 118
117 161
117 195
117 378
118 80
118 117
118 120
118 182
118 494
119 38
119 112
119 139
119 169
119 190
120 118
120 121
120 262
120 360
120 363
120 382
121 56
121 120
121 124
121 246
121 454
122 126
122 209
122 357
122 446
122 471
122 485
123 93
123 125
123 477
123 494
124 121
124 126
124 204
124 372
124 464
125 123
125 237
125 243
125 283
125 374
125 437
126 122
126 124
126 202
126 420
126 473
127 129
127 131
127 209
127 446
127 485
128 106
128 110
128 136
128 138
128 150
128 199
128 246
128 399
128 454
129 127
129 131
129 141
129 214
129 292
129 302
130 40
130 147
130 234
130 311
130 468
130 473
131 127
131 129
131 151
131 444
131 456
132 19
132 54
132 153
132 171
132 476
133 134
133 135
133 196
133 288
133 470
134 13
134 29
134 133
134 135
134 234
134 375
134 387
134 500
135 133
135 134
135 154
135 191
135 268
135 381
136 1
136 110
136 128
136 150
136 185
136 241
136 330
137 139
137 140
137 255
137 377
137 472
137 488
138 56
138 106
138 128
138 177
138 306
139 38
139 119
139 137
139 140
139 190
140 137
140 139
140 157
140 329
140 456
141 129
141 142
141 143
141 292
141 302
142 82
142 141
142 143
142 170
142 238
142 442
143 96
143 141
143 142
143 286
143 419
144 47
144 110
144 145
144 229
144 484
145 144
145 209
145 446
145 482
145 485
146 148
146 300
146 366
146 378
146 419
147 130
147 148
147 174
147 202
147 311
147 378
148 72
148 146
148 147
148 265
148 344
149 92
149 116
149 151
149 152
149 294
149 305
149 362
149 365
149 422
149 451
149 465
150 128
150 136
150 195
150 293
150 295
150 370
150 423
151 42
151 131
151 149
151 152
151 483
152 89
152 149
152 151
152 257
152 288
152 315
153 35
153 95
153 132
153 164
153 417
154 135
154 158
154 200
154 268
154 410
155 166
155 212
155 257
155 315
155 470
156 42
156 200
156 403
156 406
156 458
157 42
157 113
157 114
157 115
157 140
157 329
157 444
157 456
158 62
158 154
158 219
158 306
158 407
158 410
159 6
159 67
159 202
159 277
159 408
160 24
160 240
160 266
160 324
160 352
160 404
160 491
160 496
160 499
161 15
161 90
161 117
161 195
161 227
161 314
161 316
161 378
162 11
162 370
162 401
162 407
162 478
163 164
163 197
163 236
163 252
163 298
163 388
163 410
163 439
164 35
164 153
164 163
164 417
164 493
165 78
165 81
165 167
165 240
165 394
166 155
166 283
166 347
166 374
166 437
167 37
167 46
167 78
167 105
167 165
168 58
168 176
168 253
168 256
168 379
169 38
169 119
169 170
169 171
169 190
170 28
170 57
170 84
170 142
170 169
170 171
170 238
171 19
171 132
171 169
171 170
171 210
171 267
171 489
172 64
172 173
172 175
172 259
172 280
172 281
172 290
172 313
172 355
172 427
172 481
172 493
173 172
173 175
173 411
173 461
173 466
174 147
174 228
174 311
174 342
174 344
174 345
174 420
174 473
175 63
175 172
175 173
175 207
175 218
176 11
176 50
176 168
176 401
176 459
177 138
177 178
177 325
177 350
177 415
178 177
178 183
178 306
178 476
178 489
179 182
179 290
179 308
179 355
179 493
180 181
180 183
180 453
180 484
180 490
181 25
181 94
181 180
181 183
181 340
182 118
182 179
182 413
182 494
183 178
183 180
183 181
183 476
183 489
184 106
184 186
184 187
184 345
184 399
185 136
185 203
185 241
185 328
185 330
186 184
186 187
186 221
186 339
186 373
186 386
187 33
187 184
187 186
187 411
187 443
187 461
187 466
188 48
188 96
188 189
188 190
188 300
188 366
189 7
189 64
189 188
189 190
189 281
189 479
190 38
190 119
190 139
190 169
190 188
190 189
191 21
191 135
191 192
191 194
191 200
191 285
191 320
191 324
191 336
191 343
191 354
191 380
191 381
191 498
192 31
192 61
192 79
192 191
192 194
192 284
193 4
193 39
193 195
193 197
193 441
193 450
194 191
194 192
194 276
194 445
194 452
194 478
195 15
195 90
195 117
195 150
195 161
195 193
195 378
195 441
196 133
196 198
196 199
196 212
196 288
197 163
197 193
197 252
197 439
197 441
197 445
198 9
198 68
198 76
198 196
198 199
198 282
199 77
199 128
199 196
199 198
199 345
200 154
200 156
200 191
200 380
200 381
200 403
201 48
201 91
201 204
201 226
201 319
201 338
201 431
201 433
201 436
202 126
202 147
202 159
202 205
202 420
202 473
203 185
203 214
203 292
203 302
204 91
204 124
204 201
204 226
204 263
204 317
204 421
204 426
204 464
205 9
205 68
205 76
205 202
205 282
205 403
206 287
206 315
206 328
206 421
206 426
206 464
207 3
207 63
207 175
207 208
207 210
207 218
207 408
207 477
207 494
208 18
208 207
208 210
208 269
208 462
208 487
209 104
209 107
209 113
209 122
209 127
209 145
209 279
209 327
209 446
209 485
209 491
209 492
209 496
209 497
209 498
209 499
209 500
210 171
210 207
210 208
210 254
210 476
210 489
211 97
211 219
211 241
211 314
211 400
211 441
212 155
212 196
212 214
212 215
212 470
213 53
213 90
213 361
213 426
213 440
213 464
214 129
214 203
214 212
214 215
214 292
214 302
215 7
215 64
215 212
215 214
215 281
215 479
216 69
216 72
216 306
216 407
216 409
217 44
217 73
217 218
217 220
217 396
218 3
218 175
218 207
218 217
218 220
218 492
219 62
219 158
219 211
219 241
219 245
219 306
219 407
220 217
220 218
220 224
220 233
220 333
220 334
221 186
221 222
221 330
221 339
221 373
221 386
222 14
222 221
222 223
222 303
222 361
222 471
223 98
223 222
223 224
223 348
223 495
223 497
224 34
224 115
224 220
224 223
224 225
224 334
225 11
225 224
225 229
225 276
225 278
225 364
225 398
225 445
225 452
225 459
225 475
225 478
226 91
226 201
226 204
226 299
226 317
226 351
226 362
226 449
226 474
227 13
227 14
227 15
227 90
227 161
227 378
228 5
228 174
228 327
228 331
228 473
229 20
229 47
229 110
229 144
229 225
229 467
230 4
230 5
230 7
230 111
230 312
230 383
231 67
231 232
231 235
231 272
231 277
232 13
232 30
232 231
232 234
232 235
232 455
233 32
233 220
233 317
233 334
233 374
233 379
234 13
234 130
234 134
234 232
234 322
234 341
234 375
234 387
234 392
234 398
234 432
234 435
234 440
234 447
234 455
235 231
235 232
235 351
235 369
235 474
236 163
236 238
236 239
236 252
236 298
236 439
237 125
237 243
237 251
237 283
237 374
238 28
238 142
238 170
238 236
238 239
238 442
239 236
239 238
239 425
239 441
239 448
240 160
240 165
240 242
240 352
240 394
240 398
241 1
241 103
241 136
241 185
241 211
241 219
241 245
241 264
241 274
241 328
241 330
241 391
241 428
241 429
241 467
241 496
242 240
242 280
242 398
242 481
242 486
242 493
243 31
243 125
243 237
243 246
243 374
244 16
244 367
244 419
244 427
244 460
244 492
245 69
245 219
245 241
245 250
245 350
245 415
246 31
246 77
246 121
246 128
246 243
246 399
247 1
247 248
247 365
247 451
247 465
248 1
248 247
248 337
248 389
248 495
248 497
249 1
249 3
249 253
249 346
249 408
249 477
250 245
250 272
250 273
250 405
250 425
250 441
250 448
251 10
251 22
251 237
251 332
251 416
252 163
252 197
252 236
252 267
252 268
252 298
252 388
252 439
253 58
253 168
253 249
253 254
253 256
253 379
254 35
254 54
254 210
254 253
254 489
255 36
255 43
255 137
255 321
255 326
255 472
256 35
256 58
256 168
256 253
256 257
256 379
257 152
257 155
257 256
257 258
257 315
257 470
258 78
258 257
258 260
258 453
258 484
258 497
259 172
259 280
259 355
259 422
259 473
259 493
260 258
260 301
260 326
260 361
260 422
260 471
261 33
261 39
261 376
261 418
261 450
261 460
262 120
262 263
262 360
262 363
262 376
262 382
262 422
263 204
263 262
263 264
263 321
263 368
263 372
264 103
264 241
264 263
264 266
264 270
264 274
264 291
264 330
264 428
264 496
265 72
265 148
265 288
265 294
265 298
265 344
265 450
265 460
266 81
266 160
266 264
266 267
266 352
266 394
267 19
267 171
267 252
267 266
267 275
267 489
268 135
268 154
268 252
268 381
268 495
269 18
269 208
269 290
269 433
269 462
269 487
270 49
270 264
270 370
270 411
270 414
270 428
271 85
271 274
271 290
271 326
271 430
271 471
272 67
272 231
272 250
272 273
272 275
272 277
273 108
273 250
273 272
273 275
273 276
273 278
274 241
274 264
274 271
274 330
274 429
274 433
274 467
275 19
275 267
275 272
275 273
275 339
275 476
275 489
276 108
276 194
276 225
276 273
276 280
276 484
277 6
277 67
277 159
277 231
277 272
277 281
277 428
278 225
278 273
278 286
278 339
278 359
278 364
278 434
278 475
278 478
279 107
279 209
279 280
279 281
279 446
279 485
279 491
280 64
280 172
280 242
280 259
280 276
280 279
281 64
281 172
281 189
281 215
281 277
281 279
281 290
281 313
281 355
281 427
281 479
281 493
282 9
282 68
282 76
282 198
282 205
282 283
282 284
283 125
283 166
283 237
283 282
283 284
283 347
283 437
284 61
284 79
284 192
284 282
284 283
285 191
285 289
285 293
285 343
285 354
286 48
286 143
286 278
286 300
286 339
286 366
286 434
287 36
287 206
287 325
287 329
287 358
287 412
287 472
287 488
288 133
288 152
288 196
288 265
288 434
288 436
288 470
289 116
289 285
289 293
289 422
289 451
290 172
290 179
290 269
290 271
290 281
290 433
290 481
291 49
291 264
291 322
291 408
291 462
291 474
291 496
292 129
292 141
292 203
292 214
292 302
292 349
293 102
293 150
293 285
293 289
293 295
293 403
293 457
294 92
294 149
294 265
294 298
294 362
294 422
294 436
294 465
295 102
295 150
295 293
295 297
295 299
295 403
295 457
296 80
296 358
296 359
296 444
296 482
296 492
296 494
297 28
297 82
297 295
297 299
297 442
298 163
298 236
298 252
298 265
298 294
298 388
298 436
299 109
299 226
299 295
299 297
299 449
300 48
300 80
300 146
300 188
300 286
300 301
300 366
301 112
301 260
301 300
301 364
301 404
301 410
301 471
302 129
302 141
302 203
302 214
302 292
302 303
302 364
303 14
303 222
303 302
303 314
303 364
303 404
303 410
304 26
304 99
304 305
304 308
304 450
305 92
305 149
305 304
305 308
305 451
306 62
306 138
306 158
306 178
306 216
306 219
306 407
306 409
306 475
307 19
307 59
307 309
307 311
307 436
307 476
307 489
308 179
308 304
308 305
308 349
308 395
308 493
309 23
309 307
309 311
309 315
309 418
309 450
309 460
310 69
310 312
310 313
310 350
310 415
311 130
311 147
311 174
311 307
311 309
311 315
312 111
312 230
312 310
312 313
312 383
313 172
313 281
313 310
313 312
313 349
313 395
313 493
314 161
314 211
314 303
314 316
314 400
314 404
314 410
315 152
315 155
315 206
315 257
315 309
315 311
315 470
316 21
316 161
316 314
316 320
316 324
316 380
316 498
317 34
317 204
317 226
317 233
317 333
317 334
317 356
317 362
317 400
317 438
318 44
318 73
318 319
318 396
318 434
318 484
319 70
319 201
319 318
319 320
319 338
319 431
319 433
319 436
320 21
320 191
320 316
320 319
320 321
320 324
320 498
321 255
321 263
321 320
321 421
321 426
321 464
322 29
322 71
322 234
322 291
322 343
322 499
322 500
323 2
323 30
323 46
323 52
323 94
323 340
323 409
324 21
324 160
324 191
324 316
324 320
324 336
324 343
324 354
324 397
324 404
324 448
324 496
324 499
325 69
325 177
325 287
325 328
325 329
325 350
325 415
326 255
326 260
326 271
326 343
326 361
326 404
326 410
327 104
327 209
327 228
327 343
327 446
328 185
328 206
328 241
328 325
328 329
328 330
328 391
329 42
329 140
329 157
329 287
329 325
329 328
329 444
329 456
330 1
330 103
330 136
330 185
330 221
330 241
330 264
330 274
330 328
330 428
330 429
330 468
330 469
330 482
330 493
330 495
331 12
331 85
331 112
331 228
331 332
331 404
331 430
332 22
332 51
332 251
332 331
332 416
333 34
333 51
333 220
333 317
333 356
333 392
333 438
334 34
334 220
334 224
334 233
334 317
334 353
334 376
335 5
335 40
335 346
335 420
335 430
335 473
335 494
336 21
336 191
336 324
336 340
336 353
336 380
336 397
337 78
337 248
337 341
337 346
337 430
337 453
337 484
338 65
338 201
338 319
338 348
338 350
338 351
338 352
338 431
338 433
338 436
339 186
339 221
339 275
339 278
339 286
339 373
339 434
340 2
340 181
340 323
340 336
340 342
341 13
341 234
341 337
341 346
341 430
341 432
341 435
341 447
342 44
342 73
342 174
342 340
342 396
343 191
343 285
343 322
343 324
343 326
343 327
343 354
343 397
344 4
344 23
344 148
344 174
344 265
344 347
344 460
345 174
345 184
345 199
345 347
345 399
346 3
346 249
346 335
346 337
346 341
346 367
346 492
346 494
347 166
347 283
347 344
347 345
347 374
347 437
348 223
348 338
348 350
348 351
348 389
348 453
348 495
348 497
349 292
349 308
349 313
349 395
349 493
350 69
350 177
350 245
350 310
350 325
350 338
350 348
350 351
350 415
351 91
351 226
351 235
351 338
351 348
351 350
351 369
351 474
352 66
352 160
352 240
352 266
352 338
352 354
352 355
352 394
353 33
353 45
353 65
353 334
353 336
353 383
354 191
354 285
354 324
354 343
354 352
354 355
354 357
354 397
355 64
355 172
355 179
355 259
355 281
355 352
355 354
355 357
355 427
356 32
356 317
356 333
356 360
356 366
356 438
357 122
357 354
357 355
357 358
357 446
357 485
358 17
358 43
358 287
358 296
358 357
358 377
358 412
358 444
358 472
359 50
359 108
359 278
359 296
359 363
359 444
359 459
359 478
360 120
360 262
360 356
360 363
360 366
360 376
361 87
361 89
361 213
361 222
361 260
361 326
361 404
361 471
362 149
362 226
362 294
362 317
362 365
362 400
362 413
362 422
362 451
363 120
363 262
363 359
363 360
363 368
363 376
363 382
363 444
364 225
364 278
364 301
364 302
364 303
364 445
364 478
364 480
365 149
365 247
365 362
365 367
365 368
365 372
365 422
366 48
366 146
366 188
366 286
366 300
366 356
366 360
366 419
367 244
367 346
367 365
367 368
367 372
367 477
367 492
367 494
368 263
368 363
368 365
368 367
368 372
368 421
368 426
368 464
369 91
369 235
369 351
369 371
369 373
369 449
370 102
370 150
370 162
370 270
370 390
370 403
370 407
370 423
371 42
371 369
371 373
371 406
371 458
372 124
372 263
372 365
372 367
372 368
372 375
372 421
372 426
373 186
373 221
373 339
373 369
373 371
373 386
374 125
374 166
374 233
374 237
374 243
374 347
374 382
374 437
375 13
375 134
375 234
375 372
375 380
375 381
375 455
375 500
376 261
376 262
376 334
376 360
376 363
376 392
377 43
377 100
377 137
377 358
377 380
377 381
377 386
377 488
378 15
378 117
378 146
378 147
378 161
378 195
378 227
378 475
379 168
379 233
379 253
379 256
379 382
380 191
380 200
380 316
380 336
380 375
380 377
380 386
380 397
381 135
381 191
381 200
381 268
381 375
381 377
381 386
381 498
382 120
382 262
382 363
382 374
382 379
383 18
383 230
383 312
383 353
383 384
384 18
384 30
384 383
384 392
384 447
385 87
385 114
385 394
385 395
385 488
386 186
386 221
386 373
386 377
386 380
386 381
387 13
387 29
387 134
387 234
387 388
387 389
387 390
387 440
388 163
388 252
388 298
388 387
388 389
388 390
389 248
389 348
389 387
389 388
389 390
389 453
389 484
389 495
389 497
390 370
390 387
390 388
390 389
390 423
390 457
391 1
391 241
391 328
391 393
391 397
391 463
392 13
392 234
392 333
392 376
392 384
392 464
392 499
393 42
393 74
393 391
393 397
393 399
393 444
393 483
394 24
394 66
394 81
394 165
394 240
394 266
394 352
394 385
394 395
395 308
395 313
395 349
395 385
395 394
395 493
396 44
396 73
396 217
396 318
396 342
396 401
396 405
396 406
396 412
397 21
397 324
397 336
397 343
397 354
397 380
397 391
397 393
397 399
398 11
398 225
398 234
398 240
398 242
398 401
398 452
398 459
398 475
398 480
399 106
399 128
399 184
399 246
399 345
399 393
399 397
399 401
399 454
400 97
400 211
400 314
400 317
400 362
400 413
400 435
401 88
401 162
401 176
401 396
401 398
401 399
401 405
401 459
401 475
402 17
402 43
402 443
402 447
402 449
402 451
402 468
402 472
403 102
403 156
403 200
403 205
403 293
403 295
403 370
403 423
403 457
404 160
404 301
404 303
404 314
404 324
404 326
404 331
404 361
404 410
404 430
404 448
404 456
404 471
404 496
405 101
405 250
405 396
405 401
405 406
405 424
405 425
405 441
405 448
406 42
406 156
406 371
406 396
406 405
406 412
406 456
407 158
407 162
407 216
407 219
407 306
407 370
407 409
408 3
408 63
408 159
408 207
408 249
408 291
408 428
408 475
408 492
409 23
409 46
409 216
409 306
409 323
409 407
410 12
410 154
410 158
410 163
410 301
410 303
410 314
410 326
410 404
410 430
410 471
411 8
411 75
411 173
411 187
411 270
411 414
411 415
411 461
411 466
412 100
412 287
412 358
412 396
412 406
412 417
412 472
412 488
413 16
413 182
413 362
413 400
413 435
413 438
413 492
413 494
414 33
414 270
414 411
414 415
414 461
414 466
415 69
415 177
415 245
415 310
415 325
415 350
415 411
415 414
416 10
416 22
416 251
416 332
416 437
417 95
417 153
417 164
417 412
417 418
417 420
418 23
418 26
418 72
418 261
418 309
418 417
418 420
418 460
418 479
419 48
419 65
419 96
419 143
419 146
419 244
419 366
419 452
419 489
420 5
420 126
420 174
420 202
420 335
420 417
420 418
420 426
420 473
421 53
421 73
421 74
421 76
421 204
421 206
421 321
421 368
421 372
422 92
422 116
422 149
422 259
422 260
422 262
422 289
422 294
422 362
422 365
422 451
423 102
423 150
423 370
423 390
423 403
423 424
423 446
424 405
424 423
424 425
424 441
424 446
425 101
425 108
425 111
425 113
425 239
425 250
425 405
425 424
425 441
425 448
426 204
426 206
426 213
426 321
426 368
426 372
426 420
426 429
426 464
426 499
427 64
427 172
427 244
427 281
427 355
427 440
427 460
427 484
427 486
428 49
428 241
428 264
428 270
428 277
428 330
428 408
428 462
428 467
428 486
429 103
429 241
429 274
429 330
429 426
429 431
429 454
430 12
430 85
430 271
430 331
430 335
430 337
430 341
430 404
430 410
430 477
431 27
431 65
431 201
431 319
431 338
431 429
431 433
431 436
431 454
431 457
432 13
432 29
432 71
432 234
432 341
432 440
432 455
432 475
432 484
432 488
433 27
433 201
433 269
433 274
433 290
433 319
433 338
433 431
434 44
434 73
434 278
434 286
434 288
434 318
434 339
434 452
434 463
434 469
435 13
435 234
435 341
435 400
435 413
435 438
435 439
435 447
436 65
436 70
436 201
436 288
436 294
436 298
436 307
436 319
436 338
436 431
437 125
437 166
437 283
437 347
437 374
437 416
438 34
438 115
438 317
438 333
438 356
438 413
438 435
438 439
438 442
439 163
439 197
439 236
439 252
439 435
439 438
439 442
439 443
440 13
440 29
440 30
440 213
440 234
440 387
440 427
440 432
440 475
440 484
440 500
441 101
441 193
441 195
441 197
441 211
441 239
441 250
441 405
441 424
441 425
441 448
442 28
442 57
442 82
442 84
442 142
442 238
442 297
442 438
442 439
442 443
442 447
443 33
443 187
443 402
443 439
443 442
443 447
443 466
444 42
444 74
444 131
444 157
444 296
444 329
444 358
444 359
444 363
444 393
444 456
445 27
445 50
445 55
445 194
445 197
445 225
445 364
445 459
445 475
445 477
445 494
446 107
446 113
446 122
446 127
446 145
446 209
446 279
446 327
446 357
446 423
446 424
446 485
446 491
447 13
447 29
447 234
447 341
447 384
447 402
447 435
447 442
447 443
447 449
447 500
448 239
448 250
448 324
448 404
448 405
448 425
448 441
448 456
448 470
448 478
449 51
449 91
449 109
449 226
449 299
449 369
449 402
449 447
449 450
449 474
449 488
450 23
450 99
450 193
450 261
450 265
450 304
450 309
450 449
450 451
450 460
450 483
450 488
451 92
451 116
451 149
451 247
451 289
451 305
451 362
451 402
451 422
451 450
451 483
451 488
452 74
452 88
452 194
452 225
452 398
452 419
452 434
452 459
452 475
452 478
452 480
452 489
453 98
453 180
453 258
453 337
453 348
453 389
453 464
453 465
453 483
453 488
453 495
453 497
454 56
454 77
454 121
454 128
454 399
454 429
454 431
454 457
455 75
455 232
455 234
455 375
455 432
455 461
455 467
455 471
455 486
456 42
456 131
456 140
456 157
456 329
456 404
456 406
456 444
456 448
456 470
456 472
456 478
457 293
457 295
457 390
457 403
457 431
457 454
457 474
458 42
458 156
458 371
458 487
458 490
459 176
459 225
459 359
459 398
459 401
459 445
459 452
459 464
459 465
459 478
459 483
459 496
460 26
460 40
460 99
460 244
460 261
460 265
460 309
460 344
460 418
460 427
460 450
460 489
461 33
461 75
461 105
461 173
461 187
461 411
461 414
461 455
461 466
461 467
461 471
461 486
462 18
462 208
462 269
462 291
462 428
462 474
462 487
463 44
463 73
463 391
463 434
463 476
463 477
463 479
463 494
464 53
464 124
464 204
464 206
464 213
464 321
464 368
464 392
464 426
464 453
464 459
464 465
464 473
465 149
465 247
465 294
465 453
465 459
465 464
465 473
466 8
466 33
466 92
466 173
466 187
466 411
466 414
466 443
466 461
466 467
466 471
466 473
466 486
467 229
467 241
467 274
467 428
467 455
467 461
467 466
467 471
468 17
468 130
468 330
468 402
468 469
468 480
468 481
468 488
468 495
469 44
469 73
469 330
469 434
469 468
469 480
469 481
469 482
470 60
470 89
470 133
470 155
470 212
470 257
470 288
470 315
470 448
470 456
470 472
470 478
470 480
471 112
471 122
471 222
471 260
471 271
471 301
471 361
471 404
471 410
471 455
471 461
471 466
471 467
472 36
472 43
472 137
472 255
472 287
472 358
472 402
472 412
472 456
472 470
472 478
472 480
472 481
473 5
473 40
473 126
473 130
473 174
473 202
473 228
473 259
473 335
473 420
473 464
473 465
473 466
473 485
474 51
474 91
474 226
474 235
474 291
474 351
474 449
474 457
474 462
475 11
475 225
475 278
475 306
475 378
475 398
475 401
475 408
475 432
475 440
475 445
475 452
475 478
475 480
476 12
476 19
476 59
476 132
476 178
476 183
476 210
476 275
476 307
476 463
476 479
476 486
476 489
476 494
477 3
477 16
477 27
477 93
477 123
477 207
477 249
477 367
477 430
477 445
477 463
477 479
477 492
477 494
478 162
478 194
478 225
478 278
478 359
478 364
478 448
478 452
478 456
478 459
478 470
478 472
478 475
478 481
479 64
479 189
479 215
479 281
479 418
479 463
479 476
479 477
479 494
480 364
480 398
480 452
480 468
480 469
480 470
480 472
480 475
480 481
481 64
481 172
481 242
481 290
481 468
481 469
481 472
481 478
481 480
481 493
482 3
482 145
482 296
482 330
482 469
482 485
482 493
482 494
482 495
483 74
483 151
483 393
483 450
483 451
483 453
483 459
483 488
484 86
484 98
484 144
484 180
484 258
484 276
484 318
484 337
484 389
484 427
484 432
484 440
484 490
484 495
484 497
485 19
485 48
485 104
485 107
485 113
485 122
485 127
485 145
485 209
485 279
485 357
485 446
485 473
485 482
485 493
485 495
486 11
486 242
486 427
486 428
486 455
486 461
486 466
486 476
486 493
487 18
487 37
487 46
487 208
487 269
487 458
487 462
487 490
488 36
488 43
488 87
488 114
488 137
488 287
488 377
488 385
488 412
488 432
488 449
488 450
488 451
488 453
488 468
488 483
489 19
489 25
489 54
489 80
489 171
489 178
489 183
489 210
489 254
489 267
489 275
489 307
489 419
489 452
489 460
489 476
490 180
490 458
490 484
490 487
490 495
490 497
491 107
491 160
491 209
491 279
491 446
491 492
491 496
491 497
491 499
491 500
492 3
492 16
492 93
492 209
492 218
492 244
492 296
492 346
492 367
492 408
492 413
492 477
492 491
492 497
492 498
492 500
493 7
493 19
493 60
493 164
493 172
493 179
493 242
493 259
493 281
493 308
493 313
493 330
493 349
493 395
493 481
493 482
493 485
493 486
493 495
494 3
494 15
494 43
494 80
494 93
494 118
494 123
494 182
494 207
494 296
494 335
494 346
494 367
494 413
494 445
494 463
494 476
494 477
494 479
494 482
495 2
495 41
495 55
495 78
495 86
495 98
495 223
495 248
495 268
495 330
495 348
495 389
495 453
495 468
495 482
495 484
495 485
495 490
495 493
495 497
496 103
496 160
496 209
496 241
496 264
496 291
496 324
496 404
496 459
496 491
496 499
497 55
497 78
497 83
497 86
497 209
497 223
497 248
497 258
497 348
497 389
497 453
497 484
497 490
497 491
497 492
497 495
497 498
497 499
497 500
498 191
498 209
498 316
498 320
498 381
498 492
498 497
498 500
499 71
499 160
499 209
499 322
499 324
499 392
499 426
499 491
499 496
499 497
500 13
500 134
500 209
500 322
500 375
500 440
500 447
500 491
500 492
500 497
500 498
