1 80
1 91
1 133
1 138
1 249
2 184
2 360
2 415
2 432
2 434
3 238
3 271
3 276
3 390
3 402
4 323
4 400
4 420
4 445
4 446
5 131
5 146
5 254
5 275
5 280
6 8
6 447
6 459
6 494
6 500
7 179
7 267
7 273
7 291
7 413
8 6
8 279
8 412
8 439
8 469
9 440
9 463
9 479
9 484
9 488
10 11
10 347
10 487
10 492
10 496
11 10
11 23
11 321
11 356
11 429
12 186
12 301
12 472
12 484
12 488
13 164
13 232
13 391
13 435
13 494
14 163
14 209
14 210
14 270
14 290
15 203
15 453
15 468
15 494
15 500
16 177
16 266
16 352
16 405
16 408
17 18
17 277
17 430
17 460
17 462
18 17
18 310
18 332
18 372
18 392
19 121
19 155
19 215
19 328
19 343
20 159
20 244
20 292
20 359
20 417
21 29
21 187
21 236
21 245
21 295
22 268
22 276
22 387
22 390
22 489
23 11
23 241
23 257
23 321
23 429
24 140
24 346
24 363
24 375
24 457
25 27
25 77
25 143
25 266
25 269
26 201
26 283
26 336
26 422
26 424
27 25
27 437
27 438
27 442
27 465
28 163
28 384
28 438
28 465
28 477
29 21
29 125
29 187
29 236
29 245
30 86
30 298
30 355
30 357
30 382
31 215
31 481
31 490
31 495
31 497
32 85
32 181
32 350
32 433
32 470
33 174
33 182
33 284
33 304
33 371
34 221
34 273
34 291
34 342
34 413
35 396
35 400
35 431
35 461
35 466
36 39
36 241
36 257
36 356
36 429
37 41
37 383
37 397
37 426
37 470
38 39
38 171
38 327
38 355
38 382
39 36
39 38
39 58
39 356
39 429
40 213
40 279
40 339
40 409
40 467
41 37
41 89
41 181
41 447
41 470
42 197
42 239
42 248
42 315
42 395
43 134
43 182
43 284
43 304
43 371
44 125
44 187
44 236
44 245
44 295
45 197
45 239
45 248
45 315
45 497
46 269
46 336
46 363
46 422
46 424
47 49
47 103
47 292
47 359
47 417
48 369
48 450
48 476
48 485
48 493
49 47
49 167
49 244
49 337
49 359
50 94
50 388
50 412
50 469
50 474
51 393
51 463
51 472
51 473
51 488
52 156
52 185
52 223
52 293
52 358
53 490
53 495
53 497
53 498
53 499
54 149
54 169
54 341
54 446
54 475
55 471
55 490
55 495
55 497
55 499
56 58
56 76
56 165
56 192
56 204
57 310
57 332
57 369
57 379
57 392
58 39
58 56
58 321
58 356
58 429
59 158
59 231
59 353
59 415
59 434
60 137
60 145
60 318
60 381
60 425
61 208
61 449
61 453
61 459
61 500
62 66
62 183
62 265
62 312
62 346
63 124
63 145
63 326
63 381
63 425
64 196
64 376
64 394
64 403
64 452
65 332
65 338
65 372
65 379
65 392
66 62
66 480
66 482
66 492
66 496
67 420
67 445
67 446
67 451
67 475
68 153
68 288
68 394
68 402
68 452
69 482
69 489
69 491
69 492
69 496
70 308
70 317
70 331
70 395
70 483
71 74
71 194
71 212
71 285
71 361
72 335
72 348
72 365
72 436
72 455
73 197
73 239
73 248
73 315
73 344
74 71
74 78
74 180
74 206
74 285
75 88
75 163
75 270
75 290
75 303
76 56
76 141
76 150
76 192
76 364
77 25
77 113
77 237
77 266
77 269
78 74
78 80
78 91
78 138
78 249
79 121
79 129
79 139
79 328
79 343
80 1
80 78
80 91
80 133
80 138
81 84
81 115
81 294
81 333
81 362
82 152
82 177
82 191
82 205
82 419
83 195
83 281
83 431
83 461
83 466
84 81
84 332
84 372
84 379
84 392
85 32
85 350
85 374
85 397
85 470
86 30
86 327
86 356
86 357
86 382
87 166
87 264
87 278
87 305
87 378
88 75
88 90
88 160
88 270
88 290
89 41
89 181
89 374
89 397
89 426
90 88
90 224
90 226
90 228
90 316
91 1
91 78
91 80
91 133
91 249
92 100
92 147
92 317
92 331
92 367
93 104
93 482
93 486
93 487
93 496
94 50
94 261
94 282
94 456
94 499
95 262
95 341
95 407
95 445
95 475
96 267
96 273
96 291
96 342
96 413
97 448
97 454
97 485
97 493
97 497
98 179
98 267
98 273
98 280
98 342
99 320
99 406
99 418
99 421
99 455
100 92
100 308
100 314
100 331
100 367
101 105
101 173
101 319
101 334
101 414
102 448
102 478
102 481
102 497
102 498
103 47
103 244
103 292
103 417
103 455
104 93
104 480
104 487
104 491
104 496
105 101
105 142
105 240
105 389
105 414
106 220
106 235
106 294
106 333
106 362
107 185
107 217
107 293
107 358
107 364
108 234
108 394
108 402
108 403
108 452
109 284
109 411
109 454
109 483
109 493
110 238
110 259
110 271
110 276
110 387
111 115
111 282
111 294
111 333
111 362
112 242
112 287
112 351
112 378
112 398
113 77
113 237
113 266
113 269
113 490
114 411
114 427
114 476
114 483
114 493
115 81
115 111
115 220
115 228
115 333
116 186
116 440
116 473
116 484
116 488
117 428
117 463
117 472
117 484
117 488
118 318
118 326
118 381
118 416
118 425
119 193
119 199
119 375
119 457
119 475
120 173
120 240
120 334
120 389
120 414
121 19
121 79
121 215
121 328
121 343
122 171
122 200
122 298
122 355
122 382
123 144
123 288
123 468
123 494
123 500
124 63
124 145
124 372
124 381
124 425
125 29
125 44
125 187
125 245
125 295
126 251
126 377
126 441
126 458
126 464
127 441
127 490
127 497
127 498
127 499
128 135
128 208
128 449
128 494
128 500
129 79
129 139
129 155
129 215
129 328
130 478
130 490
130 495
130 498
130 499
131 5
131 254
131 259
131 275
131 280
132 148
132 286
132 345
132 384
132 438
133 1
133 80
133 91
133 138
133 249
134 43
134 174
134 284
134 304
134 371
135 128
135 449
135 453
135 460
135 500
136 167
136 244
136 359
136 365
136 417
137 60
137 318
137 326
137 381
137 425
138 1
138 78
138 80
138 133
138 249
139 79
139 129
139 155
139 223
139 328
140 24
140 183
140 312
140 375
140 457
141 76
141 202
141 204
141 207
141 364
142 105
142 319
142 334
142 389
142 408
143 25
143 144
143 237
143 266
143 269
144 123
144 143
144 391
144 494
144 500
145 60
145 63
145 124
145 381
145 425
146 5
146 254
146 259
146 275
146 280
147 92
147 296
147 317
147 367
147 395
148 132
148 281
148 437
148 465
148 477
149 54
149 240
149 334
149 389
149 414
150 76
150 151
150 165
150 192
150 202
151 150
151 169
151 445
151 451
151 475
152 82
152 205
152 405
152 408
152 419
153 68
153 288
153 376
153 402
153 452
154 156
154 352
154 405
154 408
154 419
155 19
155 129
155 139
155 328
155 343
156 52
156 154
156 185
156 217
156 358
157 190
157 247
157 409
157 460
157 462
158 59
158 176
158 305
158 415
158 499
159 20
159 167
159 292
159 359
159 417
160 88
160 476
160 483
160 485
160 493
161 216
161 224
161 253
161 272
161 316
162 311
162 383
162 426
162 433
162 470
163 14
163 28
163 75
163 209
163 210
163 303
164 13
164 391
164 449
164 459
164 494
164 500
165 56
165 150
165 202
165 207
165 364
165 471
166 87
166 242
166 287
166 378
166 385
166 398
167 49
167 136
167 159
167 292
167 417
167 485
168 178
168 206
168 212
168 361
168 366
168 486
169 54
169 151
169 262
169 341
169 420
169 475
170 279
170 388
170 456
170 468
170 469
170 474
171 38
171 122
171 298
171 327
171 357
171 382
172 329
172 396
172 400
172 431
172 461
172 466
173 101
173 120
173 334
173 389
173 414
173 467
174 33
174 134
174 182
174 284
174 304
174 371
175 177
175 386
175 472
175 473
175 479
175 484
176 158
176 299
176 360
176 415
176 432
176 434
177 16
177 82
177 175
177 405
177 408
177 419
178 168
178 180
178 194
178 285
178 361
178 366
179 7
179 98
179 221
179 273
179 342
179 413
180 74
180 178
180 206
180 212
180 361
180 366
181 32
181 41
181 89
181 272
181 374
181 433
182 33
182 43
182 174
182 304
182 371
182 445
183 62
183 140
183 193
183 199
183 346
183 457
184 2
184 299
184 305
184 415
184 432
184 434
185 52
185 107
185 156
185 223
185 293
185 358
186 12
186 116
186 302
186 393
186 463
186 488
187 21
187 29
187 44
187 125
187 236
187 295
188 339
188 344
188 430
188 460
188 462
188 467
189 399
189 411
189 448
189 483
189 485
189 493
190 157
190 281
190 301
190 396
190 461
190 466
191 82
191 352
191 405
191 408
191 419
191 498
192 56
192 76
192 150
192 204
192 207
192 364
193 119
193 183
193 265
193 375
193 457
193 472
194 71
194 178
194 206
194 212
194 285
194 366
195 83
195 214
195 400
195 431
195 461
195 466
196 64
196 340
196 376
196 394
196 452
196 474
197 42
197 45
197 73
197 248
197 315
197 465
198 404
198 443
198 486
198 491
198 492
198 496
199 119
199 183
199 211
199 346
199 375
199 457
200 122
200 298
200 327
200 355
200 357
200 382
201 26
201 218
201 313
201 363
201 422
201 424
202 141
202 150
202 165
202 204
202 207
202 364
203 15
203 435
203 447
203 468
203 494
203 500
204 56
204 141
204 192
204 202
204 207
204 364
205 82
205 152
205 352
205 405
205 408
205 419
206 74
206 168
206 180
206 194
206 366
206 466
207 141
207 165
207 192
207 202
207 204
207 364
208 61
208 128
208 447
208 468
208 494
208 500
209 14
209 163
209 210
209 270
209 290
209 303
210 14
210 163
210 209
210 270
210 290
210 303
211 199
211 265
211 312
211 346
211 375
211 457
212 71
212 168
212 180
212 194
212 361
212 366
213 40
213 344
213 373
213 460
213 462
213 467
214 195
214 301
214 329
214 396
214 431
214 478
215 19
215 31
215 121
215 129
215 328
215 343
216 161
216 224
216 228
216 253
216 316
216 484
217 107
217 156
217 223
217 293
217 346
217 358
218 201
218 283
218 313
218 336
218 422
218 424
219 221
219 302
219 370
219 441
219 458
219 464
220 106
220 115
220 235
220 294
220 333
220 362
221 34
221 179
221 219
221 267
221 291
221 413
222 385
222 448
222 454
222 476
222 483
222 493
223 52
223 139
223 185
223 217
223 293
223 358
224 90
224 161
224 216
224 228
224 253
224 316
225 289
225 341
225 385
225 420
225 445
225 451
226 90
226 268
226 271
226 275
226 387
226 390
227 255
227 309
227 325
227 377
227 441
227 464
228 90
228 115
228 216
228 224
228 253
228 316
229 380
229 404
229 440
229 482
229 486
229 489
230 263
230 388
230 416
230 439
230 469
230 474
231 59
231 353
231 360
231 415
231 432
231 434
232 13
232 435
232 449
232 453
232 459
232 500
233 256
233 335
233 383
233 418
233 436
233 455
234 108
234 340
234 376
234 394
234 403
234 452
235 106
235 220
235 294
235 333
235 362
235 386
236 21
236 29
236 44
236 187
236 245
236 295
237 77
237 113
237 143
237 266
237 269
237 399
238 3
238 110
238 271
238 276
238 387
238 390
239 42
239 45
239 73
239 248
239 315
239 397
240 105
240 120
240 149
240 319
240 389
240 414
241 23
241 36
241 257
241 321
241 422
241 429
242 112
242 166
242 278
242 351
242 378
242 398
243 337
243 357
243 384
243 442
243 465
243 477
244 20
244 49
244 103
244 136
244 359
244 417
245 21
245 29
245 44
245 125
245 236
245 295
246 249
246 320
246 418
246 421
246 436
246 455
247 157
247 339
247 344
247 373
247 430
247 467
248 42
248 45
248 73
248 197
248 239
248 315
249 1
249 78
249 91
249 133
249 138
249 246
250 289
250 407
250 424
250 445
250 446
250 451
251 126
251 302
251 309
251 377
251 458
251 464
252 404
252 443
252 486
252 489
252 492
252 496
253 161
253 216
253 224
253 228
253 316
253 335
254 5
254 131
254 146
254 259
254 275
254 280
255 227
255 260
255 297
255 370
255 377
255 464
256 233
256 406
256 418
256 421
256 436
256 455
257 23
257 36
257 241
257 321
257 356
257 429
258 283
258 423
258 471
258 497
258 498
258 499
259 110
259 131
259 146
259 254
259 275
259 280
260 255
260 261
260 370
260 441
260 458
260 464
261 94
261 260
261 412
261 416
261 439
261 474
262 95
262 169
262 289
262 407
262 446
262 451
262 475
263 230
263 412
263 416
263 439
263 456
263 469
263 474
264 87
264 278
264 287
264 351
264 378
264 385
264 398
265 62
265 193
265 211
265 312
265 346
265 375
265 457
266 16
266 25
266 77
266 113
266 143
266 237
266 269
267 7
267 96
267 98
267 221
267 291
267 413
267 446
268 22
268 226
268 271
268 276
268 370
268 387
268 390
269 25
269 46
269 77
269 113
269 143
269 237
269 266
270 14
270 75
270 88
270 209
270 210
270 290
270 303
271 3
271 110
271 226
271 238
271 268
271 387
271 390
272 161
272 181
272 350
272 374
272 383
272 397
272 433
273 7
273 34
273 96
273 98
273 179
273 342
273 413
274 337
274 345
274 384
274 437
274 438
274 465
274 477
275 5
275 131
275 146
275 226
275 254
275 259
275 280
276 3
276 22
276 110
276 238
276 268
276 387
276 390
277 17
277 339
277 373
277 409
277 460
277 462
277 467
278 87
278 242
278 264
278 287
278 351
278 385
278 398
279 8
279 40
279 170
279 439
279 456
279 469
279 474
280 5
280 98
280 131
280 146
280 254
280 259
280 275
281 83
281 148
281 190
281 329
281 396
281 461
281 466
282 94
282 111
282 388
282 416
282 456
282 469
282 474
283 26
283 218
283 258
283 313
283 363
283 422
283 424
284 33
284 43
284 109
284 134
284 174
284 304
284 371
285 71
285 74
285 178
285 194
285 361
285 366
285 374
286 132
286 314
286 437
286 438
286 442
286 465
286 477
287 112
287 166
287 264
287 278
287 351
287 385
287 398
288 68
288 123
288 153
288 394
288 402
288 403
288 452
289 225
289 250
289 262
289 323
289 420
289 475
289 476
290 14
290 75
290 88
290 209
290 210
290 270
290 303
291 7
291 34
291 96
291 221
291 267
291 342
291 413
292 20
292 47
292 103
292 159
292 167
292 359
292 417
293 52
293 107
293 185
293 217
293 223
293 295
293 358
294 81
294 106
294 111
294 220
294 235
294 333
294 362
295 21
295 44
295 125
295 187
295 236
295 245
295 293
296 147
296 308
296 314
296 317
296 367
296 395
296 491
297 255
297 309
297 370
297 377
297 441
297 458
297 464
298 30
298 122
298 171
298 200
298 355
298 357
298 382
299 176
299 184
299 305
299 353
299 360
299 432
299 434
300 399
300 450
300 454
300 471
300 483
300 485
300 493
301 12
301 190
301 214
301 329
301 431
301 461
301 466
302 186
302 219
302 251
302 309
302 377
302 441
302 458
303 75
303 163
303 209
303 210
303 270
303 290
303 389
304 33
304 43
304 134
304 174
304 182
304 284
304 371
305 87
305 158
305 184
305 299
305 360
305 432
305 434
306 386
306 440
306 463
306 473
306 479
306 484
306 488
307 349
307 393
307 428
307 463
307 472
307 473
307 479
308 70
308 100
308 296
308 314
308 331
308 367
308 395
309 227
309 251
309 297
309 302
309 441
309 458
309 464
310 18
310 57
310 319
310 338
310 369
310 379
310 392
311 162
311 318
311 350
311 383
311 426
311 433
311 470
312 62
312 140
312 211
312 265
312 375
312 417
312 457
313 201
313 218
313 283
313 336
313 363
313 422
313 424
314 100
314 286
314 296
314 308
314 317
314 331
314 395
315 42
315 45
315 73
315 197
315 239
315 248
315 316
316 90
316 161
316 216
316 224
316 228
316 253
316 315
317 70
317 92
317 147
317 296
317 314
317 331
317 395
318 60
318 118
318 137
318 311
318 326
318 381
318 425
319 101
319 142
319 240
319 310
319 334
319 389
319 414
320 99
320 246
320 335
320 365
320 406
320 418
320 436
321 11
321 23
321 58
321 241
321 257
321 356
321 429
322 471
322 481
322 490
322 495
322 497
322 498
322 499
323 4
323 289
323 407
323 445
323 446
323 451
323 475
324 343
324 480
324 482
324 487
324 489
324 491
324 492
325 227
325 347
325 482
325 486
325 489
325 491
325 496
326 63
326 118
326 137
326 318
326 327
326 381
326 425
327 38
327 86
327 171
327 200
327 326
327 355
327 357
327 382
328 19
328 79
328 121
328 129
328 139
328 155
328 215
328 343
329 172
329 214
329 281
329 301
329 396
329 400
329 461
329 466
330 334
330 423
330 478
330 481
330 495
330 497
330 498
330 499
331 70
331 92
331 100
331 308
331 314
331 317
331 367
331 395
332 18
332 57
332 65
332 84
332 338
332 369
332 372
332 379
333 81
333 106
333 111
333 115
333 220
333 235
333 294
333 362
334 101
334 120
334 142
334 149
334 173
334 319
334 330
334 414
335 72
335 233
335 253
335 320
335 406
335 418
335 421
335 455
336 26
336 46
336 218
336 313
336 338
336 363
336 422
336 424
337 49
337 243
337 274
337 345
337 437
337 442
337 465
337 477
338 65
338 310
338 332
338 336
338 369
338 372
338 379
338 392
339 40
339 188
339 247
339 277
339 373
339 430
339 460
339 467
340 196
340 234
340 376
340 394
340 402
340 403
340 452
340 492
341 54
341 95
341 169
341 225
341 407
341 420
341 451
341 475
342 34
342 96
342 98
342 179
342 273
342 291
342 348
342 413
343 19
343 79
343 121
343 155
343 215
343 324
343 328
343 372
344 73
344 188
344 213
344 247
344 409
344 430
344 462
344 467
345 132
345 274
345 337
345 384
345 437
345 442
345 465
345 477
346 24
346 62
346 183
346 199
346 211
346 217
346 265
346 457
347 10
347 325
347 480
347 482
347 486
347 491
347 492
347 496
348 72
348 342
348 365
348 406
348 418
348 421
348 436
348 455
349 307
349 386
349 393
349 407
349 440
349 472
349 473
349 479
350 32
350 85
350 272
350 311
350 397
350 426
350 433
350 470
351 112
351 242
351 264
351 278
351 287
351 378
351 385
351 398
352 16
352 154
352 191
352 205
352 353
352 405
352 408
352 419
353 59
353 231
353 299
353 352
353 360
353 415
353 432
353 434
354 444
354 471
354 478
354 481
354 490
354 495
354 498
354 499
355 30
355 38
355 122
355 200
355 298
355 327
355 357
355 382
356 11
356 36
356 39
356 58
356 86
356 257
356 321
356 429
357 30
357 86
357 171
357 200
357 243
357 298
357 327
357 355
358 52
358 107
358 156
358 185
358 217
358 223
358 293
358 361
359 20
359 47
359 49
359 136
359 159
359 244
359 292
359 417
360 2
360 176
360 231
360 299
360 305
360 353
360 415
360 432
361 71
361 168
361 178
361 180
361 212
361 285
361 358
361 366
362 81
362 106
362 111
362 220
362 235
362 294
362 333
362 390
363 24
363 46
363 201
363 283
363 313
363 336
363 422
363 424
364 76
364 107
364 141
364 165
364 192
364 202
364 204
364 207
365 72
365 136
365 320
365 348
365 406
365 421
365 436
365 455
366 168
366 178
366 180
366 194
366 206
366 212
366 285
366 361
367 92
367 100
367 147
367 296
367 308
367 331
367 368
367 395
368 367
368 380
368 443
368 486
368 487
368 489
368 491
368 492
369 48
369 57
369 310
369 332
369 338
369 372
369 379
369 392
370 219
370 255
370 260
370 268
370 297
370 441
370 458
370 464
371 33
371 43
371 134
371 174
371 182
371 284
371 304
371 373
372 18
372 65
372 84
372 124
372 332
372 338
372 343
372 369
372 379
373 213
373 247
373 277
373 339
373 371
373 409
373 460
373 462
373 467
374 85
374 89
374 181
374 272
374 285
374 383
374 426
374 433
374 470
375 24
375 119
375 140
375 193
375 199
375 211
375 265
375 312
375 457
376 64
376 153
376 196
376 234
376 340
376 402
376 403
376 439
376 452
377 126
377 227
377 251
377 255
377 297
377 302
377 378
377 458
377 464
378 87
378 112
378 166
378 242
378 264
378 351
378 377
378 385
378 398
379 57
379 65
379 84
379 310
379 332
379 338
379 369
379 372
379 392
380 229
380 368
380 480
380 486
380 487
380 489
380 491
380 492
380 496
381 60
381 63
381 118
381 124
381 137
381 145
381 318
381 326
381 425
382 30
382 38
382 86
382 122
382 171
382 200
382 298
382 327
382 355
383 37
383 162
383 233
383 272
383 311
383 374
383 397
383 433
383 470
384 28
384 132
384 243
384 274
384 345
384 437
384 438
384 442
384 477
385 166
385 222
385 225
385 264
385 278
385 287
385 351
385 378
385 398
386 175
386 235
386 306
386 349
386 428
386 463
386 479
386 484
386 488
387 22
387 110
387 226
387 238
387 268
387 271
387 276
387 388
387 390
388 50
388 170
388 230
388 282
388 387
388 439
388 456
388 469
388 474
389 105
389 120
389 142
389 149
389 173
389 240
389 303
389 319
389 414
390 3
390 22
390 226
390 238
390 268
390 271
390 276
390 362
390 387
391 13
391 144
391 164
391 447
391 453
391 459
391 468
391 494
391 500
392 18
392 57
392 65
392 84
392 310
392 338
392 369
392 379
392 498
393 51
393 186
393 307
393 349
393 428
393 473
393 479
393 484
393 488
394 64
394 68
394 108
394 196
394 234
394 288
394 340
394 402
394 403
395 42
395 70
395 147
395 296
395 308
395 314
395 317
395 331
395 367
396 35
396 172
396 190
396 214
396 281
396 329
396 400
396 431
396 466
397 37
397 85
397 89
397 239
397 272
397 350
397 383
397 426
397 470
398 112
398 166
398 242
398 264
398 278
398 287
398 351
398 378
398 385
399 189
399 237
399 300
399 410
399 448
399 450
399 476
399 485
399 493
400 4
400 35
400 172
400 195
400 329
400 396
400 431
400 461
400 466
401 444
401 471
401 478
401 481
401 490
401 495
401 497
401 498
401 499
402 3
402 68
402 108
402 153
402 288
402 340
402 376
402 394
402 452
403 64
403 108
403 234
403 288
403 340
403 376
403 394
403 404
403 452
404 198
404 229
404 252
404 403
404 443
404 480
404 482
404 487
404 489
404 491
405 16
405 152
405 154
405 177
405 191
405 205
405 352
405 406
405 408
405 419
406 99
406 256
406 320
406 335
406 348
406 365
406 405
406 418
406 421
406 436
407 95
407 250
407 262
407 323
407 341
407 349
407 420
407 446
407 451
407 475
408 16
408 142
408 152
408 154
408 177
408 191
408 205
408 352
408 405
408 419
409 40
409 157
409 277
409 344
409 373
409 430
409 456
409 460
409 462
409 467
410 399
410 411
410 427
410 448
410 450
410 454
410 459
410 483
410 485
410 493
411 109
411 114
411 189
411 410
411 412
411 427
411 454
411 476
411 483
411 485
412 8
412 50
412 261
412 263
412 411
412 416
412 439
412 456
412 469
412 474
413 7
413 34
413 96
413 179
413 221
413 267
413 273
413 291
413 342
413 414
414 101
414 105
414 120
414 149
414 173
414 240
414 319
414 334
414 389
414 413
415 2
415 59
415 158
415 176
415 184
415 231
415 353
415 360
415 432
415 434
416 118
416 230
416 261
416 263
416 282
416 412
416 439
416 456
416 469
416 474
417 20
417 47
417 103
417 136
417 159
417 167
417 244
417 292
417 312
417 359
418 99
418 233
418 246
418 256
418 320
418 335
418 348
418 406
418 421
418 455
419 82
419 152
419 154
419 177
419 191
419 205
419 352
419 405
419 408
419 420
420 4
420 67
420 169
420 225
420 289
420 341
420 407
420 419
420 445
420 475
421 99
421 246
421 256
421 335
421 348
421 365
421 406
421 418
421 436
421 455
422 26
422 46
422 201
422 218
422 241
422 283
422 313
422 336
422 363
422 424
423 258
423 330
423 471
423 478
423 481
423 490
423 495
423 497
423 498
423 499
424 26
424 46
424 201
424 218
424 250
424 283
424 313
424 336
424 363
424 422
425 60
425 63
425 118
425 124
425 137
425 145
425 318
425 326
425 381
425 426
426 37
426 89
426 162
426 311
426 350
426 374
426 397
426 425
426 433
426 470
427 114
427 410
427 411
427 429
427 448
427 450
427 476
427 483
427 485
427 493
428 117
428 307
428 386
428 393
428 440
428 472
428 473
428 479
428 484
428 488
429 11
429 23
429 36
429 39
429 58
429 241
429 257
429 321
429 356
429 427
430 17
430 188
430 247
430 339
430 344
430 409
430 431
430 460
430 462
430 467
431 35
431 83
431 172
431 195
431 214
431 301
431 396
431 400
431 430
431 461
431 466
432 2
432 176
432 184
432 231
432 299
432 305
432 353
432 360
432 415
432 433
432 434
433 32
433 162
433 181
433 272
433 311
433 350
433 374
433 383
433 426
433 432
433 470
434 2
434 59
434 176
434 184
434 231
434 299
434 305
434 353
434 415
434 432
434 435
435 13
435 203
435 232
435 434
435 447
435 449
435 453
435 459
435 468
435 494
435 500
436 72
436 233
436 246
436 256
436 320
436 348
436 365
436 406
436 421
436 438
436 455
437 27
437 148
437 274
437 286
437 337
437 345
437 384
437 438
437 442
437 465
437 477
438 27
438 28
438 132
438 274
438 286
438 384
438 436
438 437
438 442
438 465
438 477
439 8
439 230
439 261
439 263
439 279
439 376
439 388
439 412
439 416
439 456
439 474
440 9
440 116
440 229
440 306
440 349
440 428
440 472
440 473
440 479
440 484
440 488
441 126
441 127
441 219
441 227
441 260
441 297
441 302
441 309
441 370
441 458
441 464
442 27
442 243
442 286
442 337
442 345
442 384
442 437
442 438
442 453
442 465
442 477
443 198
443 252
443 368
443 404
443 444
443 480
443 487
443 489
443 491
443 492
443 496
444 354
444 401
444 443
444 471
444 478
444 481
444 490
444 495
444 497
444 498
444 499
445 4
445 67
445 95
445 151
445 182
445 225
445 250
445 323
445 420
445 446
445 451
446 4
446 54
446 67
446 250
446 262
446 267
446 323
446 407
446 445
446 451
446 475
447 6
447 41
447 203
447 208
447 391
447 435
447 449
447 453
447 468
447 494
447 500
448 97
448 102
448 189
448 222
448 399
448 410
448 427
448 450
448 476
448 483
448 485
448 493
449 61
449 128
449 135
449 164
449 232
449 435
449 447
449 450
449 459
449 468
449 494
449 500
450 48
450 300
450 399
450 410
450 427
450 448
450 449
450 454
450 476
450 483
450 485
450 493
451 67
451 151
451 225
451 250
451 262
451 323
451 341
451 407
451 445
451 446
451 452
451 475
452 64
452 68
452 108
452 153
452 196
452 234
452 288
452 340
452 376
452 402
452 403
452 451
453 15
453 61
453 135
453 232
453 391
453 435
453 442
453 447
453 459
453 468
453 494
453 500
454 97
454 109
454 222
454 300
454 410
454 411
454 450
454 476
454 483
454 485
454 493
454 500
455 72
455 99
455 103
455 233
455 246
455 256
455 335
455 348
455 365
455 418
455 421
455 436
456 94
456 170
456 263
456 279
456 282
456 388
456 409
456 412
456 416
456 439
456 469
456 474
457 24
457 119
457 140
457 183
457 193
457 199
457 211
457 265
457 312
457 346
457 375
457 461
458 126
458 219
458 251
458 260
458 297
458 302
458 309
458 370
458 377
458 441
458 462
458 464
459 6
459 61
459 164
459 232
459 391
459 410
459 435
459 449
459 453
459 468
459 494
459 500
460 17
460 135
460 157
460 188
460 213
460 277
460 339
460 373
460 409
460 430
460 462
460 467
461 35
461 83
461 172
461 190
461 195
461 281
461 301
461 329
461 400
461 431
461 457
461 466
462 17
462 157
462 188
462 213
462 277
462 344
462 373
462 409
462 430
462 458
462 460
462 467
463 9
463 51
463 117
463 186
463 306
463 307
463 386
463 464
463 472
463 473
463 479
463 484
463 488
464 126
464 219
464 227
464 251
464 255
464 260
464 297
464 309
464 370
464 377
464 441
464 458
464 463
465 27
465 28
465 148
465 197
465 243
465 274
465 286
465 337
465 345
465 437
465 438
465 442
465 477
466 35
466 83
466 172
466 190
466 195
466 206
466 281
466 301
466 329
466 396
466 400
466 431
466 461
467 40
467 173
467 188
467 213
467 247
467 277
467 339
467 344
467 373
467 409
467 430
467 460
467 462
468 15
468 123
468 170
468 203
468 208
468 391
468 435
468 447
468 449
468 453
468 459
468 494
468 500
469 8
469 50
469 170
469 230
469 263
469 279
469 282
469 388
469 412
469 416
469 456
469 470
469 474
470 32
470 37
470 41
470 85
470 162
470 311
470 350
470 374
470 383
470 397
470 426
470 433
470 469
471 55
471 165
471 258
471 300
471 322
471 354
471 401
471 423
471 444
471 490
471 495
471 497
471 498
471 499
472 12
472 51
472 117
472 175
472 193
472 307
472 349
472 428
472 440
472 463
472 473
472 479
472 484
472 488
473 51
473 116
473 175
473 306
473 307
473 349
473 393
473 428
473 440
473 463
473 472
473 479
473 484
473 488
474 50
474 170
474 196
474 230
474 261
474 263
474 279
474 282
474 388
474 412
474 416
474 439
474 456
474 469
475 54
475 67
475 95
475 119
475 151
475 169
475 262
475 289
475 323
475 341
475 407
475 420
475 446
475 451
476 48
476 114
476 160
476 222
476 289
476 399
476 411
476 427
476 448
476 450
476 454
476 483
476 485
476 493
477 28
477 148
477 243
477 274
477 286
477 337
477 345
477 384
477 437
477 438
477 442
477 465
477 478
477 496
478 102
478 130
478 214
478 330
478 354
478 401
478 423
478 444
478 477
478 481
478 490
478 495
478 497
478 498
478 499
479 9
479 175
479 306
479 307
479 349
479 386
479 393
479 428
479 440
479 463
479 472
479 473
479 480
479 484
479 488
480 66
480 104
480 324
480 347
480 380
480 404
480 443
480 479
480 482
480 486
480 487
480 489
480 491
480 492
480 496
481 31
481 102
481 322
481 330
481 354
481 401
481 423
481 444
481 478
481 482
481 490
481 495
481 497
481 498
481 499
482 66
482 69
482 93
482 229
482 324
482 325
482 347
482 404
482 480
482 481
482 486
482 487
482 489
482 491
482 492
482 496
483 70
483 109
483 114
483 160
483 189
483 222
483 300
483 410
483 411
483 427
483 448
483 450
483 454
483 476
483 485
483 493
484 9
484 12
484 116
484 117
484 175
484 216
484 306
484 386
484 393
484 428
484 440
484 463
484 472
484 473
484 479
484 488
485 48
485 97
485 160
485 167
485 189
485 300
485 399
485 410
485 411
485 427
485 448
485 450
485 454
485 476
485 483
485 493
486 93
486 168
486 198
486 229
486 252
486 325
486 347
486 368
486 380
486 480
486 482
486 487
486 489
486 491
486 492
486 496
487 10
487 93
487 104
487 324
487 368
487 380
487 404
487 443
487 480
487 482
487 486
487 488
487 489
487 491
487 492
487 496
488 9
488 12
488 51
488 116
488 117
488 186
488 306
488 386
488 393
488 428
488 440
488 463
488 472
488 473
488 479
488 484
488 487
489 22
489 69
489 229
489 252
489 324
489 325
489 368
489 380
489 404
489 443
489 480
489 482
489 486
489 487
489 491
489 492
489 496
490 31
490 53
490 55
490 113
490 127
490 130
490 322
490 354
490 401
490 423
490 444
490 471
490 478
490 481
490 495
490 497
490 498
490 499
491 69
491 104
491 198
491 296
491 324
491 325
491 347
491 368
491 380
491 404
491 443
491 480
491 482
491 486
491 487
491 489
491 492
491 496
492 10
492 66
492 69
492 198
492 252
492 324
492 340
492 347
492 368
492 380
492 443
492 480
492 482
492 486
492 487
492 489
492 491
492 496
493 48
493 97
493 109
493 114
493 160
493 189
493 222
493 300
493 399
493 410
493 427
493 448
493 450
493 454
493 476
493 483
493 485
493 494
493 495
494 6
494 13
494 15
494 123
494 128
494 144
494 164
494 203
494 208
494 391
494 435
494 447
494 449
494 453
494 459
494 468
494 493
494 495
494 500
495 31
495 53
495 55
495 130
495 322
495 330
495 354
495 401
495 423
495 444
495 471
495 478
495 481
495 490
495 493
495 494
495 497
495 498
495 499
496 10
496 66
496 69
496 93
496 104
496 198
496 252
496 325
496 347
496 380
496 443
496 477
496 480
496 482
496 486
496 487
496 489
496 491
496 492
497 31
497 45
497 53
497 55
497 97
497 102
497 127
497 258
497 322
497 330
497 401
497 423
497 444
497 471
497 478
497 481
497 490
497 495
497 498
497 499
498 53
498 102
498 127
498 130
498 191
498 258
498 322
498 330
498 354
498 392
498 401
498 423
498 444
498 471
498 478
498 481
498 490
498 495
498 497
498 499
499 53
499 55
499 94
499 127
499 130
499 158
499 258
499 322
499 330
499 354
499 401
499 423
499 444
499 471
499 478
499 481
499 490
499 495
499 497
499 498
500 6
500 15
500 61
500 123
500 128
500 135
500 144
500 164
500 203
500 208
500 232
500 391
500 435
500 447
500 449
500 453
500 454
500 459
500 468
500 494
