1 363
1 370
1 417
1 433
1 455
2 197
2 229
2 322
2 370
2 417
3 292
3 390
3 427
3 449
3 479
4 357
4 366
4 408
4 412
4 466
5 26
5 51
5 82
5 151
5 498
6 456
6 459
6 461
6 472
6 486
7 8
7 90
7 142
7 165
7 234
8 7
8 61
8 90
8 142
8 165
9 22
9 228
9 351
9 425
9 488
10 47
10 83
10 96
10 100
10 354
11 41
11 297
11 367
11 399
11 445
12 37
12 132
12 241
12 249
12 430
13 58
13 126
13 203
13 254
13 396
14 86
14 175
14 299
14 403
14 418
15 440
15 443
15 462
15 484
15 497
16 219
16 438
16 482
16 484
16 497
17 196
17 331
17 353
17 492
17 499
18 204
18 382
18 421
18 460
18 461
19 60
19 104
19 175
19 187
19 262
20 170
20 326
20 386
20 444
20 478
21 44
21 85
21 281
21 430
21 458
22 9
22 425
22 450
22 451
22 481
23 202
23 262
23 276
23 391
23 403
24 76
24 192
24 395
24 476
24 494
25 109
25 226
25 390
25 427
25 479
26 5
26 51
26 82
26 151
26 435
27 57
27 77
27 388
27 464
27 490
28 302
28 372
28 378
28 439
28 460
29 298
29 303
29 370
29 483
29 499
30 50
30 137
30 257
30 279
30 413
31 189
31 304
31 435
31 471
31 487
32 117
32 209
32 266
32 472
32 486
33 38
33 270
33 296
33 360
33 450
34 75
34 448
34 454
34 495
34 498
35 149
35 293
35 401
35 470
35 493
36 59
36 273
36 329
36 408
36 414
37 12
37 44
37 65
37 281
37 430
38 33
38 49
38 364
38 424
38 452
39 265
39 274
39 323
39 470
39 476
40 292
40 347
40 393
40 421
40 423
41 11
41 163
41 282
41 286
41 414
42 107
42 195
42 218
42 385
42 464
43 48
43 78
43 185
43 194
43 277
44 21
44 37
44 193
44 281
44 430
45 210
45 231
45 352
45 418
45 420
46 194
46 442
46 451
46 469
46 487
47 10
47 83
47 96
47 100
47 408
48 43
48 79
48 185
48 194
48 413
49 38
49 220
49 411
49 424
49 452
50 30
50 137
50 257
50 279
50 360
51 5
51 26
51 82
51 151
51 465
52 435
52 442
52 474
52 477
52 487
53 68
53 106
53 122
53 168
53 320
54 298
54 346
54 416
54 422
54 463
55 213
55 375
55 392
55 462
55 500
56 135
56 231
56 238
56 352
56 420
57 27
57 173
57 176
57 195
57 464
58 13
58 126
58 203
58 254
58 303
59 36
59 286
59 326
59 357
59 383
60 19
60 155
60 175
60 187
60 291
61 8
61 249
61 323
61 437
61 476
62 73
62 123
62 319
62 324
62 415
63 260
63 305
63 376
63 429
63 462
64 81
64 190
64 259
64 433
64 457
65 37
65 328
65 370
65 417
65 433
66 112
66 186
66 224
66 237
66 355
67 293
67 311
67 317
67 474
67 493
68 53
68 106
68 122
68 168
68 457
69 183
69 491
69 494
69 496
69 500
70 188
70 204
70 259
70 316
70 478
71 84
71 351
71 425
71 451
71 498
72 201
72 361
72 364
72 400
72 452
73 62
73 355
73 377
73 415
73 461
74 119
74 335
74 376
74 429
74 482
75 34
75 103
75 394
75 402
75 407
76 24
76 149
76 192
76 212
76 437
77 27
77 136
77 162
77 387
77 464
78 43
78 79
78 185
78 194
78 210
79 48
79 78
79 185
79 194
79 286
80 311
80 350
80 470
80 474
80 493
81 64
81 197
81 223
81 417
81 455
82 5
82 26
82 51
82 151
82 420
83 10
83 47
83 96
83 100
83 351
84 71
84 412
84 481
84 488
84 493
85 21
85 132
85 206
85 241
85 430
86 14
86 98
86 216
86 301
86 354
87 199
87 251
87 286
87 383
87 466
88 263
88 309
88 448
88 465
88 498
89 214
89 218
89 285
89 290
89 368
90 7
90 8
90 142
90 165
90 265
91 214
91 308
91 327
91 399
91 445
92 140
92 354
92 371
92 386
92 444
93 190
93 327
93 340
93 445
93 446
94 214
94 248
94 285
94 290
94 456
95 136
95 245
95 482
95 489
95 496
96 10
96 47
96 83
96 100
96 232
97 134
97 202
97 253
97 391
97 445
98 86
98 157
98 178
98 216
98 418
99 154
99 177
99 183
99 395
99 437
100 10
100 47
100 83
100 96
100 346
101 153
101 184
101 255
101 406
101 478
102 369
102 374
102 416
102 422
102 465
103 75
103 254
103 329
103 394
103 402
104 19
104 155
104 175
104 187
104 495
105 172
105 261
105 263
105 343
105 498
106 53
106 68
106 122
106 168
106 487
107 42
107 258
107 375
107 392
107 462
108 153
108 213
108 255
108 336
108 406
109 25
109 146
109 237
109 339
109 355
110 365
110 384
110 484
110 494
110 497
111 130
111 137
111 440
111 484
111 497
112 66
112 348
112 427
112 449
112 479
113 306
113 332
113 412
113 453
113 458
114 291
114 402
114 407
114 409
114 496
115 208
115 248
115 313
115 334
115 363
116 234
116 380
116 401
116 443
116 497
117 32
117 166
117 459
117 468
117 486
118 121
118 208
118 231
118 313
118 363
119 74
119 260
119 335
119 392
119 429
120 416
120 422
120 463
120 465
120 469
121 118
121 313
121 334
121 344
121 363
122 53
122 68
122 106
122 168
122 471
123 62
123 266
123 458
123 481
123 488
124 258
124 278
124 358
124 462
124 490
125 190
125 327
125 367
125 445
125 484
126 13
126 58
126 203
126 254
126 463
127 196
127 214
127 248
127 285
127 368
128 372
128 378
128 439
128 443
128 450
129 170
129 354
129 371
129 424
129 444
130 111
130 366
130 384
130 443
130 497
131 138
131 322
131 328
131 455
131 457
132 12
132 85
132 185
132 241
132 430
133 139
133 359
133 417
133 419
133 432
134 97
134 202
134 253
134 333
134 393
135 56
135 152
135 241
135 352
135 420
136 77
136 95
136 475
136 494
136 500
137 30
137 50
137 111
137 257
137 279
138 131
138 193
138 362
138 410
138 446
139 133
139 376
139 419
139 453
139 490
140 92
140 294
140 432
140 478
140 490
141 301
141 467
141 483
141 492
141 499
142 7
142 8
142 90
142 165
142 192
143 230
143 429
143 435
143 442
143 477
144 167
144 284
144 459
144 486
144 497
145 152
145 238
145 352
145 420
145 432
146 109
146 339
146 344
146 355
146 485
147 153
147 168
147 184
147 336
147 406
148 157
148 159
148 301
148 371
148 418
149 35
149 76
149 428
149 437
149 476
150 188
150 204
150 277
150 316
150 407
151 5
151 26
151 51
151 82
151 287
152 135
152 145
152 231
152 324
152 352
153 101
153 108
153 147
153 406
153 452
154 99
154 183
154 428
154 476
154 496
155 60
155 104
155 169
155 175
155 187
156 192
156 274
156 375
156 428
156 476
157 98
157 148
157 345
157 403
157 418
158 405
158 413
158 480
158 485
158 499
159 148
159 489
159 491
159 494
159 500
160 292
160 373
160 393
160 402
160 423
161 380
161 438
161 443
161 494
161 497
162 77
162 288
162 385
162 388
162 464
163 41
163 282
163 286
163 363
163 466
164 239
164 342
164 410
164 425
164 446
165 7
165 8
165 90
165 142
165 449
166 117
166 280
166 297
166 397
166 445
167 144
167 335
167 459
167 472
167 486
168 53
168 68
168 106
168 122
168 147
168 463
169 155
169 224
169 269
169 344
169 355
169 368
170 20
170 129
170 326
170 354
170 444
170 491
171 294
171 310
171 341
171 453
171 480
171 496
172 105
172 207
172 223
172 379
172 495
172 498
173 57
173 385
173 387
173 388
173 460
173 464
174 209
174 387
174 456
174 468
174 472
174 486
175 14
175 19
175 60
175 104
175 155
175 187
176 57
176 412
176 425
176 458
176 481
176 488
177 99
177 225
177 347
177 373
177 393
177 423
178 98
178 337
178 482
178 489
178 494
178 500
179 288
179 489
179 491
179 494
179 496
179 500
180 475
180 482
180 491
180 494
180 495
180 496
181 252
181 364
181 400
181 411
181 424
181 430
182 226
182 422
182 425
182 451
182 481
182 488
183 69
183 99
183 154
183 323
183 395
183 452
184 101
184 147
184 255
184 336
184 352
184 406
185 43
185 48
185 78
185 79
185 132
185 194
186 66
186 224
186 242
186 330
186 339
186 344
187 19
187 60
187 104
187 155
187 175
187 436
188 70
188 150
188 204
188 277
188 316
188 475
189 31
189 217
189 321
189 416
189 426
189 490
190 64
190 93
190 125
190 280
190 399
190 499
191 386
191 441
191 466
191 482
191 489
191 500
192 24
192 76
192 142
192 156
192 249
192 395
193 44
193 138
193 295
193 342
193 410
193 446
194 43
194 46
194 48
194 78
194 79
194 185
195 42
195 57
195 385
195 387
195 464
195 487
196 17
196 127
196 326
196 371
196 386
196 444
197 2
197 81
197 347
197 417
197 455
197 457
198 286
198 357
198 382
198 383
198 408
198 466
199 87
199 200
199 219
199 366
199 383
199 408
200 199
200 353
200 483
200 485
200 492
200 499
201 72
201 247
201 369
201 400
201 424
201 433
202 23
202 97
202 134
202 276
202 313
202 391
203 13
203 58
203 126
203 238
203 254
203 438
204 18
204 70
204 150
204 188
204 277
204 316
205 348
205 398
205 449
205 457
205 468
205 479
206 85
206 212
206 338
206 361
206 463
206 465
207 172
207 448
207 453
207 454
207 495
207 498
208 115
208 118
208 313
208 334
208 363
208 464
209 32
209 174
209 252
209 459
209 468
209 472
210 45
210 78
210 231
210 238
210 352
210 420
211 284
211 314
211 317
211 358
211 392
211 462
212 76
212 206
212 220
212 379
212 421
212 460
213 55
213 108
213 219
213 317
213 358
213 462
214 89
214 91
214 94
214 127
214 290
214 368
215 245
215 349
215 409
215 473
215 474
215 493
216 86
216 98
216 221
216 299
216 403
216 464
217 189
217 296
217 389
217 453
217 480
217 490
218 42
218 89
218 385
218 387
218 388
218 464
219 16
219 199
219 213
219 365
219 484
219 497
220 49
220 212
220 377
220 431
220 460
220 461
221 216
221 299
221 301
221 403
221 418
221 468
222 329
222 394
222 407
222 409
222 437
222 481
223 81
223 172
223 263
223 343
223 495
223 498
224 66
224 169
224 186
224 330
224 344
224 415
225 177
225 227
225 343
225 373
225 393
225 423
226 25
226 182
226 398
226 434
226 479
226 488
227 225
227 305
227 335
227 376
227 429
227 493
228 9
228 357
228 366
228 408
228 414
228 466
229 2
229 256
229 401
229 470
229 473
229 493
230 143
230 436
230 455
230 469
230 471
230 487
231 45
231 56
231 118
231 152
231 210
231 420
232 96
232 238
232 272
232 310
232 478
232 480
233 300
233 318
233 447
233 452
233 466
233 494
234 7
234 116
234 365
234 440
234 484
234 497
235 312
235 343
235 373
235 448
235 495
235 498
236 345
236 404
236 454
236 485
236 495
236 498
237 66
237 109
237 330
237 339
237 344
237 350
238 56
238 145
238 203
238 210
238 232
238 420
239 164
239 295
239 307
239 310
239 362
239 446
240 315
240 384
240 456
240 468
240 472
240 486
241 12
241 85
241 132
241 135
241 281
241 430
242 186
242 299
242 331
242 485
242 492
242 499
243 303
243 366
243 467
243 483
243 485
243 499
244 254
244 359
244 419
244 453
244 480
244 490
245 95
245 215
245 256
245 293
245 474
245 493
246 250
246 398
246 411
246 434
246 449
246 479
247 201
247 300
247 369
247 417
247 424
247 447
248 94
248 115
248 127
248 285
248 290
248 368
249 12
249 61
249 192
249 274
249 428
249 437
250 246
250 348
250 390
250 434
250 473
250 479
251 87
251 341
251 389
251 478
251 480
251 490
252 181
252 209
252 364
252 411
252 447
252 452
253 97
253 134
253 333
253 356
253 391
253 492
254 13
254 58
254 103
254 126
254 203
254 244
255 101
255 108
255 184
255 336
255 406
255 477
256 229
256 245
256 459
256 473
256 474
256 493
257 30
257 50
257 137
257 262
257 279
257 450
258 107
258 124
258 278
258 314
258 334
258 375
259 64
259 70
259 300
259 322
259 417
259 433
260 63
260 119
260 305
260 376
260 429
260 442
261 105
261 289
261 401
261 473
261 474
261 493
262 19
262 23
262 257
262 333
262 356
262 391
263 88
263 105
263 223
263 404
263 477
263 495
264 365
264 384
264 398
264 438
264 484
264 497
265 39
265 90
265 323
265 395
265 428
265 476
266 32
266 123
266 274
266 306
266 451
266 488
267 307
267 482
267 491
267 494
267 496
267 500
268 272
268 276
268 360
268 372
268 439
268 450
269 169
269 319
269 415
269 431
269 460
269 461
270 33
270 302
270 372
270 439
270 450
270 467
271 436
271 441
271 469
271 471
271 477
271 487
272 232
272 268
272 276
272 310
272 478
272 480
273 36
273 282
273 366
273 408
273 466
273 483
274 39
274 156
274 249
274 266
274 437
274 476
275 472
275 475
275 482
275 491
275 496
275 500
276 23
276 202
276 268
276 272
276 333
276 356
277 43
277 150
277 188
277 204
277 316
277 403
278 124
278 258
278 314
278 392
278 434
278 462
279 30
279 50
279 137
279 257
279 422
279 433
280 166
280 190
280 327
280 367
280 397
280 464
281 21
281 37
281 44
281 241
281 430
281 500
282 41
282 163
282 273
282 357
282 359
282 466
283 380
283 384
283 438
283 440
283 447
283 475
283 484
284 144
284 211
284 456
284 459
284 468
284 472
284 486
285 89
285 94
285 127
285 248
285 290
285 368
285 454
286 41
286 59
286 79
286 87
286 163
286 198
286 383
287 151
287 382
287 489
287 491
287 494
287 496
287 500
288 162
288 179
288 436
288 469
288 471
288 477
288 487
289 261
289 349
289 427
289 470
289 473
289 474
289 493
290 89
290 94
290 214
290 248
290 285
290 368
290 485
291 60
291 114
291 329
291 394
291 402
291 407
291 409
292 3
292 40
292 160
292 347
292 373
292 393
292 423
293 35
293 67
293 245
293 419
293 428
293 470
293 493
294 140
294 171
294 345
294 426
294 451
294 480
294 490
295 193
295 239
295 307
295 362
295 410
295 446
295 489
296 33
296 217
296 302
296 360
296 378
296 439
296 450
297 11
297 166
297 340
297 397
297 399
297 445
297 468
298 29
298 54
298 396
298 483
298 485
298 492
298 499
299 14
299 216
299 221
299 242
299 403
299 418
299 426
300 233
300 247
300 259
300 302
300 318
300 447
300 452
301 86
301 141
301 148
301 221
301 403
301 418
301 474
302 28
302 270
302 296
302 300
302 360
302 372
302 378
303 29
303 58
303 243
303 483
303 485
303 492
303 499
304 31
304 436
304 442
304 465
304 471
304 477
304 487
305 63
305 227
305 260
305 335
305 376
305 429
305 482
306 113
306 266
306 332
306 400
306 451
306 481
306 488
307 239
307 267
307 295
307 342
307 362
307 410
307 446
308 91
308 327
308 340
308 397
308 399
308 483
308 487
309 88
309 325
309 364
309 454
309 471
309 495
309 498
310 171
310 232
310 239
310 272
310 359
310 432
310 480
311 67
311 80
311 376
311 470
311 473
311 474
311 493
312 235
312 339
312 404
312 411
312 448
312 495
312 498
313 115
313 118
313 121
313 202
313 208
313 334
313 363
314 211
314 258
314 278
314 337
314 358
314 375
314 462
315 240
315 316
315 456
315 468
315 472
315 486
315 499
316 70
316 150
316 188
316 204
316 277
316 315
316 498
317 67
317 211
317 213
317 358
317 392
317 394
317 462
318 233
318 300
318 369
318 424
318 447
318 452
318 456
319 62
319 269
319 322
319 377
319 415
319 431
319 461
320 53
320 435
320 442
320 444
320 469
320 477
320 487
321 189
321 389
321 419
321 425
321 432
321 478
321 490
322 2
322 131
322 259
322 319
322 370
322 455
322 457
323 39
323 61
323 183
323 265
323 428
323 437
323 476
324 62
324 152
324 377
324 379
324 431
324 455
324 460
325 309
325 334
325 400
325 404
325 454
325 495
325 498
326 20
326 59
326 170
326 196
326 371
326 386
326 444
327 91
327 93
327 125
327 280
327 308
327 367
327 443
328 65
328 131
328 370
328 406
328 433
328 455
328 457
329 36
329 103
329 222
329 291
329 402
329 407
329 409
330 186
330 224
330 237
330 339
330 355
330 368
330 473
331 17
331 242
331 436
331 483
331 485
331 492
331 499
332 113
332 306
332 381
332 451
332 481
332 488
332 489
333 134
333 253
333 262
333 276
333 356
333 388
333 391
334 115
334 121
334 208
334 258
334 313
334 325
334 363
335 74
335 119
335 167
335 227
335 305
335 429
335 438
336 108
336 147
336 184
336 255
336 406
336 467
336 492
337 178
337 314
337 441
337 491
337 494
337 496
337 500
338 206
338 345
338 346
338 361
338 374
338 463
338 465
339 109
339 146
339 186
339 237
339 312
339 330
339 469
340 93
340 297
340 308
340 367
340 397
340 445
340 488
341 171
341 251
341 406
341 432
341 478
341 480
341 490
342 164
342 193
342 307
342 344
342 362
342 410
342 446
342 484
343 105
343 223
343 225
343 235
343 404
343 445
343 454
343 495
344 121
344 146
344 169
344 186
344 224
344 237
344 342
344 355
345 157
345 236
345 294
345 338
345 448
345 454
345 495
345 498
346 54
346 100
346 338
346 361
346 416
346 463
346 465
346 480
347 40
347 177
347 197
347 292
347 373
347 393
347 423
347 486
348 112
348 205
348 250
348 390
348 427
348 434
348 449
348 479
349 215
349 289
349 401
349 444
349 470
349 473
349 474
349 493
350 80
350 237
350 475
350 489
350 491
350 494
350 496
350 500
351 9
351 71
351 83
351 358
351 451
351 458
351 481
351 488
352 45
352 56
352 135
352 145
352 152
352 184
352 210
352 420
353 17
353 200
353 413
353 442
353 467
353 483
353 485
353 492
354 10
354 86
354 92
354 129
354 170
354 371
354 386
354 444
355 66
355 73
355 109
355 146
355 169
355 330
355 344
355 390
356 253
356 262
356 276
356 333
356 385
356 391
356 448
356 486
357 4
357 59
357 198
357 228
357 282
357 366
357 383
357 460
358 124
358 211
358 213
358 314
358 317
358 351
358 375
358 462
359 133
359 244
359 282
359 310
359 426
359 450
359 453
359 478
360 33
360 50
360 268
360 296
360 302
360 402
360 439
360 450
361 72
361 206
361 338
361 346
361 422
361 463
361 465
361 492
362 138
362 239
362 295
362 307
362 342
362 423
362 446
362 475
363 1
363 115
363 118
363 121
363 163
363 208
363 313
363 334
364 38
364 72
364 181
364 252
364 309
364 369
364 411
364 447
365 110
365 219
365 234
365 264
365 419
365 438
365 440
365 497
366 4
366 130
366 199
366 228
366 243
366 273
366 357
366 414
367 11
367 125
367 280
367 327
367 340
367 397
367 399
367 500
368 89
368 127
368 169
368 214
368 248
368 285
368 290
368 330
369 102
369 201
369 247
369 318
369 364
369 400
369 441
369 452
370 1
370 2
370 29
370 65
370 322
370 328
370 433
370 457
371 92
371 129
371 148
371 196
371 326
371 354
371 386
371 444
372 28
372 128
372 268
372 270
372 302
372 439
372 450
372 476
373 160
373 177
373 225
373 235
373 292
373 347
373 393
373 423
374 102
374 338
374 387
374 416
374 422
374 432
374 463
374 465
375 55
375 107
375 156
375 258
375 314
375 358
375 392
375 462
376 63
376 74
376 139
376 227
376 260
376 305
376 311
376 429
377 73
377 220
377 319
377 324
377 415
377 421
377 431
377 461
378 28
378 128
378 296
378 302
378 379
378 439
378 450
378 472
379 172
379 212
379 324
379 378
379 382
379 415
379 421
379 461
380 116
380 161
380 283
380 384
380 438
380 440
380 492
380 497
381 332
381 412
381 416
381 425
381 451
381 458
381 481
381 488
382 18
382 198
382 287
382 379
382 421
382 431
382 460
382 461
383 59
383 87
383 198
383 199
383 286
383 357
383 456
383 466
384 110
384 130
384 240
384 264
384 283
384 380
384 443
384 484
385 42
385 162
385 173
385 195
385 218
385 356
385 388
385 464
386 20
386 92
386 191
386 196
386 326
386 354
386 371
386 444
387 77
387 173
387 174
387 195
387 218
387 374
387 388
387 464
388 27
388 162
388 173
388 218
388 333
388 385
388 387
388 499
389 217
389 251
389 321
389 399
389 419
389 453
389 478
389 490
390 3
390 25
390 250
390 348
390 355
390 427
390 434
390 449
391 23
391 97
391 202
391 253
391 262
391 333
391 356
391 415
391 469
392 55
392 107
392 119
392 211
392 278
392 317
392 375
392 431
392 462
393 40
393 134
393 160
393 177
393 225
393 292
393 347
393 373
393 423
394 75
394 103
394 222
394 291
394 317
394 402
394 407
394 409
394 449
395 24
395 99
395 183
395 192
395 265
395 410
395 437
395 476
395 491
396 13
396 298
396 398
396 405
396 413
396 467
396 483
396 492
396 499
397 166
397 280
397 297
397 308
397 340
397 367
397 399
397 445
397 479
398 205
398 226
398 246
398 264
398 396
398 427
398 434
398 449
398 479
399 11
399 91
399 190
399 297
399 308
399 367
399 389
399 397
399 445
400 72
400 181
400 201
400 306
400 325
400 369
400 411
400 447
400 452
401 35
401 116
401 229
401 261
401 349
401 405
401 473
401 474
401 493
402 75
402 103
402 114
402 160
402 291
402 329
402 360
402 394
402 409
403 14
403 23
403 157
403 216
403 221
403 277
403 299
403 301
403 418
404 236
404 263
404 312
404 325
404 343
404 405
404 458
404 495
404 498
405 158
405 396
405 401
405 404
405 467
405 483
405 485
405 492
405 499
406 101
406 108
406 147
406 153
406 184
406 255
406 328
406 336
406 341
407 75
407 114
407 150
407 222
407 291
407 329
407 394
407 409
407 455
408 4
408 36
408 47
408 198
408 199
408 228
408 273
408 414
408 466
409 114
409 215
409 222
409 291
409 329
409 394
409 402
409 407
409 497
410 138
410 164
410 193
410 295
410 307
410 342
410 395
410 428
410 446
411 49
411 181
411 246
411 252
411 312
411 364
411 400
411 424
411 447
412 4
412 84
412 113
412 176
412 381
412 414
412 458
412 481
412 488
413 30
413 48
413 158
413 353
413 396
413 467
413 485
413 492
413 499
414 36
414 41
414 228
414 366
414 408
414 412
414 421
414 427
414 466
415 62
415 73
415 224
415 269
415 319
415 377
415 379
415 391
415 421
415 431
416 54
416 102
416 120
416 189
416 346
416 374
416 381
416 422
416 463
416 465
417 1
417 2
417 65
417 81
417 133
417 197
417 247
417 259
417 455
417 457
418 14
418 45
418 98
418 148
418 157
418 221
418 299
418 301
418 403
418 491
419 133
419 139
419 244
419 293
419 321
419 365
419 389
419 426
419 478
419 490
420 45
420 56
420 82
420 135
420 145
420 210
420 231
420 238
420 352
420 486
421 18
421 40
421 212
421 377
421 379
421 382
421 414
421 415
421 460
421 461
422 54
422 102
422 120
422 182
422 279
422 361
422 374
422 416
422 463
422 465
423 40
423 160
423 177
423 225
423 292
423 347
423 362
423 373
423 393
423 424
424 38
424 49
424 129
424 181
424 201
424 247
424 318
424 411
424 423
424 447
425 9
425 22
425 71
425 164
425 176
425 182
425 321
425 381
425 458
425 488
426 189
426 294
426 299
426 359
426 419
426 432
426 453
426 457
426 480
426 490
427 3
427 25
427 112
427 289
427 348
427 390
427 398
427 414
427 449
427 479
428 149
428 154
428 156
428 249
428 265
428 293
428 323
428 410
428 437
428 476
429 63
429 74
429 119
429 143
429 227
429 260
429 305
429 335
429 376
429 458
430 12
430 21
430 37
430 44
430 85
430 132
430 181
430 241
430 281
430 476
431 220
431 269
431 319
431 324
431 377
431 382
431 392
431 415
431 460
431 497
432 133
432 140
432 145
432 310
432 321
432 341
432 374
432 426
432 478
432 490
433 1
433 64
433 65
433 201
433 259
433 279
433 328
433 370
433 455
433 457
434 226
434 246
434 250
434 278
434 348
434 390
434 398
434 449
434 479
434 490
435 26
435 31
435 52
435 143
435 320
435 436
435 469
435 471
435 477
435 487
435 489
436 187
436 230
436 271
436 288
436 304
436 331
436 435
436 442
436 469
436 471
436 477
437 61
437 76
437 99
437 149
437 222
437 249
437 274
437 323
437 395
437 428
437 439
438 16
438 161
438 203
438 264
438 283
438 335
438 365
438 380
438 443
438 484
438 497
439 28
439 128
439 268
439 270
439 296
439 360
439 372
439 378
439 437
439 440
439 450
440 15
440 111
440 234
440 283
440 365
440 380
440 439
440 443
440 484
440 495
440 497
441 191
441 271
441 337
441 369
441 475
441 482
441 489
441 491
441 494
441 496
441 500
442 46
442 52
442 143
442 260
442 304
442 320
442 353
442 436
442 477
442 479
442 487
443 15
443 116
443 128
443 130
443 161
443 327
443 384
443 438
443 440
443 484
443 497
444 20
444 92
444 129
444 170
444 196
444 320
444 326
444 349
444 354
444 371
444 386
445 11
445 91
445 93
445 97
445 125
445 166
445 297
445 340
445 343
445 397
445 399
446 93
446 138
446 164
446 193
446 239
446 295
446 307
446 342
446 362
446 410
446 497
447 233
447 247
447 252
447 283
447 300
447 318
447 364
447 400
447 411
447 424
447 452
447 488
448 34
448 88
448 207
448 235
448 312
448 345
448 356
448 454
448 473
448 483
448 495
448 498
449 3
449 112
449 165
449 205
449 246
449 348
449 390
449 394
449 398
449 427
449 434
449 479
450 22
450 33
450 128
450 257
450 268
450 270
450 296
450 359
450 360
450 372
450 378
450 439
451 22
451 46
451 71
451 182
451 266
451 294
451 306
451 332
451 351
451 381
451 458
451 488
452 38
452 49
452 72
452 153
452 183
452 233
452 252
452 300
452 318
452 369
452 400
452 447
453 113
453 139
453 171
453 207
453 217
453 244
453 359
453 389
453 426
453 478
453 480
453 481
454 34
454 207
454 236
454 285
454 309
454 325
454 343
454 345
454 448
454 461
454 495
454 498
455 1
455 81
455 131
455 197
455 230
455 322
455 324
455 328
455 407
455 417
455 433
455 457
456 6
456 94
456 174
456 240
456 284
456 315
456 318
456 383
456 459
456 468
456 472
456 486
457 64
457 68
457 131
457 197
457 205
457 322
457 328
457 370
457 417
457 426
457 433
457 455
458 21
458 113
458 123
458 176
458 351
458 381
458 404
458 412
458 425
458 429
458 451
458 481
459 6
459 117
459 144
459 167
459 209
459 256
459 284
459 456
459 468
459 470
459 472
459 486
460 18
460 28
460 173
460 212
460 220
460 269
460 324
460 357
460 382
460 421
460 431
460 461
461 6
461 18
461 73
461 220
461 269
461 319
461 377
461 379
461 382
461 421
461 454
461 460
462 15
462 55
462 63
462 107
462 124
462 211
462 213
462 278
462 314
462 317
462 358
462 375
462 392
463 54
463 120
463 126
463 168
463 206
463 338
463 346
463 361
463 374
463 416
463 422
463 465
463 480
464 27
464 42
464 57
464 77
464 162
464 173
464 195
464 208
464 216
464 218
464 280
464 385
464 387
465 51
465 88
465 102
465 120
465 206
465 304
465 338
465 346
465 361
465 374
465 416
465 422
465 463
466 4
466 87
466 163
466 191
466 198
466 228
466 233
466 273
466 282
466 383
466 408
466 414
466 467
467 141
467 243
467 270
467 336
467 353
467 396
467 405
467 413
467 466
467 483
467 485
467 492
467 499
468 117
468 174
468 205
468 209
468 221
468 240
468 284
468 297
468 315
468 456
468 459
468 472
468 486
469 46
469 120
469 230
469 271
469 288
469 320
469 339
469 391
469 435
469 436
469 471
469 477
469 487
470 35
470 39
470 80
470 229
470 289
470 293
470 311
470 349
470 459
470 471
470 473
470 474
470 493
471 31
471 122
471 230
471 271
471 288
471 304
471 309
471 435
471 436
471 469
471 470
471 477
471 487
472 6
472 32
472 167
472 174
472 209
472 240
472 275
472 284
472 315
472 378
472 456
472 459
472 468
472 486
473 215
473 229
473 250
473 256
473 261
473 289
473 311
473 330
473 349
473 401
473 448
473 470
473 474
473 493
474 52
474 67
474 80
474 215
474 245
474 256
474 261
474 289
474 301
474 311
474 349
474 401
474 470
474 473
475 136
475 180
475 188
475 275
475 283
475 350
475 362
475 441
475 482
475 489
475 491
475 493
475 496
475 500
476 24
476 39
476 61
476 149
476 154
476 156
476 265
476 274
476 323
476 372
476 395
476 428
476 430
476 479
477 52
477 143
477 255
477 263
477 271
477 288
477 304
477 320
477 435
477 436
477 442
477 469
477 471
477 487
478 20
478 70
478 101
478 140
478 232
478 251
478 272
478 321
478 341
478 359
478 389
478 419
478 432
478 453
479 3
479 25
479 112
479 205
479 226
479 246
479 250
479 348
479 397
479 398
479 427
479 434
479 442
479 449
479 476
480 158
480 171
480 217
480 232
480 244
480 251
480 272
480 294
480 310
480 341
480 346
480 426
480 453
480 463
480 490
481 22
481 84
481 123
481 176
481 182
481 222
481 306
481 332
481 351
481 381
481 412
481 453
481 458
481 484
481 488
482 16
482 74
482 95
482 178
482 180
482 191
482 267
482 275
482 305
482 441
482 475
482 489
482 491
482 494
482 496
482 500
483 29
483 141
483 200
483 243
483 273
483 298
483 303
483 308
483 331
483 353
483 396
483 405
483 448
483 467
483 492
483 499
484 15
484 16
484 110
484 111
484 125
484 219
484 234
484 264
484 283
484 342
484 384
484 438
484 440
484 443
484 481
484 497
485 146
485 158
485 200
485 236
485 242
485 243
485 290
485 298
485 303
485 331
485 353
485 405
485 413
485 467
485 492
485 499
486 6
486 32
486 117
486 144
486 167
486 174
486 240
486 284
486 315
486 347
486 356
486 420
486 456
486 459
486 468
486 472
487 31
487 46
487 52
487 106
487 195
487 230
487 271
487 288
487 304
487 308
487 320
487 435
487 442
487 469
487 471
487 477
488 9
488 84
488 123
488 176
488 182
488 226
488 266
488 306
488 332
488 340
488 351
488 381
488 412
488 425
488 447
488 451
488 481
489 95
489 159
489 178
489 179
489 191
489 287
489 295
489 332
489 350
489 435
489 441
489 475
489 482
489 491
489 494
489 496
489 500
490 27
490 124
490 139
490 140
490 189
490 217
490 244
490 251
490 294
490 321
490 341
490 389
490 419
490 426
490 432
490 434
490 480
491 69
491 159
491 170
491 179
491 180
491 267
491 275
491 287
491 337
491 350
491 395
491 418
491 441
491 475
491 482
491 489
491 494
491 496
492 17
492 141
492 200
492 242
492 253
492 298
492 303
492 331
492 336
492 353
492 361
492 380
492 396
492 405
492 413
492 467
492 483
492 485
492 499
493 35
493 67
493 80
493 84
493 215
493 227
493 229
493 245
493 256
493 261
493 289
493 293
493 311
493 349
493 401
493 470
493 473
493 475
493 495
494 24
494 69
494 110
494 136
494 159
494 161
494 178
494 179
494 180
494 233
494 267
494 287
494 337
494 350
494 441
494 482
494 489
494 491
494 496
494 500
495 34
495 104
495 172
495 180
495 207
495 223
495 235
495 236
495 263
495 309
495 312
495 325
495 343
495 345
495 404
495 440
495 448
495 454
495 493
495 498
496 69
496 95
496 114
496 154
496 171
496 179
496 180
496 267
496 275
496 287
496 337
496 350
496 441
496 475
496 482
496 489
496 491
496 494
496 499
496 500
497 15
497 16
497 110
497 111
497 116
497 130
497 144
497 161
497 219
497 234
497 264
497 365
497 380
497 409
497 431
497 438
497 440
497 443
497 446
497 484
498 5
498 34
498 71
498 88
498 105
498 172
498 207
498 223
498 235
498 236
498 309
498 312
498 316
498 325
498 345
498 404
498 448
498 454
498 495
498 500
499 17
499 29
499 141
499 158
499 190
499 200
499 242
499 243
499 298
499 303
499 315
499 331
499 388
499 396
499 405
499 413
499 467
499 483
499 485
499 492
499 496
500 55
500 69
500 136
500 159
500 178
500 179
500 191
500 267
500 275
500 281
500 287
500 337
500 350
500 367
500 441
500 475
500 482
500 489
500 494
500 496
500 498
