1 100
1 123
1 193
1 218
1 424
2 115
2 116
2 402
2 407
2 447
2 475
2 480
3 28
3 218
3 222
3 297
3 453
4 68
4 184
4 312
4 347
4 476
5 6
5 29
5 170
5 246
5 482
5 494
6 5
6 65
6 80
6 353
6 419
7 17
7 181
7 270
7 339
7 444
7 488
8 9
8 302
8 332
8 380
8 457
8 469
9 8
9 46
9 88
9 487
9 500
10 11
10 39
10 95
10 297
10 453
11 10
11 128
11 204
11 304
11 435
11 448
12 13
12 161
12 202
12 208
12 234
13 12
13 164
13 340
13 385
13 408
14 15
14 142
14 182
14 213
14 265
14 347
14 414
14 432
14 443
14 444
15 14
15 52
15 116
15 147
15 157
16 79
16 125
16 192
16 373
16 428
17 7
17 18
17 238
17 324
17 366
17 394
18 17
18 20
18 29
18 98
18 144
18 261
19 69
19 132
19 284
19 373
19 465
20 18
20 21
20 98
20 144
20 261
21 20
21 152
21 258
21 386
21 476
22 48
22 76
22 136
22 156
22 272
22 375
22 430
22 444
22 445
22 446
23 24
23 67
23 447
23 475
23 480
23 497
24 23
24 251
24 369
24 420
24 454
25 27
25 190
25 207
25 290
25 294
25 496
26 30
26 35
26 96
26 113
26 253
27 25
27 108
27 225
27 472
27 473
28 3
28 68
28 176
28 297
28 478
29 5
29 18
29 31
29 170
29 246
29 482
29 494
30 26
30 32
30 96
30 113
30 253
31 29
31 36
31 47
31 121
31 204
31 304
31 448
32 30
32 173
32 268
32 300
32 325
32 326
32 393
33 34
33 130
33 180
33 269
33 418
33 441
34 33
34 49
34 115
34 166
34 175
34 255
34 362
34 364
35 26
35 56
35 377
35 458
35 471
36 31
36 38
36 65
36 80
36 165
36 263
36 321
36 353
36 419
37 64
37 81
37 86
37 97
37 104
37 214
37 256
37 271
37 357
37 409
37 491
37 492
37 493
37 495
37 497
37 498
37 499
38 36
38 66
38 153
38 208
38 379
39 10
39 40
39 95
39 176
39 297
40 39
40 78
40 106
40 134
40 151
41 42
41 249
41 350
41 359
41 370
41 401
41 439
42 41
42 238
42 324
42 335
42 366
42 394
43 44
43 61
43 133
43 198
43 247
44 43
44 49
44 175
44 307
44 399
45 46
45 94
45 152
45 260
45 476
46 9
46 45
46 88
46 487
46 500
47 31
47 49
47 121
47 128
47 204
47 304
47 435
47 448
48 22
48 136
48 156
48 196
48 272
48 375
48 430
48 485
49 34
49 44
49 47
49 175
49 206
49 364
50 51
50 215
50 236
50 248
50 403
50 450
50 481
51 50
51 141
51 340
51 385
51 408
52 15
52 53
52 116
52 147
52 157
52 189
53 52
53 102
53 120
53 162
53 442
54 55
54 200
54 211
54 302
54 431
55 54
55 227
55 237
55 243
55 309
56 35
56 367
56 458
56 471
56 480
57 60
57 103
57 176
57 211
57 297
57 310
57 348
58 66
58 75
58 257
58 284
58 341
58 342
58 365
58 388
58 465
59 112
59 139
59 275
59 333
59 434
60 57
60 62
60 103
60 150
60 176
60 297
60 348
60 453
60 478
61 43
61 133
61 198
61 209
61 400
62 60
62 230
62 313
62 328
62 416
63 64
63 155
63 228
63 298
63 305
63 382
64 37
64 63
64 81
64 262
64 271
64 357
64 409
64 491
64 493
64 495
64 498
64 499
65 6
65 36
65 67
65 165
65 296
65 419
66 38
66 58
66 73
66 75
66 104
66 250
66 316
66 344
66 412
66 427
67 23
67 65
67 447
67 475
67 497
68 4
68 28
68 279
68 286
68 476
69 19
69 70
69 132
69 195
69 284
69 388
70 69
70 396
70 447
70 475
70 480
70 497
71 72
71 75
71 104
71 344
71 427
71 456
72 71
72 173
72 326
72 330
72 451
73 66
73 74
73 75
73 427
73 452
74 73
74 77
74 221
74 450
74 481
75 58
75 66
75 71
75 73
75 79
75 104
75 250
75 344
75 412
75 433
76 22
76 136
76 149
76 349
76 358
76 430
76 498
76 499
77 74
77 78
77 389
77 450
77 481
78 40
78 77
78 106
78 134
78 151
79 16
79 75
79 101
79 125
79 192
80 6
80 36
80 81
80 263
80 321
80 419
81 37
81 64
81 80
81 271
81 357
81 409
81 492
81 493
81 498
82 83
82 143
82 277
82 281
82 301
83 82
83 229
83 235
83 461
84 112
84 149
84 349
84 372
84 434
85 146
85 345
85 349
85 378
85 404
86 37
86 88
86 409
86 491
86 492
86 493
86 495
86 499
87 177
87 210
87 251
87 369
87 371
87 413
87 420
87 454
87 467
88 9
88 46
88 86
88 487
88 500
89 312
89 491
89 493
89 495
89 499
90 105
90 138
90 154
90 217
90 312
91 92
91 212
91 252
91 267
91 368
91 484
91 488
92 91
92 173
92 293
92 299
92 326
93 94
93 119
93 137
93 446
93 486
94 45
94 93
94 152
94 260
94 476
95 10
95 39
95 96
95 176
95 453
96 26
96 30
96 95
96 113
96 253
97 37
97 104
97 173
97 326
97 336
97 361
97 460
97 492
97 493
98 18
98 20
98 99
98 144
98 261
99 98
99 109
99 169
99 280
99 315
99 334
99 363
99 410
100 1
100 102
100 123
100 193
100 424
101 79
101 122
101 123
101 148
101 463
102 53
102 100
102 120
102 162
102 442
103 57
103 60
103 152
103 176
103 310
103 348
104 37
104 66
104 71
104 75
104 97
104 250
104 316
104 344
104 412
104 427
104 433
104 452
104 492
104 493
105 90
105 138
105 152
105 154
105 217
106 40
106 78
106 107
106 134
106 151
107 106
107 396
107 402
107 407
107 447
107 475
107 480
107 497
108 27
108 109
108 219
108 220
108 426
108 472
108 479
109 99
109 108
109 114
109 280
109 315
109 319
109 334
109 363
109 445
109 455
110 118
110 179
110 354
110 407
110 458
111 112
111 239
111 318
111 322
111 337
111 355
112 59
112 84
112 111
112 139
112 149
112 275
112 303
112 323
112 372
112 434
113 26
113 30
113 96
113 114
113 253
114 109
114 113
114 169
114 280
114 319
114 334
115 2
115 34
115 255
115 364
115 395
115 399
116 2
116 15
116 52
116 147
116 157
116 189
117 118
117 271
117 491
117 495
117 499
118 110
118 117
118 311
118 367
118 458
119 93
119 120
119 137
119 446
119 486
120 53
120 102
120 119
120 162
120 442
121 31
121 47
121 122
121 204
121 304
121 448
122 101
122 121
122 136
122 148
122 463
123 1
123 100
123 101
123 125
123 424
124 126
124 159
124 185
124 383
124 387
125 16
125 79
125 123
125 128
125 192
125 428
126 124
126 203
126 472
126 473
126 479
127 130
127 143
127 277
127 281
127 301
128 11
128 47
128 125
128 129
128 131
128 304
128 448
129 128
129 137
129 146
129 282
129 345
129 378
129 404
129 437
130 33
130 127
130 180
130 269
130 288
130 418
130 422
130 438
130 441
131 128
131 132
131 266
131 304
131 448
132 19
132 69
132 131
132 284
132 342
133 43
133 61
133 156
133 198
133 247
134 40
134 78
134 106
134 135
134 151
135 134
135 238
135 324
135 366
135 394
136 22
136 48
136 76
136 122
136 148
136 156
136 272
136 308
136 349
136 358
136 375
136 430
136 463
136 481
136 492
136 493
136 495
137 93
137 119
137 129
137 142
137 446
137 486
138 90
138 105
138 139
138 154
138 217
139 59
139 112
139 138
139 323
139 372
139 434
140 141
140 176
140 338
140 478
140 485
141 51
141 140
141 164
141 340
141 385
141 408
142 14
142 137
142 146
142 172
142 182
142 213
142 265
142 270
142 339
142 347
142 374
142 414
142 432
142 443
142 444
142 468
143 82
143 127
143 153
143 197
143 281
144 18
144 20
144 98
144 153
144 261
145 158
145 181
145 213
145 347
145 411
146 85
146 129
146 142
146 150
146 196
146 282
146 345
146 378
146 404
146 437
147 15
147 52
147 116
147 148
147 189
148 101
148 122
148 136
148 147
148 358
149 76
149 84
149 112
149 193
149 220
149 275
149 372
149 434
150 60
150 146
150 155
150 222
150 346
150 348
151 40
151 78
151 106
151 134
151 154
152 21
152 45
152 94
152 103
152 105
152 184
152 386
152 476
153 38
153 143
153 144
153 208
153 292
154 90
154 105
154 138
154 151
154 217
155 63
155 150
155 162
155 228
155 298
155 305
156 22
156 48
156 133
156 136
156 272
156 349
156 358
156 375
157 15
157 52
157 116
157 189
157 402
158 145
158 159
158 339
158 411
158 462
158 468
159 124
159 158
159 185
159 283
159 387
159 391
160 161
160 205
160 264
160 289
160 392
160 406
160 429
160 449
161 12
161 160
161 202
161 208
161 234
161 379
162 53
162 102
162 120
162 155
162 169
162 442
163 164
163 402
163 407
163 475
163 480
164 13
164 141
164 163
164 340
164 385
165 36
165 65
165 166
165 263
165 321
165 353
165 419
166 34
166 165
166 206
166 255
166 307
166 362
167 168
167 171
167 218
167 230
167 278
167 285
168 167
168 174
168 426
168 472
168 473
168 479
169 99
169 114
169 162
169 170
169 319
169 445
170 5
170 29
170 169
170 174
170 209
170 223
170 246
170 306
170 314
170 360
170 398
170 423
170 436
170 482
170 489
170 494
171 167
171 172
171 218
171 278
171 313
171 328
172 142
172 171
172 181
172 213
172 411
172 432
173 32
173 72
173 92
173 97
173 177
173 201
173 293
173 299
173 300
173 325
173 326
173 330
173 336
173 361
173 393
173 451
173 460
174 168
174 170
174 175
174 219
174 415
174 425
174 472
174 473
174 479
175 34
175 44
175 49
175 174
175 179
175 255
175 364
175 399
176 28
176 39
176 57
176 60
176 95
176 103
176 140
176 297
176 338
176 348
176 393
176 453
176 478
176 488
176 490
176 491
177 87
177 173
177 210
177 251
177 369
177 371
177 440
178 180
178 223
178 482
178 489
178 494
179 110
179 175
179 187
179 311
179 458
180 33
180 130
180 178
180 269
180 288
180 418
180 422
180 438
180 441
181 7
181 145
181 172
181 183
181 213
181 411
182 14
182 142
182 186
182 213
182 265
182 339
182 411
182 414
182 432
182 443
182 462
183 181
183 194
183 212
183 267
183 274
183 488
184 4
184 152
184 279
184 286
184 312
184 386
184 414
184 415
184 476
185 124
185 159
185 233
185 383
185 387
185 391
186 182
186 244
186 276
186 417
186 459
186 484
187 179
187 188
187 291
187 475
187 480
187 497
188 187
188 189
188 257
188 341
188 356
188 365
189 52
189 116
189 147
189 157
189 188
189 191
190 25
190 207
190 290
190 294
190 299
190 301
191 189
191 192
191 409
191 491
191 492
191 499
192 16
192 79
192 125
192 191
192 196
192 428
193 1
193 100
193 149
193 220
193 223
193 424
194 183
194 195
194 267
194 295
194 331
194 488
195 69
195 194
195 257
195 341
195 342
195 365
196 48
196 146
196 192
196 282
196 345
196 404
197 143
197 212
197 277
197 281
197 301
197 485
198 43
198 61
198 133
198 199
198 247
199 198
199 232
199 475
199 480
200 54
200 201
200 211
200 302
200 431
200 457
201 173
201 200
201 326
201 393
201 451
201 460
202 12
202 161
202 212
202 234
202 292
202 379
202 485
203 126
203 204
203 426
203 472
203 473
203 479
204 11
204 31
204 47
204 121
204 203
204 304
205 160
205 206
205 289
205 381
205 392
205 449
206 49
206 166
206 205
206 307
206 395
207 25
207 190
207 208
207 290
207 294
207 496
208 12
208 38
208 153
208 161
208 207
208 379
209 61
209 170
209 314
209 398
209 482
209 494
210 87
210 177
210 251
210 400
210 413
210 454
211 54
211 57
211 200
211 302
211 431
211 457
211 469
212 91
212 183
212 197
212 202
212 295
212 331
213 14
213 142
213 145
213 172
213 181
213 182
213 214
213 215
213 347
214 37
214 213
214 215
214 409
214 491
214 492
214 493
214 499
215 50
215 213
215 214
215 236
215 248
215 373
215 389
215 403
215 481
216 219
216 409
216 491
216 492
216 495
216 499
217 90
217 105
217 138
217 154
217 222
217 227
218 1
218 3
218 167
218 171
218 254
218 259
218 278
218 285
218 287
218 313
218 328
218 416
218 474
219 108
219 174
219 216
219 220
219 225
219 415
219 426
219 479
220 108
220 149
220 193
220 219
220 223
220 225
220 415
220 425
220 426
220 472
220 473
220 479
221 74
221 338
221 389
221 450
221 481
222 3
222 150
222 217
222 227
222 346
222 348
223 170
223 178
223 193
223 220
223 246
223 271
223 314
223 360
223 398
223 423
223 464
223 482
223 494
224 226
224 251
224 369
224 413
224 454
225 27
225 219
225 220
225 288
225 415
225 425
225 426
225 443
225 472
225 473
225 479
226 224
226 236
226 376
226 450
226 481
227 55
227 217
227 222
227 241
227 243
227 245
228 63
228 155
228 230
228 298
228 382
229 83
229 233
229 234
229 235
229 390
229 461
230 62
230 167
230 228
230 328
230 416
231 232
231 242
231 302
231 431
231 457
231 469
232 199
232 231
232 475
232 480
232 497
233 185
233 229
233 234
233 283
233 383
233 391
234 12
234 161
234 202
234 229
234 233
234 292
234 379
235 83
235 229
235 283
235 390
235 461
236 50
236 215
236 226
236 283
236 373
236 376
236 389
236 481
237 55
237 241
237 243
237 245
237 309
237 424
238 17
238 42
238 135
238 324
238 394
238 424
239 111
239 240
239 322
239 337
239 355
239 483
240 239
240 350
240 370
240 421
240 439
241 227
241 237
241 242
241 243
241 245
241 309
242 231
242 241
242 380
242 457
242 469
243 55
243 227
243 237
243 241
243 245
243 247
243 309
244 186
244 245
244 246
244 274
244 368
244 459
244 484
244 488
245 227
245 237
245 241
245 243
245 244
245 246
245 309
246 5
246 29
246 170
246 223
246 244
246 245
246 360
246 398
246 423
246 464
246 482
246 494
247 43
247 133
247 198
247 243
248 50
248 215
248 403
248 411
248 450
248 481
249 41
249 257
249 262
249 350
249 359
249 370
249 439
250 66
250 75
250 104
250 316
250 344
250 411
250 412
250 433
250 452
250 456
251 24
251 87
251 177
251 210
251 224
251 252
251 369
251 371
251 413
251 454
251 467
252 91
252 251
252 276
252 352
252 417
252 459
253 26
253 30
253 96
253 113
253 254
254 218
254 253
254 259
254 278
254 287
254 474
255 34
255 115
255 166
255 175
255 256
255 362
255 364
256 37
256 255
256 409
256 491
256 493
256 495
257 58
257 188
257 195
257 249
257 262
257 341
257 356
257 388
258 21
258 260
258 386
258 476
258 490
259 218
259 254
259 260
259 278
259 287
259 474
260 45
260 94
260 258
260 259
260 476
261 18
261 20
261 98
261 144
261 263
262 64
262 249
262 257
262 491
262 492
262 493
263 36
263 80
263 165
263 261
263 296
263 321
263 419
264 160
264 289
264 381
264 383
264 384
264 392
264 449
265 14
265 142
265 182
265 267
265 339
265 411
265 432
265 443
265 462
265 468
266 131
266 268
266 270
266 304
266 405
266 448
267 91
267 183
267 194
267 265
267 274
267 368
267 488
268 32
268 266
268 270
268 326
268 451
269 33
269 130
269 180
269 288
269 350
269 353
269 418
269 438
270 7
270 142
270 266
270 268
270 411
270 414
270 432
270 443
271 37
271 64
271 81
271 117
271 223
271 326
271 332
271 409
271 491
271 492
271 493
271 495
271 499
272 22
272 48
272 136
272 156
272 275
272 308
272 375
273 276
273 277
273 351
273 409
273 492
273 495
273 499
274 183
274 244
274 267
274 315
274 316
274 331
274 488
275 59
275 112
275 149
275 272
275 303
275 333
275 434
276 186
276 252
276 273
276 277
276 295
276 327
276 343
276 352
276 368
276 459
276 488
277 82
277 127
277 197
277 273
277 276
277 281
277 301
278 167
278 171
278 218
278 254
278 259
278 279
278 280
278 285
279 68
279 184
279 278
279 280
279 286
279 312
279 476
280 99
280 109
280 114
280 278
280 279
280 445
280 455
281 82
281 127
281 143
281 197
281 277
281 282
281 301
282 129
282 146
282 196
282 281
282 345
282 404
282 437
283 159
283 233
283 235
283 236
283 383
283 387
283 391
284 19
284 58
284 69
284 132
284 285
284 286
284 341
284 342
285 167
285 218
285 278
285 284
285 286
285 287
285 313
285 474
286 68
286 184
286 279
286 284
286 285
286 312
286 386
287 218
287 254
287 259
287 285
287 290
287 469
287 474
288 130
288 180
288 225
288 269
288 418
288 422
288 480
289 160
289 205
289 264
289 291
289 381
289 406
289 429
289 449
289 466
290 25
290 190
290 207
290 287
290 294
290 469
290 496
291 187
291 289
291 475
291 480
291 497
292 153
292 202
292 234
292 293
292 379
293 92
293 173
293 292
293 299
293 326
294 25
294 190
294 207
294 290
294 297
294 469
294 496
295 194
295 212
295 276
295 327
295 368
295 426
295 427
295 488
296 65
296 263
296 298
296 353
296 419
297 3
297 10
297 28
297 39
297 57
297 60
297 176
297 294
297 299
297 338
297 348
297 453
297 478
298 63
298 155
298 228
298 296
298 305
298 382
299 92
299 173
299 190
299 293
299 297
299 325
299 326
300 32
300 173
300 325
300 326
300 339
300 361
300 460
301 82
301 127
301 190
301 197
301 277
301 281
301 304
302 8
302 54
302 200
302 211
302 231
302 332
302 339
302 380
302 431
302 457
303 112
303 275
303 305
303 323
303 333
303 372
303 434
304 11
304 31
304 47
304 121
304 128
304 131
304 204
304 266
304 301
304 306
304 405
304 435
305 63
305 155
305 298
305 303
305 382
306 170
306 304
306 309
306 398
306 423
306 482
306 494
307 44
307 166
307 206
307 308
307 395
308 136
308 272
308 307
308 430
309 55
309 237
309 241
309 243
309 245
309 306
309 313
310 57
310 103
310 311
310 346
310 348
311 118
311 179
311 310
311 320
311 354
311 458
312 4
312 89
312 90
312 184
312 279
312 286
312 476
313 62
313 171
313 218
313 285
313 309
313 314
313 416
314 170
314 209
314 223
314 313
314 322
314 398
314 423
314 436
314 494
315 99
315 109
315 274
315 334
315 363
315 410
316 66
316 104
316 250
316 274
316 344
316 427
316 452
317 318
317 470
317 472
317 473
317 479
318 111
318 317
318 322
318 337
318 355
318 483
319 109
319 114
319 169
319 320
319 455
320 311
320 319
320 329
320 354
320 367
320 377
320 384
320 397
320 458
321 36
321 80
321 165
321 263
321 323
321 353
321 419
322 111
322 239
322 314
322 318
322 324
322 355
322 483
323 112
323 139
323 303
323 321
323 372
323 434
324 17
324 42
324 135
324 238
324 322
324 329
324 335
324 394
325 32
325 173
325 299
325 300
325 326
325 327
325 336
325 361
325 393
325 451
325 460
326 32
326 72
326 92
326 97
326 173
326 201
326 268
326 271
326 293
326 299
326 300
326 325
326 330
326 332
326 336
326 355
326 361
326 393
326 451
326 460
327 276
327 295
327 325
327 352
327 368
327 400
327 459
328 62
328 171
328 218
328 230
328 399
328 416
329 320
329 324
329 333
329 354
329 377
329 384
329 397
329 458
330 72
330 173
330 326
330 393
330 399
331 194
331 212
331 274
331 336
331 400
332 8
332 271
332 302
332 326
332 355
332 380
332 431
332 457
332 469
333 59
333 275
333 303
333 329
333 334
333 434
334 99
334 109
334 114
334 315
334 333
334 335
334 363
334 410
335 42
335 324
335 334
335 337
335 366
335 394
336 97
336 173
336 325
336 326
336 331
336 361
336 393
337 111
337 239
337 318
337 335
337 340
337 355
337 483
338 140
338 176
338 221
338 297
338 348
338 453
338 478
338 485
339 7
339 142
339 158
339 182
339 265
339 300
339 302
339 374
339 444
340 13
340 51
340 141
340 164
340 337
340 342
340 385
340 408
341 58
341 188
341 195
341 257
341 284
341 342
341 343
341 356
341 365
341 388
341 465
341 499
342 58
342 132
342 195
342 284
342 340
342 341
342 343
342 388
343 276
343 341
343 342
343 352
343 368
343 400
343 417
343 459
343 488
344 66
344 71
344 75
344 104
344 250
344 316
344 345
344 346
344 412
344 427
344 433
345 85
345 129
345 146
345 196
345 282
345 344
345 346
345 378
345 437
346 150
346 222
346 310
346 344
346 345
346 348
347 4
347 14
347 142
347 145
347 213
347 414
347 490
348 57
348 60
348 103
348 150
348 176
348 222
348 297
348 310
348 338
348 346
348 351
348 453
348 478
348 485
349 76
349 84
349 85
349 136
349 156
349 358
349 375
349 463
350 41
350 240
350 249
350 269
350 353
350 359
350 421
350 439
351 273
351 348
351 491
351 492
351 499
352 252
352 276
352 327
352 343
352 354
352 368
352 488
353 6
353 36
353 165
353 269
353 296
353 321
353 350
353 419
354 110
354 311
354 320
354 329
354 352
354 367
354 377
354 384
355 111
355 239
355 318
355 322
355 326
355 332
355 337
355 406
356 188
356 257
356 341
356 357
356 358
356 465
357 37
357 64
357 81
357 356
357 358
357 409
357 492
357 493
357 495
358 76
358 136
358 148
358 156
358 349
358 356
358 357
358 375
359 41
359 249
359 350
359 360
359 362
359 370
359 401
359 439
360 170
360 223
360 246
360 359
360 362
360 464
360 482
360 494
361 97
361 173
361 300
361 325
361 326
361 336
361 422
361 447
362 34
362 166
362 255
362 359
362 360
362 395
362 399
363 99
363 109
363 315
363 334
363 364
363 365
363 410
364 34
364 49
364 115
364 175
364 255
364 363
364 365
365 58
365 188
365 195
365 341
365 363
365 364
365 388
365 465
366 17
366 42
366 135
366 335
366 368
366 394
366 462
367 56
367 118
367 320
367 354
367 377
367 384
367 471
367 479
368 91
368 244
368 267
368 276
368 295
368 327
368 343
368 352
368 366
368 400
368 417
368 462
368 484
368 488
369 24
369 87
369 177
369 224
369 251
369 375
369 413
369 454
370 41
370 240
370 249
370 359
370 371
370 401
370 421
370 439
370 462
371 87
371 177
371 251
371 370
371 372
371 440
371 454
372 84
372 112
372 139
372 149
372 303
372 323
372 371
372 374
373 16
373 19
373 215
373 236
373 376
373 389
373 403
373 450
373 481
374 142
374 339
374 372
374 376
374 414
374 432
374 443
375 22
375 48
375 136
375 156
375 272
375 349
375 358
375 369
375 430
376 226
376 236
376 373
376 374
376 377
376 481
377 35
377 320
377 329
377 354
377 367
377 376
377 384
377 397
377 482
378 85
378 129
378 146
378 345
378 380
378 404
378 437
378 482
379 38
379 161
379 202
379 208
379 234
379 292
379 380
379 482
380 8
380 242
380 302
380 332
380 378
380 379
380 431
380 457
381 205
381 264
381 289
381 382
381 392
381 406
381 429
381 449
382 63
382 228
382 298
382 305
382 381
383 124
383 185
383 233
383 264
383 283
383 385
383 387
383 391
384 264
384 320
384 329
384 354
384 367
384 377
384 385
384 397
385 13
385 51
385 141
385 164
385 340
385 383
385 384
385 408
386 21
386 152
386 184
386 258
386 286
386 387
387 124
387 159
387 185
387 283
387 383
387 386
388 58
388 69
388 257
388 341
388 342
388 365
388 395
388 465
389 77
389 215
389 221
389 236
389 373
389 390
389 450
389 488
390 229
390 235
390 389
390 461
390 471
391 159
391 185
391 233
391 283
391 383
391 392
391 471
392 160
392 205
392 264
392 381
392 391
392 406
392 429
392 449
392 466
392 471
393 32
393 173
393 176
393 201
393 325
393 326
393 330
393 336
393 394
394 17
394 42
394 135
394 238
394 324
394 335
394 366
394 393
394 396
395 115
395 206
395 307
395 362
395 388
396 70
396 107
396 394
396 397
396 402
396 447
396 475
396 480
396 497
397 320
397 329
397 377
397 384
397 396
397 398
397 458
398 170
398 209
398 223
398 246
398 306
398 314
398 397
398 403
398 423
398 494
399 44
399 115
399 175
399 328
399 330
399 362
400 61
400 210
400 327
400 331
400 343
400 368
400 459
400 488
401 41
401 359
401 370
401 431
401 432
401 439
402 2
402 107
402 157
402 163
402 396
402 407
402 447
402 479
402 491
403 50
403 215
403 248
403 373
403 398
403 404
403 481
404 85
404 129
404 146
404 196
404 282
404 378
404 403
404 405
404 437
405 266
405 304
405 404
405 409
405 435
405 448
406 160
406 289
406 355
406 381
406 392
406 425
406 436
406 449
406 466
407 2
407 107
407 110
407 163
407 402
407 443
407 447
407 475
407 497
408 13
408 51
408 141
408 340
408 385
408 416
409 37
409 64
409 81
409 86
409 191
409 214
409 216
409 256
409 271
409 273
409 357
409 405
409 410
409 477
409 495
409 498
410 99
410 315
410 334
410 363
410 409
410 412
411 145
411 158
411 172
411 181
411 182
411 248
411 250
411 265
411 270
412 66
412 75
412 104
412 250
412 344
412 410
412 413
412 427
412 433
413 87
413 210
413 224
413 251
413 369
413 412
413 414
413 420
413 467
414 14
414 142
414 182
414 184
414 270
414 347
414 374
414 413
414 443
415 174
415 184
415 219
415 220
415 225
415 417
415 425
415 426
415 473
416 62
416 218
416 230
416 313
416 328
416 408
417 186
417 252
417 343
417 368
417 415
417 447
417 459
417 488
418 33
418 130
418 180
418 269
418 288
418 423
418 441
418 464
419 6
419 36
419 65
419 80
419 165
419 263
419 296
419 321
419 353
419 420
420 24
420 87
420 413
420 419
420 454
421 240
421 350
421 370
421 439
421 442
422 130
422 180
422 288
422 361
422 438
422 464
423 170
423 223
423 246
423 306
423 314
423 398
423 418
423 436
423 447
423 494
424 1
424 100
424 123
424 193
424 237
424 238
425 174
425 220
425 225
425 406
425 415
425 436
425 438
425 473
426 108
426 168
426 203
426 219
426 220
426 225
426 295
426 415
426 464
426 479
427 66
427 71
427 73
427 104
427 295
427 316
427 344
427 412
427 428
427 433
427 452
427 456
428 16
428 125
428 192
428 427
428 429
429 160
429 289
429 381
429 392
429 428
429 430
429 449
430 22
430 48
430 76
430 136
430 308
430 375
430 429
430 431
431 54
431 200
431 211
431 231
431 302
431 332
431 380
431 401
431 430
431 457
432 14
432 142
432 172
432 182
432 265
432 270
432 374
432 401
432 433
432 444
433 75
433 104
433 250
433 344
433 412
433 427
433 432
433 434
434 59
434 84
434 112
434 139
434 149
434 275
434 303
434 323
434 333
434 433
434 435
435 11
435 47
435 304
435 405
435 434
435 437
435 448
436 170
436 314
436 406
436 423
436 425
436 438
436 482
436 494
437 129
437 146
437 282
437 345
437 378
437 404
437 435
437 440
438 130
438 180
438 269
438 422
438 425
438 436
438 439
439 41
439 240
439 249
439 350
439 359
439 370
439 401
439 421
439 438
439 449
439 450
440 177
440 371
440 437
440 441
440 454
440 467
441 33
441 130
441 180
441 418
441 440
441 444
442 53
442 102
442 120
442 162
442 421
443 14
443 142
443 182
443 225
443 265
443 270
443 374
443 407
443 414
443 480
443 490
444 7
444 14
444 22
444 142
444 339
444 432
444 441
445 22
445 109
445 169
445 280
445 451
445 455
446 22
446 93
446 119
446 137
446 451
446 486
447 2
447 23
447 67
447 70
447 107
447 361
447 396
447 402
447 407
447 417
447 423
447 475
447 480
447 497
448 11
448 31
448 47
448 121
448 128
448 131
448 266
448 405
448 435
448 467
448 468
448 472
449 160
449 205
449 264
449 289
449 381
449 392
449 406
449 429
449 439
449 450
449 452
449 466
450 50
450 74
450 77
450 221
450 226
450 248
450 373
450 389
450 439
450 449
450 452
450 481
451 72
451 173
451 201
451 268
451 325
451 326
451 445
451 446
452 73
452 104
452 250
452 316
452 427
452 449
452 450
452 453
453 3
453 10
453 60
453 95
453 176
453 297
453 338
453 348
453 452
453 459
453 465
453 478
454 24
454 87
454 210
454 224
454 251
454 369
454 371
454 420
454 440
454 456
454 457
454 467
455 109
455 280
455 319
455 445
455 460
456 71
456 250
456 427
456 454
456 457
457 8
457 200
457 211
457 231
457 242
457 302
457 332
457 380
457 431
457 454
457 456
457 469
458 35
458 56
458 110
458 118
458 179
458 311
458 320
458 329
458 397
458 466
458 471
458 478
459 186
459 244
459 252
459 276
459 327
459 343
459 400
459 417
459 453
459 465
459 472
459 488
460 97
460 173
460 201
460 300
460 325
460 326
460 455
461 83
461 229
461 235
461 390
461 463
462 158
462 182
462 265
462 366
462 368
462 370
462 468
463 101
463 122
463 136
463 349
463 461
464 223
464 246
464 360
464 418
464 422
464 426
464 482
465 19
465 58
465 341
465 356
465 365
465 388
465 453
465 459
465 472
466 289
466 392
466 406
466 449
466 458
466 478
467 87
467 251
467 413
467 440
467 448
467 454
467 468
467 473
468 142
468 158
468 265
468 448
468 462
468 467
468 473
468 490
469 8
469 211
469 231
469 242
469 287
469 290
469 294
469 332
469 457
470 317
470 472
470 473
470 479
470 483
471 35
471 56
471 367
471 390
471 391
471 392
471 458
472 27
472 108
472 126
472 168
472 174
472 203
472 220
472 225
472 317
472 448
472 459
472 465
472 470
472 479
473 27
473 126
473 168
473 174
473 203
473 220
473 225
473 317
473 415
473 425
473 467
473 468
473 470
473 474
474 218
474 254
474 259
474 285
474 287
474 473
474 475
474 476
475 2
475 23
475 67
475 70
475 107
475 163
475 187
475 199
475 232
475 291
475 396
475 407
475 447
475 474
475 476
475 477
475 480
475 497
476 4
476 21
476 45
476 68
476 94
476 152
476 184
476 258
476 260
476 279
476 312
476 474
476 475
476 477
477 409
477 475
477 476
477 490
477 492
477 495
477 499
478 28
478 60
478 140
478 176
478 297
478 338
478 348
478 453
478 458
478 466
478 479
478 485
479 108
479 126
479 168
479 174
479 203
479 219
479 220
479 225
479 317
479 367
479 402
479 426
479 470
479 472
479 478
480 2
480 23
480 56
480 70
480 107
480 163
480 187
480 199
480 232
480 288
480 291
480 396
480 443
480 447
480 475
481 50
481 74
481 77
481 136
481 215
481 221
481 226
481 236
481 248
481 373
481 376
481 403
481 450
481 492
481 493
481 495
482 5
482 29
482 170
482 178
482 209
482 223
482 246
482 306
482 360
482 377
482 378
482 379
482 436
482 464
482 489
482 494
483 239
483 318
483 322
483 337
483 470
484 91
484 186
484 244
484 368
484 489
484 494
484 498
484 499
485 48
485 140
485 197
485 202
485 338
485 348
485 478
486 93
486 119
486 137
486 446
486 487
487 9
487 46
487 88
487 486
487 500
488 7
488 91
488 176
488 183
488 194
488 244
488 267
488 274
488 276
488 295
488 343
488 352
488 368
488 389
488 400
488 417
488 459
488 491
489 170
489 178
489 482
489 484
489 494
489 495
489 498
489 499
490 176
490 258
490 347
490 443
490 468
490 477
490 491
491 37
491 64
491 86
491 89
491 117
491 176
491 191
491 214
491 216
491 256
491 262
491 271
491 351
491 402
491 488
491 490
491 492
491 493
491 498
491 499
492 37
492 81
492 86
492 97
492 104
492 136
492 191
492 214
492 216
492 262
492 271
492 273
492 351
492 357
492 477
492 481
492 491
492 493
492 495
493 37
493 64
493 81
493 86
493 89
493 97
493 104
493 136
493 214
493 256
493 262
493 271
493 357
493 481
493 491
493 492
493 495
493 498
493 499
494 5
494 29
494 170
494 178
494 209
494 223
494 246
494 306
494 314
494 360
494 398
494 423
494 436
494 482
494 484
494 489
494 495
494 498
494 499
495 37
495 64
495 86
495 89
495 117
495 136
495 216
495 256
495 271
495 273
495 357
495 409
495 477
495 481
495 489
495 492
495 493
495 494
495 499
496 25
496 207
496 290
496 294
496 500
497 23
497 37
497 67
497 70
497 107
497 187
497 232
497 291
497 396
497 407
497 447
497 475
498 37
498 64
498 76
498 81
498 409
498 484
498 489
498 491
498 493
498 494
499 37
499 64
499 76
499 86
499 89
499 117
499 191
499 214
499 216
499 271
499 273
499 341
499 351
499 477
499 484
499 489
499 491
499 493
499 494
499 495
500 9
500 46
500 88
500 487
500 496
