1 19
2 22
3 24
4 7
5 42
6 17
7 17
8 23
9 40
10 23
11 33
12 10
13 2
14 17
15 21
16 6
17 15
18 17
19 15
20 24
21 21
22 22
23 8
24 4
25 23
26 33
27 44
28 6
29 2
30 35
31 40
32 8
33 12
34 40
35 17
36 1
37 29
38 40
39 24
40 17
41 21
42 25
43 2
44 2
45 5
46 43
47 26
48 33
49 29
50 19
51 2
52 25
53 21
54 32
55 37
56 21
57 9
58 34
59 40
60 40
61 17
62 38
63 27
64 14
65 38
66 38
67 38
68 35
69 22
70 41
71 32
72 42
73 19
74 28
75 45
76 18
77 36
78 9
79 23
80 4
81 38
82 6
83 21
84 45
85 9
86 46
87 2
88 44
89 25
90 25
91 40
92 47
93 9
94 6
95 3
96 31
97 26
98 26
99 20
100 11
101 23
102 13
103 3
104 3
105 33
106 5
107 38
108 47
109 15
110 45
111 3
112 37
113 7
114 37
115 2
116 28
117 21
118 13
119 10
120 24
121 7
122 8
123 34
124 8
125 11
126 4
127 10
128 40
129 4
130 23
131 17
132 1
133 13
134 21
135 24
136 3
137 5
138 41
139 21
140 41
141 3
142 10
143 33
144 27
145 6
146 40
147 8
148 44
149 38
150 14
151 25
152 47
153 1
154 18
155 16
156 15
157 21
158 25
159 21
160 36
161 19
162 10
163 9
164 8
165 46
166 17
167 5
168 16
169 19
170 27
171 18
172 47
173 32
174 11
175 41
176 33
177 38
178 17
179 34
180 26
181 2
182 46
183 19
184 20
185 6
186 10
187 5
188 26
189 35
190 34
191 16
192 33
193 24
194 25
195 12
196 34
197 40
198 11
199 37
200 12
201 40
202 13
203 37
204 5
205 7
206 28
207 25
208 9
209 3
210 37
211 20
212 34
213 38
214 45
215 28
216 31
217 45
218 40
219 27
220 29
221 19
222 31
223 33
224 37
225 18
226 38
227 34
228 6
229 43
230 37
231 1
232 37
233 11
234 12
235 46
236 16
237 3
238 30
239 37
240 39
241 27
242 47
243 13
244 3
245 30
246 40
247 3
248 9
249 46
250 21
251 1
252 11
253 4
254 31
255 37
256 27
257 10
258 1
259 31
260 25
261 16
262 27
263 26
264 45
265 15
266 18
267 3
268 27
269 17
270 6
271 38
272 13
273 26
274 40
275 19
276 17
277 30
278 11
279 24
280 3
281 20
282 41
283 24
284 28
285 19
286 44
287 28
288 19
289 44
290 8
291 37
292 5
293 39
294 14
295 2
296 3
297 9
298 29
299 40
300 5
301 2
302 40
303 10
304 42
305 40
306 4
307 33
308 7
309 25
310 47
311 43
312 3
313 21
314 26
315 14
316 3
317 37
318 2
319 12
320 2
321 21
322 25
323 2
324 10
325 19
326 47
327 45
328 32
329 24
330 32
331 25
332 32
333 10
334 30
335 8
336 28
337 43
338 39
339 38
340 38
341 21
342 45
343 34
344 35
345 7
346 38
347 45
348 39
349 29
350 3
351 37
352 11
353 39
354 34
355 9
356 37
357 26
358 42
359 20
360 21
361 37
362 17
363 5
364 3
365 21
366 7
367 14
368 14
369 38
370 34
371 39
372 21
373 40
374 22
375 45
376 3
377 3
378 40
379 24
380 28
381 31
382 8
383 6
384 11
385 10
386 3
387 38
388 10
389 14
390 38
391 19
392 45
393 37
394 43
395 12
396 4
397 36
398 36
399 22
400 38
401 40
402 3
403 35
404 11
405 15
406 36
407 14
408 34
409 11
410 31
411 43
412 34
413 44
414 2
415 21
416 28
417 34
418 37
419 12
420 10
421 21
422 42
423 37
424 40
425 24
426 11
427 7
428 45
429 13
430 32
431 32
432 14
433 28
434 14
435 34
436 36
437 29
438 23
439 27
440 30
441 24
442 42
443 9
444 31
445 34
446 24
447 43
448 8
449 3
450 43
451 23
452 17
453 30
454 38
455 40
456 15
457 33
458 26
459 24
460 17
461 4
462 9
463 38
464 23
465 34
466 25
467 46
468 21
469 5
470 40
471 13
472 37
473 2
474 22
475 47
476 17
477 7
478 44
479 5
480 11
481 14
482 38
483 7
484 4
485 4
486 3
487 42
488 30
489 15
490 26
491 10
492 13
493 7
494 17
495 47
496 23
497 17
498 41
499 21
500 2
