1 17
2 30
3 25
4 47
5 30
6 27
7 17
8 1
9 44
10 2
11 1
12 50
13 18
14 38
15 1
16 17
17 12
18 51
19 28
20 50
21 14
22 24
23 13
24 18
25 8
26 38
27 50
28 40
29 32
30 15
31 49
32 40
33 3
34 31
35 48
36 43
37 10
38 36
39 35
40 24
41 29
42 46
43 28
44 23
45 2
46 51
47 38
48 34
49 17
50 30
51 19
52 1
53 39
54 50
55 33
56 8
57 3
58 5
59 43
60 38
61 4
62 23
63 40
64 37
65 49
66 50
67 36
68 39
69 1
70 47
71 8
72 26
73 8
74 17
75 29
76 47
77 34
78 22
79 29
80 13
81 15
82 29
83 6
84 21
85 5
86 11
87 5
88 25
89 11
90 32
91 24
92 37
93 19
94 14
95 23
96 50
97 39
98 43
99 5
100 21
101 34
102 4
103 10
104 39
105 22
106 10
107 18
108 27
109 50
110 13
111 46
112 25
113 25
114 49
115 38
116 32
117 40
118 3
119 27
120 33
121 43
122 13
123 17
124 42
125 26
126 26
127 38
128 51
129 44
130 9
131 25
132 29
133 22
134 1
135 51
136 32
137 25
138 41
139 43
140 26
141 37
142 21
143 37
144 8
145 29
146 43
147 27
148 5
149 22
150 4
151 42
152 6
153 29
154 9
155 39
156 7
157 51
158 20
159 39
160 21
161 44
162 39
163 14
164 1
165 25
166 16
167 13
168 26
169 24
170 19
171 28
172 30
173 35
174 16
175 45
176 7
177 10
178 40
179 25
180 10
181 19
182 39
183 8
184 13
185 42
186 40
187 20
188 48
189 18
190 3
191 23
192 35
193 2
194 30
195 38
196 30
197 13
198 41
199 25
200 20
201 13
202 28
203 2
204 48
205 23
206 1
207 32
208 41
209 12
210 1
211 45
212 5
213 7
214 17
215 21
216 43
217 20
218 43
219 25
220 27
221 29
222 50
223 51
224 33
225 50
226 10
227 17
228 4
229 51
230 44
231 36
232 49
233 33
234 12
235 34
236 20
237 8
238 9
239 24
240 12
241 31
242 33
243 45
244 39
245 31
246 1
247 39
248 31
249 49
250 50
251 51
252 40
253 20
254 43
255 38
256 40
257 21
258 43
259 41
260 12
261 40
262 11
263 41
264 9
265 7
266 1
267 15
268 16
269 39
270 43
271 3
272 38
273 50
274 40
275 39
276 16
277 51
278 20
279 38
280 30
281 25
282 4
283 43
284 39
285 16
286 51
287 41
288 3
289 45
290 4
291 6
292 11
293 27
294 6
295 7
296 17
297 21
298 11
299 30
300 3
301 15
302 35
303 2
304 30
305 29
306 2
307 15
308 47
309 10
310 10
311 20
312 9
313 28
314 33
315 42
316 23
317 6
318 27
319 21
320 24
321 6
322 19
323 39
324 38
325 21
326 47
327 14
328 48
329 3
330 16
331 7
332 46
333 21
334 13
335 11
336 21
337 51
338 31
339 1
340 10
341 21
342 4
343 36
344 43
345 21
346 12
347 50
348 7
349 51
350 44
351 34
352 25
353 20
354 25
355 51
356 15
357 39
358 14
359 33
360 17
361 30
362 24
363 27
364 2
365 43
366 39
367 4
368 20
369 42
370 27
371 44
372 51
373 10
374 48
375 4
376 29
377 21
378 40
379 20
380 43
381 6
382 51
383 13
384 20
385 51
386 50
387 49
388 46
389 10
390 22
391 30
392 33
393 29
394 33
395 41
396 43
397 18
398 18
399 29
400 27
401 17
402 19
403 4
404 39
405 12
406 51
407 6
408 14
409 51
410 41
411 26
412 50
413 1
414 47
415 34
416 36
417 42
418 14
419 16
420 7
421 27
422 41
423 7
424 46
425 38
426 18
427 5
428 21
429 20
430 42
431 51
432 18
433 51
434 7
435 41
436 5
437 21
438 45
439 2
440 18
441 7
442 27
443 1
444 4
445 40
446 35
447 21
448 51
449 43
450 4
451 27
452 50
453 23
454 27
455 37
456 19
457 39
458 33
459 51
460 29
461 21
462 3
463 19
464 6
465 7
466 38
467 13
468 38
469 40
470 40
471 51
472 23
473 39
474 17
475 48
476 39
477 25
478 43
479 21
480 7
481 29
482 22
483 16
484 9
485 27
486 39
487 41
488 41
489 13
490 17
491 13
492 39
493 27
494 37
495 20
496 20
497 13
498 20
499 6
500 46
