1 12
2 33
3 20
4 36
5 43
6 40
7 2
8 9
9 19
10 46
11 33
12 9
13 39
14 22
15 4
16 4
17 8
18 13
19 30
20 22
21 21
22 28
23 17
24 13
25 26
26 14
27 5
28 28
29 13
30 10
31 24
32 21
33 35
34 39
35 27
36 46
37 45
38 37
39 10
40 23
41 11
42 10
43 21
44 18
45 12
46 46
47 46
48 43
49 39
50 36
51 30
52 30
53 42
54 9
55 17
56 28
57 33
58 5
59 28
60 4
61 34
62 27
63 12
64 7
65 32
66 3
67 34
68 43
69 26
70 43
71 26
72 43
73 2
74 16
75 27
76 38
77 23
78 41
79 38
80 16
81 24
82 30
83 28
84 27
85 22
86 13
87 36
88 44
89 32
90 2
91 34
92 41
93 25
94 43
95 8
96 9
97 37
98 31
99 11
100 39
101 32
102 8
103 41
104 13
105 44
106 22
107 1
108 43
109 1
110 5
111 17
112 3
113 15
114 38
115 37
116 20
117 43
118 36
119 45
120 1
121 31
122 1
123 18
124 30
125 3
126 15
127 3
128 39
129 2
130 3
131 24
132 24
133 17
134 45
135 37
136 32
137 29
138 12
139 2
140 15
141 38
142 10
143 27
144 31
145 18
146 33
147 11
148 20
149 6
150 25
151 6
152 17
153 7
154 20
155 25
156 25
157 25
158 29
159 11
160 22
161 23
162 34
163 15
164 40
165 46
166 26
167 21
168 1
169 38
170 29
171 33
172 22
173 36
174 46
175 45
176 14
177 32
178 2
179 44
180 41
181 43
182 31
183 26
184 6
185 24
186 34
187 42
188 17
189 46
190 38
191 13
192 1
193 7
194 16
195 45
196 10
197 1
198 1
199 42
200 3
201 5
202 35
203 15
204 5
205 12
206 42
207 23
208 14
209 35
210 10
211 15
212 1
213 19
214 2
215 27
216 21
217 29
218 18
219 2
220 34
221 24
222 1
223 46
224 44
225 33
226 2
227 46
228 4
229 13
230 24
231 18
232 9
233 1
234 38
235 14
236 9
237 13
238 27
239 24
240 8
241 43
242 24
243 7
244 21
245 19
246 41
247 6
248 41
249 20
250 33
251 16
252 14
253 40
254 40
255 7
256 31
257 46
258 4
259 14
260 4
261 35
262 25
263 13
264 21
265 24
266 24
267 11
268 7
269 33
270 46
271 11
272 5
273 6
274 1
275 44
276 19
277 23
278 6
279 12
280 16
281 45
282 37
283 2
284 33
285 10
286 17
287 21
288 41
289 38
290 23
291 16
292 3
293 13
294 35
295 31
296 29
297 40
298 16
299 2
300 43
301 2
302 2
303 7
304 9
305 46
306 4
307 27
308 22
309 35
310 32
311 38
312 9
313 44
314 45
315 38
316 40
317 19
318 44
319 19
320 27
321 2
322 32
323 24
324 27
325 37
326 22
327 19
328 23
329 24
330 22
331 7
332 26
333 2
334 10
335 9
336 46
337 42
338 24
339 21
340 38
341 37
342 3
343 8
344 11
345 22
346 4
347 21
348 4
349 4
350 38
351 29
352 8
353 43
354 42
355 45
356 1
357 1
358 42
359 25
360 23
361 1
362 29
363 22
364 25
365 6
366 9
367 41
368 10
369 42
370 19
371 19
372 15
373 45
374 11
375 18
376 3
377 32
378 23
379 19
380 33
381 26
382 33
383 45
384 45
385 17
386 37
387 18
388 21
389 21
390 4
391 45
392 29
393 23
394 26
395 25
396 24
397 45
398 19
399 17
400 23
401 7
402 8
403 8
404 3
405 23
406 27
407 46
408 10
409 22
410 10
411 2
412 9
413 24
414 25
415 27
416 19
417 37
418 23
419 46
420 2
421 8
422 8
423 18
424 8
425 2
426 8
427 29
428 18
429 24
430 29
431 33
432 45
433 18
434 19
435 33
436 10
437 27
438 46
439 2
440 4
441 10
442 21
443 4
444 24
445 13
446 19
447 21
448 10
449 4
450 22
451 13
452 38
453 1
454 22
455 27
456 19
457 23
458 38
459 13
460 45
461 33
462 24
463 24
464 27
465 46
466 10
467 19
468 1
469 2
470 33
471 2
472 45
473 2
474 46
475 2
476 33
477 4
478 45
479 38
480 1
481 21
482 4
483 24
484 19
485 45
486 38
487 38
488 4
489 10
490 1
491 46
492 45
493 4
494 46
495 38
496 45
497 19
498 1
499 24
500 46
