1 281
1 313
1 400
1 493
1 494
2 375
2 376
2 389
2 454
2 500
3 33
3 54
3 381
3 413
3 497
4 113
4 336
4 451
4 470
4 482
5 43
5 288
5 337
5 448
5 493
6 71
6 242
6 245
6 267
6 449
7 195
7 211
7 312
7 367
7 465
8 51
8 101
8 173
8 467
8 494
9 19
9 38
9 178
9 315
9 484
10 37
10 54
10 362
10 383
10 455
11 55
11 187
11 291
11 374
11 471
12 129
12 151
12 270
12 274
12 487
13 349
13 405
13 453
13 481
13 491
14 31
14 34
14 338
14 466
14 473
15 32
15 40
15 177
15 378
15 477
16 230
16 264
16 415
16 468
16 490
17 276
17 417
17 428
17 451
17 486
18 322
18 363
18 388
18 393
18 483
19 9
19 94
19 139
19 260
19 316
20 63
20 225
20 299
20 365
20 498
21 75
21 155
21 283
21 352
21 460
22 106
22 139
22 295
22 306
22 416
23 77
23 234
23 277
23 388
23 442
24 379
24 465
24 469
24 493
24 496
25 103
25 150
25 305
25 492
25 495
26 313
26 440
26 459
26 460
26 486
27 289
27 337
27 356
27 418
27 480
28 221
28 224
28 319
28 398
28 499
29 316
29 364
29 407
29 454
29 471
30 281
30 391
30 401
30 457
30 461
31 14
31 161
31 383
31 496
31 497
32 15
32 234
32 342
32 447
32 455
33 3
33 165
33 215
33 382
33 409
34 14
34 224
34 225
34 342
34 500
35 302
35 343
35 348
35 397
35 488
36 258
36 281
36 397
36 491
36 496
37 10
37 87
37 158
37 358
37 481
38 9
38 73
38 135
38 349
38 487
39 216
39 431
39 467
39 480
39 485
40 15
40 328
40 364
40 395
40 483
41 341
41 379
41 450
41 476
41 491
42 66
42 301
42 325
42 425
42 454
43 5
43 116
43 248
43 366
43 444
44 53
44 236
44 271
44 356
44 461
45 145
45 372
45 395
45 422
45 500
46 70
46 84
46 250
46 399
46 500
47 169
47 279
47 283
47 380
47 467
48 226
48 235
48 254
48 464
48 493
49 123
49 222
49 341
49 357
49 488
50 312
50 367
50 439
50 486
50 497
51 8
51 167
51 193
51 231
51 486
52 58
52 309
52 421
52 480
52 494
53 44
53 160
53 252
53 302
53 500
54 3
54 10
54 79
54 313
54 359
55 11
55 152
55 193
55 250
55 414
56 66
56 196
56 283
56 357
56 414
57 87
57 207
57 285
57 351
57 369
58 52
58 181
58 260
58 449
58 479
59 419
59 452
59 480
59 481
59 496
60 105
60 140
60 224
60 344
60 467
61 136
61 419
61 462
61 469
61 477
62 325
62 374
62 420
62 445
62 489
63 20
63 113
63 383
63 409
63 489
64 119
64 193
64 222
64 319
64 450
65 66
65 428
65 441
65 473
65 495
66 42
66 56
66 65
66 227
66 237
67 115
67 238
67 369
67 471
67 496
68 220
68 396
68 454
68 490
68 491
69 141
69 219
69 223
69 400
69 498
70 46
70 117
70 223
70 314
70 329
71 6
71 294
71 410
71 422
71 465
72 74
72 122
72 285
72 351
72 444
73 38
73 245
73 425
73 473
73 491
74 72
74 208
74 423
74 433
74 444
75 21
75 181
75 432
75 446
75 462
76 247
76 307
76 332
76 359
76 418
77 23
77 382
77 401
77 482
77 498
78 251
78 332
78 341
78 466
78 498
79 54
79 156
79 253
79 362
79 460
80 234
80 326
80 355
80 463
80 478
81 128
81 207
81 271
81 327
81 498
82 130
82 245
82 434
82 478
82 492
83 92
83 258
83 334
83 392
83 475
84 46
84 138
84 306
84 352
84 482
85 123
85 125
85 150
85 396
85 461
86 213
86 296
86 372
86 403
86 416
87 37
87 57
87 369
87 444
87 449
88 207
88 244
88 391
88 466
88 497
89 116
89 131
89 223
89 470
89 482
90 98
90 224
90 383
90 484
90 488
91 158
91 208
91 246
91 251
91 382
92 83
92 99
92 115
92 434
92 486
93 230
93 259
93 325
93 361
93 455
94 19
94 122
94 469
94 476
94 487
95 145
95 363
95 413
95 435
95 469
96 354
96 370
96 371
96 403
96 418
97 192
97 225
97 349
97 455
97 483
98 90
98 187
98 458
98 470
98 482
99 92
99 336
99 340
99 421
99 435
100 103
100 120
100 277
100 354
100 492
101 8
101 243
101 330
101 433
101 499
102 153
102 225
102 296
102 324
102 327
103 25
103 100
103 355
103 453
103 494
104 358
104 360
104 477
104 488
104 492
105 60
105 314
105 406
105 422
105 490
106 22
106 114
106 188
106 214
106 475
107 192
107 210
107 226
107 287
107 346
108 111
108 257
108 310
108 466
108 495
109 175
109 178
109 249
109 258
109 345
110 166
110 238
110 259
110 334
110 492
111 108
111 159
111 195
111 407
111 456
112 328
112 332
112 427
112 480
112 484
113 4
113 63
113 183
113 278
113 336
114 106
114 158
114 336
114 411
114 412
115 67
115 92
115 376
115 457
115 472
116 43
116 89
116 136
116 276
116 442
117 70
117 135
117 282
117 414
117 496
118 186
118 308
118 393
118 396
118 413
119 64
119 141
119 175
119 436
119 446
120 100
120 184
120 206
120 251
120 278
121 211
121 221
121 293
121 450
121 483
122 72
122 94
122 199
122 465
122 493
123 49
123 85
123 147
123 194
123 312
124 191
124 339
124 378
124 423
124 496
125 85
125 133
125 342
125 366
125 417
126 226
126 227
126 389
126 480
126 481
127 243
127 246
127 280
127 324
127 468
128 81
128 156
128 199
128 412
128 434
129 12
129 379
129 438
129 471
129 486
130 82
130 133
130 215
130 331
130 367
131 89
131 132
131 424
131 440
131 455
132 131
132 302
132 371
132 402
132 466
133 125
133 130
133 146
133 401
133 406
134 162
134 410
134 422
134 489
134 497
135 38
135 117
135 301
135 304
135 399
136 61
136 116
136 295
136 401
136 423
137 142
137 146
137 268
137 286
137 447
138 84
138 311
138 384
138 388
138 446
139 19
139 22
139 292
139 424
139 482
140 60
140 152
140 241
140 282
140 347
141 69
141 119
141 315
141 449
141 487
142 137
142 149
142 156
142 241
142 482
143 153
143 370
143 452
143 463
143 473
144 408
144 423
144 447
144 481
144 500
145 45
145 95
145 219
145 391
145 433
146 133
146 137
146 161
146 426
146 493
147 123
147 149
147 396
147 421
147 428
148 205
148 275
148 462
148 484
148 490
149 142
149 147
149 254
149 388
149 482
150 25
150 85
150 245
150 424
150 489
151 12
151 183
151 439
151 455
151 468
152 55
152 140
152 342
152 384
152 450
153 102
153 143
153 199
153 492
153 494
154 186
154 328
154 430
154 446
154 462
155 21
155 182
155 244
155 252
155 292
156 79
156 128
156 142
156 446
156 478
157 211
157 370
157 380
157 429
157 438
158 37
158 91
158 114
158 299
158 459
159 111
159 317
159 328
159 379
159 422
160 53
160 351
160 471
160 492
160 494
161 31
161 146
161 252
161 467
161 491
162 134
162 387
162 424
162 462
162 464
163 203
163 408
163 431
163 452
163 456
164 205
164 295
164 314
164 361
164 478
165 33
165 197
165 273
165 390
165 477
166 110
166 199
166 439
166 475
166 495
167 51
167 198
167 261
167 453
167 459
168 194
168 354
168 392
168 481
168 497
169 47
169 187
169 258
169 375
169 385
170 259
170 353
170 360
170 383
170 441
171 218
171 274
171 321
171 411
171 438
172 226
172 319
172 369
172 472
172 484
173 8
173 227
173 277
173 292
173 477
174 255
174 279
174 427
174 446
174 495
175 109
175 119
175 425
175 458
175 475
176 178
176 350
176 367
176 373
176 437
177 15
177 334
177 438
177 456
177 463
178 9
178 109
178 176
178 386
178 487
179 185
179 191
179 202
179 263
179 380
180 361
180 364
180 390
180 458
180 470
181 58
181 75
181 199
181 370
181 441
182 155
182 265
182 275
182 307
182 488
183 113
183 151
183 278
183 438
183 444
184 120
184 219
184 301
184 388
184 472
184 489
185 179
185 394
185 435
185 457
185 478
185 498
186 118
186 154
186 195
186 310
186 346
186 397
187 11
187 98
187 169
187 386
187 424
187 438
188 106
188 304
188 338
188 384
188 449
188 472
189 253
189 297
189 422
189 454
189 459
189 473
190 258
190 268
190 270
190 293
190 323
190 451
191 124
191 179
191 274
191 423
191 440
191 493
192 97
192 107
192 255
192 291
192 310
192 374
193 51
193 55
193 64
193 214
193 367
193 415
194 123
194 168
194 219
194 443
194 447
194 484
195 7
195 111
195 186
195 335
195 355
195 465
196 56
196 269
196 382
196 415
196 423
196 443
197 165
197 369
197 402
197 410
197 441
197 460
198 167
198 315
198 385
198 404
198 458
198 496
199 122
199 128
199 153
199 166
199 181
199 338
200 235
200 244
200 375
200 427
200 445
200 486
201 291
201 334
201 448
201 458
201 487
201 498
202 179
202 255
202 269
202 426
202 492
202 500
203 163
203 230
203 385
203 394
203 467
203 497
204 298
204 355
204 362
204 385
204 440
204 466
205 148
205 164
205 347
205 350
205 462
205 491
206 120
206 344
206 389
206 409
206 419
206 443
207 57
207 81
207 88
207 257
207 460
207 467
208 74
208 91
208 212
208 214
208 313
208 473
209 239
209 293
209 306
209 335
209 480
209 498
210 107
210 273
210 376
210 462
210 474
210 485
211 7
211 121
211 157
211 373
211 382
211 496
212 208
212 272
212 313
212 363
212 368
212 495
213 86
213 241
213 250
213 297
213 365
213 481
214 106
214 193
214 208
214 309
214 378
214 475
215 33
215 130
215 383
215 405
215 433
215 444
216 39
216 267
216 348
216 413
216 416
216 440
217 242
217 243
217 353
217 430
217 454
217 475
218 171
218 228
218 321
218 422
218 450
218 494
219 69
219 145
219 184
219 194
219 358
219 432
220 68
220 238
220 277
220 282
220 470
220 491
221 28
221 121
221 254
221 316
221 330
221 422
222 49
222 64
222 366
222 430
222 473
222 475
223 69
223 70
223 89
223 266
223 330
223 352
224 28
224 34
224 60
224 90
224 267
224 322
225 20
225 34
225 97
225 102
225 301
225 339
226 48
226 107
226 126
226 172
226 472
226 492
227 66
227 126
227 173
227 250
227 314
227 437
228 218
228 344
228 412
228 475
228 484
228 487
229 249
229 326
229 411
229 452
229 481
229 482
230 16
230 93
230 203
230 252
230 448
230 493
231 51
231 297
231 298
231 360
231 453
231 500
232 241
232 322
232 346
232 475
232 478
232 485
233 238
233 366
233 390
233 429
233 459
233 493
234 23
234 32
234 80
234 311
234 412
234 433
235 48
235 200
235 339
235 419
235 429
235 439
236 44
236 286
236 319
236 401
236 419
236 481
237 66
237 309
237 319
237 444
237 464
237 485
238 67
238 110
238 220
238 233
238 300
238 470
239 209
239 259
239 297
239 340
239 407
239 458
240 256
240 352
240 407
240 417
240 444
240 495
241 140
241 142
241 213
241 232
241 386
241 398
242 6
242 217
242 383
242 440
242 450
242 464
243 101
243 127
243 217
243 271
243 498
243 500
244 88
244 155
244 200
244 341
244 449
244 498
245 6
245 73
245 82
245 150
245 286
245 367
246 91
246 127
246 407
246 411
246 466
246 484
247 76
247 359
247 365
247 403
247 428
247 494
248 43
248 306
248 343
248 447
248 461
248 474
249 109
249 229
249 279
249 304
249 395
249 489
250 46
250 55
250 213
250 227
250 431
250 483
251 78
251 91
251 120
251 283
251 371
251 470
252 53
252 155
252 161
252 230
252 317
252 417
253 79
253 189
253 402
253 471
253 487
253 491
254 48
254 149
254 221
254 320
254 456
254 470
255 174
255 192
255 202
255 315
255 440
255 494
256 240
256 298
256 360
256 475
256 483
256 485
257 108
257 207
257 380
257 420
257 474
257 486
258 36
258 83
258 109
258 169
258 190
258 489
259 93
259 110
259 170
259 239
259 310
259 408
260 19
260 58
260 280
260 438
260 495
260 499
261 167
261 307
261 317
261 321
261 338
261 479
262 305
262 345
262 377
262 441
262 457
262 460
263 179
263 288
263 314
263 336
263 348
263 499
264 16
264 343
264 348
264 356
264 376
264 494
265 182
265 326
265 391
265 427
265 451
265 482
266 223
266 314
266 403
266 450
266 451
266 491
267 6
267 216
267 224
267 386
267 428
267 492
268 137
268 190
268 292
268 294
268 344
268 436
269 196
269 202
269 361
269 374
269 417
269 431
270 12
270 190
270 272
270 461
270 468
270 493
271 44
271 81
271 243
271 292
271 454
271 471
272 212
272 270
272 323
272 331
272 392
272 497
273 165
273 210
273 381
273 431
273 481
273 484
274 12
274 171
274 191
274 363
274 474
274 486
275 148
275 182
275 308
275 466
275 483
275 489
276 17
276 116
276 282
276 298
276 444
276 447
277 23
277 100
277 173
277 220
277 338
277 469
278 113
278 120
278 183
278 358
278 423
278 459
279 47
279 174
279 249
279 363
279 485
279 488
280 127
280 260
280 328
280 358
280 435
280 486
281 1
281 30
281 36
281 301
281 316
281 386
282 117
282 140
282 220
282 276
282 289
282 300
282 484
283 21
283 47
283 56
283 251
283 458
283 477
283 494
284 309
284 413
284 447
284 473
284 479
284 490
284 500
285 57
285 72
285 380
285 428
285 466
285 490
285 493
286 137
286 236
286 245
286 290
286 304
286 458
286 498
287 107
287 400
287 406
287 441
287 484
287 485
287 495
288 5
288 263
288 378
288 379
288 404
288 453
288 488
289 27
289 282
289 303
289 333
289 471
289 486
289 496
290 286
290 329
290 350
290 377
290 428
290 446
290 482
291 11
291 192
291 201
291 293
291 300
291 445
291 498
292 139
292 155
292 173
292 268
292 271
292 306
292 352
293 121
293 190
293 209
293 291
293 317
293 366
293 402
294 71
294 268
294 369
294 426
294 432
294 484
294 489
295 22
295 136
295 164
295 349
295 362
295 426
295 457
296 86
296 102
296 339
296 354
296 397
296 410
296 430
297 189
297 213
297 231
297 239
297 312
297 438
297 445
298 204
298 231
298 256
298 276
298 311
298 437
298 469
299 20
299 158
299 369
299 381
299 388
299 443
299 450
300 238
300 282
300 291
300 353
300 372
300 396
300 417
301 42
301 135
301 184
301 225
301 281
301 427
301 454
302 35
302 53
302 132
302 364
302 394
302 461
302 465
303 289
303 460
303 469
303 476
303 480
303 487
303 499
304 135
304 188
304 249
304 286
304 401
304 416
304 437
305 25
305 262
305 390
305 420
305 429
305 496
305 497
306 22
306 84
306 209
306 248
306 292
306 350
306 363
307 76
307 182
307 261
307 330
307 368
307 389
307 424
308 118
308 275
308 321
308 345
308 386
308 439
308 482
309 52
309 214
309 237
309 284
309 317
309 333
309 436
310 108
310 186
310 192
310 259
310 384
310 398
310 478
311 138
311 234
311 298
311 389
311 450
311 469
311 489
312 7
312 50
312 123
312 297
312 398
312 440
312 500
313 1
313 26
313 54
313 208
313 212
313 387
313 414
314 70
314 105
314 164
314 227
314 263
314 266
314 412
315 9
315 141
315 198
315 255
315 387
315 405
315 425
316 19
316 29
316 221
316 281
316 463
316 468
316 499
317 159
317 252
317 261
317 293
317 309
317 319
317 451
318 324
318 378
318 411
318 414
318 415
318 442
318 480
319 28
319 64
319 172
319 236
319 237
319 317
319 351
320 254
320 324
320 463
320 469
320 476
320 478
320 495
321 171
321 218
321 261
321 308
321 325
321 371
321 472
322 18
322 224
322 232
322 371
322 476
322 481
322 490
323 190
323 272
323 324
323 356
323 413
323 499
323 500
324 102
324 127
324 318
324 320
324 323
324 483
324 496
325 42
325 62
325 93
325 321
325 419
325 442
325 447
326 80
326 229
326 265
326 398
326 400
326 463
326 469
327 81
327 102
327 418
327 420
327 428
327 458
327 486
328 40
328 112
328 154
328 159
328 280
328 332
328 408
329 70
329 290
329 330
329 409
329 447
329 483
329 485
330 101
330 221
330 223
330 307
330 329
330 443
330 445
331 130
331 272
331 335
331 456
331 472
331 485
331 500
332 76
332 78
332 112
332 328
332 338
332 361
332 365
333 289
333 309
333 347
333 368
333 405
333 452
333 455
334 83
334 110
334 177
334 201
334 480
334 483
334 487
335 195
335 209
335 331
335 341
335 436
335 473
335 497
336 4
336 99
336 113
336 114
336 263
336 355
336 430
337 5
337 27
337 354
337 357
337 397
337 454
337 472
338 14
338 188
338 199
338 261
338 277
338 332
338 436
339 124
339 225
339 235
339 296
339 392
339 460
339 499
340 99
340 239
340 353
340 361
340 378
340 431
340 454
341 41
341 49
341 78
341 244
341 335
341 349
341 423
342 32
342 34
342 125
342 152
342 358
342 387
342 499
343 35
343 248
343 264
343 387
343 406
343 467
343 494
344 60
344 206
344 228
344 268
344 346
344 443
344 480
344 490
345 109
345 262
345 308
345 408
345 412
345 432
345 445
345 475
346 107
346 186
346 232
346 344
346 364
346 370
346 472
346 497
347 140
347 205
347 333
347 374
347 430
347 467
347 478
347 492
348 35
348 216
348 263
348 264
348 376
348 404
348 431
348 449
349 13
349 38
349 97
349 295
349 341
349 432
349 448
349 457
350 176
350 205
350 290
350 306
350 374
350 399
350 432
350 494
351 57
351 72
351 160
351 319
351 398
351 457
351 488
351 495
352 21
352 84
352 223
352 240
352 292
352 358
352 421
352 449
353 170
353 217
353 300
353 340
353 362
353 364
353 453
353 497
354 96
354 100
354 168
354 296
354 337
354 394
354 461
354 485
355 80
355 103
355 195
355 204
355 336
355 398
355 437
355 495
356 27
356 44
356 264
356 323
356 399
356 418
356 446
356 464
357 49
357 56
357 337
357 421
357 472
357 476
357 479
357 496
358 37
358 104
358 219
358 278
358 280
358 342
358 352
358 489
359 54
359 76
359 247
359 410
359 412
359 425
359 442
359 448
360 104
360 170
360 231
360 256
360 420
360 429
360 439
360 441
361 93
361 164
361 180
361 269
361 332
361 340
361 370
361 430
362 10
362 79
362 204
362 295
362 353
362 394
362 406
362 407
363 18
363 95
363 212
363 274
363 279
363 306
363 399
363 432
364 29
364 40
364 180
364 302
364 346
364 353
364 396
364 474
365 20
365 213
365 247
365 332
365 380
365 404
365 435
365 498
366 43
366 125
366 222
366 233
366 293
366 393
366 451
366 485
367 7
367 50
367 130
367 176
367 193
367 245
367 419
367 490
368 212
368 307
368 333
368 387
368 397
368 429
368 473
368 499
369 57
369 67
369 87
369 172
369 197
369 294
369 299
369 474
370 96
370 143
370 157
370 181
370 346
370 361
370 407
370 424
371 96
371 132
371 251
371 321
371 322
371 381
371 471
371 499
372 45
372 86
372 300
372 377
372 379
372 381
372 468
372 472
373 176
373 211
373 382
373 384
373 433
373 463
373 465
373 493
374 11
374 62
374 192
374 269
374 347
374 350
374 406
374 434
375 2
375 169
375 200
375 380
375 395
375 399
375 465
375 467
376 2
376 115
376 210
376 264
376 348
376 417
376 443
376 452
377 262
377 290
377 372
377 413
377 432
377 442
377 445
377 495
378 15
378 124
378 214
378 288
378 318
378 340
378 392
378 409
379 24
379 41
379 129
379 159
379 288
379 372
379 458
379 492
380 47
380 157
380 179
380 257
380 285
380 365
380 375
380 461
381 3
381 273
381 299
381 371
381 372
381 399
381 405
381 452
382 33
382 77
382 91
382 196
382 211
382 373
382 417
382 497
383 10
383 31
383 63
383 90
383 170
383 215
383 242
383 492
384 138
384 152
384 188
384 310
384 373
384 405
384 452
384 456
384 472
385 169
385 198
385 203
385 204
385 394
385 404
385 435
385 450
385 457
386 178
386 187
386 241
386 267
386 281
386 308
386 414
386 455
386 483
387 162
387 313
387 315
387 342
387 343
387 368
387 395
387 421
387 472
388 18
388 23
388 138
388 149
388 184
388 299
388 402
388 437
388 494
389 2
389 126
389 206
389 307
389 311
389 469
389 485
389 487
389 496
390 165
390 180
390 233
390 305
390 396
390 424
390 429
390 473
390 500
391 30
391 88
391 145
391 265
391 408
391 409
391 418
391 462
391 470
392 83
392 168
392 272
392 339
392 378
392 416
392 425
392 490
392 498
393 18
393 118
393 366
393 402
393 412
393 458
393 459
393 461
393 474
394 185
394 203
394 302
394 354
394 362
394 385
394 411
394 443
394 488
395 40
395 45
395 249
395 375
395 387
395 415
395 420
395 476
395 479
396 68
396 85
396 118
396 147
396 300
396 364
396 390
396 446
396 459
397 35
397 36
397 186
397 296
397 337
397 368
397 454
397 475
397 486
398 28
398 241
398 310
398 312
398 326
398 351
398 355
398 404
398 442
399 46
399 135
399 350
399 356
399 363
399 375
399 381
399 453
399 497
400 1
400 69
400 287
400 326
400 468
400 476
400 489
400 499
400 500
401 30
401 77
401 133
401 136
401 236
401 304
401 403
401 478
401 496
402 132
402 197
402 253
402 293
402 388
402 393
402 403
402 445
402 490
403 86
403 96
403 247
403 266
403 401
403 402
403 430
403 459
403 490
404 198
404 288
404 348
404 365
404 385
404 398
404 411
404 435
404 498
405 13
405 215
405 315
405 333
405 381
405 384
405 409
405 466
405 484
406 105
406 133
406 287
406 343
406 362
406 374
406 418
406 421
406 441
407 29
407 111
407 239
407 240
407 246
407 362
407 370
407 460
407 477
408 144
408 163
408 259
408 328
408 345
408 391
408 441
408 456
408 461
409 33
409 63
409 206
409 329
409 378
409 391
409 405
409 431
409 440
410 71
410 134
410 197
410 296
410 359
410 433
410 436
410 449
410 492
411 114
411 171
411 229
411 246
411 318
411 394
411 404
411 426
411 433
412 114
412 128
412 228
412 234
412 314
412 345
412 359
412 393
412 463
413 3
413 95
413 118
413 216
413 284
413 323
413 377
413 443
413 460
414 55
414 56
414 117
414 313
414 318
414 386
414 437
414 447
414 457
415 16
415 193
415 196
415 318
415 395
415 477
415 478
415 485
415 490
416 22
416 86
416 216
416 304
416 392
416 435
416 465
416 491
416 500
417 17
417 125
417 240
417 252
417 269
417 300
417 376
417 382
417 426
417 448
418 27
418 76
418 96
418 327
418 356
418 391
418 406
418 450
418 451
418 464
419 59
419 61
419 206
419 235
419 236
419 325
419 367
419 433
419 448
419 485
420 62
420 257
420 305
420 327
420 360
420 395
420 438
420 451
420 484
420 486
421 52
421 99
421 147
421 352
421 357
421 387
421 406
421 422
421 437
421 497
422 45
422 71
422 105
422 134
422 159
422 189
422 218
422 221
422 421
422 452
423 74
423 124
423 136
423 144
423 191
423 196
423 278
423 341
423 433
423 434
424 131
424 139
424 150
424 162
424 187
424 307
424 370
424 390
424 479
424 498
425 42
425 73
425 175
425 315
425 359
425 392
425 473
425 480
425 481
425 483
426 146
426 202
426 294
426 295
426 411
426 417
426 427
426 470
426 494
426 499
427 112
427 174
427 200
427 265
427 301
427 426
427 436
427 464
427 466
427 496
428 17
428 65
428 147
428 247
428 267
428 285
428 290
428 327
428 463
428 487
429 157
429 233
429 235
429 305
429 360
429 368
429 390
429 468
429 491
429 496
430 154
430 217
430 222
430 296
430 336
430 347
430 361
430 403
430 435
430 442
431 39
431 163
431 250
431 269
431 273
431 340
431 348
431 409
431 434
431 445
432 75
432 219
432 294
432 345
432 349
432 350
432 363
432 377
432 459
432 489
433 74
433 101
433 145
433 215
433 234
433 373
433 410
433 411
433 419
433 423
433 471
434 82
434 92
434 128
434 374
434 423
434 431
434 439
434 452
434 474
434 488
434 499
435 95
435 99
435 185
435 280
435 365
435 385
435 404
435 416
435 430
435 464
435 469
436 119
436 268
436 309
436 335
436 338
436 410
436 427
436 448
436 456
436 485
436 495
437 176
437 227
437 298
437 304
437 355
437 388
437 414
437 421
437 451
437 470
437 478
438 129
438 157
438 171
438 177
438 183
438 187
438 260
438 297
438 420
438 468
438 477
439 50
439 151
439 166
439 235
439 308
439 360
439 434
439 448
439 454
439 477
439 489
440 26
440 131
440 191
440 204
440 216
440 242
440 255
440 312
440 409
440 493
440 495
441 65
441 170
441 181
441 197
441 262
441 287
441 360
441 406
441 408
441 468
441 486
442 23
442 116
442 318
442 325
442 359
442 377
442 398
442 430
442 461
442 488
442 490
443 194
443 196
443 206
443 299
443 330
443 344
443 376
443 394
443 413
443 479
443 491
444 43
444 72
444 74
444 87
444 183
444 215
444 237
444 240
444 276
444 451
444 476
445 62
445 200
445 291
445 297
445 330
445 345
445 377
445 402
445 431
445 446
445 493
446 75
446 119
446 138
446 154
446 156
446 174
446 290
446 356
446 396
446 445
446 465
447 32
447 137
447 144
447 194
447 248
447 276
447 284
447 325
447 329
447 414
447 478
447 499
448 5
448 201
448 230
448 349
448 359
448 417
448 419
448 436
448 439
448 453
448 464
448 487
449 6
449 58
449 87
449 141
449 188
449 244
449 348
449 352
449 410
449 462
449 479
449 494
450 41
450 64
450 121
450 152
450 218
450 242
450 266
450 299
450 311
450 385
450 418
450 498
451 4
451 17
451 190
451 265
451 266
451 317
451 366
451 418
451 420
451 437
451 444
451 463
452 59
452 143
452 163
452 229
452 333
452 376
452 381
452 384
452 422
452 434
452 453
452 473
453 13
453 103
453 167
453 231
453 288
453 353
453 399
453 448
453 452
453 460
453 465
453 490
454 2
454 29
454 42
454 68
454 189
454 217
454 271
454 301
454 337
454 340
454 397
454 439
455 10
455 32
455 93
455 97
455 131
455 151
455 333
455 386
455 456
455 466
455 470
455 497
456 111
456 163
456 177
456 254
456 331
456 384
456 408
456 436
456 455
456 463
456 474
456 500
457 30
457 115
457 185
457 262
457 295
457 349
457 351
457 385
457 414
457 461
457 468
457 492
458 98
458 175
458 180
458 198
458 201
458 239
458 283
458 286
458 327
458 379
458 393
458 465
459 26
459 158
459 167
459 189
459 233
459 278
459 393
459 396
459 403
459 432
459 462
459 493
460 21
460 26
460 79
460 197
460 207
460 262
460 303
460 339
460 407
460 413
460 453
460 477
461 30
461 44
461 85
461 248
461 270
461 302
461 354
461 380
461 393
461 408
461 442
461 457
462 61
462 75
462 148
462 154
462 162
462 205
462 210
462 391
462 449
462 459
462 464
462 489
463 80
463 143
463 177
463 316
463 320
463 326
463 373
463 412
463 428
463 451
463 456
463 476
464 48
464 162
464 237
464 242
464 356
464 418
464 427
464 435
464 448
464 462
464 474
464 479
464 483
465 7
465 24
465 71
465 122
465 195
465 302
465 373
465 375
465 416
465 446
465 453
465 458
465 477
466 14
466 78
466 88
466 108
466 132
466 204
466 246
466 275
466 285
466 405
466 427
466 455
466 467
467 8
467 39
467 47
467 60
467 161
467 203
467 207
467 343
467 347
467 375
467 466
467 482
467 492
468 16
468 127
468 151
468 270
468 316
468 372
468 400
468 429
468 438
468 441
468 457
468 471
468 474
468 487
469 24
469 61
469 94
469 95
469 277
469 298
469 303
469 311
469 320
469 326
469 389
469 435
469 476
469 479
470 4
470 89
470 98
470 180
470 220
470 238
470 251
470 254
470 391
470 426
470 437
470 455
470 497
470 499
471 11
471 29
471 67
471 129
471 160
471 253
471 271
471 289
471 371
471 433
471 468
471 474
471 476
471 478
472 115
472 172
472 184
472 188
472 226
472 321
472 331
472 337
472 346
472 357
472 372
472 384
472 387
472 497
473 14
473 65
473 73
473 143
473 189
473 208
473 222
473 284
473 335
473 368
473 390
473 425
473 452
473 479
474 210
474 248
474 257
474 274
474 364
474 369
474 393
474 434
474 456
474 464
474 468
474 471
474 487
474 497
475 83
475 106
475 166
475 175
475 214
475 217
475 222
475 228
475 232
475 256
475 345
475 397
475 479
475 483
475 491
476 41
476 94
476 303
476 320
476 322
476 357
476 395
476 400
476 444
476 463
476 469
476 471
476 479
476 495
476 496
477 15
477 61
477 104
477 165
477 173
477 283
477 407
477 415
477 438
477 439
477 460
477 465
477 488
477 491
477 500
478 80
478 82
478 156
478 164
478 185
478 232
478 310
478 320
478 347
478 401
478 415
478 437
478 447
478 471
478 492
479 58
479 261
479 284
479 357
479 395
479 424
479 443
479 449
479 464
479 469
479 473
479 475
479 476
479 481
479 487
480 27
480 39
480 52
480 59
480 112
480 126
480 209
480 303
480 318
480 334
480 344
480 425
480 491
480 496
480 497
481 13
481 37
481 59
481 126
481 144
481 168
481 213
481 229
481 236
481 273
481 322
481 425
481 479
481 488
481 498
482 4
482 77
482 84
482 89
482 98
482 139
482 142
482 149
482 229
482 265
482 290
482 308
482 467
482 485
482 491
483 18
483 40
483 97
483 121
483 250
483 256
483 275
483 324
483 329
483 334
483 386
483 425
483 464
483 475
483 493
484 9
484 90
484 112
484 148
484 172
484 194
484 228
484 246
484 273
484 282
484 287
484 294
484 405
484 420
484 500
485 39
485 210
485 232
485 237
485 256
485 279
485 287
485 329
485 331
485 354
485 366
485 389
485 415
485 419
485 436
485 482
486 17
486 26
486 50
486 51
486 92
486 129
486 200
486 257
486 274
486 280
486 289
486 327
486 397
486 420
486 441
486 499
487 12
487 38
487 94
487 141
487 178
487 201
487 228
487 253
487 303
487 334
487 389
487 428
487 448
487 468
487 474
487 479
488 35
488 49
488 90
488 104
488 182
488 279
488 288
488 351
488 394
488 434
488 442
488 477
488 481
488 490
488 495
488 500
489 62
489 63
489 134
489 150
489 184
489 249
489 258
489 275
489 294
489 311
489 358
489 400
489 432
489 439
489 462
489 495
490 16
490 68
490 105
490 148
490 284
490 285
490 322
490 344
490 367
490 392
490 402
490 403
490 415
490 442
490 453
490 488
491 13
491 36
491 41
491 68
491 73
491 161
491 205
491 220
491 253
491 266
491 416
491 429
491 443
491 475
491 477
491 480
491 482
492 25
492 82
492 100
492 104
492 110
492 153
492 160
492 202
492 226
492 267
492 347
492 379
492 383
492 410
492 457
492 467
492 478
493 1
493 5
493 24
493 48
493 122
493 146
493 191
493 230
493 233
493 270
493 285
493 373
493 440
493 445
493 459
493 483
493 494
493 499
494 1
494 8
494 52
494 103
494 153
494 160
494 218
494 247
494 255
494 264
494 283
494 343
494 350
494 388
494 426
494 449
494 493
494 496
495 25
495 65
495 108
495 166
495 174
495 212
495 240
495 260
495 287
495 320
495 351
495 355
495 377
495 436
495 440
495 476
495 488
495 489
495 499
496 24
496 31
496 36
496 59
496 67
496 117
496 124
496 198
496 211
496 289
496 305
496 324
496 357
496 389
496 401
496 427
496 429
496 476
496 480
496 494
497 3
497 31
497 50
497 88
497 134
497 168
497 203
497 272
497 305
497 335
497 346
497 353
497 382
497 399
497 421
497 455
497 470
497 472
497 474
497 480
498 20
498 69
498 77
498 78
498 81
498 185
498 201
498 209
498 243
498 244
498 286
498 291
498 365
498 392
498 404
498 424
498 450
498 481
498 499
498 500
499 28
499 101
499 260
499 263
499 303
499 316
499 323
499 339
499 342
499 368
499 371
499 400
499 426
499 434
499 447
499 470
499 486
499 493
499 495
499 498
500 2
500 34
500 45
500 46
500 53
500 144
500 202
500 231
500 243
500 284
500 312
500 323
500 331
500 390
500 400
500 416
500 456
500 477
500 484
500 488
500 498
