1 42
1 210
1 377
1 391
1 425
2 258
2 353
2 380
2 467
2 476
3 46
3 313
3 425
3 447
3 497
4 6
4 25
4 453
4 464
4 500
5 113
5 222
5 307
5 423
5 479
6 4
6 33
6 268
6 337
6 411
7 79
7 176
7 424
7 474
7 492
8 182
8 340
8 360
8 435
8 497
9 126
9 350
9 442
9 445
9 465
10 186
10 219
10 358
10 376
10 472
11 184
11 277
11 304
11 464
11 489
12 70
12 237
12 246
12 392
12 422
13 242
13 260
13 394
13 472
13 482
14 305
14 348
14 377
14 433
14 450
15 332
15 349
15 369
15 436
15 489
16 397
16 429
16 438
16 439
16 451
17 111
17 259
17 454
17 455
17 496
18 203
18 285
18 408
18 456
18 462
19 180
19 273
19 336
19 468
19 479
20 82
20 90
20 144
20 346
20 409
21 126
21 327
21 351
21 446
21 500
22 104
22 438
22 463
22 490
22 495
23 269
23 349
23 417
23 433
23 496
24 27
24 187
24 423
24 472
24 474
25 4
25 35
25 65
25 235
25 406
26 263
26 404
26 411
26 445
26 482
27 24
27 232
27 310
27 477
27 494
28 117
28 123
28 299
28 407
28 499
29 70
29 166
29 323
29 397
29 456
30 120
30 230
30 280
30 324
30 382
31 304
31 362
31 378
31 393
31 458
32 40
32 257
32 407
32 449
32 490
33 6
33 262
33 333
33 385
33 418
34 111
34 192
34 354
34 485
34 497
35 25
35 161
35 165
35 401
35 405
36 267
36 328
36 368
36 455
36 496
37 72
37 231
37 296
37 370
37 482
38 94
38 182
38 191
38 464
38 484
39 72
39 99
39 167
39 275
39 423
40 32
40 117
40 156
40 189
40 386
41 91
41 200
41 356
41 387
41 437
42 1
42 188
42 247
42 360
42 381
43 60
43 96
43 320
43 381
43 455
44 268
44 306
44 374
44 419
44 437
45 105
45 337
45 339
45 470
45 472
46 3
46 216
46 341
46 451
46 483
47 337
47 453
47 476
47 478
47 481
48 236
48 383
48 400
48 458
48 488
49 167
49 185
49 413
49 436
49 490
50 69
50 85
50 244
50 267
50 331
51 65
51 94
51 233
51 327
51 381
52 54
52 279
52 371
52 403
52 458
53 289
53 312
53 328
53 486
53 494
54 52
54 396
54 428
54 466
54 499
55 220
55 294
55 420
55 439
55 500
56 280
56 298
56 375
56 410
56 474
57 284
57 295
57 312
57 361
57 443
58 356
58 428
58 443
58 478
58 493
59 236
59 389
59 405
59 485
59 495
60 43
60 270
60 403
60 432
60 448
61 143
61 253
61 336
61 357
61 498
62 101
62 230
62 459
62 496
62 499
63 110
63 186
63 295
63 369
63 445
64 269
64 420
64 424
64 432
64 458
65 25
65 51
65 77
65 306
65 497
66 93
66 284
66 412
66 415
66 488
67 108
67 138
67 250
67 340
67 481
68 281
68 298
68 483
68 487
68 498
69 50
69 211
69 279
69 449
69 493
70 12
70 29
70 135
70 336
70 424
71 122
71 211
71 222
71 292
71 478
72 37
72 39
72 206
72 251
72 455
73 125
73 176
73 277
73 316
73 456
74 89
74 158
74 466
74 488
74 491
75 278
75 290
75 344
75 357
75 496
76 326
76 359
76 406
76 453
76 493
77 65
77 314
77 392
77 401
77 450
78 143
78 161
78 247
78 369
78 476
79 7
79 172
79 249
79 422
79 477
80 172
80 208
80 364
80 470
80 474
81 83
81 139
81 216
81 356
81 477
82 20
82 114
82 223
82 266
82 471
83 81
83 373
83 437
83 461
83 495
84 136
84 271
84 366
84 403
84 478
85 50
85 130
85 252
85 321
85 481
86 191
86 369
86 449
86 450
86 467
87 211
87 256
87 310
87 374
87 439
88 324
88 414
88 466
88 491
88 498
89 74
89 115
89 171
89 212
89 391
90 20
90 313
90 406
90 487
90 495
91 41
91 258
91 347
91 497
91 500
92 106
92 186
92 346
92 358
92 430
93 66
93 327
93 364
93 444
93 497
94 38
94 51
94 351
94 388
94 439
95 127
95 133
95 245
95 270
95 436
96 43
96 147
96 230
96 287
96 500
97 292
97 325
97 375
97 408
97 423
98 139
98 194
98 320
98 387
98 494
99 39
99 338
99 368
99 440
99 445
100 118
100 405
100 420
100 451
100 475
101 62
101 266
101 425
101 480
101 489
102 189
102 209
102 266
102 461
102 488
103 131
103 314
103 337
103 360
103 498
104 22
104 134
104 434
104 435
104 477
105 45
105 450
105 480
105 487
105 495
106 92
106 164
106 228
106 364
106 440
107 171
107 174
107 436
107 475
107 484
108 67
108 187
108 381
108 437
108 470
109 366
109 386
109 397
109 423
109 475
110 63
110 195
110 316
110 393
110 439
111 17
111 34
111 266
111 331
111 385
112 288
112 295
112 413
112 427
112 474
113 5
113 204
113 299
113 421
113 435
114 82
114 301
114 348
114 372
114 426
115 89
115 207
115 248
115 352
115 483
116 276
116 365
116 375
116 463
116 492
117 28
117 40
117 200
117 379
117 409
118 100
118 256
118 367
118 477
118 497
119 347
119 354
119 384
119 472
119 483
120 30
120 375
120 419
120 493
120 499
121 201
121 220
121 274
121 359
121 399
122 71
122 345
122 346
122 436
122 461
123 28
123 170
123 239
123 299
123 482
124 367
124 369
124 418
124 447
124 461
125 73
125 216
125 379
125 453
125 494
126 9
126 21
126 459
126 460
126 498
127 95
127 301
127 313
127 358
127 418
128 237
128 273
128 329
128 404
128 410
129 217
129 224
129 282
129 354
129 477
130 85
130 132
130 139
130 354
130 481
131 103
131 234
131 392
131 475
131 488
132 130
132 265
132 435
132 469
132 473
133 95
133 134
133 296
133 357
133 465
134 104
134 133
134 260
134 402
134 467
135 70
135 338
135 467
135 491
135 495
136 84
136 213
136 340
136 386
136 414
137 348
137 359
137 396
137 410
137 468
138 67
138 442
138 462
138 469
138 481
139 81
139 98
139 130
139 339
139 491
140 142
140 346
140 443
140 458
140 466
141 213
141 296
141 342
141 408
141 409
142 140
142 162
142 192
142 218
142 480
143 61
143 78
143 207
143 292
143 459
144 20
144 300
144 404
144 462
144 475
145 329
145 333
145 415
145 466
145 479
146 217
146 364
146 419
146 464
146 483
147 96
147 312
147 411
147 493
147 494
148 247
148 326
148 456
148 476
148 498
149 433
149 441
149 465
149 487
149 492
150 229
150 350
150 354
150 474
150 479
151 164
151 220
151 254
151 291
151 393
152 371
152 440
152 447
152 479
152 490
153 260
153 307
153 394
153 421
153 500
154 204
154 403
154 415
154 420
154 434
155 176
155 469
155 471
155 484
155 494
156 40
156 177
156 420
156 485
156 493
157 210
157 263
157 436
157 460
157 498
158 74
158 174
158 181
158 488
158 494
159 318
159 337
159 409
159 417
159 449
160 246
160 294
160 329
160 352
160 482
161 35
161 78
161 201
161 428
161 460
162 142
162 277
162 338
162 384
162 430
163 334
163 364
163 417
163 427
163 486
164 106
164 151
164 408
164 422
164 469
165 35
165 404
165 430
165 460
165 493
166 29
166 333
166 375
166 441
166 477
167 39
167 49
167 173
167 354
167 484
167 486
168 335
168 363
168 371
168 429
168 430
168 488
169 206
169 430
169 445
169 456
169 463
169 493
170 123
170 218
170 400
170 413
170 432
170 499
171 89
171 107
171 178
171 307
171 415
171 497
172 79
172 80
172 175
172 431
172 445
172 466
173 167
173 178
173 374
173 433
173 441
173 464
174 107
174 158
174 303
174 443
174 474
174 500
175 172
175 443
175 455
175 487
175 492
175 496
176 7
176 73
176 155
176 221
176 325
176 402
177 156
177 178
177 412
177 460
177 468
177 474
178 171
178 173
178 177
178 183
178 435
178 455
179 239
179 367
179 435
179 444
179 485
179 499
180 19
180 345
180 351
180 427
180 437
180 465
181 158
181 201
181 275
181 384
181 399
181 489
182 8
182 38
182 281
182 383
182 451
182 462
183 178
183 352
183 426
183 435
183 448
183 487
184 11
184 214
184 408
184 431
184 460
184 462
185 49
185 273
185 282
185 325
185 360
185 487
186 10
186 63
186 92
186 209
186 336
186 396
187 24
187 108
187 227
187 471
187 496
187 500
188 42
188 191
188 299
188 392
188 484
188 492
189 40
189 102
189 193
189 259
189 341
189 495
190 372
190 407
190 445
190 456
190 458
190 461
191 38
191 86
191 188
191 331
191 422
191 435
192 34
192 142
192 274
192 333
192 352
192 483
193 189
193 282
193 329
193 369
193 463
193 469
194 98
194 278
194 414
194 419
194 499
194 500
195 110
195 228
195 244
195 440
195 457
195 477
196 212
196 277
196 315
196 361
196 425
196 475
197 230
197 258
197 300
197 421
197 466
197 495
198 204
198 331
198 367
198 384
198 405
198 457
199 205
199 267
199 335
199 419
199 471
199 496
200 41
200 117
200 209
200 464
200 465
200 481
201 121
201 161
201 181
201 328
201 438
201 460
202 284
202 349
202 356
202 394
202 434
202 484
203 18
203 269
203 317
203 330
203 422
203 453
204 113
204 154
204 198
204 322
204 415
204 451
205 199
205 287
205 355
205 395
205 422
205 493
206 72
206 169
206 216
206 226
206 434
206 498
207 115
207 143
207 400
207 430
207 452
207 468
208 80
208 247
208 273
208 471
208 474
208 488
209 102
209 186
209 200
209 245
209 303
209 374
210 1
210 157
210 380
210 449
210 464
210 492
211 69
211 71
211 87
211 362
211 401
211 459
212 89
212 196
212 241
212 254
212 403
212 448
213 136
213 141
213 239
213 296
213 413
213 468
214 184
214 287
214 311
214 341
214 488
214 500
215 258
215 301
215 344
215 347
215 449
215 472
216 46
216 81
216 125
216 206
216 348
216 492
217 129
217 146
217 222
217 362
217 418
217 469
218 142
218 170
218 228
218 346
218 494
218 496
219 10
219 298
219 299
219 372
219 395
219 402
220 55
220 121
220 151
220 300
220 441
220 460
221 176
221 336
221 366
221 455
221 470
221 478
222 5
222 71
222 217
222 225
222 309
222 343
223 82
223 233
223 344
223 362
223 380
223 469
224 129
224 235
224 278
224 310
224 461
224 485
225 222
225 393
225 424
225 451
225 470
225 492
226 206
226 304
226 308
226 465
226 491
226 499
227 187
227 248
227 320
227 377
227 467
227 496
228 106
228 195
228 218
228 269
228 320
228 347
229 150
229 261
229 322
229 378
229 394
229 472
230 30
230 62
230 96
230 197
230 240
230 319
231 37
231 277
231 447
231 455
231 489
231 496
232 27
232 271
232 336
232 423
232 429
232 459
233 51
233 223
233 291
233 401
233 411
233 481
234 131
234 273
234 281
234 323
234 359
234 486
235 25
235 224
235 399
235 452
235 479
235 486
236 48
236 59
236 395
236 451
236 467
236 480
237 12
237 128
237 328
237 427
237 432
237 500
238 268
238 314
238 323
238 388
238 409
238 490
239 123
239 179
239 213
239 280
239 364
239 389
240 230
240 379
240 433
240 453
240 466
240 472
241 212
241 243
241 244
241 373
241 427
241 497
242 13
242 350
242 389
242 408
242 430
242 489
243 241
243 329
243 343
243 345
243 416
243 492
244 50
244 195
244 241
244 427
244 473
244 497
245 95
245 209
245 278
245 395
245 438
245 444
246 12
246 160
246 292
246 415
246 444
246 448
247 42
247 78
247 148
247 208
247 318
247 471
248 115
248 227
248 283
248 322
248 365
248 404
249 79
249 325
249 439
249 474
249 484
249 490
250 67
250 266
250 315
250 417
250 422
250 481
251 72
251 325
251 342
251 391
251 474
251 499
252 85
252 355
252 357
252 375
252 458
252 475
253 61
253 287
253 353
253 374
253 427
253 476
254 151
254 212
254 318
254 395
254 462
254 495
255 351
255 402
255 439
255 441
255 454
255 461
256 87
256 118
256 295
256 421
256 423
256 463
257 32
257 349
257 371
257 452
257 454
257 495
258 2
258 91
258 197
258 215
258 347
258 386
259 17
259 189
259 319
259 324
259 411
259 495
260 13
260 134
260 153
260 382
260 449
260 453
260 482
261 229
261 314
261 346
261 392
261 434
261 459
261 490
262 33
262 291
262 314
262 355
262 401
262 422
262 465
263 26
263 157
263 350
263 351
263 398
263 402
263 406
264 301
264 414
264 416
264 442
264 460
264 480
264 481
265 132
265 309
265 400
265 412
265 430
265 476
265 489
266 82
266 101
266 102
266 111
266 250
266 281
266 465
267 36
267 50
267 199
267 284
267 339
267 428
267 452
268 6
268 44
268 238
268 316
268 318
268 429
268 461
269 23
269 64
269 203
269 228
269 271
269 472
269 477
270 60
270 95
270 353
270 385
270 410
270 447
270 471
271 84
271 232
271 269
271 284
271 328
271 446
271 496
272 274
272 326
272 332
272 359
272 381
272 419
272 489
273 19
273 128
273 185
273 208
273 234
273 474
273 475
274 121
274 192
274 272
274 342
274 353
274 473
274 480
275 39
275 181
275 312
275 334
275 416
275 454
275 473
276 116
276 364
276 373
276 397
276 438
276 447
276 453
277 11
277 73
277 162
277 196
277 231
277 431
277 496
278 75
278 194
278 224
278 245
278 308
278 337
278 494
279 52
279 69
279 301
279 337
279 429
279 454
279 475
280 30
280 56
280 239
280 293
280 407
280 442
280 479
281 68
281 182
281 234
281 266
281 338
281 405
281 416
282 129
282 185
282 193
282 362
282 408
282 457
282 492
283 248
283 339
283 395
283 432
283 467
283 469
283 485
284 57
284 66
284 202
284 267
284 271
284 362
284 447
285 18
285 293
285 323
285 324
285 406
285 492
285 493
286 320
286 347
286 407
286 452
286 466
286 489
286 491
287 96
287 205
287 214
287 253
287 292
287 406
287 442
288 112
288 355
288 387
288 418
288 470
288 475
288 490
289 53
289 302
289 331
289 352
289 402
289 408
289 470
290 75
290 294
290 390
290 429
290 472
290 473
290 480
291 151
291 233
291 262
291 475
291 481
291 487
291 498
292 71
292 97
292 143
292 246
292 287
292 420
292 463
293 280
293 285
293 380
293 384
293 385
293 390
293 468
294 55
294 160
294 290
294 347
294 353
294 463
294 467
295 57
295 63
295 112
295 256
295 352
295 485
295 498
296 37
296 133
296 141
296 213
296 302
296 438
296 477
297 335
297 388
297 440
297 455
297 481
297 485
297 490
298 56
298 68
298 219
298 308
298 420
298 450
298 469
299 28
299 113
299 123
299 188
299 219
299 461
299 466
300 144
300 197
300 220
300 309
300 369
300 465
300 469
301 114
301 127
301 215
301 264
301 279
301 333
301 445
302 289
302 296
302 424
302 454
302 455
302 472
302 499
303 174
303 209
303 332
303 373
303 375
303 380
303 497
304 11
304 31
304 226
304 341
304 414
304 425
304 491
305 14
305 340
305 373
305 393
305 447
305 457
305 490
306 44
306 65
306 315
306 377
306 437
306 472
306 485
307 5
307 153
307 171
307 367
307 478
307 483
307 491
308 226
308 278
308 298
308 349
308 378
308 381
308 447
309 222
309 265
309 300
309 334
309 376
309 443
309 455
310 27
310 87
310 224
310 358
310 389
310 454
310 462
311 214
311 343
311 383
311 385
311 421
311 484
311 490
312 53
312 57
312 147
312 275
312 317
312 318
312 474
313 3
313 90
313 127
313 319
313 321
313 342
313 493
314 77
314 103
314 238
314 261
314 262
314 480
314 486
315 196
315 250
315 306
315 366
315 415
315 442
315 447
316 73
316 110
316 268
316 325
316 370
316 396
316 426
317 203
317 312
317 356
317 368
317 433
317 470
317 471
318 159
318 247
318 254
318 268
318 312
318 348
318 421
319 230
319 259
319 313
319 332
319 334
319 396
319 479
319 485
320 43
320 98
320 227
320 228
320 286
320 423
320 440
320 485
321 85
321 313
321 334
321 339
321 376
321 428
321 437
321 464
322 204
322 229
322 248
322 345
322 401
322 462
322 468
322 492
323 29
323 234
323 238
323 285
323 431
323 441
323 456
323 473
324 30
324 88
324 259
324 285
324 332
324 451
324 476
324 498
325 97
325 176
325 185
325 249
325 251
325 316
325 358
325 410
326 76
326 148
326 272
326 399
326 421
326 486
326 491
326 494
327 21
327 51
327 93
327 413
327 416
327 453
327 457
327 473
328 36
328 53
328 201
328 237
328 271
328 338
328 457
328 466
329 128
329 145
329 160
329 193
329 243
329 342
329 367
329 495
330 203
330 353
330 366
330 433
330 437
330 468
330 476
330 498
331 50
331 111
331 191
331 198
331 289
331 429
331 456
331 483
332 15
332 272
332 303
332 319
332 324
332 386
332 448
332 460
333 33
333 145
333 166
333 192
333 301
333 370
333 435
333 444
334 163
334 275
334 309
334 319
334 321
334 367
334 480
334 500
335 168
335 199
335 297
335 382
335 398
335 460
335 476
335 487
336 19
336 61
336 70
336 186
336 221
336 232
336 375
336 452
337 6
337 45
337 47
337 103
337 159
337 278
337 279
337 410
338 99
338 135
338 162
338 281
338 328
338 361
338 406
338 492
339 45
339 139
339 267
339 283
339 321
339 355
339 428
339 464
340 8
340 67
340 136
340 305
340 368
340 481
340 496
340 497
341 46
341 189
341 214
341 304
341 414
341 415
341 429
341 500
342 141
342 251
342 274
342 313
342 329
342 349
342 400
342 492
343 222
343 243
343 311
343 452
343 482
343 487
343 488
343 499
344 75
344 215
344 223
344 378
344 394
344 398
344 429
344 480
345 122
345 180
345 243
345 322
345 430
345 476
345 484
345 489
346 20
346 92
346 122
346 140
346 218
346 261
346 357
346 421
347 91
347 119
347 215
347 228
347 258
347 286
347 294
347 493
348 14
348 114
348 137
348 216
348 318
348 433
348 438
348 492
349 15
349 23
349 202
349 257
349 308
349 342
349 370
349 404
350 9
350 150
350 242
350 263
350 401
350 404
350 458
350 493
351 21
351 94
351 180
351 255
351 263
351 356
351 370
351 467
352 115
352 160
352 183
352 192
352 289
352 295
352 360
352 452
353 2
353 253
353 270
353 274
353 294
353 330
353 488
353 490
354 34
354 119
354 129
354 130
354 150
354 167
354 385
354 497
355 205
355 252
355 262
355 288
355 339
355 395
355 428
355 456
356 41
356 58
356 81
356 202
356 317
356 351
356 491
356 499
357 61
357 75
357 133
357 252
357 346
357 373
357 421
357 478
358 10
358 92
358 127
358 310
358 325
358 443
358 492
358 495
359 76
359 121
359 137
359 234
359 272
359 365
359 442
359 499
360 8
360 42
360 103
360 185
360 352
360 375
360 397
360 482
361 57
361 196
361 338
361 412
361 452
361 469
361 486
361 494
362 31
362 211
362 217
362 223
362 282
362 284
362 431
362 464
363 168
363 374
363 388
363 402
363 457
363 463
363 485
363 489
364 80
364 93
364 106
364 146
364 163
364 239
364 276
364 380
365 116
365 248
365 359
365 368
365 427
365 431
365 441
365 499
366 84
366 109
366 221
366 315
366 330
366 388
366 412
366 465
367 118
367 124
367 179
367 198
367 307
367 329
367 334
367 398
367 469
368 36
368 99
368 317
368 340
368 365
368 407
368 424
368 431
368 473
369 15
369 63
369 78
369 86
369 124
369 193
369 300
369 385
369 398
370 37
370 316
370 333
370 349
370 351
370 371
370 414
370 459
370 470
371 52
371 152
371 168
371 257
371 370
371 404
371 440
371 485
371 500
372 114
372 190
372 219
372 418
372 430
372 435
372 450
372 457
372 476
373 83
373 241
373 276
373 303
373 305
373 357
373 380
373 389
373 392
374 44
374 87
374 173
374 209
374 253
374 363
374 376
374 386
374 448
375 56
375 97
375 116
375 120
375 166
375 252
375 303
375 336
375 360
376 10
376 309
376 321
376 374
376 377
376 400
376 440
376 449
376 454
377 1
377 14
377 227
377 306
377 376
377 382
377 384
377 385
377 456
378 31
378 229
378 308
378 344
378 425
378 434
378 439
378 473
378 484
379 117
379 125
379 240
379 384
379 397
379 426
379 448
379 463
379 483
380 2
380 210
380 223
380 293
380 303
380 364
380 373
380 435
380 471
381 42
381 43
381 51
381 108
381 272
381 308
381 387
381 388
381 454
382 30
382 260
382 335
382 377
382 413
382 416
382 458
382 459
382 491
383 48
383 182
383 311
383 422
383 465
383 488
383 493
383 496
383 498
384 119
384 162
384 181
384 198
384 293
384 377
384 379
384 407
384 482
385 33
385 111
385 270
385 293
385 311
385 354
385 369
385 377
385 398
386 40
386 109
386 136
386 258
386 332
386 374
386 420
386 468
386 497
387 41
387 98
387 288
387 381
387 425
387 432
387 434
387 482
387 483
388 94
388 238
388 297
388 363
388 366
388 381
388 436
388 439
388 441
389 59
389 239
389 242
389 310
389 373
389 393
389 466
389 471
389 495
390 290
390 293
390 401
390 412
390 451
390 469
390 476
390 481
390 498
391 1
391 89
391 251
391 395
391 399
391 400
391 405
391 486
391 487
392 12
392 77
392 131
392 188
392 261
392 373
392 397
392 434
392 494
393 31
393 110
393 151
393 225
393 305
393 389
393 423
393 479
393 487
394 13
394 153
394 202
394 229
394 344
394 396
394 412
394 440
394 478
395 205
395 219
395 236
395 245
395 254
395 283
395 355
395 391
395 485
396 54
396 137
396 186
396 316
396 319
396 394
396 406
396 423
396 466
397 16
397 29
397 109
397 276
397 360
397 379
397 392
397 444
397 471
398 263
398 335
398 344
398 367
398 369
398 385
398 420
398 484
398 489
399 121
399 181
399 235
399 326
399 391
399 411
399 414
399 469
399 500
400 48
400 170
400 207
400 265
400 342
400 376
400 391
400 432
400 436
400 488
401 35
401 77
401 211
401 233
401 262
401 322
401 350
401 390
401 408
401 409
402 134
402 176
402 219
402 255
402 263
402 289
402 363
402 442
402 457
402 492
403 52
403 60
403 84
403 154
403 212
403 420
403 426
403 446
403 482
403 494
404 26
404 128
404 144
404 165
404 248
404 349
404 350
404 371
404 477
404 478
405 35
405 59
405 100
405 198
405 281
405 391
405 414
405 426
405 446
405 450
406 25
406 76
406 90
406 263
406 285
406 287
406 338
406 396
406 410
406 452
407 28
407 32
407 190
407 280
407 286
407 368
407 384
407 411
407 478
407 498
408 18
408 97
408 141
408 164
408 184
408 242
408 282
408 289
408 401
408 494
409 20
409 117
409 141
409 159
409 238
409 401
409 414
409 454
409 473
409 495
410 56
410 128
410 137
410 270
410 325
410 337
410 406
410 414
410 441
410 462
411 6
411 26
411 147
411 233
411 259
411 399
411 407
411 444
411 457
411 483
412 66
412 177
412 265
412 361
412 366
412 390
412 394
412 415
412 479
412 497
413 49
413 112
413 170
413 213
413 327
413 382
413 446
413 453
413 460
413 480
413 482
414 88
414 136
414 194
414 264
414 304
414 341
414 370
414 399
414 405
414 409
414 410
415 66
415 145
415 154
415 171
415 204
415 246
415 315
415 341
415 412
415 432
415 482
416 243
416 264
416 275
416 281
416 327
416 382
416 443
416 458
416 463
416 473
416 478
417 23
417 159
417 163
417 250
417 426
417 431
417 433
417 456
417 470
417 487
417 495
418 33
418 124
418 127
418 217
418 288
418 372
418 422
418 483
418 485
418 494
418 495
419 44
419 120
419 146
419 194
419 199
419 272
419 445
419 446
419 461
419 473
419 477
420 55
420 64
420 100
420 154
420 156
420 292
420 298
420 386
420 398
420 403
420 474
421 113
421 153
421 197
421 256
421 311
421 318
421 326
421 346
421 357
421 482
421 493
422 12
422 79
422 164
422 191
422 203
422 205
422 250
422 262
422 383
422 418
422 454
423 5
423 24
423 39
423 97
423 109
423 232
423 256
423 320
423 393
423 396
423 493
424 7
424 64
424 70
424 225
424 302
424 368
424 446
424 450
424 481
424 484
424 489
425 1
425 3
425 101
425 196
425 304
425 378
425 387
425 438
425 443
425 449
425 483
426 114
426 183
426 316
426 379
426 403
426 405
426 417
426 450
426 465
426 470
426 477
427 112
427 163
427 180
427 237
427 241
427 244
427 253
427 365
427 451
427 456
427 470
428 54
428 58
428 161
428 267
428 321
428 339
428 355
428 429
428 471
428 473
428 485
429 16
429 168
429 232
429 268
429 279
429 290
429 331
429 341
429 344
429 428
429 431
430 92
430 162
430 165
430 168
430 169
430 207
430 242
430 265
430 345
430 372
430 437
431 172
431 184
431 277
431 323
431 362
431 365
431 368
431 417
431 429
431 461
431 472
431 499
432 60
432 64
432 170
432 237
432 283
432 387
432 400
432 415
432 444
432 462
432 468
432 491
433 14
433 23
433 149
433 173
433 240
433 317
433 330
433 348
433 417
433 434
433 492
433 500
434 104
434 154
434 202
434 206
434 261
434 378
434 387
434 392
434 433
434 450
434 476
434 483
435 8
435 104
435 113
435 132
435 178
435 179
435 183
435 191
435 333
435 372
435 380
435 439
436 15
436 49
436 95
436 107
436 122
436 157
436 388
436 400
436 456
436 457
436 463
436 478
437 41
437 44
437 83
437 108
437 180
437 306
437 321
437 330
437 430
437 461
437 481
437 491
438 16
438 22
438 201
438 245
438 276
438 296
438 348
438 425
438 439
438 443
438 489
438 495
439 16
439 55
439 87
439 94
439 110
439 249
439 255
439 378
439 388
439 435
439 438
439 484
440 99
440 106
440 152
440 195
440 297
440 320
440 371
440 376
440 394
440 441
440 443
440 486
441 149
441 166
441 173
441 220
441 255
441 323
441 365
441 388
441 410
441 440
441 462
441 478
442 9
442 138
442 264
442 280
442 287
442 315
442 359
442 402
442 460
442 470
442 478
442 480
443 57
443 58
443 140
443 174
443 175
443 309
443 358
443 416
443 425
443 438
443 440
443 451
444 93
444 179
444 245
444 246
444 333
444 397
444 411
444 432
444 459
444 462
444 468
444 479
445 9
445 26
445 63
445 99
445 169
445 172
445 190
445 301
445 419
445 446
445 461
445 467
446 21
446 271
446 403
446 405
446 413
446 419
446 424
446 445
446 448
446 459
446 461
446 464
446 488
447 3
447 124
447 152
447 231
447 270
447 276
447 284
447 305
447 308
447 315
447 453
447 459
447 486
448 60
448 183
448 212
448 246
448 332
448 374
448 379
448 446
448 452
448 463
448 464
448 497
448 500
449 32
449 69
449 86
449 159
449 210
449 215
449 260
449 376
449 425
449 465
449 468
449 475
449 482
450 14
450 77
450 86
450 105
450 298
450 372
450 405
450 424
450 426
450 434
450 466
450 474
450 486
451 16
451 46
451 100
451 182
451 204
451 225
451 236
451 324
451 390
451 427
451 443
451 457
451 499
452 207
452 235
452 257
452 267
452 286
452 336
452 343
452 352
452 361
452 406
452 448
452 467
452 492
453 4
453 47
453 76
453 125
453 203
453 240
453 260
453 276
453 327
453 413
453 447
453 467
453 480
454 17
454 255
454 257
454 275
454 279
454 302
454 310
454 376
454 381
454 409
454 422
454 455
454 460
455 17
455 36
455 43
455 72
455 175
455 178
455 221
455 231
455 297
455 302
455 309
455 454
455 457
455 496
456 18
456 29
456 73
456 148
456 169
456 190
456 323
456 331
456 355
456 377
456 417
456 427
456 436
456 486
457 195
457 198
457 282
457 305
457 327
457 328
457 363
457 372
457 402
457 411
457 436
457 451
457 455
457 479
458 31
458 48
458 52
458 64
458 140
458 190
458 252
458 350
458 382
458 416
458 463
458 488
458 491
458 493
459 62
459 126
459 143
459 211
459 232
459 261
459 370
459 382
459 444
459 446
459 447
459 486
459 487
459 491
460 126
460 157
460 161
460 165
460 177
460 184
460 201
460 220
460 264
460 332
460 335
460 413
460 442
460 454
461 83
461 102
461 122
461 124
461 190
461 224
461 255
461 268
461 299
461 419
461 431
461 437
461 445
461 446
462 18
462 138
462 144
462 182
462 184
462 254
462 310
462 322
462 410
462 432
462 441
462 444
462 483
462 489
463 22
463 116
463 169
463 193
463 256
463 292
463 294
463 363
463 379
463 416
463 436
463 448
463 458
463 473
464 4
464 11
464 38
464 146
464 173
464 200
464 210
464 321
464 339
464 362
464 446
464 448
464 484
464 489
465 9
465 133
465 149
465 180
465 200
465 226
465 262
465 266
465 300
465 366
465 383
465 426
465 449
465 490
466 54
466 74
466 88
466 140
466 145
466 172
466 197
466 240
466 286
466 299
466 328
466 389
466 396
466 450
467 2
467 86
467 134
467 135
467 227
467 236
467 283
467 294
467 351
467 445
467 452
467 453
467 471
467 496
468 19
468 137
468 177
468 207
468 213
468 293
468 322
468 330
468 386
468 432
468 444
468 449
468 478
468 487
469 132
469 138
469 155
469 164
469 193
469 217
469 223
469 283
469 298
469 300
469 361
469 367
469 390
469 399
469 475
470 45
470 80
470 108
470 221
470 225
470 288
470 289
470 317
470 370
470 417
470 426
470 427
470 442
470 489
470 491
471 82
471 155
471 187
471 199
471 208
471 247
471 270
471 317
471 380
471 389
471 397
471 428
471 467
471 493
471 496
472 10
472 13
472 24
472 45
472 119
472 215
472 229
472 240
472 269
472 290
472 302
472 306
472 431
472 477
472 497
473 132
473 244
473 274
473 275
473 290
473 323
473 327
473 368
473 378
473 409
473 416
473 419
473 428
473 463
473 479
474 7
474 24
474 56
474 80
474 112
474 150
474 174
474 177
474 208
474 249
474 251
474 273
474 312
474 420
474 450
474 495
475 100
475 107
475 109
475 131
475 144
475 196
475 252
475 273
475 279
475 288
475 291
475 449
475 469
475 486
475 490
475 497
476 2
476 47
476 78
476 148
476 253
476 265
476 324
476 330
476 335
476 345
476 372
476 390
476 434
476 480
476 494
476 498
477 27
477 79
477 81
477 104
477 118
477 129
477 166
477 195
477 269
477 296
477 404
477 419
477 426
477 472
477 485
477 497
478 47
478 58
478 71
478 84
478 221
478 307
478 357
478 394
478 404
478 407
478 416
478 436
478 441
478 442
478 468
478 479
479 5
479 19
479 145
479 150
479 152
479 235
479 280
479 319
479 393
479 412
479 444
479 457
479 473
479 478
479 487
479 494
480 101
480 105
480 142
480 236
480 264
480 274
480 290
480 314
480 334
480 344
480 413
480 442
480 453
480 476
480 484
480 498
481 47
481 67
481 85
481 130
481 138
481 200
481 233
481 250
481 264
481 291
481 297
481 340
481 390
481 424
481 437
481 497
482 13
482 26
482 37
482 123
482 160
482 260
482 343
482 360
482 384
482 387
482 403
482 413
482 415
482 421
482 449
482 500
483 46
483 68
483 115
483 119
483 146
483 192
483 307
483 331
483 379
483 387
483 411
483 418
483 425
483 434
483 462
483 499
484 38
484 107
484 155
484 167
484 188
484 202
484 249
484 311
484 345
484 378
484 398
484 424
484 439
484 464
484 480
484 487
484 489
485 34
485 59
485 156
485 179
485 224
485 283
485 295
485 297
485 306
485 319
485 320
485 363
485 371
485 395
485 418
485 428
485 477
486 53
486 163
486 167
486 234
486 235
486 314
486 326
486 361
486 391
486 440
486 447
486 450
486 456
486 459
486 475
486 490
486 495
487 68
487 90
487 105
487 149
487 175
487 183
487 185
487 291
487 335
487 343
487 391
487 393
487 417
487 459
487 468
487 479
487 484
488 48
488 66
488 74
488 102
488 131
488 158
488 168
488 208
488 214
488 343
488 353
488 383
488 400
488 446
488 458
488 490
488 493
489 11
489 15
489 101
489 181
489 231
489 242
489 265
489 272
489 286
489 345
489 363
489 398
489 424
489 438
489 462
489 464
489 470
489 484
490 22
490 32
490 49
490 152
490 238
490 249
490 261
490 288
490 297
490 305
490 311
490 353
490 465
490 475
490 486
490 488
490 498
490 500
491 74
491 88
491 135
491 139
491 226
491 286
491 304
491 307
491 326
491 356
491 382
491 432
491 437
491 458
491 459
491 470
491 496
491 499
492 7
492 116
492 149
492 175
492 188
492 210
492 216
492 225
492 243
492 282
492 285
492 322
492 338
492 342
492 348
492 358
492 402
492 433
492 452
493 58
493 69
493 76
493 120
493 147
493 156
493 165
493 169
493 205
493 285
493 313
493 347
493 350
493 383
493 421
493 423
493 458
493 471
493 488
494 27
494 53
494 98
494 125
494 147
494 155
494 158
494 218
494 278
494 326
494 361
494 392
494 403
494 408
494 418
494 476
494 479
494 499
494 500
495 22
495 59
495 83
495 90
495 105
495 135
495 189
495 197
495 254
495 257
495 259
495 329
495 358
495 389
495 409
495 417
495 418
495 438
495 474
495 486
496 17
496 23
496 36
496 62
496 75
496 175
496 187
496 199
496 218
496 227
496 231
496 271
496 277
496 340
496 383
496 455
496 467
496 471
496 491
496 498
497 3
497 8
497 34
497 65
497 91
497 93
497 118
497 171
497 241
497 244
497 303
497 340
497 354
497 386
497 412
497 448
497 472
497 475
497 477
497 481
498 61
498 68
498 88
498 103
498 126
498 148
498 157
498 206
498 291
498 295
498 324
498 330
498 383
498 390
498 407
498 476
498 480
498 490
498 496
498 499
499 28
499 54
499 62
499 120
499 170
499 179
499 194
499 226
499 251
499 302
499 343
499 356
499 359
499 365
499 431
499 451
499 483
499 491
499 494
499 498
500 4
500 21
500 55
500 91
500 96
500 153
500 174
500 187
500 194
500 214
500 237
500 334
500 341
500 371
500 399
500 433
500 448
500 482
500 490
500 494
