1 49
1 126
1 283
1 408
1 490
2 310
2 311
2 396
2 438
2 443
2 488
3 204
3 212
3 274
3 298
3 299
4 10
4 312
4 356
5 40
5 97
5 286
5 397
5 398
5 431
5 453
5 483
5 485
5 489
6 51
6 117
6 134
6 207
6 376
7 97
7 453
7 483
7 485
7 489
8 90
8 146
8 169
8 200
8 288
9 110
9 295
9 362
9 422
9 433
10 4
10 32
10 121
10 197
10 244
10 336
10 339
11 102
11 128
11 144
11 347
11 427
12 13
12 64
12 85
12 99
12 305
12 437
13 12
13 45
13 76
13 129
13 139
13 199
13 224
13 371
13 413
13 429
13 451
14 94
14 122
14 335
14 395
14 454
15 17
15 107
15 432
15 464
15 465
15 470
15 490
16 176
16 225
16 308
16 381
17 15
17 68
17 154
17 183
17 317
17 386
18 221
18 250
18 302
18 303
18 320
19 164
19 217
19 227
19 245
19 258
19 348
19 382
20 21
20 50
20 105
20 193
20 495
20 497
21 20
21 321
21 324
21 329
21 403
22 32
22 145
22 197
22 244
22 336
23 252
23 391
23 408
23 418
24 26
24 38
24 55
24 60
24 218
24 337
24 390
25 43
25 67
25 205
25 284
25 370
25 440
25 446
26 24
26 157
26 357
26 419
26 468
26 484
26 491
26 498
27 50
27 105
27 193
27 495
27 497
28 189
28 266
28 297
28 318
28 325
28 374
28 425
28 447
28 449
28 452
28 475
28 476
29 249
29 293
29 328
29 346
29 457
29 487
30 60
30 337
30 358
30 390
30 406
30 411
31 59
31 64
31 85
31 99
31 268
31 467
32 10
32 22
32 197
32 244
32 339
33 204
33 212
33 298
33 299
33 372
34 37
34 103
34 361
34 428
34 472
35 144
35 187
35 194
35 301
35 345
35 347
35 364
35 421
35 427
35 450
36 181
36 357
36 419
36 491
36 498
37 34
37 103
37 361
37 428
37 472
38 24
38 60
38 73
38 337
38 358
38 390
38 406
38 410
38 411
39 41
39 87
39 184
39 323
39 338
40 5
40 97
40 174
40 210
40 267
40 286
40 326
40 398
40 431
40 453
40 471
40 482
40 483
40 485
41 39
41 78
41 195
41 304
41 341
41 361
41 472
42 150
42 191
42 219
42 333
42 434
43 25
43 44
43 67
43 205
43 370
43 440
43 446
44 43
44 132
44 182
44 240
44 395
44 454
45 13
45 47
45 76
45 129
45 139
45 199
45 224
45 371
45 413
45 429
45 445
46 108
46 185
46 234
46 236
46 278
46 360
47 45
47 48
47 53
47 120
47 289
47 353
47 414
48 47
48 53
48 120
48 289
48 353
48 460
49 1
49 126
49 153
49 319
49 497
50 20
50 27
50 86
50 105
50 113
50 127
50 138
50 151
50 166
50 193
50 279
50 373
50 380
50 479
50 492
50 495
50 497
50 499
51 6
51 117
51 134
51 190
51 207
51 352
51 376
52 66
52 206
52 222
52 363
52 477
53 47
53 48
53 120
53 289
53 353
53 414
54 69
54 281
54 312
54 315
54 369
55 24
55 60
55 218
55 337
55 410
56 58
56 66
56 351
56 363
56 477
57 238
57 276
57 359
57 459
57 466
58 56
58 114
58 230
58 263
58 478
59 31
59 64
59 268
59 467
60 24
60 30
60 38
60 55
60 61
60 73
60 337
60 358
60 390
60 406
60 411
60 412
60 458
61 60
61 81
61 247
61 259
61 316
61 377
62 63
62 409
62 464
62 470
62 490
63 62
63 69
63 281
63 315
63 356
63 369
64 12
64 31
64 59
64 99
64 142
64 305
64 437
64 467
65 80
65 253
65 355
65 399
65 435
66 52
66 56
66 67
66 206
66 215
66 477
67 25
67 43
67 66
67 284
67 309
67 370
67 436
67 440
67 446
68 17
68 171
68 255
68 317
68 386
69 54
69 63
69 71
69 312
69 315
69 356
69 369
70 143
70 168
70 208
70 282
70 405
71 69
71 140
71 156
71 162
71 170
71 173
71 330
71 375
72 73
72 165
72 168
72 296
72 393
72 405
72 426
73 38
73 60
73 72
73 337
73 390
73 406
73 411
73 412
73 458
74 77
74 439
74 468
74 491
74 498
75 238
75 285
75 402
75 407
75 442
76 13
76 45
76 413
76 429
76 451
77 74
77 106
77 130
77 178
77 446
78 41
78 80
78 159
78 304
78 341
79 204
79 212
79 274
79 298
79 299
80 65
80 78
80 355
80 385
80 399
80 435
80 474
81 61
81 148
81 247
81 259
81 316
81 377
82 92
82 115
82 119
82 192
82 235
82 349
83 311
83 327
83 394
83 443
83 488
84 88
84 114
84 263
84 388
84 478
85 12
85 31
85 99
85 142
85 305
85 437
86 50
86 105
86 113
86 138
86 166
86 193
86 373
86 495
86 497
87 39
87 89
87 260
87 338
87 415
88 84
88 89
88 262
88 463
88 487
89 87
89 88
89 241
89 257
89 262
89 293
89 328
89 344
89 346
89 463
89 473
90 8
90 146
90 169
90 200
90 232
91 107
91 233
91 332
91 432
91 490
92 82
92 115
92 192
92 235
92 275
92 280
92 349
93 221
93 243
93 250
93 302
93 303
93 320
94 14
94 122
94 132
94 335
95 158
95 226
95 294
95 331
95 334
96 101
96 203
96 302
96 303
96 365
97 5
97 7
97 40
97 174
97 210
97 267
97 286
97 326
97 397
97 398
97 431
97 453
97 471
97 482
97 483
98 225
98 300
98 308
98 381
98 400
99 12
99 31
99 64
99 85
99 142
99 268
99 305
100 101
100 419
100 484
100 491
100 498
101 96
101 100
101 419
101 484
101 491
101 498
102 11
102 128
102 144
102 347
102 427
103 34
103 37
103 105
103 428
103 472
104 223
104 327
104 423
104 438
104 443
104 488
105 20
105 27
105 50
105 86
105 103
105 113
105 127
105 138
105 151
105 166
105 193
105 227
105 229
105 279
105 373
105 380
105 479
105 480
105 493
105 495
106 77
106 130
106 178
106 440
106 446
107 15
107 91
107 116
107 233
107 269
107 270
107 409
107 432
107 470
107 490
108 46
108 112
108 185
108 236
108 278
109 196
109 228
109 265
109 343
109 494
110 9
110 264
110 295
110 362
110 379
110 416
110 422
110 433
110 469
111 137
111 150
111 172
111 291
111 434
112 108
112 185
112 236
112 278
112 360
113 50
113 86
113 105
113 138
113 151
113 166
113 373
113 380
113 492
113 495
113 497
113 499
114 58
114 84
114 230
114 263
114 388
115 82
115 92
115 119
115 192
115 235
115 275
115 280
115 349
115 368
116 107
116 233
116 409
116 470
116 490
117 6
117 51
117 134
117 352
117 376
118 124
118 432
118 464
118 470
118 490
119 82
119 115
119 192
119 275
119 349
120 47
120 48
120 53
120 289
120 353
120 460
121 10
121 145
121 197
121 336
121 339
122 14
122 94
122 132
122 335
122 395
122 454
123 337
123 390
123 406
123 412
123 458
124 118
124 176
124 225
124 300
124 308
124 381
125 135
125 452
125 462
125 475
125 476
126 1
126 49
126 149
126 153
126 418
127 50
127 105
127 193
127 495
127 497
128 11
128 102
128 130
128 347
128 427
129 13
129 45
129 413
129 429
129 451
130 77
130 106
130 128
130 178
130 440
130 446
131 187
131 345
131 421
131 427
132 44
132 94
132 122
132 135
132 182
132 240
132 313
132 395
132 448
132 454
133 328
133 346
133 417
133 463
133 487
134 6
134 51
134 117
134 190
134 207
134 352
135 125
135 132
135 425
135 462
135 476
136 141
136 146
136 169
136 200
136 277
136 288
136 430
136 441
137 111
137 150
137 191
137 219
137 434
138 50
138 86
138 105
138 113
138 143
138 151
138 166
138 193
138 373
138 380
138 479
138 492
138 495
138 497
138 499
139 13
139 45
139 224
139 413
139 429
139 445
139 451
140 71
140 156
140 162
140 170
140 173
141 136
141 146
141 200
141 430
141 441
142 64
142 85
142 99
142 305
142 437
143 70
143 138
143 282
143 296
143 367
144 11
144 35
144 102
144 187
144 194
144 301
144 345
144 347
144 364
144 421
144 427
144 450
145 22
145 121
145 197
145 336
145 339
146 8
146 90
146 136
146 141
146 169
146 200
146 232
146 288
146 430
147 281
147 312
147 315
147 369
148 81
148 209
148 316
148 456
149 126
149 152
149 153
149 167
149 252
149 261
149 283
149 319
149 391
149 408
150 42
150 111
150 137
150 172
150 191
150 219
150 291
150 333
150 434
151 50
151 105
151 113
151 138
151 166
151 373
151 492
151 495
151 497
152 149
152 313
152 395
152 448
152 454
153 49
153 126
153 149
153 156
153 167
153 252
153 261
153 283
153 319
153 391
153 408
153 418
154 17
154 183
154 216
154 317
154 386
155 181
155 419
155 484
155 491
155 498
156 71
156 140
156 153
156 162
156 170
156 173
157 26
157 166
157 181
157 342
157 350
157 357
157 384
157 419
157 439
157 468
157 481
157 484
157 486
157 491
157 498
158 95
158 226
158 251
158 287
158 294
158 331
158 334
159 78
159 160
159 195
159 304
159 341
159 361
159 472
160 159
160 163
160 297
160 449
160 475
161 254
161 260
161 323
161 415
161 444
162 71
162 140
162 156
162 166
162 170
162 173
162 193
162 306
162 330
162 375
163 160
163 266
163 425
163 452
163 475
164 19
164 169
164 179
164 217
164 245
164 271
164 348
164 372
165 72
165 208
165 393
165 405
165 426
166 50
166 86
166 105
166 113
166 138
166 151
166 157
166 162
166 193
166 227
166 229
166 279
166 373
166 380
166 479
166 480
166 492
166 495
166 497
166 499
167 149
167 153
167 252
167 319
167 391
168 70
168 72
168 282
168 367
168 393
168 426
169 8
169 90
169 136
169 146
169 164
169 200
169 232
169 277
169 288
169 430
170 71
170 140
170 156
170 162
170 375
171 68
171 216
171 231
171 386
171 500
172 111
172 150
172 219
172 333
172 434
173 71
173 140
173 156
173 162
174 40
174 97
174 453
174 483
174 485
175 179
175 214
175 238
175 248
175 322
175 407
175 459
175 466
176 16
176 124
176 225
176 300
176 378
176 381
176 400
176 420
177 202
177 355
177 385
177 399
177 474
178 77
178 106
178 130
178 446
179 164
179 175
179 217
179 258
179 348
179 372
180 310
180 387
180 396
180 438
180 488
181 36
181 155
181 157
181 357
181 384
181 419
181 439
181 468
181 481
181 484
181 491
181 498
182 44
182 132
182 240
182 395
182 454
183 17
183 154
183 216
183 317
183 386
184 39
184 186
184 246
184 260
184 323
185 46
185 108
185 112
185 234
185 236
185 278
185 360
186 184
186 190
186 207
186 352
186 376
187 35
187 131
187 144
187 192
187 194
187 301
187 421
187 450
188 354
188 419
188 484
188 491
188 498
189 28
189 297
189 325
189 425
189 449
189 462
189 475
189 476
190 51
190 134
190 186
190 352
190 376
191 42
191 137
191 150
191 291
191 434
192 82
192 92
192 115
192 119
192 187
192 368
193 20
193 27
193 50
193 86
193 105
193 127
193 138
193 162
193 166
193 227
193 229
193 235
193 279
193 380
193 479
193 480
193 492
193 493
193 495
193 497
193 499
194 35
194 144
194 187
194 197
194 301
194 345
194 347
194 364
194 421
194 427
194 450
195 41
195 159
195 341
195 361
195 428
195 472
196 109
196 228
196 265
196 343
196 401
196 494
197 10
197 22
197 32
197 121
197 145
197 194
197 336
197 339
198 213
198 273
198 292
198 366
198 392
198 403
199 13
199 45
199 413
199 429
200 8
200 90
200 136
200 141
200 146
200 169
200 203
200 232
200 288
200 430
200 441
201 281
201 315
201 356
201 369
202 177
202 355
202 385
202 399
202 474
203 96
203 200
203 221
203 250
203 320
203 365
204 3
204 33
204 79
204 274
204 298
204 299
205 25
205 43
205 207
205 284
205 370
205 440
205 446
206 52
206 66
206 215
206 222
206 351
206 363
207 6
207 51
207 134
207 186
207 205
207 352
208 70
208 165
208 209
208 282
208 405
208 426
209 148
209 208
209 247
209 377
209 456
210 40
210 97
210 286
210 453
210 485
210 489
211 215
211 253
211 355
211 385
211 389
211 474
212 3
212 33
212 79
212 274
212 298
212 299
213 198
213 273
213 321
213 324
213 329
213 392
213 403
214 175
214 238
214 248
214 285
214 322
214 359
214 402
214 407
214 466
215 66
215 206
215 211
215 222
215 351
215 363
216 154
216 171
216 183
216 220
216 231
216 386
217 19
217 164
217 179
217 242
217 245
217 372
217 382
218 24
218 55
218 337
218 390
218 410
219 42
219 137
219 150
219 172
219 291
219 434
220 216
220 238
220 285
220 407
220 442
220 466
221 18
221 93
221 203
221 243
221 250
221 320
221 365
222 52
222 206
222 215
222 224
222 363
223 104
223 237
223 307
223 423
223 488
224 13
224 45
224 139
224 222
224 413
224 429
224 451
225 16
225 98
225 124
225 176
225 300
225 308
225 378
225 400
226 95
226 158
226 251
226 287
226 294
226 331
226 334
227 19
227 105
227 166
227 193
227 495
227 497
228 109
228 196
228 265
228 343
228 401
228 494
229 105
229 166
229 193
229 230
229 495
229 497
230 58
230 114
230 229
230 263
230 388
230 478
231 171
231 216
231 232
231 255
231 317
231 386
231 500
232 90
232 146
232 169
232 200
232 231
232 277
233 91
233 107
233 116
233 270
233 332
233 340
233 409
233 432
233 464
233 470
233 490
234 46
234 185
234 236
234 278
235 82
235 92
235 115
235 193
235 280
235 349
235 355
236 46
236 108
236 112
236 185
236 234
236 240
236 278
236 360
237 223
237 310
237 327
237 387
237 394
237 423
237 443
237 488
238 57
238 75
238 175
238 214
238 220
238 248
238 285
238 322
238 359
238 402
238 407
238 466
238 492
239 290
239 310
239 311
239 394
239 396
239 438
239 488
240 44
240 132
240 182
240 236
240 395
240 454
241 89
241 244
241 257
241 293
241 328
241 344
241 346
241 487
242 217
242 258
242 271
242 382
243 93
243 221
243 302
243 303
243 365
244 10
244 22
244 32
244 241
244 336
244 339
245 19
245 164
245 217
245 258
245 271
245 348
245 372
245 382
246 184
246 254
246 260
246 338
246 444
247 61
247 81
247 209
247 259
247 316
247 377
248 175
248 214
248 238
248 322
248 359
248 459
249 29
249 257
249 293
249 328
249 346
249 487
250 18
250 93
250 203
250 221
250 320
250 365
251 158
251 226
251 294
251 334
252 23
252 149
252 153
252 167
252 391
252 408
253 65
253 211
253 254
253 355
253 389
253 474
254 161
254 246
254 253
254 260
254 444
255 68
255 231
255 257
255 317
255 386
255 500
256 318
256 425
256 449
256 462
256 475
256 476
257 89
257 241
257 249
257 255
257 293
257 328
257 344
257 346
257 463
257 473
257 487
258 19
258 179
258 242
258 245
258 372
258 382
259 61
259 81
259 247
259 261
259 316
259 377
260 87
260 161
260 184
260 246
260 254
260 323
260 338
260 415
260 444
261 149
261 153
261 259
261 283
261 319
261 391
262 88
262 89
262 293
262 328
262 463
262 487
263 58
263 84
263 114
263 230
263 264
263 388
263 478
264 110
264 263
264 295
264 362
264 422
264 433
265 109
265 196
265 228
265 343
265 401
265 494
266 28
266 163
266 425
266 447
266 475
266 476
267 40
267 97
267 270
267 453
267 483
267 485
268 31
268 59
268 99
268 437
268 467
269 107
269 332
269 432
269 464
269 470
269 490
270 107
270 233
270 267
270 332
270 409
270 424
270 432
270 464
270 470
270 490
271 164
271 242
271 245
271 348
271 372
272 284
272 309
272 370
272 404
272 436
272 446
273 198
273 213
273 321
273 324
273 329
273 392
273 403
274 3
274 79
274 204
274 212
274 298
274 299
275 92
275 115
275 119
275 349
275 368
276 57
276 277
276 359
276 402
276 407
276 466
277 136
277 169
277 232
277 276
277 288
278 46
278 108
278 112
278 185
278 234
278 236
278 360
279 50
279 105
279 166
279 193
279 280
279 495
279 497
280 92
280 115
280 235
280 279
280 349
281 54
281 63
281 147
281 201
281 282
281 312
281 315
282 70
282 143
282 168
282 208
282 281
283 1
283 149
283 153
283 261
283 319
283 391
283 408
284 25
284 67
284 205
284 272
284 309
284 370
284 404
284 436
284 440
284 446
285 75
285 214
285 220
285 238
285 402
285 407
285 466
286 5
286 40
286 97
286 210
286 288
286 397
286 398
286 431
286 453
286 483
286 485
286 489
287 158
287 226
287 294
287 331
287 334
288 8
288 136
288 146
288 169
288 200
288 277
288 286
289 47
289 48
289 53
289 120
289 292
289 414
290 239
290 394
290 423
290 438
290 443
290 488
291 111
291 150
291 191
291 219
291 333
291 434
291 463
292 198
292 289
292 324
292 329
292 403
293 29
293 89
293 241
293 249
293 257
293 262
293 296
293 328
293 344
293 346
293 463
293 473
293 487
294 95
294 158
294 226
294 251
294 287
294 331
294 334
295 9
295 110
295 264
295 362
295 416
295 422
295 433
296 72
296 143
296 293
296 367
296 393
296 405
296 426
297 28
297 160
297 189
297 299
297 318
297 325
297 383
297 452
297 462
297 476
297 496
298 3
298 33
298 79
298 204
298 212
298 274
298 342
299 3
299 33
299 79
299 204
299 212
299 274
299 297
300 98
300 124
300 176
300 225
300 308
300 378
300 381
300 400
300 420
301 35
301 144
301 187
301 194
301 302
301 364
301 450
302 18
302 93
302 96
302 243
302 301
302 365
303 18
303 93
303 96
303 243
303 365
304 41
304 78
304 159
304 361
304 472
305 12
305 64
305 85
305 99
305 142
305 306
306 162
306 305
306 330
306 375
307 223
307 387
307 396
307 423
307 438
307 443
307 488
308 16
308 98
308 124
308 225
308 300
308 381
308 420
309 67
309 272
309 284
309 370
309 404
309 436
309 440
310 2
310 180
310 237
310 239
310 312
310 488
311 2
311 83
311 239
311 438
311 443
311 488
312 4
312 54
312 69
312 147
312 281
312 310
312 356
313 132
313 152
313 395
313 448
313 454
314 318
314 374
314 449
314 452
314 462
314 475
314 476
315 54
315 63
315 69
315 147
315 201
315 281
315 356
315 369
316 61
316 81
316 148
316 247
316 259
316 377
316 456
317 17
317 68
317 154
317 183
317 231
317 255
317 500
318 28
318 256
318 297
318 314
318 374
318 425
318 449
319 49
319 149
319 153
319 167
319 261
319 283
319 408
320 18
320 93
320 203
320 221
320 250
320 322
320 365
321 21
321 213
321 273
321 329
321 366
321 392
321 403
322 175
322 214
322 238
322 248
322 320
322 407
322 459
322 466
323 39
323 161
323 184
323 260
323 338
323 415
323 444
324 21
324 213
324 273
324 292
324 366
324 392
324 403
325 28
325 189
325 297
325 425
325 449
325 452
325 475
325 476
326 40
326 97
326 328
326 453
326 483
326 485
327 83
327 104
327 237
327 394
327 423
327 443
327 488
328 29
328 89
328 133
328 241
328 249
328 257
328 262
328 293
328 326
328 344
328 346
328 463
328 473
328 487
329 21
329 213
329 273
329 292
329 321
329 366
329 392
330 71
330 162
330 306
330 375
331 95
331 158
331 226
331 287
331 294
331 334
332 91
332 233
332 269
332 270
332 333
332 470
332 490
333 42
333 150
333 172
333 291
333 332
333 434
334 95
334 158
334 226
334 251
334 287
334 294
334 331
335 14
335 94
335 122
335 336
335 395
336 10
336 22
336 121
336 145
336 197
336 244
336 335
336 339
337 24
337 30
337 38
337 55
337 60
337 73
337 123
337 218
337 390
337 406
337 411
337 412
337 458
338 39
338 87
338 246
338 260
338 323
338 415
338 444
339 10
339 32
339 121
339 145
339 197
339 244
339 336
340 233
340 409
340 432
340 464
340 470
340 490
341 41
341 78
341 159
341 195
341 472
342 157
342 298
342 419
342 439
342 468
342 491
342 498
343 109
343 196
343 228
343 265
343 494
344 89
344 241
344 257
344 293
344 328
344 346
344 463
344 487
345 35
345 131
345 144
345 194
345 364
345 421
345 427
345 450
346 29
346 89
346 133
346 241
346 249
346 257
346 293
346 328
346 344
346 349
346 417
346 457
346 473
346 487
347 11
347 35
347 102
347 128
347 144
347 194
347 427
347 450
348 19
348 164
348 179
348 245
348 271
349 82
349 92
349 115
349 119
349 235
349 275
349 280
349 346
350 157
350 357
350 419
350 468
350 484
350 491
350 498
351 56
351 206
351 215
351 363
352 51
352 117
352 134
352 186
352 190
352 207
353 47
353 48
353 53
353 120
353 460
354 188
354 419
354 484
354 491
354 498
355 65
355 80
355 177
355 202
355 211
355 235
355 253
355 389
355 399
355 474
355 490
356 4
356 63
356 69
356 201
356 312
356 315
356 357
356 369
357 26
357 36
357 157
357 181
357 350
357 356
357 384
357 419
357 439
357 468
357 481
357 484
357 486
357 491
357 498
358 30
358 38
358 60
358 359
358 390
358 410
359 57
359 214
359 238
359 248
359 276
359 358
359 402
359 407
360 46
360 112
360 185
360 236
360 278
360 363
361 34
361 37
361 41
361 159
361 195
361 304
361 428
361 472
362 9
362 110
362 264
362 295
362 379
362 416
362 422
362 469
363 52
363 56
363 206
363 215
363 222
363 351
363 360
363 477
364 35
364 144
364 194
364 301
364 345
364 421
364 427
364 450
365 96
365 203
365 221
365 243
365 250
365 302
365 303
365 320
366 198
366 321
366 324
366 329
366 403
367 143
367 168
367 296
367 405
367 426
368 115
368 192
368 275
368 371
369 54
369 63
369 69
369 147
369 201
369 315
369 356
370 25
370 43
370 67
370 205
370 272
370 284
370 309
370 440
371 13
371 45
371 368
371 413
371 429
372 33
372 164
372 179
372 217
372 245
372 258
372 271
373 50
373 86
373 105
373 113
373 138
373 151
373 166
373 375
373 380
373 492
373 495
373 497
374 28
374 314
374 318
374 449
374 476
375 71
375 162
375 170
375 306
375 330
375 373
376 6
376 51
376 117
376 186
376 190
376 454
377 61
377 81
377 209
377 247
377 259
377 316
377 433
377 456
378 176
378 225
378 300
378 381
379 110
379 362
379 380
379 416
379 422
379 433
380 50
380 105
380 113
380 138
380 166
380 193
380 373
380 379
380 497
381 16
381 98
381 124
381 176
381 300
381 308
381 378
381 382
381 420
382 19
382 217
382 242
382 245
382 258
382 381
383 297
383 452
383 475
383 476
383 496
384 157
384 181
384 357
384 388
384 419
384 439
384 468
384 481
384 498
385 80
385 177
385 202
385 211
385 435
385 474
386 17
386 68
386 154
386 171
386 183
386 216
386 231
386 255
386 500
387 180
387 237
387 307
387 396
387 488
388 84
388 114
388 230
388 263
388 384
389 211
389 253
389 355
389 399
389 474
390 24
390 30
390 38
390 60
390 73
390 123
390 218
390 337
390 358
390 406
390 411
390 412
390 458
391 23
391 149
391 153
391 167
391 252
391 261
391 283
391 408
391 418
392 198
392 213
392 273
392 321
392 324
392 329
392 395
392 403
393 72
393 165
393 168
393 296
393 405
393 426
394 83
394 237
394 239
394 290
394 327
394 423
394 438
394 443
394 488
395 14
395 44
395 122
395 132
395 152
395 182
395 240
395 313
395 335
395 392
395 448
395 454
396 2
396 180
396 239
396 307
396 387
396 423
396 438
396 443
396 488
397 5
397 97
397 286
397 398
397 399
397 453
397 483
397 485
397 489
398 5
398 40
398 97
398 286
398 397
398 453
398 483
398 485
398 489
399 65
399 80
399 177
399 202
399 355
399 389
399 397
399 435
399 474
400 98
400 176
400 225
400 300
400 401
400 420
401 196
401 228
401 265
401 400
401 494
402 75
402 214
402 238
402 276
402 285
402 359
402 406
402 407
402 442
403 21
403 198
403 213
403 273
403 292
403 321
403 324
403 366
403 392
404 272
404 284
404 309
404 436
404 440
404 446
405 70
405 72
405 165
405 208
405 296
405 367
405 393
405 410
405 426
406 30
406 38
406 60
406 73
406 123
406 337
406 390
406 402
406 411
406 412
406 458
407 75
407 175
407 214
407 220
407 238
407 276
407 285
407 322
407 359
407 402
407 442
407 459
407 466
408 1
408 23
408 149
408 153
408 252
408 283
408 319
408 391
408 411
408 418
409 62
409 107
409 116
409 233
409 270
409 340
409 424
409 432
409 464
409 470
410 38
410 55
410 218
410 358
410 405
411 30
411 38
411 60
411 73
411 337
411 390
411 406
411 408
411 412
411 458
412 60
412 73
412 123
412 337
412 390
412 406
412 411
412 414
413 13
413 45
413 76
413 129
413 139
413 199
413 224
413 371
413 445
413 451
414 47
414 53
414 289
414 412
414 460
415 87
415 161
415 260
415 323
415 338
416 110
416 295
416 362
416 379
416 418
416 422
416 433
416 469
417 133
417 346
417 463
417 487
418 23
418 126
418 153
418 391
418 408
418 416
419 26
419 36
419 100
419 101
419 155
419 157
419 181
419 188
419 342
419 350
419 354
419 357
419 384
419 420
419 439
419 461
419 468
419 484
419 491
419 498
420 176
420 300
420 308
420 381
420 400
420 419
421 35
421 131
421 144
421 187
421 194
421 345
421 364
421 422
421 450
422 9
422 110
422 264
422 295
422 362
422 379
422 416
422 421
422 433
422 469
423 104
423 223
423 237
423 290
423 307
423 327
423 394
423 396
423 438
423 488
424 270
424 409
424 464
424 470
424 490
425 28
425 135
425 163
425 189
425 256
425 266
425 318
425 325
425 447
425 462
426 72
426 165
426 168
426 208
426 296
426 367
426 393
426 405
427 11
427 35
427 102
427 128
427 131
427 144
427 194
427 345
427 347
427 364
427 450
428 34
428 37
428 103
428 195
428 361
428 472
429 13
429 45
429 76
429 129
429 139
429 199
429 224
429 371
429 431
429 445
430 136
430 141
430 146
430 169
430 200
430 441
431 5
431 40
431 97
431 286
431 429
431 453
431 483
431 485
431 489
432 15
432 91
432 107
432 118
432 233
432 269
432 270
432 340
432 409
432 434
432 455
432 464
432 465
432 490
433 9
433 110
433 264
433 295
433 377
433 379
433 416
433 422
433 454
433 469
434 42
434 111
434 137
434 150
434 172
434 191
434 219
434 291
434 333
434 432
435 65
435 80
435 385
435 399
435 440
435 474
436 67
436 272
436 284
436 309
436 404
437 12
437 64
437 85
437 142
437 268
438 2
438 104
438 180
438 239
438 290
438 307
438 311
438 394
438 396
438 423
438 443
439 74
439 157
439 181
439 342
439 357
439 384
439 419
439 468
439 481
439 491
439 498
440 25
440 43
440 67
440 106
440 130
440 205
440 284
440 309
440 370
440 404
440 435
441 136
441 141
441 200
441 430
441 442
442 75
442 220
442 402
442 407
442 441
442 466
443 2
443 83
443 104
443 237
443 290
443 307
443 311
443 327
443 394
443 396
443 438
444 161
444 246
444 254
444 260
444 323
444 338
445 45
445 139
445 413
445 429
445 451
446 25
446 43
446 67
446 77
446 106
446 130
446 178
446 205
446 272
446 284
446 404
446 447
447 28
447 266
447 425
447 446
447 452
447 475
447 476
448 132
448 152
448 313
448 395
448 454
449 28
449 160
449 189
449 256
449 314
449 318
449 325
449 374
449 451
449 475
449 496
450 35
450 144
450 187
450 194
450 301
450 345
450 347
450 364
450 421
450 427
451 13
451 76
451 129
451 139
451 224
451 413
451 445
451 449
452 28
452 125
452 163
452 297
452 314
452 325
452 383
452 447
452 453
452 462
452 476
453 5
453 7
453 40
453 97
453 174
453 210
453 267
453 286
453 326
453 397
453 398
453 431
453 452
453 471
453 482
453 483
454 14
454 44
454 122
454 132
454 152
454 182
454 240
454 313
454 376
454 395
454 433
454 448
455 432
455 464
455 470
455 490
456 148
456 209
456 316
456 377
456 457
457 29
457 346
457 456
457 473
457 487
458 60
458 73
458 123
458 337
458 390
458 406
458 411
459 57
459 175
459 248
459 322
459 407
460 48
460 120
460 353
460 414
461 419
461 462
461 481
461 484
461 491
461 498
462 125
462 135
462 189
462 256
462 297
462 314
462 425
462 452
462 461
462 475
463 88
463 89
463 133
463 257
463 262
463 291
463 293
463 328
463 344
463 417
463 473
463 487
464 15
464 62
464 118
464 233
464 269
464 270
464 340
464 409
464 424
464 432
464 455
464 465
464 466
465 15
465 432
465 464
465 490
466 57
466 175
466 214
466 220
466 238
466 276
466 285
466 322
466 407
466 442
466 464
467 31
467 59
467 64
467 268
467 471
468 26
468 74
468 157
468 181
468 342
468 350
468 357
468 384
468 419
468 439
468 481
468 484
468 486
468 491
468 498
469 110
469 362
469 416
469 422
469 433
470 15
470 62
470 107
470 116
470 118
470 233
470 269
470 270
470 332
470 340
470 409
470 424
470 455
470 490
471 40
471 97
471 453
471 467
471 483
471 485
471 489
472 34
472 37
472 41
472 103
472 159
472 195
472 304
472 341
472 361
472 428
473 89
473 257
473 293
473 328
473 346
473 457
473 463
473 476
473 487
474 80
474 177
474 202
474 211
474 253
474 355
474 385
474 389
474 399
474 435
475 28
475 125
475 160
475 163
475 189
475 256
475 266
475 314
475 325
475 383
475 447
475 449
475 462
475 496
476 28
476 125
476 135
476 189
476 256
476 266
476 297
476 314
476 325
476 374
476 383
476 447
476 452
476 473
477 52
477 56
477 66
477 363
477 479
478 58
478 84
478 230
478 263
478 480
479 50
479 105
479 138
479 166
479 193
479 477
479 495
479 497
480 105
480 166
480 193
480 478
480 495
480 497
481 157
481 181
481 357
481 384
481 439
481 461
481 468
481 483
481 484
481 498
482 40
482 97
482 453
482 483
482 485
483 5
483 7
483 40
483 97
483 174
483 267
483 286
483 326
483 397
483 398
483 431
483 453
483 471
483 481
483 482
483 485
483 489
484 26
484 100
484 101
484 155
484 157
484 181
484 188
484 350
484 354
484 357
484 419
484 461
484 468
484 481
484 485
484 486
485 5
485 7
485 40
485 174
485 210
485 267
485 286
485 326
485 397
485 398
485 431
485 471
485 482
485 483
485 484
485 489
486 157
486 357
486 468
486 484
486 487
486 491
486 498
487 29
487 88
487 133
487 241
487 249
487 257
487 262
487 293
487 328
487 344
487 346
487 417
487 457
487 463
487 473
487 486
488 2
488 83
488 104
488 180
488 223
488 237
488 239
488 290
488 307
488 310
488 311
488 327
488 387
488 394
488 396
488 423
488 489
489 5
489 7
489 210
489 286
489 397
489 398
489 431
489 471
489 483
489 485
489 488
490 1
490 15
490 62
490 91
490 107
490 116
490 118
490 233
490 269
490 270
490 332
490 340
490 355
490 424
490 432
490 455
490 465
490 470
491 26
491 36
491 74
491 100
491 101
491 155
491 157
491 181
491 188
491 342
491 350
491 354
491 357
491 419
491 439
491 461
491 468
491 486
491 493
492 50
492 113
492 138
492 151
492 166
492 193
492 238
492 373
492 497
493 105
493 193
493 491
493 495
493 497
494 109
494 196
494 228
494 265
494 343
494 401
495 20
495 27
495 50
495 86
495 105
495 113
495 127
495 138
495 151
495 166
495 193
495 227
495 229
495 279
495 373
495 479
495 480
495 493
495 496
495 499
496 297
496 383
496 449
496 475
496 495
497 20
497 27
497 49
497 50
497 86
497 113
497 127
497 138
497 151
497 166
497 193
497 227
497 229
497 279
497 373
497 380
497 479
497 480
497 492
497 493
497 499
498 26
498 36
498 74
498 100
498 101
498 155
498 157
498 181
498 188
498 342
498 350
498 354
498 357
498 384
498 419
498 439
498 461
498 468
498 481
498 486
498 499
499 50
499 113
499 138
499 166
499 193
499 495
499 497
499 498
500 171
500 231
500 255
500 317
500 386
