1 48
1 67
1 73
1 159
1 296
2 151
2 334
2 391
2 409
2 497
3 50
3 177
3 232
3 335
3 415
4 8
4 37
4 62
4 109
4 229
5 139
5 144
5 189
5 221
5 338
6 126
6 235
6 408
6 415
6 431
7 199
7 246
7 353
7 379
7 387
8 4
8 37
8 62
8 163
8 229
9 136
9 359
9 436
9 441
9 460
10 25
10 43
10 452
10 468
10 478
11 467
11 485
11 489
11 493
11 494
12 103
12 152
12 171
12 198
12 262
13 29
13 78
13 97
13 205
13 356
14 58
14 85
14 241
14 248
14 285
15 289
15 368
15 371
15 396
15 402
16 49
16 56
16 213
16 260
16 278
17 31
17 158
17 225
17 333
17 424
18 72
18 99
18 138
18 167
18 170
19 376
19 450
19 461
19 474
19 479
20 370
20 412
20 450
20 474
20 477
21 55
21 80
21 194
21 243
21 274
22 52
22 65
22 408
22 415
22 431
23 112
23 316
23 367
23 385
23 409
24 98
24 107
24 344
24 355
24 392
25 10
25 416
25 442
25 468
25 478
26 301
26 317
26 341
26 423
26 433
27 403
27 436
27 441
27 459
27 462
28 66
28 221
28 338
28 431
28 479
29 13
29 78
29 234
29 297
29 356
30 125
30 300
30 326
30 374
30 493
31 17
31 239
31 424
31 429
31 430
32 76
32 427
32 428
32 440
32 466
33 54
33 121
33 319
33 362
33 363
34 204
34 236
34 340
34 357
34 399
35 214
35 276
35 281
35 286
35 329
36 68
36 244
36 270
36 306
36 315
37 4
37 8
37 109
37 163
37 229
38 63
38 231
38 261
38 271
38 360
39 113
39 231
39 261
39 313
39 360
40 92
40 125
40 300
40 326
40 374
41 199
41 206
41 212
41 379
41 387
42 166
42 211
42 228
42 283
42 388
43 10
43 416
43 442
43 452
43 468
44 66
44 139
44 189
44 221
44 338
45 90
45 148
45 207
45 218
45 290
46 116
46 390
46 398
46 425
46 446
47 96
47 298
47 371
47 396
47 402
48 1
48 73
48 159
48 178
48 296
49 16
49 183
49 213
49 260
49 278
50 3
50 177
50 184
50 226
50 335
51 239
51 299
51 333
51 429
51 430
52 22
52 196
52 337
52 408
52 415
53 156
53 336
53 393
53 405
53 421
54 33
54 135
54 319
54 362
54 363
55 21
55 61
55 237
55 243
55 274
56 16
56 83
56 183
56 260
56 278
57 98
57 142
57 254
57 355
57 392
58 14
58 131
58 241
58 248
58 285
59 60
59 81
59 284
59 373
59 375
60 59
60 142
60 254
60 355
60 392
61 55
61 194
61 237
61 243
61 390
62 4
62 8
62 109
62 163
62 229
63 38
63 100
63 132
63 271
63 313
64 364
64 372
64 377
64 386
64 397
65 22
65 223
65 235
65 408
65 431
66 28
66 44
66 139
66 189
66 338
67 1
67 159
67 168
67 178
67 296
68 36
68 74
68 182
68 244
68 251
69 463
69 470
69 471
69 480
69 483
70 179
70 228
70 283
70 350
70 388
71 201
71 343
71 439
71 442
71 478
72 18
72 99
72 138
72 167
72 170
73 1
73 48
73 168
73 178
73 296
74 68
74 94
74 251
74 306
74 315
75 179
75 211
75 283
75 350
75 388
76 32
76 428
76 437
76 438
76 447
77 103
77 171
77 198
77 262
78 13
78 29
78 129
78 294
78 330
79 252
79 345
79 417
79 443
79 457
80 21
80 194
80 237
80 274
80 401
81 59
81 308
81 349
81 373
81 375
82 343
82 361
82 416
82 468
82 478
83 56
83 95
83 183
83 213
83 278
84 133
84 233
84 255
84 305
84 307
85 14
85 131
85 241
85 248
85 285
86 161
86 295
86 417
86 443
86 457
87 133
87 146
87 233
87 305
87 307
88 361
88 439
88 442
88 468
88 478
89 230
89 308
89 328
89 373
89 375
90 45
90 93
90 207
90 218
90 290
91 288
91 455
91 458
91 472
91 475
92 40
92 154
92 300
92 326
92 374
93 90
93 148
93 207
93 218
93 290
94 74
94 108
94 244
94 270
94 306
95 83
95 410
95 467
95 493
95 494
96 47
96 153
96 289
96 396
96 425
97 13
97 129
97 234
97 330
97 356
98 24
98 57
98 344
98 355
98 392
99 18
99 72
99 138
99 167
99 170
100 63
100 132
100 261
100 313
100 360
101 436
101 441
101 459
101 460
101 462
102 211
102 259
102 274
102 350
102 388
103 12
103 77
103 152
103 198
103 262
104 417
104 418
104 443
104 451
104 456
105 169
105 176
105 181
105 352
105 365
106 249
106 412
106 450
106 477
106 479
107 24
107 254
107 344
107 355
107 392
108 94
108 117
108 182
108 251
108 270
109 4
109 37
109 62
109 163
109 229
110 151
110 334
110 383
110 391
110 409
111 137
111 372
111 377
111 386
111 397
112 23
112 186
112 314
112 367
112 385
113 39
113 231
113 261
113 271
113 360
114 470
114 471
114 476
114 483
114 486
115 169
115 176
115 180
115 352
115 365
116 46
116 351
116 413
116 446
116 454
117 108
117 196
117 408
117 415
117 431
118 202
118 272
118 467
118 493
118 494
119 378
119 394
119 448
119 455
119 472
120 295
120 345
120 418
120 443
120 451
121 33
121 141
121 319
121 362
121 363
122 140
122 222
122 339
122 384
122 407
123 124
123 382
123 432
123 458
123 465
124 123
124 177
124 226
124 232
124 335
125 30
125 40
125 300
125 326
125 374
126 6
126 223
126 235
126 431
126 466
127 380
127 390
127 398
127 413
127 454
128 219
128 238
128 334
128 391
128 409
129 78
129 97
129 205
129 330
129 402
130 140
130 185
130 341
130 401
130 423
131 58
131 85
131 241
131 248
131 285
132 63
132 100
132 231
132 271
132 313
133 84
133 87
133 255
133 305
133 307
134 222
134 325
134 339
134 384
134 407
135 54
135 141
135 319
135 362
135 363
136 9
136 441
136 459
136 460
136 462
137 111
137 324
137 364
137 377
137 397
138 18
138 72
138 99
138 167
138 170
139 5
139 44
139 66
139 144
139 338
140 122
140 130
140 325
140 384
140 407
141 121
141 135
141 319
141 362
141 363
142 57
142 60
142 143
142 344
142 355
143 142
143 150
143 254
143 344
143 392
144 5
144 139
144 189
144 221
144 338
145 151
145 219
145 238
145 383
145 409
146 87
146 233
146 255
146 305
146 307
147 219
147 334
147 383
147 391
147 409
148 45
148 93
148 207
148 218
148 290
149 222
149 269
149 325
149 384
149 407
150 143
150 190
150 372
150 377
150 386
151 2
151 110
151 145
151 383
151 391
152 12
152 103
152 171
152 198
152 262
153 96
153 154
153 368
153 371
153 402
154 92
154 153
154 173
154 326
154 374
155 400
155 435
155 440
155 444
155 466
156 53
156 336
156 405
156 420
156 421
157 159
157 422
157 474
157 477
157 479
158 17
158 299
158 369
158 429
158 430
159 1
159 48
159 67
159 157
159 178
160 192
160 314
160 316
160 367
160 385
161 86
161 162
161 327
161 451
161 456
162 161
162 426
162 469
162 485
162 494
163 8
163 37
163 62
163 109
163 229
164 398
164 413
164 425
164 446
164 454
165 389
165 403
165 459
165 460
165 462
166 42
166 481
166 487
166 495
166 497
167 18
167 72
167 99
167 138
167 170
168 67
168 73
168 178
168 296
168 494
169 105
169 115
169 174
169 352
169 365
170 18
170 72
170 99
170 138
170 167
171 12
171 77
171 152
171 198
171 262
172 269
172 325
172 339
172 384
172 407
173 154
173 181
173 300
173 326
173 374
174 169
174 180
174 181
174 352
174 365
175 467
175 485
175 489
175 493
175 494
176 105
176 115
176 180
176 352
176 365
177 3
177 50
177 124
177 184
177 226
177 335
178 48
178 67
178 73
178 159
178 168
178 296
179 70
179 75
179 211
179 259
179 350
179 388
180 115
180 174
180 176
180 181
180 352
180 365
181 105
181 173
181 174
181 180
181 352
181 365
182 68
182 108
182 244
182 251
182 315
182 329
183 49
183 56
183 83
183 213
183 260
183 278
184 50
184 177
184 226
184 232
184 335
184 389
185 130
185 200
185 341
185 366
185 401
185 433
186 112
186 192
186 314
186 316
186 367
186 385
187 247
187 257
187 265
187 303
187 310
187 346
188 400
188 435
188 437
188 438
188 447
188 466
189 5
189 44
189 66
189 144
189 221
189 338
190 150
190 324
190 364
190 372
190 386
190 397
191 273
191 276
191 281
191 286
191 329
191 376
192 160
192 186
192 314
192 316
192 367
192 385
193 216
193 361
193 439
193 452
193 468
193 478
194 21
194 61
194 80
194 237
194 243
194 274
195 242
195 336
195 381
195 393
195 420
195 421
196 52
196 117
196 337
196 408
196 415
196 431
197 253
197 317
197 366
197 374
197 401
197 423
198 12
198 77
198 103
198 152
198 171
198 262
199 7
199 41
199 212
199 309
199 353
199 379
200 185
200 301
200 366
200 401
200 423
200 433
201 71
201 203
201 439
201 452
201 468
201 478
202 118
202 469
202 485
202 489
202 493
202 494
203 201
203 416
203 442
203 452
203 468
203 478
204 34
204 256
204 312
204 340
204 357
204 399
205 13
205 129
205 294
205 297
205 330
205 356
206 41
206 246
206 309
206 353
206 379
206 387
207 45
207 90
207 93
207 148
207 218
207 290
208 230
208 308
208 328
208 349
208 373
208 375
209 296
209 381
209 393
209 405
209 420
209 421
210 294
210 491
210 492
210 496
210 498
210 499
211 42
211 75
211 102
211 179
211 228
211 350
212 41
212 199
212 309
212 353
212 379
212 387
213 16
213 49
213 83
213 183
213 260
213 278
214 35
214 273
214 276
214 281
214 286
214 329
215 224
215 236
215 312
215 340
215 357
215 399
216 193
216 416
216 439
216 442
216 452
216 478
217 358
217 411
217 422
217 450
217 474
217 477
218 45
218 90
218 93
218 148
218 207
218 290
219 128
219 145
219 147
219 383
219 391
219 409
220 242
220 311
220 381
220 393
220 405
220 420
221 5
221 28
221 44
221 144
221 189
221 338
222 122
222 134
222 149
222 269
222 325
222 339
223 65
223 126
223 337
223 408
223 415
223 431
224 215
224 236
224 256
224 312
224 340
224 399
225 17
225 333
225 369
225 424
225 429
225 430
226 50
226 124
226 177
226 184
226 232
226 335
227 435
227 438
227 440
227 444
227 447
227 466
228 42
228 70
228 211
228 259
228 350
228 388
229 4
229 8
229 37
229 62
229 109
229 163
230 89
230 208
230 232
230 284
230 349
230 373
231 38
231 39
231 113
231 132
231 313
231 360
232 3
232 124
232 184
232 226
232 230
232 335
233 84
233 87
233 146
233 255
233 305
233 307
234 29
234 97
234 294
234 297
234 330
234 356
235 6
235 65
235 126
235 337
235 408
235 415
236 34
236 215
236 224
236 340
236 357
236 399
237 55
237 61
237 80
237 194
237 243
237 274
238 128
238 145
238 334
238 383
238 391
238 409
239 31
239 51
239 277
239 369
239 424
239 430
240 293
240 404
240 445
240 463
240 483
240 486
241 14
241 58
241 85
241 131
241 248
241 285
242 195
242 220
242 336
242 393
242 420
242 421
243 21
243 55
243 61
243 194
243 237
243 274
244 36
244 68
244 94
244 182
244 306
244 315
245 382
245 432
245 434
245 458
245 472
245 475
246 7
246 206
246 353
246 379
246 387
246 418
247 187
247 257
247 292
247 303
247 310
247 346
248 14
248 58
248 85
248 131
248 241
248 285
249 106
249 376
249 421
249 450
249 461
249 479
250 411
250 412
250 461
250 474
250 477
250 479
251 68
251 74
251 108
251 182
251 270
251 315
252 79
252 417
252 443
252 451
252 456
252 457
253 197
253 301
253 317
253 401
253 423
253 433
254 57
254 60
254 107
254 143
254 344
254 392
255 84
255 133
255 146
255 233
255 305
255 307
256 204
256 224
256 312
256 357
256 399
256 491
257 187
257 247
257 292
257 303
257 310
257 346
258 282
258 347
258 467
258 485
258 489
258 493
259 102
259 179
259 228
259 283
259 350
259 388
260 16
260 49
260 56
260 183
260 213
260 278
261 38
261 39
261 100
261 113
261 360
261 492
262 12
262 77
262 103
262 152
262 171
262 198
263 301
263 359
263 436
263 459
263 460
263 462
264 404
264 449
264 470
264 476
264 480
264 486
265 187
265 292
265 303
265 306
265 310
265 346
266 322
266 426
266 469
266 485
266 489
266 493
267 463
267 470
267 471
267 480
267 483
267 486
268 351
268 380
268 398
268 413
268 446
268 454
269 149
269 172
269 222
269 270
269 339
269 384
269 407
270 36
270 94
270 108
270 251
270 269
270 306
270 315
271 38
271 63
271 113
271 132
271 272
271 313
271 360
272 118
272 271
272 410
272 469
272 489
272 493
272 494
273 191
273 214
273 276
273 281
273 286
273 311
273 329
274 21
274 55
274 80
274 102
274 194
274 237
274 243
275 427
275 428
275 435
275 437
275 438
275 444
275 447
276 35
276 191
276 214
276 273
276 281
276 286
276 329
277 239
277 299
277 333
277 369
277 424
277 429
277 430
278 16
278 49
278 56
278 83
278 183
278 213
278 260
279 484
279 487
279 488
279 495
279 497
279 498
279 499
280 283
280 347
280 469
280 485
280 489
280 493
280 494
281 35
281 191
281 214
281 273
281 276
281 286
281 329
282 258
282 410
282 426
282 467
282 489
282 493
282 494
283 42
283 70
283 75
283 259
283 280
283 350
283 388
284 59
284 230
284 308
284 328
284 349
284 373
284 375
285 14
285 58
285 85
285 131
285 241
285 248
285 290
286 35
286 191
286 214
286 273
286 276
286 281
286 329
287 358
287 411
287 450
287 461
287 474
287 477
287 479
288 91
288 434
288 448
288 455
288 465
288 472
288 475
289 15
289 96
289 291
289 368
289 371
289 396
289 402
290 45
290 90
290 93
290 148
290 207
290 218
290 285
291 289
291 292
291 298
291 368
291 371
291 396
291 402
292 247
292 257
292 265
292 291
292 303
292 310
292 346
293 240
293 445
293 471
293 476
293 480
293 483
293 486
294 78
294 205
294 210
294 234
294 297
294 330
294 356
295 86
295 120
295 417
295 418
295 451
295 456
295 457
296 1
296 48
296 67
296 73
296 168
296 178
296 209
297 29
297 205
297 234
297 294
297 298
297 330
297 356
298 47
298 291
298 297
298 368
298 371
298 396
298 402
299 51
299 158
299 277
299 333
299 424
299 429
299 430
300 30
300 40
300 92
300 125
300 173
300 326
300 374
301 26
301 200
301 253
301 263
301 317
301 423
301 433
302 395
302 470
302 471
302 476
302 480
302 483
302 486
303 187
303 247
303 257
303 265
303 292
303 310
303 346
304 378
304 448
304 455
304 458
304 465
304 472
304 475
305 84
305 87
305 133
305 146
305 233
305 255
305 307
306 36
306 74
306 94
306 244
306 265
306 270
306 315
307 84
307 87
307 133
307 146
307 233
307 255
307 305
308 81
308 89
308 208
308 284
308 328
308 349
308 375
309 199
309 206
309 212
309 353
309 379
309 387
309 496
310 187
310 247
310 257
310 265
310 292
310 303
310 346
311 220
311 273
311 336
311 381
311 393
311 405
311 420
312 204
312 215
312 224
312 256
312 340
312 357
312 399
313 39
313 63
313 100
313 132
313 231
313 271
313 360
314 112
314 160
314 186
314 192
314 316
314 367
314 385
315 36
315 74
315 182
315 244
315 251
315 270
315 306
316 23
316 160
316 186
316 192
316 314
316 367
316 385
317 26
317 197
317 253
317 301
317 366
317 423
317 433
318 327
318 345
318 417
318 418
318 451
318 456
318 457
319 33
319 54
319 121
319 135
319 141
319 362
319 363
320 380
320 390
320 398
320 413
320 425
320 446
320 454
321 426
321 467
321 469
321 485
321 489
321 493
321 494
322 266
322 347
322 469
322 485
322 489
322 493
322 494
323 324
323 403
323 436
323 441
323 459
323 460
323 462
324 137
324 190
324 323
324 364
324 372
324 377
324 386
324 397
325 134
325 140
325 149
325 172
325 222
325 339
325 384
325 407
326 30
326 40
326 92
326 125
326 154
326 173
326 300
326 374
327 161
327 318
327 417
327 418
327 443
327 451
327 456
327 457
328 89
328 208
328 284
328 308
328 349
328 373
328 375
328 468
329 35
329 182
329 191
329 214
329 273
329 276
329 281
329 286
330 78
330 97
330 129
330 205
330 234
330 294
330 297
330 356
331 482
331 487
331 491
331 492
331 495
331 496
331 497
331 500
332 378
332 432
332 434
332 448
332 455
332 458
332 472
332 475
333 17
333 51
333 225
333 277
333 299
333 424
333 429
333 430
334 2
334 110
334 128
334 147
334 238
334 383
334 391
334 409
335 3
335 50
335 124
335 177
335 184
335 226
335 232
335 337
336 53
336 156
336 195
336 242
336 311
336 405
336 420
336 421
337 52
337 196
337 223
337 235
337 335
337 408
337 415
337 431
338 5
338 28
338 44
338 66
338 139
338 144
338 189
338 221
339 122
339 134
339 172
339 222
339 269
339 325
339 384
339 407
340 34
340 204
340 215
340 224
340 236
340 312
340 357
340 399
341 26
341 130
341 185
341 343
341 366
341 401
341 423
341 433
342 395
342 445
342 449
342 471
342 476
342 480
342 483
342 486
343 71
343 82
343 341
343 439
343 442
343 452
343 468
343 478
344 24
344 98
344 107
344 142
344 143
344 254
344 355
344 392
345 79
345 120
345 318
345 418
345 443
345 451
345 456
345 457
346 187
346 247
346 257
346 265
346 292
346 303
346 310
346 347
347 258
347 280
347 322
347 346
347 467
347 485
347 489
347 494
348 400
348 427
348 428
348 437
348 438
348 440
348 444
348 466
349 81
349 208
349 230
349 284
349 308
349 328
349 373
349 375
350 70
350 75
350 102
350 179
350 211
350 228
350 259
350 283
351 116
351 268
351 380
351 390
351 398
351 425
351 446
351 454
352 105
352 115
352 169
352 174
352 176
352 180
352 181
352 365
353 7
353 199
353 206
353 212
353 246
353 309
353 379
353 387
354 488
354 490
354 491
354 495
354 496
354 498
354 499
354 500
355 24
355 57
355 60
355 98
355 107
355 142
355 344
355 392
356 13
356 29
356 97
356 205
356 234
356 294
356 297
356 330
357 34
357 204
357 215
357 236
357 256
357 312
357 340
357 399
358 217
358 287
358 362
358 412
358 461
358 474
358 477
358 479
359 9
359 263
359 389
359 436
359 441
359 459
359 460
359 462
360 38
360 39
360 100
360 113
360 231
360 261
360 271
360 313
361 82
361 88
361 193
361 416
361 439
361 452
361 468
361 478
362 33
362 54
362 121
362 135
362 141
362 319
362 358
362 363
363 33
363 54
363 121
363 135
363 141
363 319
363 362
363 369
364 64
364 137
364 190
364 324
364 372
364 377
364 386
364 397
365 105
365 115
365 169
365 174
365 176
365 180
365 181
365 352
366 185
366 197
366 200
366 317
366 341
366 401
366 423
366 433
367 23
367 112
367 160
367 186
367 192
367 314
367 316
367 385
368 15
368 153
368 289
368 291
368 298
368 371
368 396
368 402
369 158
369 225
369 239
369 277
369 363
369 424
369 429
369 430
370 20
370 376
370 411
370 422
370 450
370 461
370 474
370 477
370 479
371 15
371 47
371 153
371 289
371 291
371 298
371 368
371 396
371 402
372 64
372 111
372 150
372 190
372 324
372 364
372 377
372 386
372 397
373 59
373 81
373 89
373 208
373 230
373 284
373 328
373 349
373 375
374 30
374 40
374 92
374 125
374 154
374 173
374 197
374 300
374 326
375 59
375 81
375 89
375 208
375 284
375 308
375 328
375 349
375 373
376 19
376 191
376 249
376 370
376 412
376 461
376 474
376 477
376 479
377 64
377 111
377 137
377 150
377 324
377 364
377 372
377 386
377 397
378 119
378 304
378 332
378 394
378 432
378 458
378 465
378 472
378 475
379 7
379 41
379 199
379 206
379 212
379 246
379 309
379 353
379 387
380 127
380 268
380 320
380 351
380 398
380 413
380 425
380 446
380 454
381 195
381 209
381 220
381 311
381 393
381 405
381 420
381 421
381 454
382 123
382 245
382 394
382 434
382 455
382 458
382 465
382 472
382 475
383 110
383 145
383 147
383 151
383 219
383 238
383 334
383 391
383 409
384 122
384 134
384 140
384 149
384 172
384 269
384 325
384 339
384 407
385 23
385 112
385 160
385 186
385 192
385 314
385 316
385 367
385 498
386 64
386 111
386 150
386 190
386 324
386 364
386 372
386 377
386 397
387 7
387 41
387 206
387 212
387 246
387 309
387 353
387 379
387 388
388 42
388 70
388 75
388 102
388 179
388 228
388 259
388 283
388 387
389 165
389 184
389 359
389 403
389 436
389 441
389 459
389 460
389 462
390 46
390 61
390 127
390 320
390 351
390 413
390 425
390 446
390 454
391 2
391 110
391 128
391 147
391 151
391 219
391 238
391 334
391 383
392 24
392 57
392 60
392 98
392 107
392 143
392 254
392 344
392 355
393 53
393 195
393 209
393 220
393 242
393 311
393 381
393 420
393 421
394 119
394 378
394 382
394 434
394 448
394 458
394 465
394 472
394 475
395 302
395 342
395 445
395 449
395 463
395 476
395 480
395 483
395 486
396 15
396 47
396 96
396 289
396 291
396 298
396 368
396 371
396 402
397 64
397 111
397 137
397 190
397 324
397 364
397 372
397 377
397 386
397 399
398 46
398 127
398 164
398 268
398 320
398 351
398 380
398 425
398 446
398 454
399 34
399 204
399 215
399 224
399 236
399 256
399 312
399 340
399 357
399 397
400 155
400 188
400 348
400 427
400 435
400 437
400 438
400 440
400 447
400 466
401 80
401 130
401 185
401 197
401 200
401 253
401 341
401 366
401 423
401 433
402 15
402 47
402 129
402 153
402 289
402 291
402 298
402 368
402 371
402 396
403 27
403 165
403 323
403 389
403 405
403 436
403 441
403 459
403 460
403 462
404 240
404 264
404 406
404 445
404 463
404 470
404 471
404 476
404 480
404 486
405 53
405 156
405 209
405 220
405 311
405 336
405 381
405 403
405 420
405 421
406 404
406 449
406 463
406 470
406 471
406 476
406 480
406 481
406 483
406 486
407 122
407 134
407 140
407 149
407 172
407 269
407 325
407 339
407 384
407 483
408 6
408 22
408 52
408 65
408 117
408 196
408 223
408 235
408 337
408 415
409 2
409 23
409 110
409 128
409 145
409 147
409 219
409 238
409 334
409 383
410 95
410 272
410 282
410 426
410 467
410 469
410 485
410 489
410 493
410 494
411 217
411 250
411 287
411 370
411 422
411 450
411 461
411 474
411 477
411 479
412 20
412 106
412 250
412 358
412 376
412 422
412 450
412 461
412 474
412 477
413 116
413 127
413 164
413 268
413 320
413 380
413 390
413 425
413 446
413 454
414 473
414 484
414 488
414 490
414 492
414 495
414 496
414 497
414 498
414 500
415 3
415 6
415 22
415 52
415 117
415 196
415 223
415 235
415 337
415 408
415 431
416 25
416 43
416 82
416 203
416 216
416 361
416 439
416 442
416 452
416 468
416 478
417 79
417 86
417 104
417 252
417 295
417 318
417 327
417 443
417 451
417 456
417 457
418 104
418 120
418 246
418 295
418 318
418 327
418 345
418 443
418 451
418 456
418 457
419 473
419 481
419 482
419 487
419 490
419 491
419 492
419 495
419 497
419 499
419 500
420 156
420 195
420 209
420 220
420 242
420 311
420 336
420 381
420 393
420 405
420 421
421 53
421 156
421 195
421 209
421 242
421 249
421 336
421 381
421 393
421 405
421 420
422 157
422 217
422 370
422 411
422 412
422 424
422 450
422 461
422 474
422 477
422 479
423 26
423 130
423 197
423 200
423 253
423 301
423 317
423 341
423 366
423 401
423 433
424 17
424 31
424 225
424 239
424 277
424 299
424 333
424 369
424 422
424 429
424 430
425 46
425 96
425 164
425 320
425 351
425 380
425 390
425 398
425 413
425 446
425 454
426 162
426 266
426 282
426 321
426 410
426 467
426 469
426 485
426 489
426 493
426 494
427 32
427 275
427 348
427 400
427 437
427 438
427 440
427 444
427 447
427 453
427 466
428 32
428 76
428 275
428 348
428 435
428 437
428 438
428 440
428 444
428 447
428 466
429 31
429 51
429 158
429 225
429 277
429 299
429 333
429 369
429 424
429 430
429 499
430 31
430 51
430 158
430 225
430 239
430 277
430 299
430 333
430 369
430 424
430 429
431 6
431 22
431 28
431 65
431 117
431 126
431 196
431 223
431 337
431 415
431 444
432 123
432 245
432 332
432 378
432 434
432 448
432 455
432 458
432 465
432 472
432 475
433 26
433 185
433 200
433 253
433 301
433 317
433 341
433 366
433 401
433 423
433 500
434 245
434 288
434 332
434 382
434 394
434 432
434 448
434 455
434 458
434 465
434 472
434 475
435 155
435 188
435 227
435 275
435 400
435 428
435 437
435 438
435 440
435 444
435 447
435 466
436 9
436 27
436 101
436 263
436 323
436 359
436 389
436 403
436 441
436 459
436 460
436 462
437 76
437 188
437 275
437 348
437 400
437 427
437 428
437 435
437 440
437 444
437 447
437 466
438 76
438 188
438 227
438 275
438 348
438 400
438 427
438 428
438 435
438 444
438 447
438 466
439 71
439 88
439 193
439 201
439 216
439 343
439 361
439 416
439 442
439 443
439 452
439 478
440 32
440 155
440 227
440 348
440 400
440 427
440 428
440 435
440 437
440 444
440 447
440 466
441 9
441 27
441 101
441 136
441 323
441 359
441 389
441 403
441 436
441 459
441 460
441 462
442 25
442 43
442 71
442 88
442 203
442 216
442 343
442 416
442 439
442 452
442 468
442 478
443 79
443 86
443 104
443 120
443 252
443 327
443 345
443 417
443 418
443 439
443 456
443 457
444 155
444 227
444 275
444 348
444 427
444 428
444 431
444 435
444 437
444 438
444 440
444 466
445 240
445 293
445 342
445 395
445 404
445 463
445 470
445 471
445 476
445 480
445 483
445 486
446 46
446 116
446 164
446 268
446 320
446 351
446 380
446 390
446 398
446 413
446 425
446 454
447 76
447 188
447 227
447 275
447 400
447 427
447 428
447 435
447 437
447 438
447 440
447 466
448 119
448 288
448 304
448 332
448 394
448 432
448 434
448 455
448 458
448 465
448 472
448 475
449 264
449 342
449 395
449 406
449 463
449 470
449 471
449 476
449 479
449 480
449 483
449 486
450 19
450 20
450 106
450 217
450 249
450 287
450 370
450 411
450 412
450 422
450 451
450 479
451 104
451 120
451 161
451 252
451 295
451 318
451 327
451 345
451 417
451 418
451 450
451 456
451 457
452 10
452 43
452 193
452 201
452 203
452 216
452 343
452 361
452 416
452 439
452 442
452 468
452 478
453 427
453 473
453 482
453 488
453 490
453 491
453 492
453 495
453 496
453 497
453 498
453 499
453 500
454 116
454 127
454 164
454 268
454 320
454 351
454 380
454 381
454 390
454 398
454 413
454 425
454 446
455 91
455 119
455 288
455 304
455 332
455 382
455 432
455 434
455 448
455 456
455 465
455 472
455 475
456 104
456 161
456 252
456 295
456 318
456 327
456 345
456 417
456 418
456 443
456 451
456 455
456 457
457 79
457 86
457 252
457 295
457 318
457 327
457 345
457 417
457 418
457 443
457 451
457 456
457 459
458 91
458 123
458 245
458 304
458 332
458 378
458 382
458 394
458 432
458 434
458 448
458 465
458 472
458 475
459 27
459 101
459 136
459 165
459 263
459 323
459 359
459 389
459 403
459 436
459 441
459 457
459 460
459 462
460 9
460 101
460 136
460 165
460 263
460 323
460 359
460 389
460 403
460 436
460 441
460 459
460 461
460 462
461 19
461 249
461 250
461 287
461 358
461 370
461 376
461 411
461 412
461 422
461 460
461 474
461 477
461 479
462 27
462 101
462 136
462 165
462 263
462 323
462 359
462 389
462 403
462 436
462 441
462 459
462 460
462 465
463 69
463 240
463 267
463 395
463 404
463 406
463 445
463 449
463 470
463 471
463 476
463 480
463 483
463 486
464 481
464 482
464 484
464 487
464 488
464 490
464 491
464 492
464 495
464 496
464 497
464 498
464 499
464 500
465 123
465 288
465 304
465 378
465 382
465 394
465 432
465 434
465 448
465 455
465 458
465 462
465 472
465 475
466 32
466 126
466 155
466 188
466 227
466 348
466 400
466 427
466 428
466 435
466 437
466 438
466 440
466 444
466 447
467 11
467 95
467 118
467 175
467 258
467 282
467 321
467 347
467 410
467 426
467 469
467 485
467 489
467 493
467 494
468 10
468 25
468 43
468 82
468 88
468 193
468 201
468 203
468 328
468 343
468 361
468 416
468 442
468 452
468 478
469 162
469 202
469 266
469 272
469 280
469 321
469 322
469 410
469 426
469 467
469 474
469 485
469 489
469 493
469 494
470 69
470 114
470 264
470 267
470 302
470 404
470 406
470 445
470 449
470 463
470 471
470 476
470 480
470 483
470 486
471 69
471 114
471 267
471 293
471 302
471 342
471 404
471 406
471 445
471 449
471 463
471 470
471 476
471 480
471 483
471 486
472 91
472 119
472 245
472 288
472 304
472 332
472 378
472 382
472 394
472 432
472 434
472 448
472 455
472 458
472 465
472 475
473 414
473 419
473 453
473 481
473 482
473 484
473 487
473 488
473 490
473 492
473 495
473 496
473 497
473 498
473 499
473 500
474 19
474 20
474 157
474 217
474 250
474 287
474 358
474 370
474 376
474 411
474 412
474 422
474 461
474 469
474 477
474 479
475 91
475 245
475 288
475 304
475 332
475 378
475 382
475 394
475 432
475 434
475 448
475 455
475 458
475 465
475 472
475 477
476 114
476 264
476 293
476 302
476 342
476 395
476 404
476 406
476 445
476 449
476 463
476 470
476 471
476 480
476 483
476 486
477 20
477 106
477 157
477 217
477 250
477 287
477 358
477 370
477 376
477 411
477 412
477 422
477 461
477 474
477 475
477 479
478 10
478 25
478 71
478 82
478 88
478 193
478 201
478 203
478 216
478 343
478 361
478 416
478 439
478 442
478 452
478 468
479 19
479 28
479 106
479 157
479 249
479 250
479 287
479 358
479 370
479 376
479 411
479 422
479 449
479 450
479 461
479 474
479 477
480 69
480 264
480 267
480 293
480 302
480 342
480 395
480 404
480 406
480 445
480 449
480 463
480 470
480 471
480 476
480 483
480 486
481 166
481 406
481 419
481 464
481 473
481 482
481 484
481 487
481 488
481 490
481 491
481 492
481 495
481 496
481 497
481 498
481 499
481 500
482 331
482 419
482 453
482 464
482 473
482 481
482 484
482 487
482 488
482 490
482 491
482 492
482 495
482 496
482 497
482 498
482 499
482 500
483 69
483 114
483 240
483 267
483 293
483 302
483 342
483 395
483 406
483 407
483 445
483 449
483 463
483 470
483 471
483 476
483 480
483 486
484 279
484 414
484 464
484 473
484 481
484 482
484 485
484 487
484 488
484 490
484 491
484 492
484 495
484 496
484 497
484 498
484 499
484 500
485 11
485 162
485 175
485 202
485 258
485 266
485 280
485 321
485 322
485 347
485 410
485 426
485 467
485 469
485 484
485 489
485 493
485 494
486 114
486 240
486 264
486 267
486 293
486 302
486 342
486 395
486 404
486 406
486 445
486 449
486 463
486 470
486 471
486 476
486 480
486 483
486 489
487 166
487 279
487 331
487 419
487 464
487 473
487 481
487 482
487 484
487 488
487 490
487 491
487 492
487 495
487 496
487 497
487 498
487 499
487 500
488 279
488 354
488 414
488 453
488 464
488 473
488 481
488 482
488 484
488 487
488 490
488 491
488 492
488 495
488 496
488 497
488 498
488 499
488 500
489 11
489 175
489 202
489 258
489 266
489 272
489 280
489 282
489 321
489 322
489 347
489 410
489 426
489 467
489 469
489 485
489 486
489 493
489 494
490 354
490 414
490 419
490 453
490 464
490 473
490 481
490 482
490 484
490 487
490 488
490 491
490 492
490 495
490 496
490 497
490 498
490 499
490 500
491 210
491 256
491 331
491 354
491 419
491 453
491 464
491 481
491 482
491 484
491 487
491 488
491 490
491 492
491 495
491 496
491 497
491 498
491 499
491 500
492 210
492 261
492 331
492 414
492 419
492 453
492 464
492 473
492 481
492 482
492 484
492 487
492 488
492 490
492 491
492 496
492 497
492 498
492 499
492 500
493 11
493 30
493 95
493 118
493 175
493 202
493 258
493 266
493 272
493 280
493 282
493 321
493 322
493 410
493 426
493 467
493 469
493 485
493 489
493 494
494 11
494 95
494 118
494 162
494 168
494 175
494 202
494 272
494 280
494 282
494 321
494 322
494 347
494 410
494 426
494 467
494 469
494 485
494 489
494 493
495 166
495 279
495 331
495 354
495 414
495 419
495 453
495 464
495 473
495 481
495 482
495 484
495 487
495 488
495 490
495 491
495 496
495 497
495 498
495 499
495 500
496 210
496 309
496 331
496 354
496 414
496 453
496 464
496 473
496 481
496 482
496 484
496 487
496 488
496 490
496 491
496 492
496 495
496 497
496 498
496 499
496 500
497 2
497 166
497 279
497 331
497 414
497 419
497 453
497 464
497 473
497 481
497 482
497 484
497 487
497 488
497 490
497 491
497 492
497 495
497 496
497 498
497 499
497 500
498 210
498 279
498 354
498 385
498 414
498 453
498 464
498 473
498 481
498 482
498 484
498 487
498 488
498 490
498 491
498 492
498 495
498 496
498 497
498 499
498 500
499 210
499 279
499 354
499 419
499 429
499 453
499 464
499 473
499 481
499 482
499 484
499 487
499 488
499 490
499 491
499 492
499 495
499 496
499 497
499 498
499 500
500 331
500 354
500 414
500 419
500 433
500 453
500 464
500 473
500 481
500 482
500 484
500 487
500 488
500 490
500 491
500 492
500 495
500 496
500 497
500 498
500 499
