1 38
2 37
3 35
4 3
5 36
6 9
7 10
8 38
9 3
10 5
11 13
12 3
13 41
14 39
15 27
16 22
17 30
18 24
19 14
20 12
21 29
22 24
23 22
24 3
25 27
26 38
27 6
28 38
29 3
30 14
31 18
32 31
33 34
34 1
35 7
36 36
37 27
38 24
39 9
40 5
41 15
42 4
43 33
44 35
45 14
46 34
47 13
48 34
49 41
50 1
51 25
52 15
53 31
54 18
55 40
56 37
57 18
58 31
59 27
60 7
61 2
62 16
63 19
64 40
65 30
66 6
67 4
68 40
69 7
70 33
71 8
72 28
73 10
74 4
75 22
76 20
77 8
78 1
79 26
80 7
81 9
82 12
83 10
84 15
85 5
86 18
87 23
88 39
89 36
90 16
91 16
92 29
93 19
94 35
95 34
96 12
97 35
98 41
99 13
100 27
101 41
102 32
103 10
104 11
105 41
106 3
107 31
108 5
109 4
110 10
111 4
112 35
113 14
114 18
115 33
116 26
117 35
118 8
119 16
120 6
121 18
122 25
123 39
124 20
125 33
126 10
127 10
128 13
129 35
130 4
131 3
132 18
133 25
134 10
135 39
136 3
137 6
138 38
139 39
140 15
141 16
142 16
143 25
144 18
145 10
146 41
147 31
148 3
149 33
150 33
151 31
152 13
153 33
154 31
155 38
156 2
157 6
158 39
159 33
160 12
161 8
162 32
163 6
164 10
165 4
166 9
167 39
168 23
169 38
170 13
171 35
172 16
173 6
174 1
175 9
176 7
177 15
178 39
179 12
180 11
181 35
182 38
183 28
184 22
185 36
186 4
187 16
188 7
189 4
190 5
191 14
192 21
193 40
194 36
195 23
196 23
197 1
198 23
199 16
200 19
201 20
202 26
203 18
204 6
205 30
206 19
207 22
208 22
209 8
210 17
211 9
212 10
213 33
214 16
215 21
216 41
217 14
218 38
219 25
220 32
221 35
222 24
223 29
224 8
225 4
226 38
227 35
228 24
229 38
230 27
231 4
232 34
233 1
234 17
235 7
236 33
237 27
238 10
239 16
240 14
241 31
242 3
243 40
244 40
245 36
246 25
247 8
248 8
249 10
250 2
251 6
252 28
253 32
254 5
255 7
256 3
257 35
258 41
259 4
260 25
261 22
262 3
263 18
264 32
265 11
266 14
267 2
268 20
269 29
270 10
271 22
272 21
273 15
274 40
275 38
276 28
277 18
278 10
279 21
280 30
281 4
282 33
283 10
284 11
285 14
286 40
287 33
288 17
289 24
290 17
291 28
292 3
293 28
294 20
295 6
296 39
297 19
298 8
299 30
300 32
301 8
302 6
303 25
304 35
305 22
306 26
307 35
308 23
309 25
310 33
311 6
312 2
313 16
314 33
315 22
316 30
317 3
318 2
319 20
320 1
321 34
322 4
323 6
324 27
325 9
326 37
327 39
328 10
329 31
330 13
331 41
332 20
333 2
334 26
335 2
336 39
337 37
338 17
339 35
340 40
341 11
342 11
343 2
344 25
345 8
346 25
347 10
348 18
349 40
350 20
351 39
352 11
353 31
354 26
355 15
356 29
357 35
358 15
359 4
360 20
361 27
362 11
363 1
364 21
365 38
366 7
367 14
368 33
369 2
370 39
371 27
372 2
373 7
374 24
375 39
376 24
377 39
378 24
379 14
380 6
381 14
382 27
383 22
384 40
385 1
386 6
387 40
388 37
389 4
390 34
391 7
392 3
393 30
394 40
395 27
396 22
397 14
398 6
399 15
400 27
401 23
402 19
403 7
404 7
405 13
406 6
407 40
408 36
409 41
410 35
411 4
412 20
413 35
414 40
415 14
416 39
417 40
418 2
419 2
420 27
421 41
422 20
423 27
424 11
425 20
426 10
427 22
428 17
429 35
430 24
431 7
432 4
433 34
434 28
435 10
436 34
437 35
438 34
439 3
440 25
441 19
442 15
443 16
444 38
445 32
446 28
447 15
448 17
449 8
450 18
451 24
452 35
453 40
454 17
455 34
456 24
457 33
458 16
459 13
460 39
461 24
462 16
463 27
464 2
465 6
466 10
467 2
468 24
469 1
470 39
471 10
472 39
473 30
474 8
475 17
476 27
477 33
478 2
479 14
480 24
481 22
482 36
483 6
484 27
485 16
486 4
487 3
488 4
489 20
490 1
491 33
492 35
493 17
494 18
495 24
496 35
497 1
498 41
499 16
500 39
