1 4
2 31
3 15
4 17
5 50
6 50
7 40
8 28
9 42
10 28
11 18
12 10
13 9
14 15
15 48
16 1
17 12
18 22
19 27
20 18
21 38
22 35
23 14
24 26
25 15
26 12
27 23
28 23
29 45
30 24
31 46
32 38
33 16
34 30
35 31
36 48
37 19
38 41
39 8
40 18
41 2
42 37
43 4
44 34
45 15
46 22
47 14
48 10
49 16
50 14
51 13
52 47
53 39
54 15
55 12
56 18
57 45
58 12
59 9
60 1
61 44
62 34
63 27
64 40
65 36
66 33
67 44
68 9
69 34
70 40
71 9
72 3
73 7
74 14
75 46
76 11
77 3
78 34
79 32
80 11
81 49
82 35
83 51
84 25
85 46
86 28
87 20
88 28
89 33
90 20
91 26
92 34
93 19
94 29
95 31
96 35
97 50
98 51
99 44
100 31
101 30
102 17
103 15
104 23
105 37
106 34
107 5
108 34
109 33
110 1
111 23
112 21
113 9
114 21
115 46
116 30
117 24
118 1
119 52
120 20
121 50
122 40
123 40
124 6
125 9
126 46
127 1
128 34
129 4
130 50
131 52
132 21
133 31
134 15
135 46
136 31
137 14
138 20
139 2
140 35
141 31
142 2
143 43
144 41
145 6
146 33
147 48
148 20
149 46
150 43
151 14
152 22
153 27
154 5
155 25
156 15
157 14
158 47
159 47
160 23
161 24
162 15
163 39
164 18
165 21
166 16
167 46
168 51
169 18
170 39
171 42
172 7
173 43
174 52
175 52
176 36
177 1
178 8
179 21
180 51
181 34
182 27
183 51
184 3
185 14
186 44
187 25
188 13
189 35
190 41
191 28
192 28
193 41
194 22
195 10
196 18
197 42
198 49
199 1
200 38
201 14
202 14
203 43
204 38
205 30
206 21
207 20
208 18
209 31
210 34
211 52
212 16
213 16
214 21
215 31
216 13
217 13
218 19
219 7
220 41
221 20
222 7
223 31
224 27
225 29
226 48
227 48
228 42
229 19
230 45
231 49
232 8
233 4
234 28
235 8
236 37
237 31
238 45
239 32
240 28
241 20
242 21
243 2
244 32
245 39
246 7
247 1
248 21
249 16
250 33
251 19
252 9
253 26
254 2
255 50
256 28
257 34
258 37
259 24
260 12
261 20
262 34
263 3
264 32
265 37
266 16
267 33
268 41
269 26
270 18
271 25
272 49
273 22
274 5
275 14
276 52
277 33
278 13
279 13
280 1
281 19
282 31
283 34
284 15
285 1
286 2
287 34
288 1
289 43
290 6
291 22
292 18
293 47
294 41
295 7
296 50
297 33
298 11
299 13
300 45
301 49
302 37
303 16
304 15
305 23
306 47
307 6
308 6
309 10
310 10
311 36
312 15
313 21
314 46
315 7
316 45
317 42
318 26
319 48
320 18
321 16
322 19
323 10
324 7
325 7
326 12
327 1
328 34
329 18
330 46
331 47
332 16
333 31
334 15
335 35
336 9
337 25
338 24
339 17
340 9
341 16
342 41
343 34
344 11
345 25
346 21
347 14
348 16
349 25
350 44
351 45
352 31
353 3
354 22
355 29
356 3
357 21
358 23
359 5
360 29
361 47
362 44
363 15
364 10
365 18
366 50
367 7
368 10
369 46
370 38
371 23
372 9
373 43
374 37
375 26
376 43
377 50
378 15
379 24
380 34
381 21
382 18
383 52
384 28
385 15
386 16
387 25
388 23
389 34
390 15
391 46
392 26
393 37
394 48
395 23
396 48
397 44
398 32
399 36
400 14
401 28
402 34
403 15
404 41
405 23
406 16
407 25
408 34
409 30
410 36
411 17
412 20
413 18
414 14
415 20
416 51
417 42
418 51
419 18
420 15
421 17
422 26
423 46
424 33
425 11
426 20
427 41
428 47
429 31
430 43
431 45
432 1
433 29
434 15
435 20
436 46
437 14
438 51
439 21
440 10
441 35
442 52
443 4
444 16
445 47
446 1
447 52
448 26
449 12
450 31
451 46
452 39
453 5
454 46
455 37
456 30
457 46
458 46
459 21
460 10
461 15
462 31
463 43
464 31
465 47
466 17
467 23
468 42
469 21
470 15
471 8
472 7
473 21
474 16
475 28
476 9
477 20
478 28
479 16
480 23
481 7
482 20
483 16
484 31
485 23
486 23
487 31
488 14
489 36
490 14
491 18
492 31
493 23
494 46
495 14
496 28
497 34
498 22
499 15
500 14
