1 4
2 36
3 37
4 6
5 6
6 30
7 53
8 50
9 14
10 25
11 48
12 32
13 8
14 6
15 1
16 9
17 9
18 11
19 3
20 5
21 16
22 13
23 40
24 20
25 39
26 53
27 20
28 7
29 23
30 12
31 53
32 20
33 32
34 23
35 52
36 40
37 32
38 15
39 23
40 43
41 1
42 49
43 2
44 24
45 48
46 29
47 52
48 8
49 6
50 20
51 26
52 46
53 2
54 14
55 35
56 15
57 18
58 15
59 47
60 44
61 39
62 5
63 47
64 42
65 6
66 6
67 6
68 18
69 36
70 37
71 36
72 48
73 18
74 13
75 41
76 36
77 48
78 23
79 8
80 46
81 10
82 52
83 6
84 6
85 51
86 40
87 9
88 35
89 9
90 48
91 55
92 53
93 38
94 17
95 34
96 7
97 14
98 34
99 12
100 9
101 31
102 12
103 54
104 37
105 11
106 32
107 31
108 22
109 5
110 46
111 7
112 52
113 32
114 55
115 49
116 9
117 51
118 13
119 7
120 33
121 11
122 53
123 53
124 54
125 23
126 52
127 3
128 32
129 54
130 46
131 2
132 2
133 10
134 53
135 38
136 12
137 35
138 5
139 27
140 21
141 32
142 25
143 49
144 45
145 52
146 14
147 48
148 9
149 5
150 23
151 2
152 53
153 23
154 50
155 12
156 35
157 26
158 47
159 49
160 42
161 27
162 49
163 4
164 32
165 23
166 49
167 34
168 16
169 46
170 23
171 4
172 23
173 39
174 21
175 44
176 52
177 31
178 30
179 16
180 1
181 22
182 40
183 1
184 5
185 13
186 43
187 25
188 52
189 9
190 38
191 33
192 17
193 5
194 28
195 29
196 45
197 36
198 5
199 41
200 26
201 54
202 4
203 14
204 36
205 43
206 42
207 37
208 31
209 4
210 5
211 31
212 25
213 30
214 19
215 9
216 13
217 9
218 36
219 1
220 7
221 37
222 38
223 6
224 32
225 43
226 5
227 12
228 44
229 32
230 27
231 23
232 36
233 4
234 24
235 48
236 46
237 31
238 28
239 48
240 1
241 14
242 35
243 14
244 35
245 45
246 40
247 31
248 32
249 50
250 17
251 41
252 38
253 17
254 8
255 3
256 13
257 23
258 32
259 7
260 46
261 9
262 52
263 22
264 53
265 55
266 3
267 15
268 8
269 27
270 23
271 35
272 19
273 40
274 32
275 35
276 49
277 21
278 19
279 15
280 47
281 11
282 31
283 6
284 19
285 14
286 11
287 49
288 13
289 47
290 17
291 53
292 5
293 1
294 44
295 55
296 41
297 8
298 55
299 36
300 33
301 6
302 47
303 13
304 49
305 49
306 22
307 8
308 29
309 49
310 5
311 25
312 23
313 6
314 18
315 10
316 7
317 32
318 52
319 50
320 48
321 20
322 32
323 26
324 45
325 38
326 54
327 10
328 31
329 13
330 24
331 1
332 30
333 32
334 38
335 29
336 55
337 39
338 12
339 24
340 48
341 35
342 52
343 39
344 14
345 12
346 8
347 35
348 33
349 6
350 6
351 28
352 16
353 38
354 34
355 12
356 33
357 6
358 26
359 55
360 5
361 5
362 41
363 2
364 38
365 24
366 22
367 13
368 17
369 4
370 49
371 23
372 28
373 47
374 51
375 55
376 35
377 3
378 50
379 16
380 9
381 10
382 42
383 28
384 31
385 51
386 44
387 32
388 10
389 1
390 50
391 35
392 43
393 6
394 49
395 41
396 52
397 5
398 49
399 42
400 27
401 21
402 16
403 45
404 7
405 5
406 5
407 6
408 54
409 4
410 48
411 53
412 23
413 11
414 52
415 45
416 5
417 6
418 9
419 7
420 31
421 1
422 44
423 34
424 39
425 12
426 47
427 7
428 32
429 39
430 44
431 21
432 34
433 34
434 19
435 6
436 20
437 26
438 17
439 29
440 43
441 28
442 49
443 50
444 29
445 47
446 21
447 5
448 52
449 29
450 50
451 7
452 48
453 37
454 18
455 49
456 34
457 39
458 13
459 49
460 40
461 38
462 29
463 27
464 42
465 37
466 31
467 47
468 46
469 5
470 38
471 35
472 40
473 5
474 9
475 3
476 13
477 15
478 16
479 32
480 23
481 8
482 13
483 32
484 41
485 7
486 8
487 29
488 6
489 53
490 51
491 47
492 31
493 32
494 13
495 13
496 14
497 52
498 30
499 23
500 53
