1 12
2 28
3 29
4 12
5 19
6 30
7 18
8 22
9 33
10 2
11 14
12 26
13 31
14 26
15 7
16 29
17 41
18 6
19 24
20 45
21 36
22 38
23 38
24 42
25 28
26 38
27 31
28 10
29 31
30 31
31 10
32 3
33 15
34 43
35 9
36 41
37 30
38 5
39 38
40 32
41 23
42 24
43 41
44 46
45 1
46 20
47 45
48 6
49 35
50 46
51 11
52 28
53 44
54 16
55 2
56 30
57 24
58 36
59 16
60 25
61 10
62 21
63 29
64 18
65 1
66 42
67 40
68 33
69 27
70 1
71 31
72 38
73 46
74 24
75 15
76 33
77 30
78 23
79 21
80 29
81 42
82 34
83 23
84 37
85 25
86 23
87 41
88 5
89 25
90 7
91 37
92 12
93 29
94 28
95 9
96 13
97 26
98 23
99 6
100 10
101 37
102 24
103 35
104 2
105 39
106 30
107 18
108 14
109 35
110 15
111 1
112 26
113 19
114 41
115 27
116 12
117 7
118 34
119 5
120 20
121 30
122 19
123 29
124 44
125 2
126 32
127 35
128 2
129 43
130 32
131 24
132 16
133 25
134 29
135 15
136 27
137 41
138 30
139 16
140 34
141 43
142 11
143 13
144 45
145 19
146 13
147 32
148 38
149 38
150 1
151 24
152 25
153 9
154 22
155 25
156 24
157 19
158 21
159 40
160 38
161 7
162 14
163 8
164 9
165 42
166 6
167 39
168 36
169 14
170 34
171 16
172 18
173 22
174 17
175 29
176 29
177 3
178 16
179 18
180 23
181 28
182 14
183 4
184 40
185 11
186 17
187 45
188 13
189 18
190 5
191 22
192 10
193 38
194 14
195 42
196 25
197 8
198 33
199 30
200 22
201 20
202 32
203 43
204 15
205 33
206 23
207 29
208 39
209 23
210 16
211 26
212 26
213 44
214 43
215 18
216 21
217 41
218 29
219 18
220 27
221 17
222 26
223 23
224 27
225 14
226 3
227 9
228 32
229 45
230 1
231 44
232 31
233 25
234 31
235 11
236 8
237 6
238 34
239 34
240 42
241 18
242 18
243 40
244 29
245 19
246 30
247 12
248 44
249 29
250 34
251 19
252 8
253 36
254 46
255 41
256 36
257 27
258 23
259 18
260 26
261 38
262 20
263 44
264 19
265 1
266 42
267 16
268 22
269 39
270 35
271 26
272 11
273 5
274 35
275 14
276 14
277 40
278 16
279 32
280 18
281 26
282 33
283 6
284 37
285 15
286 4
287 41
288 25
289 12
290 18
291 35
292 27
293 13
294 12
295 4
296 29
297 1
298 8
299 34
300 13
301 26
302 43
303 26
304 4
305 35
306 21
307 16
308 35
309 38
310 3
311 32
312 4
313 18
314 18
315 25
316 22
317 13
318 46
319 1
320 22
321 40
322 31
323 28
324 39
325 3
326 26
327 19
328 35
329 24
330 6
331 26
332 23
333 27
334 27
335 32
336 22
337 23
338 35
339 17
340 28
341 31
342 24
343 17
344 38
345 39
346 29
347 39
348 23
349 24
350 7
351 11
352 42
353 1
354 22
355 18
356 35
357 19
358 41
359 14
360 41
361 12
362 30
363 20
364 14
365 12
366 3
367 39
368 44
369 29
370 4
371 4
372 44
373 32
374 6
375 31
376 20
377 41
378 7
379 22
380 22
381 22
382 39
383 38
384 31
385 16
386 22
387 26
388 31
389 21
390 4
391 35
392 31
393 24
394 3
395 21
396 46
397 22
398 14
399 30
400 26
401 14
402 41
403 4
404 11
405 37
406 14
407 1
408 29
409 23
410 11
411 15
412 41
413 1
414 44
415 27
416 30
417 7
418 38
419 13
420 32
421 44
422 8
423 14
424 11
425 37
426 44
427 18
428 35
429 1
430 26
431 1
432 31
433 37
434 46
435 31
436 1
437 13
438 27
439 8
440 31
441 37
442 34
443 15
444 24
445 14
446 26
447 31
448 29
449 11
450 38
451 12
452 14
453 23
454 12
455 31
456 24
457 42
458 16
459 14
460 38
461 15
462 22
463 46
464 44
465 12
466 15
467 35
468 41
469 46
470 25
471 26
472 41
473 32
474 26
475 14
476 16
477 29
478 14
479 18
480 14
481 18
482 29
483 24
484 23
485 19
486 18
487 35
488 41
489 16
490 19
491 19
492 29
493 18
494 29
495 23
496 35
497 23
498 22
499 31
500 31
