1 2
1 211
1 297
1 346
1 416
2 1
2 3
2 22
2 64
2 211
3 2
3 20
3 64
3 256
3 346
4 6
4 7
4 8
4 64
4 119
5 123
5 124
5 126
5 358
5 413
6 4
6 7
6 8
6 10
6 58
7 4
7 6
7 10
7 14
7 64
8 4
8 6
8 10
8 64
8 435
9 34
9 65
9 66
9 69
9 254
10 6
10 7
10 8
10 12
10 491
11 71
11 73
11 76
11 105
11 186
12 10
12 14
12 127
12 416
12 461
13 107
13 180
13 181
13 220
13 240
14 7
14 12
14 15
14 16
14 219
15 14
15 16
15 21
15 170
15 219
16 14
16 15
16 94
16 170
16 219
17 20
17 170
17 219
17 462
17 489
18 43
18 46
18 79
18 87
18 132
18 411
18 413
19 100
19 101
19 102
19 103
19 104
19 191
20 3
20 17
20 170
20 188
20 219
21 15
21 23
21 24
21 188
21 330
22 2
22 182
22 474
22 475
22 496
23 21
23 24
23 122
23 216
23 330
24 21
24 23
24 98
24 183
24 330
25 26
25 27
25 130
25 183
25 492
26 25
26 27
26 31
26 32
26 457
27 25
27 26
27 31
27 32
27 148
28 36
28 47
28 240
28 474
28 475
29 33
29 133
29 138
29 193
29 286
29 436
29 443
29 452
30 40
30 87
30 90
30 264
30 352
30 431
30 454
30 455
30 457
31 26
31 27
31 32
31 38
31 183
32 26
32 27
32 31
32 35
32 124
33 29
33 133
33 138
33 176
33 229
33 281
33 436
33 443
34 9
34 277
34 279
34 280
34 284
35 32
35 37
35 41
35 123
35 231
36 28
36 39
36 153
36 242
36 437
37 35
37 38
37 41
37 42
37 49
38 31
38 37
38 41
38 42
38 298
39 36
39 296
39 425
39 474
39 475
40 30
40 90
40 264
40 265
40 323
40 455
40 456
40 457
40 489
41 35
41 37
41 38
41 42
41 53
42 37
42 38
42 41
42 44
42 52
43 18
43 46
43 54
43 61
43 87
43 171
44 42
44 45
44 115
44 432
44 480
45 44
45 47
45 50
45 106
45 432
46 18
46 43
46 54
46 55
46 61
46 87
47 28
47 45
47 50
47 51
47 432
48 79
48 182
48 243
48 286
48 360
48 379
48 429
48 465
48 476
48 479
48 481
48 482
48 491
48 498
49 37
49 78
49 85
49 86
49 91
50 45
50 47
50 51
50 73
50 432
51 47
51 50
51 181
51 411
51 432
52 42
52 55
52 209
52 305
52 360
53 41
53 236
53 241
53 243
53 306
54 43
54 46
54 61
54 80
54 95
54 99
55 46
55 52
55 209
55 305
55 357
56 58
56 59
56 134
56 209
56 305
57 233
57 257
57 308
57 400
57 424
57 468
57 471
57 472
57 477
57 479
57 481
57 482
57 484
57 489
57 490
57 498
58 6
58 56
58 59
58 209
58 305
59 56
59 58
59 60
59 254
59 458
60 59
60 62
60 65
60 66
60 69
61 43
61 46
61 54
61 80
61 96
61 143
62 60
62 65
62 69
62 70
62 254
63 67
63 68
63 169
63 241
63 262
64 2
64 3
64 4
64 7
64 8
65 9
65 60
65 62
65 70
65 254
66 9
66 60
66 70
66 149
66 254
67 63
67 68
67 72
67 155
67 340
68 63
68 67
68 72
68 321
68 403
69 9
69 60
69 62
69 70
69 182
70 62
70 65
70 66
70 69
70 104
71 11
71 73
71 87
71 267
71 499
72 67
72 68
72 83
72 135
72 434
73 11
73 50
73 71
73 186
73 466
74 76
74 77
74 116
74 142
74 186
75 84
75 106
75 109
75 377
75 442
76 11
76 74
76 77
76 186
76 225
77 74
77 76
77 84
77 186
77 483
78 49
78 86
78 91
78 93
78 96
79 18
79 48
79 182
79 283
79 286
79 373
79 379
79 413
79 464
79 465
79 479
79 481
79 482
79 491
79 498
80 54
80 61
80 99
80 143
80 160
80 406
80 416
81 83
81 213
81 339
81 346
81 485
82 245
82 401
82 416
82 427
82 440
82 445
82 446
82 454
82 459
82 460
82 462
82 477
82 482
83 72
83 81
83 103
83 175
83 213
83 498
84 75
84 77
84 86
84 316
84 494
85 49
85 86
85 93
85 194
85 421
86 49
86 78
86 84
86 85
86 89
87 18
87 30
87 43
87 46
87 71
87 132
87 174
87 184
87 347
87 411
88 135
88 140
88 177
88 220
88 408
88 427
88 438
88 456
88 460
88 466
88 467
88 477
88 496
89 86
89 159
89 162
89 164
89 294
90 30
90 40
90 154
90 213
90 264
90 265
90 323
90 455
90 470
91 49
91 78
91 93
91 96
91 97
92 94
92 171
92 213
92 424
92 495
93 78
93 85
93 91
93 96
93 97
94 16
94 92
94 113
94 171
94 383
95 54
95 114
95 147
95 197
95 271
96 61
96 78
96 91
96 93
96 97
97 91
97 93
97 96
97 98
97 126
98 24
98 97
98 100
98 101
98 102
99 54
99 80
99 143
99 160
99 165
99 386
100 19
100 98
100 101
100 102
100 234
101 19
101 98
101 100
101 102
101 353
102 19
102 98
102 100
102 101
102 118
103 19
103 83
103 104
103 105
103 442
104 19
104 70
104 103
104 105
104 442
105 11
105 103
105 104
105 106
105 442
106 45
106 75
106 105
106 210
106 442
107 13
107 141
107 223
107 240
107 440
107 487
108 153
108 187
108 194
108 349
108 370
108 383
108 394
108 412
108 413
108 465
109 75
109 112
109 156
109 210
109 485
110 262
110 266
110 267
110 270
110 273
110 419
110 486
111 113
111 136
111 139
111 144
111 180
112 109
112 115
112 118
112 199
112 210
113 94
113 111
113 171
113 233
113 345
114 95
114 136
114 147
114 197
114 472
115 44
115 112
115 118
115 120
115 210
116 74
116 158
116 159
116 294
116 302
117 166
117 167
117 168
117 173
117 190
117 224
118 102
118 112
118 115
118 120
118 349
119 4
119 250
119 251
119 259
119 306
120 115
120 118
120 121
120 165
120 210
121 120
121 122
121 142
121 204
121 326
122 23
122 121
122 123
122 416
122 419
123 5
123 35
123 122
123 124
123 126
124 5
124 32
124 123
124 126
124 292
125 307
125 317
125 318
125 329
125 334
125 335
126 5
126 97
126 123
126 124
126 292
127 12
127 128
127 292
127 401
127 452
128 127
128 129
128 130
128 197
128 292
129 128
129 130
129 290
129 292
129 306
130 25
130 128
130 129
130 290
130 426
131 134
131 166
131 290
131 350
131 482
132 18
132 87
132 226
132 338
132 347
132 396
132 397
132 411
133 29
133 33
133 138
133 151
133 229
133 281
133 436
134 56
134 131
134 137
134 290
134 351
135 72
135 88
135 177
135 220
135 233
135 304
135 386
135 456
135 466
135 467
136 111
136 114
136 172
136 271
136 417
137 134
137 145
137 148
137 149
137 167
138 29
138 33
138 133
138 229
138 281
138 285
138 293
138 436
139 111
139 144
139 250
139 341
139 345
140 88
140 220
140 233
140 386
140 387
140 399
140 425
140 429
140 433
140 438
140 441
140 496
141 107
141 180
141 240
141 280
141 293
142 74
142 121
142 202
142 316
142 326
142 344
142 350
142 433
142 499
143 61
143 80
143 99
143 160
143 165
143 207
144 111
144 139
144 439
144 447
144 486
145 137
145 148
145 149
145 151
145 485
146 183
146 212
146 225
146 252
146 255
146 263
146 377
147 95
147 114
147 164
147 197
147 201
148 27
148 137
148 145
148 149
148 151
149 66
149 137
149 145
149 148
149 151
150 154
150 158
150 161
150 383
150 407
151 133
151 145
151 148
151 149
151 152
152 151
152 153
152 154
152 161
152 184
153 36
153 108
153 152
153 154
153 161
154 90
154 150
154 152
154 153
154 161
154 258
155 67
155 169
155 223
155 333
155 336
155 339
155 358
155 486
156 109
156 157
156 158
156 161
156 416
157 156
157 158
157 277
157 388
157 477
158 116
158 150
158 156
158 157
158 160
159 89
159 116
159 187
159 313
159 337
160 80
160 99
160 143
160 158
160 165
160 178
161 150
161 152
161 153
161 154
161 156
161 315
162 89
162 163
162 164
162 186
162 480
163 162
163 164
163 229
163 261
163 294
164 89
164 147
164 162
164 163
164 261
165 99
165 120
165 143
165 160
165 178
165 184
166 117
166 131
166 167
166 168
166 190
167 117
167 137
167 166
167 168
167 261
168 117
168 166
168 167
168 190
168 261
168 369
169 63
169 155
169 333
169 336
169 345
169 449
169 469
169 479
170 15
170 16
170 17
170 20
170 188
170 219
171 43
171 92
171 94
171 113
171 213
171 230
172 136
172 181
172 196
172 326
172 356
172 424
173 117
173 175
173 176
173 327
173 330
173 490
174 87
174 175
174 176
174 190
174 404
174 469
175 83
175 173
175 174
175 176
175 179
175 498
176 33
176 173
176 174
176 175
176 179
176 293
177 88
177 135
177 214
177 220
177 233
177 386
177 392
177 456
177 466
177 467
178 160
178 165
178 184
178 185
178 191
178 259
179 175
179 176
179 181
179 325
179 408
179 417
180 13
180 111
180 141
180 188
180 223
180 240
181 13
181 51
181 172
181 179
181 196
181 271
182 22
182 48
182 69
182 79
182 194
182 249
182 286
182 342
182 379
182 399
182 465
182 469
182 476
182 480
182 485
183 24
183 25
183 31
183 146
183 188
183 330
184 87
184 152
184 165
184 178
184 185
184 191
185 178
185 184
185 191
185 192
185 228
185 487
186 11
186 73
186 74
186 76
186 77
186 162
187 108
187 159
187 290
187 335
187 383
187 394
187 409
187 430
187 497
188 20
188 21
188 170
188 180
188 183
188 330
189 234
189 235
189 236
189 243
189 320
189 478
190 117
190 166
190 168
190 174
190 205
190 493
191 19
191 178
191 184
191 185
191 192
191 193
192 185
192 191
192 193
192 199
192 206
192 498
193 29
193 191
193 192
193 195
193 198
193 199
193 280
194 85
194 108
194 182
194 349
194 402
194 404
194 413
194 458
195 193
195 198
195 199
195 202
195 203
195 469
196 172
196 181
196 271
196 354
196 445
196 499
197 95
197 114
197 128
197 147
197 271
197 373
198 193
198 195
198 199
198 202
198 203
198 404
199 112
199 192
199 193
199 195
199 198
199 202
200 203
200 338
200 378
200 392
200 397
200 415
200 461
201 147
201 204
201 214
201 373
201 378
201 448
202 142
202 195
202 198
202 199
202 203
202 205
202 433
203 195
203 198
203 200
203 202
203 205
203 443
204 121
204 201
204 214
204 217
204 230
205 190
205 202
205 203
205 207
205 215
205 221
206 192
206 293
206 451
206 463
206 464
206 478
207 143
207 205
207 215
207 218
207 221
207 224
208 211
208 216
208 231
208 346
208 462
208 492
209 52
209 55
209 56
209 58
209 237
209 305
210 106
210 109
210 112
210 115
210 120
210 231
211 1
211 2
211 208
211 231
211 346
211 416
212 146
212 252
212 253
212 255
212 257
212 477
213 81
213 83
213 90
213 92
213 171
213 258
214 177
214 201
214 204
214 217
214 230
214 398
215 205
215 207
215 218
215 221
215 224
215 240
216 23
216 208
216 231
216 357
216 408
216 492
217 204
217 214
217 230
217 232
217 260
217 466
218 207
218 215
218 221
218 224
218 274
218 411
219 14
219 15
219 16
219 17
219 20
219 170
220 13
220 88
220 135
220 140
220 177
220 233
220 379
220 386
220 456
220 466
221 205
221 207
221 215
221 218
221 224
221 238
222 239
222 242
222 246
222 355
222 403
222 499
223 107
223 155
223 180
223 293
223 307
223 483
224 117
224 207
224 215
224 218
224 221
224 226
225 76
225 146
225 252
225 253
225 255
225 377
226 132
226 224
226 227
226 237
226 271
226 347
227 226
227 228
227 237
227 238
227 244
227 435
228 185
228 227
228 237
228 238
228 244
228 327
229 33
229 133
229 138
229 163
229 281
229 285
229 426
230 171
230 204
230 214
230 217
230 232
231 35
231 208
231 210
231 211
231 216
231 357
231 492
231 499
232 217
232 230
232 234
232 235
232 252
232 351
233 57
233 113
233 135
233 140
233 177
233 220
233 386
233 387
233 399
233 456
234 100
234 189
234 232
234 235
234 236
235 189
235 232
235 234
235 236
235 498
236 53
236 189
236 234
236 235
236 456
237 209
237 226
237 227
237 228
237 403
237 454
238 221
238 227
238 228
238 244
238 355
238 403
239 222
239 242
239 246
239 247
239 255
239 355
240 13
240 28
240 107
240 141
240 180
240 215
241 53
241 63
241 243
241 248
241 262
241 434
242 36
242 222
242 239
242 246
242 247
242 355
243 48
243 53
243 189
243 241
243 248
243 360
244 227
244 228
244 238
244 247
244 355
244 403
245 82
245 249
245 326
245 329
245 401
245 425
245 427
245 440
245 441
245 445
245 460
245 462
245 477
246 222
246 239
246 242
246 247
246 299
246 436
247 239
247 242
247 244
247 246
247 396
247 403
248 241
248 243
248 259
248 306
248 443
248 462
249 182
249 245
249 294
249 298
249 401
249 440
249 446
249 462
249 469
249 476
249 485
250 119
250 139
250 251
250 260
250 358
250 468
251 119
251 250
251 260
251 359
251 371
251 498
252 146
252 212
252 225
252 232
252 253
252 269
252 351
252 377
253 212
253 225
253 252
253 255
253 377
253 461
254 9
254 59
254 62
254 65
254 66
254 294
254 368
255 146
255 212
255 225
255 239
255 253
255 377
256 3
256 298
256 311
256 327
256 337
256 431
256 435
256 441
256 448
256 454
256 457
257 57
257 212
257 263
257 272
257 324
257 397
258 154
258 213
258 328
258 405
258 459
259 119
259 178
259 248
259 260
259 306
260 217
260 250
260 251
260 259
260 305
260 466
261 163
261 164
261 167
261 168
261 294
261 357
262 63
262 110
262 241
262 266
262 267
262 394
263 146
263 257
263 268
263 269
263 272
263 287
264 30
264 40
264 90
264 265
264 323
264 378
264 400
264 434
264 455
264 470
265 40
265 90
265 264
265 323
265 342
265 397
265 434
265 436
265 470
266 110
266 262
266 267
266 270
266 295
267 71
267 110
267 262
267 266
267 270
268 263
268 269
268 272
268 275
268 439
268 452
269 252
269 263
269 268
269 272
269 275
269 276
270 110
270 266
270 267
270 284
270 383
270 463
271 95
271 136
271 181
271 196
271 197
271 226
272 257
272 263
272 268
272 269
272 275
272 284
273 110
273 277
273 284
273 333
273 401
273 490
274 218
274 276
274 278
274 283
274 301
274 308
275 268
275 269
275 272
275 276
275 285
275 461
276 269
276 274
276 275
276 278
276 283
276 301
277 34
277 157
277 273
277 279
277 284
278 274
278 276
278 283
278 301
278 361
278 461
279 34
279 277
279 282
279 284
279 496
280 34
280 141
280 193
280 282
280 287
280 288
281 33
281 133
281 138
281 229
281 285
281 426
282 279
282 280
282 287
282 288
282 344
283 79
283 274
283 276
283 278
283 301
283 309
283 413
284 34
284 270
284 272
284 273
284 277
284 279
285 138
285 229
285 275
285 281
285 295
285 321
285 426
286 29
286 48
286 79
286 182
286 323
286 379
286 465
286 479
286 480
286 482
286 491
286 498
287 263
287 280
287 282
287 288
287 289
288 280
288 282
288 287
288 289
288 374
289 287
289 288
289 296
289 315
289 362
290 129
290 130
290 131
290 134
290 187
290 410
290 448
291 303
291 340
291 366
291 368
291 381
291 389
291 393
292 124
292 126
292 127
292 128
292 129
292 469
292 479
293 138
293 141
293 176
293 206
293 223
293 483
293 497
294 89
294 116
294 163
294 249
294 254
294 261
294 298
295 266
295 285
295 299
295 321
295 322
295 426
295 487
296 39
296 289
296 315
296 319
296 329
296 343
297 1
297 302
297 320
297 356
297 358
297 486
298 38
298 249
298 256
298 294
298 327
298 431
298 435
298 438
298 439
298 441
298 448
299 246
299 295
299 321
299 322
299 379
299 487
299 490
300 389
300 402
300 404
300 421
300 423
300 458
300 479
301 274
301 276
301 278
301 283
301 309
301 444
301 500
302 116
302 297
302 305
302 325
302 337
302 351
302 356
303 291
303 340
303 366
303 368
303 370
303 381
303 491
304 135
304 308
304 309
304 310
304 453
304 461
304 491
305 52
305 55
305 56
305 58
305 209
305 260
305 302
306 53
306 119
306 129
306 248
306 259
306 485
306 486
307 125
307 223
307 314
307 317
307 318
307 378
307 415
308 57
308 274
308 304
308 309
308 310
308 366
308 467
309 283
309 301
309 304
309 308
309 310
309 322
309 466
310 304
310 308
310 309
310 311
310 313
310 424
310 495
311 256
311 310
311 312
311 313
311 317
311 337
311 385
312 311
312 313
312 314
312 317
312 323
312 376
312 496
313 159
313 310
313 311
313 312
313 314
313 317
313 468
314 307
314 312
314 313
314 317
314 392
314 401
314 490
315 161
315 289
315 296
315 319
315 331
316 84
316 142
316 344
316 402
316 417
316 423
316 499
317 125
317 307
317 311
317 312
317 313
317 314
318 125
318 307
318 328
318 329
318 334
318 335
318 379
319 296
319 315
319 331
319 342
319 343
320 189
320 297
320 337
320 356
320 358
320 364
320 486
321 68
321 285
321 295
321 299
321 322
321 403
321 426
321 487
322 295
322 299
322 309
322 321
322 332
322 426
322 487
323 40
323 90
323 264
323 265
323 286
323 312
323 342
323 434
323 470
324 257
324 332
324 339
324 341
324 352
324 479
324 480
325 179
325 302
325 337
325 356
325 389
325 420
325 474
326 121
326 142
326 172
326 245
326 344
326 350
326 453
327 173
327 228
327 256
327 298
327 431
327 435
327 441
327 448
327 454
327 455
327 457
328 258
328 318
328 405
328 459
328 500
329 125
329 245
329 296
329 318
329 334
329 335
329 359
330 21
330 23
330 24
330 173
330 183
330 188
330 431
331 315
331 319
331 343
331 348
331 360
332 322
332 324
332 339
332 341
332 352
332 409
332 487
333 155
333 169
333 273
333 336
333 345
333 486
333 491
334 125
334 318
334 329
334 335
334 359
334 487
334 488
335 125
335 187
335 318
335 329
335 334
335 359
335 448
336 155
336 169
336 333
336 345
336 358
336 489
337 159
337 256
337 302
337 311
337 320
337 325
337 351
337 356
338 132
338 200
338 376
338 396
338 397
338 415
338 461
338 491
339 81
339 155
339 324
339 332
339 341
339 352
339 354
339 487
340 67
340 291
340 303
340 366
340 370
340 378
340 393
340 428
341 139
341 324
341 332
341 339
341 352
341 354
341 367
341 415
342 182
342 265
342 319
342 323
342 365
342 434
342 455
342 470
343 296
343 319
343 331
343 348
343 495
344 142
344 282
344 316
344 326
344 350
344 351
344 417
345 113
345 139
345 169
345 333
345 336
345 449
345 471
345 495
346 1
346 3
346 81
346 208
346 211
346 379
346 416
346 428
347 87
347 132
347 226
347 385
347 396
347 397
347 411
347 436
347 461
348 331
348 343
348 353
348 364
348 382
349 108
349 118
349 194
349 383
349 402
349 413
349 437
349 458
350 131
350 142
350 326
350 344
350 351
350 377
350 465
350 484
351 134
351 232
351 252
351 302
351 337
351 344
351 350
351 421
352 30
352 324
352 332
352 339
352 341
352 354
352 367
352 480
353 101
353 348
353 364
353 369
353 371
353 467
354 196
354 339
354 341
354 352
354 367
354 372
354 398
354 408
355 222
355 238
355 239
355 242
355 244
355 403
355 443
355 462
356 172
356 297
356 302
356 320
356 325
356 337
356 418
356 423
357 55
357 216
357 231
357 261
357 417
357 477
357 490
357 492
358 5
358 155
358 250
358 297
358 320
358 336
358 453
358 486
359 251
359 329
359 334
359 335
359 361
359 363
360 48
360 52
360 243
360 331
360 388
360 410
360 429
360 453
360 471
360 488
360 494
360 495
360 500
361 278
361 359
361 363
361 380
361 382
361 444
362 289
362 365
362 375
362 390
362 407
362 431
362 434
362 457
363 359
363 361
363 380
363 382
363 387
363 444
364 320
364 348
364 353
364 369
364 371
365 342
365 362
365 375
365 390
365 407
365 434
365 470
365 492
366 291
366 303
366 308
366 340
366 381
366 392
366 393
366 471
367 341
367 352
367 354
367 372
367 389
367 398
367 466
367 481
368 254
368 291
368 303
368 381
368 408
368 421
368 423
368 481
369 168
369 353
369 364
369 371
369 374
370 108
370 303
370 340
370 376
370 392
370 393
370 412
370 500
371 251
371 353
371 364
371 369
371 374
372 354
372 367
372 373
372 398
372 415
372 421
372 430
372 481
373 79
373 197
373 201
373 372
373 398
373 409
373 430
373 497
374 288
374 369
374 371
374 384
374 391
375 362
375 365
375 390
375 407
375 412
375 430
375 434
375 495
376 312
376 338
376 370
376 378
376 381
376 392
376 415
376 484
377 75
377 146
377 225
377 252
377 253
377 255
377 350
377 460
377 484
378 200
378 201
378 264
378 307
378 340
378 376
378 392
378 393
378 415
379 48
379 79
379 182
379 220
379 286
379 299
379 318
379 346
379 465
379 469
379 480
379 482
379 485
379 491
379 500
380 361
380 363
380 382
380 444
380 449
380 479
381 291
381 303
381 366
381 368
381 376
381 386
381 389
381 393
381 499
382 348
382 361
382 363
382 380
382 444
382 449
383 94
383 108
383 150
383 187
383 270
383 349
383 394
383 413
383 436
384 374
384 391
384 395
384 406
384 496
385 311
385 347
385 396
385 397
385 420
385 427
385 461
385 477
385 497
386 99
386 135
386 140
386 177
386 220
386 233
386 381
386 387
386 399
386 456
386 499
387 140
387 233
387 363
387 386
387 399
387 418
387 425
387 429
387 433
388 157
388 360
388 410
388 452
388 453
388 460
388 471
388 476
388 488
388 494
388 495
388 500
389 291
389 300
389 325
389 367
389 381
389 404
389 408
389 423
389 481
390 362
390 365
390 375
390 407
390 412
390 470
390 473
390 482
391 374
391 384
391 395
391 406
391 467
392 177
392 200
392 314
392 366
392 370
392 376
392 378
392 393
392 398
393 291
393 340
393 366
393 370
393 378
393 381
393 392
393 461
393 472
394 108
394 187
394 262
394 383
394 409
394 411
394 427
394 430
394 497
395 384
395 391
395 406
395 414
395 457
396 132
396 247
396 338
396 347
396 385
396 397
396 411
396 461
396 493
397 132
397 200
397 257
397 265
397 338
397 347
397 385
397 396
397 461
398 214
398 354
398 367
398 372
398 373
398 392
398 409
398 497
399 140
399 182
399 233
399 386
399 387
399 418
399 425
399 429
399 433
400 57
400 264
400 424
400 455
400 458
400 468
400 472
400 484
400 489
400 490
400 493
400 494
400 495
400 496
401 82
401 127
401 245
401 249
401 273
401 314
401 440
401 445
401 446
401 462
401 476
401 485
401 490
402 194
402 300
402 316
402 349
402 404
402 413
402 421
402 458
402 484
403 68
403 222
403 237
403 238
403 244
403 247
403 321
403 355
403 417
404 174
404 194
404 198
404 300
404 389
404 402
404 421
404 423
404 458
405 258
405 328
405 452
405 459
405 476
406 80
406 384
406 391
406 395
406 414
406 416
406 433
407 150
407 362
407 365
407 375
407 390
407 412
407 419
407 473
407 481
408 88
408 179
408 216
408 354
408 368
408 389
408 423
408 457
408 491
409 187
409 332
409 373
409 394
409 398
409 430
409 497
410 290
410 360
410 388
410 415
410 421
410 453
410 468
410 471
410 488
410 492
410 494
410 495
410 500
411 18
411 51
411 87
411 132
411 218
411 347
411 394
411 396
411 427
411 498
412 108
412 370
412 375
412 390
412 407
412 417
412 419
412 420
412 437
412 473
413 5
413 18
413 79
413 108
413 194
413 283
413 349
413 383
413 402
413 500
414 395
414 406
414 422
414 428
414 437
414 442
415 200
415 307
415 338
415 341
415 372
415 376
415 378
415 410
415 467
415 487
416 1
416 12
416 80
416 82
416 122
416 156
416 211
416 346
416 406
416 443
417 136
417 179
417 316
417 344
417 357
417 403
417 412
417 499
418 356
418 387
418 399
418 423
418 425
418 429
418 433
418 438
418 439
418 471
419 110
419 122
419 407
419 412
419 420
419 437
419 443
419 452
419 473
419 486
420 325
420 385
420 412
420 419
420 436
420 437
420 443
420 452
420 473
420 491
421 85
421 300
421 351
421 368
421 372
421 402
421 404
421 410
421 423
421 458
422 414
422 428
422 447
422 449
422 450
423 300
423 316
423 356
423 368
423 389
423 404
423 408
423 418
423 421
423 472
424 57
424 92
424 172
424 310
424 400
424 468
424 472
424 481
424 484
424 489
424 490
424 493
424 494
424 495
424 496
425 39
425 140
425 245
425 387
425 399
425 418
425 429
425 433
425 438
425 439
426 130
426 229
426 281
426 285
426 295
426 321
426 322
426 450
426 480
426 487
427 82
427 88
427 245
427 385
427 394
427 411
427 445
427 460
427 462
427 466
427 467
427 477
428 340
428 346
428 414
428 422
428 447
428 450
429 48
429 140
429 360
429 387
429 399
429 418
429 425
429 433
429 438
429 439
430 187
430 372
430 373
430 375
430 394
430 409
430 497
431 30
431 256
431 298
431 327
431 330
431 362
431 435
431 448
431 454
431 455
431 457
432 44
432 45
432 47
432 50
432 51
432 467
433 140
433 142
433 202
433 387
433 399
433 406
433 418
433 425
433 429
433 438
433 439
434 72
434 241
434 264
434 265
434 323
434 342
434 362
434 365
434 375
434 453
434 470
435 8
435 227
435 256
435 298
435 327
435 431
435 441
435 448
435 454
435 457
435 465
436 29
436 33
436 133
436 138
436 246
436 265
436 347
436 383
436 420
436 443
436 452
437 36
437 349
437 412
437 414
437 419
437 420
437 442
437 443
437 452
437 456
437 473
438 88
438 140
438 298
438 418
438 425
438 429
438 433
438 439
438 441
438 448
438 496
439 144
439 268
439 298
439 418
439 425
439 429
439 433
439 438
439 441
439 447
439 448
440 82
440 107
440 245
440 249
440 401
440 446
440 462
440 469
440 476
440 485
440 488
441 140
441 245
441 256
441 298
441 327
441 435
441 438
441 439
441 446
441 448
441 473
442 75
442 103
442 104
442 105
442 106
442 414
442 437
443 29
443 33
443 203
443 248
443 355
443 416
443 419
443 420
443 436
443 437
443 452
444 301
444 361
444 363
444 380
444 382
444 449
444 500
445 82
445 196
445 245
445 401
445 427
445 446
445 460
445 462
445 465
445 467
445 477
446 82
446 249
446 401
446 440
446 441
446 445
446 462
446 469
446 473
446 476
446 485
447 144
447 422
447 428
447 439
447 450
447 451
448 201
448 256
448 290
448 298
448 327
448 335
448 431
448 435
448 438
448 439
448 441
449 169
449 345
449 380
449 382
449 422
449 444
450 422
450 426
450 428
450 447
450 451
450 480
451 206
451 447
451 450
451 463
451 498
452 29
452 127
452 268
452 388
452 405
452 419
452 420
452 436
452 437
452 443
452 473
452 494
453 304
453 326
453 358
453 360
453 388
453 410
453 434
453 471
453 484
453 488
453 490
453 493
453 494
453 495
453 496
453 500
454 30
454 82
454 237
454 256
454 327
454 431
454 435
454 455
454 457
454 459
454 482
454 485
455 30
455 40
455 90
455 264
455 327
455 342
455 400
455 431
455 454
455 457
455 458
455 476
456 40
456 88
456 135
456 177
456 220
456 233
456 236
456 386
456 437
456 466
456 467
456 477
456 489
457 26
457 30
457 40
457 256
457 327
457 362
457 395
457 408
457 431
457 435
457 454
457 455
457 475
458 59
458 194
458 300
458 349
458 400
458 402
458 404
458 421
458 455
459 82
459 258
459 328
459 405
459 454
460 82
460 88
460 245
460 377
460 388
460 427
460 445
460 466
460 467
460 476
460 477
460 494
460 498
461 12
461 200
461 253
461 275
461 278
461 304
461 338
461 347
461 385
461 393
461 396
461 397
461 493
462 17
462 82
462 208
462 245
462 248
462 249
462 355
462 401
462 427
462 440
462 445
462 446
462 485
463 206
463 270
463 451
463 464
463 478
464 79
464 206
464 463
464 478
464 483
465 48
465 79
465 108
465 182
465 286
465 350
465 379
465 435
465 445
465 469
465 480
465 482
465 491
465 498
466 73
466 88
466 135
466 177
466 217
466 220
466 260
466 309
466 367
466 427
466 456
466 460
466 467
466 477
467 88
467 135
467 177
467 308
467 353
467 391
467 415
467 427
467 432
467 445
467 456
467 460
467 466
467 477
468 57
468 250
468 313
468 400
468 410
468 424
468 472
468 479
468 481
468 484
468 489
468 490
468 493
468 496
469 169
469 174
469 182
469 195
469 249
469 292
469 379
469 440
469 446
469 465
469 476
469 480
469 482
469 485
470 90
470 264
470 265
470 323
470 342
470 365
470 390
470 434
471 57
471 345
471 360
471 366
471 388
471 410
471 418
471 453
471 477
471 488
471 493
471 494
471 495
471 500
472 57
472 114
472 393
472 400
472 423
472 424
472 468
472 479
472 481
472 484
472 489
472 490
472 493
472 496
473 390
473 407
473 412
473 419
473 420
473 437
473 441
473 446
473 452
474 22
474 28
474 39
474 325
474 475
475 22
475 28
475 39
475 457
475 474
476 48
476 182
476 249
476 388
476 401
476 405
476 440
476 446
476 455
476 460
476 469
476 480
476 485
476 489
476 494
477 57
477 82
477 88
477 157
477 212
477 245
477 357
477 385
477 427
477 445
477 456
477 460
477 466
477 467
477 471
478 189
478 206
478 463
478 464
478 483
479 48
479 57
479 79
479 169
479 286
479 292
479 300
479 324
479 380
479 468
479 472
479 481
479 482
479 489
479 491
479 498
480 44
480 162
480 182
480 286
480 324
480 352
480 379
480 426
480 450
480 465
480 469
480 476
480 484
480 485
480 488
480 491
481 48
481 57
481 79
481 367
481 368
481 372
481 389
481 407
481 424
481 468
481 472
481 479
481 482
481 489
481 491
481 498
482 48
482 57
482 79
482 82
482 131
482 286
482 379
482 390
482 454
482 465
482 469
482 479
482 481
482 489
482 491
482 498
483 77
483 223
483 293
483 464
483 478
484 57
484 350
484 376
484 377
484 400
484 402
484 424
484 453
484 468
484 472
484 480
484 489
484 490
484 493
484 494
484 495
484 496
485 81
485 109
485 145
485 182
485 249
485 306
485 379
485 401
485 440
485 446
485 454
485 462
485 469
485 476
485 480
485 493
486 110
486 144
486 155
486 297
486 306
486 320
486 333
486 358
486 419
487 107
487 185
487 295
487 299
487 321
487 322
487 332
487 334
487 339
487 415
487 426
487 488
488 334
488 360
488 388
488 410
488 440
488 453
488 471
488 480
488 487
488 493
488 494
488 495
488 496
488 500
489 17
489 40
489 57
489 336
489 400
489 424
489 456
489 468
489 472
489 476
489 479
489 481
489 482
489 484
489 490
489 491
489 496
489 498
490 57
490 173
490 273
490 299
490 314
490 357
490 400
490 401
490 424
490 453
490 468
490 472
490 484
490 489
490 493
490 494
490 495
490 496
491 10
491 48
491 79
491 286
491 303
491 304
491 333
491 338
491 379
491 408
491 420
491 465
491 479
491 480
491 481
491 482
491 489
491 497
491 498
492 25
492 208
492 216
492 231
492 357
492 365
492 410
492 499
493 190
493 396
493 400
493 424
493 453
493 461
493 468
493 471
493 472
493 484
493 485
493 488
493 490
493 494
493 495
493 496
494 84
494 360
494 388
494 400
494 410
494 424
494 452
494 453
494 460
494 471
494 476
494 484
494 488
494 490
494 493
494 495
494 496
494 498
494 500
495 92
495 310
495 343
495 345
495 360
495 375
495 388
495 400
495 410
495 424
495 453
495 471
495 484
495 488
495 490
495 493
495 494
495 496
495 500
496 22
496 88
496 140
496 279
496 312
496 384
496 400
496 424
496 438
496 453
496 468
496 472
496 484
496 488
496 489
496 490
496 493
496 494
496 495
497 187
497 293
497 373
497 385
497 394
497 398
497 409
497 430
497 491
498 48
498 57
498 79
498 83
498 175
498 192
498 235
498 251
498 286
498 411
498 451
498 460
498 465
498 479
498 481
498 482
498 489
498 491
498 494
499 71
499 142
499 196
499 222
499 231
499 316
499 381
499 386
499 417
499 492
500 301
500 328
500 360
500 370
500 379
500 388
500 410
500 413
500 444
500 453
500 471
500 488
500 494
500 495
