1 14
2 22
3 24
4 25
5 13
6 36
7 3
8 12
9 25
10 36
11 29
12 45
13 25
14 37
15 5
16 23
17 12
18 45
19 23
20 27
21 32
22 46
23 29
24 28
25 41
26 46
27 12
28 3
29 27
30 24
31 28
32 19
33 17
34 30
35 29
36 14
37 21
38 44
39 23
40 37
41 39
42 30
43 43
44 15
45 45
46 42
47 9
48 38
49 25
50 8
51 13
52 8
53 8
54 38
55 31
56 42
57 25
58 5
59 38
60 4
61 23
62 26
63 6
64 36
65 28
66 34
67 12
68 1
69 2
70 30
71 8
72 23
73 17
74 47
75 3
76 21
77 25
78 13
79 44
80 42
81 38
82 9
83 22
84 11
85 14
86 9
87 13
88 27
89 39
90 41
91 37
92 39
93 8
94 10
95 4
96 1
97 15
98 5
99 33
100 22
101 46
102 29
103 10
104 42
105 37
106 41
107 21
108 1
109 44
110 25
111 47
112 19
113 4
114 10
115 47
116 41
117 18
118 5
119 4
120 31
121 40
122 15
123 31
124 24
125 37
126 42
127 35
128 9
129 16
130 43
131 23
132 35
133 17
134 44
135 16
136 29
137 10
138 34
139 11
140 22
141 8
142 5
143 34
144 45
145 19
146 15
147 32
148 17
149 12
150 1
151 40
152 36
153 35
154 16
155 17
156 17
157 46
158 31
159 4
160 46
161 20
162 19
163 21
164 12
165 25
166 12
167 42
168 10
169 5
170 22
171 44
172 32
173 22
174 14
175 20
176 44
177 42
178 42
179 41
180 29
181 16
182 13
183 22
184 13
185 4
186 33
187 36
188 45
189 46
190 3
191 2
192 7
193 7
194 44
195 8
196 27
197 40
198 29
199 16
200 41
201 29
202 10
203 38
204 33
205 38
206 43
207 44
208 44
209 27
210 45
211 22
212 26
213 19
214 14
215 25
216 38
217 36
218 36
219 47
220 11
221 11
222 43
223 42
224 13
225 42
226 8
227 41
228 4
229 4
230 29
231 16
232 22
233 2
234 43
235 44
236 23
237 44
238 17
239 19
240 47
241 43
242 26
243 6
244 25
245 23
246 22
247 43
248 44
249 9
250 14
251 5
252 33
253 16
254 6
255 14
256 4
257 2
258 32
259 46
260 6
261 7
262 3
263 17
264 24
265 31
266 17
267 20
268 22
269 20
270 44
271 45
272 13
273 34
274 32
275 31
276 2
277 26
278 29
279 24
280 5
281 25
282 25
283 4
284 33
285 27
286 27
287 25
288 20
289 25
290 42
291 38
292 5
293 38
294 30
295 37
296 44
297 23
298 31
299 41
300 27
301 17
302 32
303 9
304 34
305 34
306 1
307 4
308 18
309 36
310 35
311 36
312 31
313 13
314 31
315 15
316 21
317 37
318 36
319 36
320 17
321 47
322 22
323 10
324 10
325 41
326 10
327 14
328 28
329 5
330 42
331 41
332 17
333 41
334 22
335 9
336 4
337 8
338 43
339 3
340 39
341 18
342 36
343 17
344 8
345 38
346 47
347 4
348 33
349 16
350 13
351 7
352 4
353 22
354 13
355 7
356 21
357 31
358 26
359 3
360 27
361 32
362 1
363 25
364 5
365 23
366 47
367 42
368 28
369 9
370 35
371 45
372 18
373 21
374 29
375 42
376 43
377 44
378 23
379 44
380 22
381 47
382 44
383 23
384 43
385 44
386 32
387 30
388 18
389 38
390 3
391 42
392 25
393 4
394 19
395 47
396 38
397 10
398 36
399 19
400 11
401 39
402 3
403 44
404 12
405 25
406 47
407 46
408 2
409 5
410 23
411 46
412 31
413 41
414 22
415 27
416 34
417 37
418 19
419 40
420 34
421 41
422 5
423 38
424 40
425 36
426 4
427 46
428 9
429 7
430 42
431 4
432 4
433 17
434 19
435 21
436 46
437 4
438 17
439 23
440 16
441 4
442 4
443 25
444 2
445 4
446 16
447 16
448 8
449 27
450 45
451 47
452 44
453 6
454 8
455 17
456 25
457 25
458 46
459 23
460 45
461 18
462 1
463 15
464 9
465 8
466 22
467 37
468 13
469 11
470 22
471 23
472 22
473 25
474 13
475 22
476 6
477 31
478 25
479 9
480 43
481 45
482 45
483 7
484 16
485 35
486 31
487 36
488 38
489 15
490 38
491 42
492 5
493 5
494 23
495 38
496 1
497 22
498 9
499 41
500 46
