1 31
2 49
3 28
4 42
5 13
6 20
7 18
8 4
9 42
10 2
11 37
12 29
13 6
14 20
15 37
16 30
17 40
18 3
19 41
20 50
21 6
22 15
23 54
24 34
25 34
26 27
27 4
28 21
29 4
30 24
31 40
32 25
33 23
34 11
35 25
36 25
37 51
38 36
39 14
40 1
41 17
42 3
43 38
44 30
45 19
46 43
47 41
48 47
49 26
50 29
51 31
52 15
53 21
54 40
55 47
56 38
57 5
58 53
59 2
60 4
61 48
62 30
63 45
64 22
65 12
66 9
67 24
68 39
69 13
70 42
71 17
72 14
73 48
74 38
75 41
76 22
77 26
78 46
79 3
80 24
81 9
82 5
83 32
84 21
85 15
86 6
87 8
88 51
89 43
90 19
91 39
92 52
93 31
94 46
95 48
96 24
97 26
98 28
99 42
100 6
101 19
102 44
103 46
104 14
105 11
106 43
107 34
108 11
109 50
110 20
111 26
112 23
113 11
114 46
115 29
116 45
117 11
118 30
119 42
120 34
121 11
122 46
123 11
124 49
125 46
126 8
127 6
128 5
129 46
130 45
131 31
132 46
133 48
134 39
135 43
136 20
137 40
138 18
139 26
140 5
141 18
142 39
143 50
144 38
145 46
146 3
147 5
148 5
149 26
150 3
151 47
152 41
153 51
154 45
155 42
156 28
157 1
158 37
159 44
160 4
161 49
162 48
163 21
164 25
165 47
166 41
167 40
168 33
169 41
170 17
171 35
172 7
173 32
174 5
175 42
176 48
177 30
178 21
179 15
180 40
181 10
182 43
183 5
184 50
185 32
186 49
187 6
188 1
189 31
190 2
191 6
192 2
193 50
194 27
195 37
196 4
197 27
198 47
199 21
200 14
201 13
202 54
203 43
204 48
205 45
206 21
207 17
208 27
209 50
210 19
211 17
212 29
213 3
214 51
215 1
216 35
217 8
218 22
219 50
220 41
221 5
222 22
223 43
224 36
225 21
226 3
227 48
228 47
229 19
230 14
231 24
232 6
233 32
234 38
235 32
236 46
237 13
238 6
239 8
240 13
241 21
242 44
243 49
244 21
245 5
246 35
247 44
248 25
249 17
250 8
251 29
252 28
253 11
254 21
255 53
256 20
257 35
258 3
259 17
260 53
261 40
262 41
263 54
264 49
265 9
266 47
267 26
268 13
269 23
270 27
271 23
272 4
273 49
274 26
275 11
276 31
277 28
278 5
279 14
280 21
281 7
282 21
283 2
284 11
285 51
286 12
287 10
288 52
289 25
290 46
291 18
292 46
293 2
294 14
295 12
296 13
297 50
298 43
299 17
300 12
301 4
302 52
303 49
304 35
305 33
306 17
307 27
308 38
309 43
310 51
311 17
312 1
313 15
314 27
315 21
316 12
317 24
318 5
319 29
320 36
321 5
322 25
323 17
324 33
325 24
326 44
327 24
328 9
329 18
330 20
331 31
332 21
333 8
334 21
335 22
336 1
337 29
338 19
339 48
340 25
341 10
342 42
343 21
344 26
345 48
346 54
347 18
348 34
349 45
350 11
351 52
352 30
353 33
354 41
355 17
356 50
357 42
358 19
359 37
360 12
361 6
362 31
363 26
364 8
365 7
366 52
367 7
368 26
369 21
370 9
371 26
372 41
373 23
374 33
375 15
376 43
377 17
378 49
379 51
380 16
381 53
382 10
383 24
384 53
385 40
386 17
387 17
388 25
389 23
390 50
391 31
392 17
393 23
394 30
395 33
396 18
397 26
398 16
399 49
400 7
401 53
402 24
403 16
404 39
405 39
406 18
407 54
408 51
409 19
410 33
411 36
412 23
413 1
414 50
415 37
416 36
417 46
418 43
419 4
420 48
421 17
422 35
423 50
424 45
425 36
426 46
427 51
428 25
429 37
430 53
431 3
432 43
433 23
434 17
435 45
436 10
437 33
438 7
439 28
440 16
441 50
442 5
443 50
444 45
445 24
446 49
447 1
448 13
449 23
450 17
451 48
452 9
453 2
454 11
455 29
456 46
457 50
458 47
459 16
460 49
461 50
462 21
463 19
464 1
465 28
466 49
467 16
468 2
469 4
470 1
471 5
472 19
473 1
474 23
475 30
476 31
477 51
478 51
479 43
480 21
481 4
482 35
483 42
484 49
485 19
486 10
487 11
488 33
489 11
490 31
491 1
492 50
493 18
494 5
495 42
496 3
497 21
498 51
499 51
500 49
