1 13
1 21
1 223
1 242
1 405
1 439
2 64
2 145
2 249
2 347
2 448
2 456
2 458
2 474
2 475
2 500
3 5
3 343
3 376
3 459
3 477
4 294
4 367
4 435
4 498
4 499
5 3
5 123
5 446
5 459
5 477
6 23
6 125
6 357
6 404
6 461
7 47
7 189
7 321
7 387
7 447
8 94
8 97
8 116
8 219
8 287
8 307
8 373
9 89
9 228
9 275
9 311
9 327
9 352
10 11
10 130
10 216
10 217
10 414
11 10
11 52
11 58
11 59
11 98
11 160
11 175
11 205
11 339
11 382
11 444
11 487
12 45
12 87
12 119
12 300
12 394
12 420
12 432
12 445
12 453
12 467
12 479
13 1
13 21
13 131
13 162
13 194
13 223
13 242
13 265
13 363
13 405
13 439
14 28
14 75
14 335
14 349
14 429
15 60
15 95
15 305
15 312
15 318
15 326
15 402
15 483
16 19
16 91
16 207
16 313
16 360
16 374
16 421
17 33
17 136
17 192
17 299
17 413
17 491
18 47
18 65
18 71
18 102
18 189
19 16
19 119
19 253
19 409
19 467
20 99
20 200
20 248
20 256
20 389
20 472
21 1
21 13
21 122
21 223
21 242
21 265
21 363
21 405
22 195
22 201
22 245
22 357
22 461
23 6
23 201
23 245
23 357
23 461
24 153
24 167
24 233
24 356
24 361
25 41
25 138
25 199
25 290
25 297
26 30
26 103
26 259
26 354
26 436
27 29
27 43
27 112
27 134
27 165
28 14
28 75
28 335
28 349
28 429
29 27
29 43
29 112
29 148
29 247
30 26
30 62
30 103
30 259
30 329
30 436
31 120
31 197
31 380
31 410
31 426
32 220
32 294
32 367
32 498
32 499
33 17
33 136
33 192
33 299
33 413
34 67
34 104
34 141
34 156
34 173
34 279
35 135
35 208
35 225
35 351
35 365
35 366
35 430
35 449
36 45
36 83
36 88
36 151
36 176
36 210
36 293
36 398
37 75
37 183
37 335
37 349
37 429
38 146
38 155
38 188
38 322
38 390
38 391
38 442
39 92
39 202
39 403
39 480
39 495
40 228
40 244
40 311
40 327
40 352
41 25
41 79
41 157
41 290
41 297
42 47
42 189
42 212
42 379
42 465
43 27
43 29
43 112
43 134
43 148
43 165
44 76
44 190
44 267
44 358
44 425
45 12
45 36
45 110
45 119
45 300
45 394
45 432
45 445
45 453
45 467
46 114
46 226
46 240
46 271
46 302
46 396
46 424
46 433
46 450
46 454
46 476
47 7
47 18
47 42
47 96
47 102
47 189
47 284
47 298
47 321
47 379
47 387
47 416
47 437
47 447
47 457
47 465
48 220
48 294
48 367
48 498
48 499
49 154
49 264
49 369
49 378
49 401
50 56
50 82
50 127
50 224
50 230
50 236
50 270
50 406
51 215
51 294
51 367
51 435
51 466
51 492
51 498
51 499
52 11
52 98
52 160
52 175
52 205
52 339
52 487
53 77
53 184
53 221
53 231
53 254
53 295
53 381
54 60
54 305
54 330
54 388
54 484
55 71
55 189
55 298
55 416
55 447
56 50
56 82
56 90
56 127
56 236
57 215
57 492
57 498
57 499
58 11
58 98
58 339
58 345
58 444
59 11
59 160
59 339
59 345
59 444
60 15
60 54
60 95
60 140
60 214
60 305
60 312
60 318
60 326
60 359
60 371
60 388
60 402
60 483
60 484
61 73
61 118
61 177
61 191
61 277
61 289
61 319
62 30
62 103
62 243
62 354
63 232
63 348
63 369
63 378
63 401
64 2
64 117
64 198
64 249
64 347
64 448
64 456
64 458
64 474
64 475
64 500
65 18
65 71
65 189
65 298
65 447
66 71
66 102
66 298
66 379
66 457
67 34
67 104
67 156
67 173
67 211
68 159
68 183
68 332
68 335
68 349
69 100
69 273
69 340
69 392
69 395
70 394
70 423
70 432
70 453
70 479
71 18
71 55
71 65
71 66
71 102
71 189
71 212
71 298
71 379
71 416
71 447
71 465
72 136
72 192
72 397
72 413
72 488
73 61
73 118
73 177
73 191
73 277
73 289
73 319
74 147
74 207
74 288
74 360
74 421
75 14
75 28
75 37
75 159
75 183
75 335
75 349
76 44
76 78
76 190
76 196
76 267
76 399
76 425
77 53
77 171
77 185
77 221
77 231
77 295
77 381
78 76
78 196
78 317
78 358
78 399
78 471
78 497
79 41
79 105
79 138
79 199
79 283
79 290
79 297
80 125
80 195
80 310
80 377
80 404
81 206
81 271
81 368
81 424
81 473
82 50
82 56
82 90
82 127
82 143
82 230
82 236
82 270
82 355
82 406
83 36
83 84
83 210
83 293
83 325
83 344
83 398
84 83
84 179
84 218
84 292
84 315
85 187
85 304
85 407
85 415
85 417
85 495
86 170
86 234
86 261
86 262
86 328
86 422
86 455
87 12
87 119
87 316
87 394
87 420
87 423
87 432
87 445
87 453
87 467
88 36
88 176
88 210
88 293
88 325
88 344
89 9
89 204
89 311
89 327
89 352
90 56
90 82
90 103
90 143
90 230
90 355
91 16
91 207
91 313
91 323
91 360
91 374
91 419
91 421
92 39
92 121
92 202
92 403
92 407
92 489
92 495
93 182
93 218
93 292
93 315
93 411
94 8
94 97
94 142
94 219
94 287
94 373
95 15
95 60
95 312
95 318
95 371
95 402
95 484
96 47
96 298
96 387
96 437
96 447
97 8
97 94
97 142
97 219
97 287
97 373
98 11
98 52
98 58
98 160
98 175
98 205
98 345
99 20
99 172
99 248
99 256
99 389
99 472
100 69
100 133
100 139
100 273
100 309
100 340
100 375
100 392
100 395
101 226
101 324
101 396
101 454
101 473
102 18
102 47
102 66
102 71
102 189
102 298
103 26
103 30
103 62
103 90
103 222
103 243
103 259
103 329
103 337
103 431
103 436
104 34
104 67
104 141
104 211
104 237
104 279
105 79
105 140
105 283
105 371
105 484
106 136
106 299
106 314
106 413
106 488
107 109
107 135
107 225
107 366
107 434
107 463
108 124
108 308
108 341
108 343
108 350
108 353
108 376
108 446
108 459
108 477
109 107
109 167
109 233
109 272
109 356
109 361
109 438
110 45
110 227
110 394
110 432
110 445
110 453
111 146
111 155
111 286
111 322
111 390
111 442
112 27
112 29
112 43
112 134
112 148
112 165
112 180
112 247
113 158
113 229
113 238
113 266
113 414
114 46
114 271
114 302
114 424
114 473
115 291
115 420
115 445
115 453
115 479
116 8
116 219
116 307
116 333
116 470
117 64
117 198
117 347
117 362
117 500
118 61
118 73
118 177
118 191
118 289
119 12
119 19
119 45
119 87
119 278
119 291
119 300
119 394
119 409
119 420
119 432
119 445
119 453
119 467
119 479
120 31
120 150
120 380
120 468
120 478
121 92
121 403
121 407
121 428
121 482
121 489
121 495
122 21
122 131
122 405
122 439
123 5
123 124
123 341
123 350
123 353
123 446
124 108
124 123
124 203
124 341
124 343
124 350
124 353
124 459
125 6
125 80
125 303
125 377
125 404
125 461
126 133
126 170
126 234
126 261
126 262
127 50
127 56
127 82
127 224
127 270
128 153
128 272
128 301
128 361
128 438
129 135
129 255
129 365
129 366
129 430
129 449
130 10
130 158
130 216
130 217
130 414
131 13
131 122
131 194
131 223
131 405
132 367
132 466
132 492
132 498
132 499
133 100
133 126
133 273
133 309
133 340
133 395
134 27
134 43
134 112
134 165
134 180
134 247
135 35
135 107
135 129
135 166
135 208
135 213
135 225
135 263
135 365
135 366
135 430
135 434
135 449
135 463
136 17
136 33
136 72
136 106
136 192
136 299
136 314
136 413
136 488
137 215
137 294
137 367
137 466
137 492
137 498
137 499
138 25
138 79
138 157
138 199
139 100
139 273
139 309
139 340
139 395
140 60
140 105
140 312
140 483
140 484
141 34
141 104
141 173
141 237
141 279
142 94
142 97
142 219
142 287
142 373
142 470
143 82
143 90
143 230
143 355
143 406
144 229
144 238
144 266
144 370
144 414
145 2
145 149
145 347
145 458
145 500
146 38
146 111
146 155
146 164
146 322
147 74
147 154
147 360
147 374
147 421
148 29
148 43
148 112
148 180
148 247
149 145
149 347
149 448
149 486
149 500
150 120
150 380
150 468
150 478
150 481
151 36
151 210
151 293
151 344
151 398
151 400
152 197
152 241
152 258
152 306
152 342
152 380
152 410
152 412
152 468
152 478
153 24
153 128
153 167
153 301
153 356
154 49
154 147
154 161
154 348
154 369
154 378
154 401
155 38
155 111
155 146
155 188
155 285
155 286
155 322
155 383
155 390
155 391
155 442
156 34
156 67
156 173
156 211
156 279
157 41
157 138
157 160
157 199
158 113
158 130
158 216
158 217
158 229
158 238
158 266
158 370
159 68
159 75
159 349
159 429
159 440
160 11
160 52
160 59
160 98
160 157
160 345
161 154
161 251
161 348
161 378
161 401
162 13
162 223
162 265
162 363
162 405
163 215
163 294
163 367
163 466
163 498
163 499
164 146
164 188
164 285
164 383
164 442
165 27
165 43
165 112
165 134
165 180
166 135
166 208
166 263
166 366
166 463
167 24
167 109
167 153
167 233
167 356
167 361
168 197
168 241
168 306
168 380
168 410
168 468
169 283
169 347
169 448
169 456
169 500
170 86
170 126
170 183
170 234
170 261
170 328
171 77
171 184
171 221
171 295
171 381
172 99
172 200
172 248
172 276
172 472
173 34
173 67
173 141
173 156
173 237
173 279
174 206
174 424
174 433
174 450
174 473
174 485
175 11
175 52
175 98
175 205
175 382
175 487
176 36
176 88
176 210
176 325
176 344
176 398
176 400
177 61
177 73
177 118
177 191
177 277
177 319
178 308
178 341
178 353
178 376
178 393
178 460
179 84
179 182
179 218
179 292
179 315
179 411
180 112
180 134
180 148
180 165
180 247
181 451
181 452
181 464
181 495
181 496
182 93
182 179
182 218
182 292
182 315
182 411
183 37
183 68
183 75
183 170
183 349
183 429
184 53
184 171
184 231
184 254
184 295
184 381
184 385
185 77
185 189
185 221
185 231
185 381
185 385
186 294
186 367
186 492
186 498
186 499
187 85
187 304
187 346
187 403
187 407
187 415
187 417
187 452
187 462
187 464
187 489
187 495
188 38
188 155
188 164
188 286
188 322
188 383
188 390
188 391
188 442
189 7
189 18
189 42
189 47
189 55
189 65
189 71
189 102
189 185
189 212
189 284
189 298
189 379
189 387
189 416
189 437
189 447
190 44
190 76
190 317
190 358
190 399
190 497
191 61
191 73
191 118
191 177
191 277
191 319
192 17
192 33
192 72
192 136
192 299
192 314
192 397
192 488
192 491
193 203
193 208
193 213
193 225
193 430
194 13
194 131
194 223
194 242
194 363
195 22
195 80
195 310
195 357
195 377
195 404
196 76
196 78
196 239
196 317
196 358
196 399
196 425
197 31
197 152
197 168
197 306
197 342
197 380
197 410
197 412
197 426
197 468
197 478
197 481
197 493
198 64
198 117
198 249
198 347
198 448
198 456
198 458
198 474
198 475
198 500
199 25
199 79
199 138
199 157
199 290
199 297
200 20
200 172
200 256
200 276
200 389
200 472
201 22
201 23
201 245
201 269
201 377
201 404
202 39
202 92
202 403
202 480
202 489
202 495
203 124
203 193
203 341
203 350
203 353
203 446
203 459
203 460
204 89
204 275
204 311
204 327
204 352
205 11
205 52
205 98
205 175
205 444
205 487
206 81
206 174
206 324
206 433
206 454
206 473
207 16
207 74
207 91
207 313
207 323
207 419
208 35
208 135
208 166
208 193
208 225
208 263
208 365
208 366
208 430
208 449
208 463
209 235
209 331
209 364
209 384
209 418
209 427
209 441
210 36
210 83
210 88
210 151
210 176
210 293
210 325
210 344
210 398
211 67
211 104
211 156
211 237
211 279
212 42
212 71
212 189
212 284
212 298
212 379
213 135
213 193
213 351
213 365
213 366
213 430
213 449
214 60
214 305
214 318
214 326
214 359
214 483
214 484
215 51
215 57
215 137
215 163
215 220
215 246
215 294
215 367
215 435
215 466
215 498
215 499
216 10
216 130
216 158
216 217
216 414
217 10
217 130
217 158
217 216
217 414
218 84
218 93
218 179
218 182
218 292
218 315
218 411
219 8
219 94
219 97
219 116
219 142
219 287
219 307
219 333
220 32
220 48
220 215
220 294
220 367
220 435
220 466
220 492
220 498
220 499
221 53
221 77
221 171
221 185
221 231
221 254
222 103
222 243
222 259
222 329
222 337
222 431
223 1
223 13
223 21
223 131
223 162
223 194
223 242
223 265
223 363
223 405
223 439
224 50
224 127
224 270
224 355
225 35
225 107
225 135
225 193
225 208
225 365
225 366
225 463
226 46
226 101
226 396
226 433
226 450
226 473
226 476
227 110
227 253
227 394
227 420
227 445
227 453
228 9
228 40
228 244
228 275
228 327
228 352
229 113
229 144
229 158
229 238
229 370
229 414
230 50
230 82
230 90
230 143
230 355
230 406
231 53
231 77
231 184
231 185
231 221
231 254
231 295
231 381
231 385
232 63
232 348
232 378
232 401
233 24
233 109
233 167
233 301
233 361
233 438
234 86
234 126
234 170
234 262
234 328
234 422
235 209
235 260
235 281
235 347
235 474
235 475
235 500
236 50
236 56
236 82
236 355
236 406
237 104
237 141
237 173
237 211
237 255
237 279
238 113
238 144
238 158
238 229
238 266
238 414
239 196
239 267
239 399
239 471
239 497
240 46
240 450
240 469
240 473
240 476
240 485
241 152
241 168
241 306
241 468
241 478
242 1
242 13
242 21
242 194
242 223
242 363
242 405
243 62
243 103
243 222
243 259
243 329
243 431
244 40
244 228
244 311
244 327
244 352
245 22
245 23
245 201
245 303
245 377
246 215
246 294
246 367
246 492
246 498
246 499
247 29
247 112
247 134
247 148
247 180
248 20
248 99
248 172
248 276
248 389
248 472
249 2
249 64
249 198
249 347
249 458
249 474
250 320
250 324
250 372
250 433
250 473
250 476
251 161
251 264
251 348
251 369
251 378
251 401
252 274
252 408
252 418
252 427
252 441
253 19
253 227
253 445
253 453
253 467
254 53
254 184
254 221
254 231
254 381
254 385
255 129
255 237
255 365
255 366
255 430
255 449
256 20
256 99
256 200
256 276
256 389
256 472
257 334
257 347
257 362
257 448
257 456
257 474
258 152
258 342
258 410
258 468
258 478
259 26
259 30
259 103
259 222
259 243
259 329
259 431
259 436
260 235
260 347
260 448
260 456
260 474
260 475
260 486
261 86
261 126
261 170
261 270
261 328
261 422
262 86
262 126
262 234
262 328
262 422
262 455
263 135
263 166
263 208
263 365
263 449
263 463
264 49
264 251
264 348
264 369
264 378
264 401
265 13
265 21
265 162
265 223
265 363
265 405
266 113
266 144
266 158
266 238
266 370
266 414
267 44
267 76
267 239
267 358
267 399
267 471
268 294
268 367
268 435
268 466
268 498
268 499
269 201
269 282
269 357
269 377
269 404
269 461
270 50
270 82
270 127
270 224
270 261
270 355
271 46
271 81
271 114
271 278
271 302
271 324
271 368
271 424
271 433
271 450
271 454
271 469
271 473
271 476
272 109
272 128
272 301
272 356
273 69
273 100
273 133
273 139
273 309
273 340
273 375
273 392
273 395
274 252
274 364
274 408
274 418
274 427
274 441
275 9
275 204
275 228
275 311
275 327
275 352
276 172
276 200
276 248
276 256
276 472
277 61
277 73
277 177
277 191
277 289
277 319
278 119
278 271
278 291
278 394
278 409
278 445
279 34
279 104
279 141
279 156
279 173
279 211
279 237
280 336
280 364
280 384
280 418
280 427
280 441
281 235
281 334
281 347
281 474
281 475
281 500
282 269
282 303
282 310
282 357
282 377
282 404
282 461
283 79
283 105
283 169
283 347
283 456
283 475
283 500
284 47
284 189
284 212
284 289
284 298
284 379
284 416
285 155
285 164
285 322
285 383
285 390
285 391
285 442
286 111
286 155
286 188
286 322
286 390
286 391
286 442
287 8
287 94
287 97
287 142
287 219
287 333
287 373
287 470
288 74
288 360
288 374
288 421
289 61
289 73
289 118
289 277
289 284
289 319
290 25
290 41
290 79
290 199
290 297
291 115
291 119
291 278
291 467
292 84
292 93
292 179
292 182
292 218
292 315
292 411
293 36
293 83
293 88
293 151
293 210
293 325
293 398
293 400
294 4
294 32
294 48
294 51
294 137
294 163
294 186
294 215
294 220
294 246
294 268
294 367
294 435
294 443
294 492
294 494
294 498
294 499
295 53
295 77
295 171
295 184
295 231
295 385
296 367
296 466
296 492
296 498
296 499
297 25
297 41
297 79
297 199
297 290
298 47
298 55
298 65
298 66
298 71
298 96
298 102
298 189
298 212
298 284
298 307
298 321
298 379
298 387
298 416
298 437
298 447
298 457
298 465
299 17
299 33
299 106
299 136
299 192
299 314
300 12
300 45
300 119
300 394
300 420
300 423
300 445
300 453
300 467
301 128
301 153
301 233
301 272
301 356
301 361
301 438
302 46
302 114
302 271
302 424
302 433
302 450
302 476
303 125
303 245
303 282
303 310
303 377
304 85
304 187
304 346
304 403
304 417
304 452
304 462
304 464
304 489
304 495
305 15
305 54
305 60
305 214
305 318
305 371
305 484
306 152
306 168
306 197
306 241
306 380
306 410
306 412
306 468
306 478
306 493
307 8
307 116
307 219
307 298
307 333
307 470
308 108
308 178
308 341
308 350
308 353
308 393
308 460
308 490
309 100
309 133
309 139
309 273
309 340
309 392
309 395
310 80
310 195
310 282
310 303
310 377
311 9
311 40
311 89
311 204
311 244
311 275
311 352
312 15
312 60
312 95
312 140
312 313
312 402
312 484
313 16
313 91
313 207
313 312
313 360
313 374
313 421
314 106
314 136
314 192
314 299
314 397
314 491
315 84
315 93
315 179
315 182
315 218
315 292
316 87
316 394
316 420
316 432
316 445
316 453
317 78
317 190
317 196
317 358
317 425
318 15
318 60
318 95
318 214
318 305
318 326
318 402
318 483
318 484
319 61
319 73
319 177
319 191
319 277
319 289
320 250
320 324
320 372
320 450
320 454
321 7
321 47
321 298
321 387
321 447
322 38
322 111
322 146
322 155
322 188
322 285
322 286
322 383
322 390
322 391
322 442
323 91
323 207
323 360
323 419
323 421
324 101
324 206
324 250
324 271
324 320
324 368
324 372
324 433
324 454
324 476
324 485
325 83
325 88
325 176
325 210
325 293
326 15
326 60
326 214
326 318
326 359
326 402
326 484
327 9
327 40
327 89
327 204
327 228
327 244
327 275
328 86
328 170
328 234
328 261
328 262
328 422
328 455
329 30
329 103
329 222
329 243
329 259
329 337
329 354
329 431
329 436
330 54
330 359
330 388
330 402
330 484
331 209
331 364
331 384
331 408
331 418
331 427
331 441
332 68
332 335
332 349
332 429
332 440
333 116
333 219
333 287
333 307
333 470
334 257
334 281
334 347
334 475
334 500
335 14
335 28
335 37
335 68
335 75
335 332
335 349
335 429
335 440
336 280
336 364
336 418
336 427
336 441
337 103
337 222
337 329
337 354
337 431
337 436
338 364
338 384
338 386
338 418
338 427
338 441
339 11
339 52
339 58
339 59
339 345
339 487
340 69
340 100
340 133
340 139
340 273
340 309
340 392
340 395
341 108
341 123
341 124
341 178
341 203
341 308
341 350
341 353
341 376
341 459
341 477
342 152
342 197
342 258
342 380
342 410
342 468
342 478
343 3
343 108
343 124
343 477
343 490
344 83
344 88
344 151
344 176
344 210
344 398
344 400
345 58
345 59
345 98
345 160
345 339
345 382
345 444
345 487
346 187
346 304
346 403
346 407
346 415
346 417
346 451
346 452
346 462
346 464
346 482
346 489
346 495
346 496
347 2
347 64
347 117
347 145
347 149
347 169
347 198
347 235
347 249
347 257
347 260
347 281
347 283
347 334
347 353
347 362
347 448
347 458
347 474
347 475
347 500
348 63
348 154
348 161
348 232
348 251
348 264
348 369
348 401
349 14
349 28
349 37
349 68
349 75
349 159
349 183
349 332
349 335
349 440
350 108
350 123
350 124
350 203
350 308
350 341
350 353
350 459
350 460
350 477
350 490
351 35
351 213
351 365
351 366
351 449
352 9
352 40
352 89
352 204
352 228
352 244
352 275
352 311
353 108
353 123
353 124
353 178
353 203
353 308
353 341
353 347
353 350
353 376
353 459
353 477
354 26
354 62
354 329
354 337
354 436
355 82
355 90
355 143
355 224
355 230
355 236
355 270
355 406
356 24
356 109
356 153
356 167
356 272
356 301
356 361
356 438
357 6
357 22
357 23
357 195
357 269
357 282
357 377
357 404
358 44
358 78
358 190
358 196
358 267
358 317
358 369
358 425
359 60
359 214
359 326
359 330
359 483
359 484
360 16
360 74
360 91
360 147
360 288
360 313
360 323
360 374
360 419
360 421
361 24
361 109
361 128
361 167
361 233
361 301
361 356
362 117
362 257
362 347
362 448
362 456
362 474
362 475
362 500
363 13
363 21
363 162
363 194
363 223
363 242
363 265
364 209
364 274
364 280
364 331
364 336
364 338
364 408
364 441
365 35
365 129
365 135
365 208
365 213
365 225
365 255
365 263
365 351
365 366
365 430
365 434
365 449
366 35
366 107
366 129
366 135
366 166
366 208
366 213
366 225
366 255
366 351
366 365
366 430
366 434
366 449
366 463
367 4
367 32
367 48
367 51
367 132
367 137
367 163
367 186
367 215
367 220
367 246
367 268
367 294
367 296
367 435
367 466
367 494
367 498
368 81
368 271
368 324
368 424
368 433
368 450
368 469
368 476
369 49
369 63
369 154
369 251
369 264
369 348
369 358
369 378
370 144
370 158
370 229
370 266
370 414
371 60
371 95
371 105
371 305
371 484
372 250
372 320
372 324
372 450
372 454
373 8
373 94
373 97
373 142
373 287
374 16
374 91
374 147
374 288
374 313
374 360
374 376
374 421
375 100
375 273
375 395
376 3
376 108
376 178
376 341
376 353
376 374
376 477
376 490
377 80
377 125
377 195
377 201
377 245
377 269
377 282
377 303
377 310
377 357
377 404
377 461
378 49
378 63
378 154
378 161
378 232
378 251
378 264
378 369
379 42
379 47
379 66
379 71
379 189
379 212
379 284
379 298
379 387
379 416
379 437
379 447
380 31
380 120
380 150
380 152
380 168
380 197
380 306
380 342
380 381
380 410
380 412
380 468
380 478
380 481
380 493
381 53
381 77
381 171
381 184
381 185
381 231
381 254
381 380
382 11
382 175
382 345
382 383
382 487
383 155
383 164
383 188
383 285
383 322
383 382
383 390
383 442
384 209
384 280
384 331
384 338
384 386
384 408
384 427
384 441
385 184
385 185
385 231
385 254
385 295
386 338
386 384
386 408
386 418
386 427
386 441
387 7
387 47
387 96
387 189
387 298
387 321
387 379
387 416
387 457
388 54
388 60
388 330
388 483
388 484
389 20
389 99
389 200
389 248
389 256
389 472
390 38
390 111
390 155
390 188
390 285
390 286
390 322
390 383
390 442
391 38
391 155
391 188
391 285
391 286
391 322
391 442
392 69
392 100
392 273
392 309
392 340
392 395
393 178
393 308
393 460
393 490
394 12
394 45
394 70
394 87
394 110
394 119
394 227
394 278
394 300
394 316
394 409
394 420
394 423
394 432
394 445
394 453
394 467
395 69
395 100
395 133
395 139
395 273
395 309
395 340
395 375
395 392
396 46
396 101
396 226
396 433
396 450
396 473
396 476
397 72
397 192
397 314
397 488
397 491
398 36
398 83
398 151
398 176
398 210
398 293
398 344
399 76
399 78
399 190
399 196
399 239
399 267
399 425
399 471
399 497
400 151
400 176
400 293
400 344
401 49
401 63
401 154
401 161
401 232
401 251
401 264
401 348
401 404
402 15
402 60
402 95
402 312
402 318
402 326
402 330
402 483
402 484
403 39
403 92
403 121
403 187
403 202
403 304
403 346
403 417
403 451
403 452
403 462
403 464
403 482
403 495
403 496
404 6
404 80
404 125
404 195
404 201
404 269
404 282
404 357
404 377
404 401
405 1
405 13
405 21
405 122
405 131
405 162
405 223
405 242
405 265
405 439
406 50
406 82
406 143
406 230
406 236
406 355
407 85
407 92
407 121
407 187
407 346
407 415
407 417
407 428
407 451
407 452
407 462
407 464
407 482
407 489
407 496
408 252
408 274
408 331
408 364
408 384
408 386
408 418
408 427
408 441
409 19
409 119
409 278
409 394
409 413
409 445
409 453
409 467
410 31
410 152
410 168
410 197
410 258
410 306
410 342
410 380
410 412
410 468
410 478
410 481
410 493
411 93
411 179
411 182
411 218
411 292
412 152
412 197
412 306
412 380
412 410
412 468
412 493
413 17
413 33
413 72
413 106
413 136
413 409
414 10
414 113
414 130
414 144
414 216
414 217
414 229
414 238
414 266
414 370
415 85
415 187
415 346
415 407
415 426
415 428
415 451
415 452
415 462
415 495
415 496
416 47
416 55
416 71
416 189
416 284
416 298
416 379
416 387
416 457
416 465
417 85
417 187
417 304
417 346
417 403
417 407
417 464
417 482
417 489
417 495
418 209
418 252
418 274
418 280
418 331
418 336
418 338
418 386
418 408
418 427
419 91
419 207
419 323
419 360
419 421
420 12
420 87
420 115
420 119
420 227
420 300
420 316
420 394
420 445
420 453
421 16
421 74
421 91
421 147
421 288
421 313
421 323
421 360
421 374
421 419
422 86
422 234
422 261
422 262
422 328
423 70
423 87
423 300
423 394
423 445
423 453
424 46
424 81
424 114
424 174
424 271
424 302
424 368
424 433
424 450
424 473
424 476
425 44
425 76
425 196
425 317
425 358
425 399
426 31
426 197
426 415
426 468
426 478
426 481
427 209
427 252
427 274
427 280
427 331
427 336
427 338
427 384
427 386
427 408
427 418
428 121
428 407
428 415
428 429
428 452
428 462
428 482
428 495
429 14
429 28
429 37
429 159
429 183
429 332
429 335
429 428
429 440
430 35
430 129
430 135
430 193
430 208
430 213
430 255
430 365
430 366
430 434
430 449
431 103
431 222
431 243
431 259
431 329
431 337
432 12
432 45
432 70
432 87
432 110
432 119
432 316
432 394
432 445
432 453
432 467
433 46
433 174
433 206
433 226
433 250
433 271
433 302
433 324
433 368
433 396
433 424
433 450
433 454
433 473
433 476
434 107
434 135
434 365
434 366
434 430
434 463
435 4
435 51
435 215
435 220
435 268
435 294
435 367
435 443
435 466
435 494
435 499
436 26
436 30
436 103
436 259
436 329
436 337
436 354
437 47
437 96
437 189
437 298
437 379
437 447
438 109
438 128
438 233
438 301
438 356
438 446
439 1
439 13
439 122
439 223
439 405
440 159
440 332
440 335
440 349
440 429
441 209
441 252
441 274
441 280
441 331
441 336
441 338
441 364
441 384
441 386
441 408
442 38
442 111
442 155
442 164
442 188
442 285
442 286
442 322
442 383
442 390
442 391
443 294
443 435
443 466
443 498
443 499
444 11
444 58
444 59
444 205
444 345
445 12
445 45
445 87
445 110
445 115
445 119
445 227
445 253
445 278
445 300
445 316
445 394
445 409
445 420
445 423
445 432
445 453
445 467
445 479
446 5
446 108
446 123
446 203
446 438
446 459
447 7
447 47
447 55
447 65
447 71
447 96
447 189
447 298
447 321
447 379
447 437
448 2
448 64
448 149
448 169
448 198
448 257
448 260
448 347
448 362
448 458
448 486
449 35
449 129
449 135
449 208
449 213
449 255
449 263
449 351
449 365
449 366
449 430
450 46
450 174
450 226
450 240
450 271
450 302
450 320
450 368
450 372
450 396
450 424
450 433
450 454
450 469
450 476
450 485
451 181
451 346
451 403
451 407
451 415
451 452
451 462
451 464
451 495
451 496
452 181
452 187
452 304
452 346
452 403
452 407
452 415
452 428
452 451
452 464
452 482
452 496
453 12
453 45
453 70
453 87
453 110
453 115
453 119
453 227
453 253
453 300
453 316
453 394
453 409
453 420
453 423
453 432
453 445
453 467
454 46
454 101
454 206
454 271
454 320
454 324
454 372
454 433
454 450
454 469
454 473
454 485
455 86
455 262
455 328
456 2
456 64
456 169
456 198
456 257
456 260
456 283
456 362
456 458
456 459
456 475
456 486
457 47
457 66
457 298
457 387
457 416
458 2
458 64
458 145
458 198
458 249
458 347
458 448
458 456
458 474
458 475
458 486
458 500
459 3
459 5
459 108
459 124
459 203
459 341
459 350
459 353
459 446
459 456
460 178
460 203
460 308
460 350
460 393
460 464
461 6
461 22
461 23
461 125
461 269
461 282
461 377
462 187
462 304
462 346
462 403
462 407
462 415
462 428
462 451
462 464
462 482
462 489
462 496
463 107
463 135
463 166
463 208
463 225
463 263
463 366
463 434
464 181
464 187
464 304
464 346
464 403
464 407
464 417
464 451
464 452
464 460
464 462
464 495
464 496
465 42
465 47
465 71
465 298
465 416
465 469
466 51
466 132
466 137
466 163
466 215
466 220
466 268
466 296
466 367
466 435
466 443
466 492
466 494
467 12
467 19
467 45
467 87
467 119
467 253
467 291
467 300
467 394
467 409
467 432
467 445
467 453
468 120
468 150
468 152
468 168
468 197
468 241
468 258
468 306
468 342
468 380
468 410
468 412
468 426
468 481
468 493
469 240
469 271
469 368
469 450
469 454
469 465
469 473
470 116
470 142
470 287
470 307
470 333
471 78
471 239
471 267
471 399
471 475
471 497
472 20
472 99
472 172
472 200
472 248
472 256
472 276
472 389
473 81
473 101
473 114
473 174
473 206
473 226
473 240
473 250
473 271
473 396
473 424
473 433
473 454
473 469
474 2
474 64
474 198
474 235
474 249
474 257
474 260
474 281
474 347
474 362
474 458
474 475
474 486
474 500
475 2
475 64
475 198
475 235
475 260
475 281
475 283
475 334
475 347
475 362
475 456
475 458
475 471
475 474
476 46
476 226
476 240
476 250
476 271
476 302
476 324
476 368
476 396
476 424
476 433
476 450
476 489
477 3
477 5
477 108
477 341
477 343
477 350
477 353
477 376
478 120
478 150
478 152
478 197
478 241
478 258
478 306
478 342
478 380
478 410
478 426
478 481
478 493
479 12
479 70
479 115
479 119
479 445
480 39
480 202
480 482
480 489
480 495
481 150
481 197
481 380
481 410
481 426
481 468
481 478
482 121
482 346
482 403
482 407
482 417
482 428
482 452
482 462
482 480
483 15
483 60
483 140
483 214
483 318
483 359
483 388
483 402
484 54
484 60
484 95
484 105
484 140
484 214
484 305
484 312
484 318
484 326
484 330
484 359
484 371
484 388
484 402
485 174
485 240
485 324
485 450
485 454
486 149
486 260
486 448
486 456
486 458
486 474
486 500
487 11
487 52
487 175
487 205
487 339
487 345
487 382
488 72
488 106
488 136
488 192
488 397
488 491
489 92
489 121
489 187
489 202
489 304
489 346
489 407
489 417
489 462
489 476
489 480
489 495
489 496
490 308
490 343
490 350
490 376
490 393
491 17
491 192
491 314
491 397
491 488
492 51
492 57
492 132
492 137
492 186
492 220
492 246
492 294
492 296
492 466
492 499
493 197
493 306
493 380
493 410
493 412
493 468
493 478
493 500
494 294
494 367
494 435
494 466
494 498
494 499
495 39
495 85
495 92
495 121
495 181
495 187
495 202
495 304
495 346
495 403
495 415
495 417
495 428
495 451
495 464
495 480
495 489
495 496
496 181
496 346
496 403
496 407
496 415
496 451
496 452
496 462
496 464
496 489
496 495
497 78
497 190
497 239
497 399
497 471
498 4
498 32
498 48
498 51
498 57
498 132
498 137
498 163
498 186
498 215
498 220
498 246
498 268
498 294
498 296
498 367
498 443
498 494
498 499
499 4
499 32
499 48
499 51
499 57
499 132
499 137
499 163
499 186
499 215
499 220
499 246
499 268
499 294
499 296
499 435
499 443
499 492
499 494
499 498
500 2
500 64
500 117
500 145
500 149
500 169
500 198
500 235
500 281
500 283
500 334
500 347
500 362
500 458
500 474
500 486
500 493
