1 124
1 386
1 406
1 423
1 456
2 66
2 68
2 339
2 365
2 373
3 4
3 453
3 459
3 472
3 473
4 3
4 67
4 189
4 390
4 472
5 350
5 352
5 399
5 407
5 422
6 105
6 282
6 412
6 493
6 499
7 163
7 240
7 374
7 403
7 489
8 9
8 60
8 330
8 417
8 430
9 8
9 36
9 146
9 204
9 475
10 212
10 232
10 241
10 267
10 399
11 93
11 125
11 178
11 340
11 407
12 113
12 138
12 333
12 391
12 466
13 399
13 428
13 460
13 481
13 486
14 331
14 390
14 393
14 479
14 480
15 134
15 248
15 349
15 361
15 454
16 82
16 87
16 370
16 418
16 494
17 201
17 217
17 268
17 358
17 479
18 201
18 328
18 368
18 377
18 442
19 183
19 185
19 286
19 323
19 413
20 95
20 251
20 362
20 398
20 443
21 231
21 342
21 426
21 478
21 494
22 182
22 214
22 246
22 363
22 451
23 36
23 64
23 246
23 287
23 367
24 321
24 378
24 393
24 450
24 496
25 49
25 218
25 289
25 305
25 323
26 177
26 264
26 446
26 489
26 496
27 285
27 344
27 433
27 436
27 496
28 138
28 381
28 422
28 456
28 467
29 78
29 81
29 323
29 387
29 499
30 102
30 214
30 267
30 360
30 462
31 247
31 302
31 309
31 412
31 489
32 50
32 322
32 325
32 433
32 436
33 48
33 403
33 415
33 479
33 487
34 36
34 274
34 480
34 490
34 499
35 48
35 448
35 474
35 492
35 499
36 9
36 23
36 34
36 86
36 471
37 99
37 112
37 201
37 254
37 487
38 58
38 267
38 303
38 448
38 452
39 91
39 147
39 172
39 221
39 499
40 268
40 392
40 401
40 420
40 440
41 285
41 373
41 382
41 459
41 464
42 130
42 276
42 395
42 430
42 442
43 353
43 394
43 432
43 494
43 495
44 125
44 169
44 234
44 365
44 442
45 83
45 202
45 299
45 336
45 495
46 71
46 109
46 429
46 436
46 484
47 298
47 314
47 414
47 477
47 499
48 33
48 35
48 112
48 294
48 457
49 25
49 194
49 410
49 417
49 454
50 32
50 124
50 430
50 433
50 451
51 137
51 171
51 337
51 474
51 476
52 110
52 236
52 307
52 366
52 461
53 164
53 166
53 254
53 437
53 470
54 57
54 344
54 395
54 470
54 496
55 244
55 267
55 347
55 431
55 488
56 145
56 228
56 279
56 311
56 392
57 54
57 193
57 321
57 424
57 429
58 38
58 145
58 283
58 326
58 434
59 107
59 214
59 467
59 487
59 491
60 8
60 204
60 419
60 430
60 499
61 272
61 388
61 402
61 457
61 493
62 205
62 239
62 306
62 329
62 467
63 114
63 196
63 435
63 473
63 491
64 23
64 207
64 266
64 441
64 466
65 136
65 297
65 461
65 470
65 496
66 2
66 104
66 130
66 408
66 497
67 4
67 83
67 344
67 366
67 393
68 2
68 282
68 314
68 321
68 371
69 80
69 98
69 167
69 330
69 458
70 198
70 273
70 437
70 460
70 498
71 46
71 197
71 242
71 375
71 498
72 79
72 148
72 290
72 382
72 464
73 233
73 364
73 391
73 409
73 482
74 154
74 235
74 361
74 492
74 495
75 190
75 251
75 334
75 395
75 433
76 77
76 126
76 210
76 232
76 335
77 76
77 142
77 301
77 330
77 494
78 29
78 231
78 237
78 321
78 493
79 72
79 108
79 317
79 361
79 366
80 69
80 161
80 197
80 461
80 463
81 29
81 258
81 315
81 342
81 381
82 16
82 131
82 342
82 403
82 448
83 45
83 67
83 102
83 353
83 432
84 286
84 297
84 302
84 479
84 488
85 238
85 240
85 399
85 444
85 467
86 36
86 139
86 156
86 460
86 485
87 16
87 153
87 180
87 296
87 342
88 271
88 313
88 408
88 471
88 484
89 308
89 418
89 431
89 480
89 485
90 96
90 101
90 220
90 466
90 470
91 39
91 262
91 359
91 474
91 486
92 172
92 387
92 394
92 403
92 489
93 11
93 304
93 356
93 375
93 398
94 232
94 327
94 438
94 474
94 489
95 20
95 203
95 229
95 432
95 456
96 90
96 109
96 404
96 430
96 485
97 209
97 337
97 475
97 491
97 496
98 69
98 316
98 337
98 423
98 485
99 37
99 149
99 411
99 440
99 483
100 186
100 212
100 257
100 317
100 418
101 90
101 116
101 123
101 324
101 492
102 30
102 83
102 107
102 363
102 453
103 110
103 318
103 336
103 339
103 478
104 66
104 297
104 465
104 472
104 488
105 6
105 238
105 294
105 397
105 413
106 367
106 437
106 456
106 459
106 495
107 59
107 102
107 171
107 484
107 500
108 79
108 207
108 313
108 366
108 460
109 46
109 96
109 284
109 332
109 473
110 52
110 103
110 211
110 419
110 468
111 220
111 258
111 419
111 443
111 493
112 37
112 48
112 208
112 377
112 477
113 12
113 393
113 425
113 428
113 445
114 63
114 294
114 338
114 474
114 476
115 116
115 278
115 305
115 398
115 483
116 101
116 115
116 293
116 320
116 436
117 195
117 374
117 423
117 442
117 444
118 439
118 448
118 484
118 492
118 494
119 187
119 197
119 354
119 456
119 490
120 190
120 219
120 288
120 308
120 470
121 195
121 267
121 277
121 437
121 439
122 219
122 269
122 326
122 409
122 489
123 101
123 244
123 369
123 383
123 479
124 1
124 50
124 326
124 408
124 455
125 11
125 44
125 208
125 213
125 452
126 76
126 176
126 263
126 477
126 479
127 166
127 226
127 327
127 438
127 491
128 165
128 355
128 415
128 468
128 483
129 189
129 216
129 322
129 351
129 479
130 42
130 66
130 445
130 486
130 497
131 82
131 274
131 277
131 405
131 487
132 137
132 391
132 394
132 420
132 495
133 315
133 339
133 381
133 416
133 500
134 15
134 184
134 332
134 400
134 463
135 234
135 301
135 338
135 411
135 467
136 65
136 274
136 338
136 425
136 463
137 51
137 132
137 319
137 338
137 471
138 12
138 28
138 195
138 315
138 453
139 86
139 224
139 324
139 473
139 479
140 142
140 174
140 335
140 401
140 487
141 170
141 207
141 322
141 477
141 483
142 77
142 140
142 228
142 475
142 498
143 305
143 341
143 437
143 453
143 500
144 245
144 324
144 332
144 403
144 500
145 56
145 58
145 225
145 482
145 486
146 9
146 178
146 194
146 405
146 496
147 39
147 167
147 211
147 397
147 487
148 72
148 150
148 165
148 235
148 423
149 99
149 195
149 363
149 469
149 498
150 148
150 326
150 371
150 426
150 484
151 152
151 355
151 367
151 398
151 437
152 151
152 155
152 222
152 459
152 470
153 87
153 299
153 373
153 431
153 435
154 74
154 292
154 301
154 443
154 476
155 152
155 272
155 367
155 437
155 460
156 86
156 244
156 391
156 472
156 477
157 250
157 323
157 358
157 376
157 439
158 184
158 297
158 395
158 428
158 488
159 286
159 322
159 434
159 455
159 459
160 245
160 308
160 425
160 458
160 464
161 80
161 400
161 463
161 480
161 495
162 324
162 398
162 417
162 451
162 455
163 7
163 244
163 364
163 400
163 494
164 53
164 435
164 476
164 483
164 487
165 128
165 148
165 312
165 444
165 471
166 53
166 127
166 373
166 493
166 500
167 69
167 147
167 208
167 429
167 438
168 215
168 426
168 439
168 478
168 482
169 44
169 217
169 383
169 405
169 481
170 141
170 286
170 427
170 452
170 480
171 51
171 107
171 295
171 314
171 348
172 39
172 92
172 241
172 429
172 499
173 288
173 349
173 372
173 424
173 457
174 140
174 284
174 446
174 477
174 492
175 226
175 357
175 406
175 427
175 430
176 126
176 227
176 244
176 396
176 485
177 26
177 250
177 423
177 438
177 451
178 11
178 146
178 210
178 213
178 412
179 230
179 372
179 452
179 471
179 478
180 87
180 206
180 421
180 430
180 478
181 190
181 263
181 366
181 374
181 390
182 22
182 189
182 246
182 442
182 460
183 19
183 400
183 404
183 463
183 464
184 134
184 158
184 271
184 447
184 498
185 19
185 295
185 300
185 494
185 496
186 100
186 316
186 384
186 392
186 418
186 440
187 119
187 311
187 399
187 477
187 487
187 492
188 262
188 382
188 469
188 477
188 484
188 495
189 4
189 129
189 182
189 263
189 401
189 446
190 75
190 120
190 181
190 222
190 270
190 453
191 300
191 356
191 375
191 455
191 475
191 485
192 248
192 250
192 281
192 347
192 462
192 486
193 57
193 235
193 256
193 356
193 473
193 498
194 49
194 146
194 223
194 351
194 377
194 422
195 117
195 121
195 138
195 149
195 335
195 490
196 63
196 288
196 369
196 444
196 467
196 491
197 71
197 80
197 119
197 261
197 392
197 435
198 70
198 345
198 388
198 389
198 404
198 484
199 372
199 426
199 437
199 457
199 478
199 488
200 234
200 243
200 257
200 370
200 409
200 496
201 17
201 18
201 37
201 326
201 408
201 500
202 45
202 351
202 369
202 390
202 409
202 439
203 95
203 209
203 211
203 218
203 392
203 500
204 9
204 60
204 245
204 278
204 441
204 451
205 62
205 228
205 392
205 440
205 444
205 447
206 180
206 228
206 320
206 385
206 389
206 497
207 64
207 108
207 141
207 340
207 466
207 470
208 112
208 125
208 167
208 328
208 384
208 408
209 97
209 203
209 362
209 409
209 452
209 454
210 76
210 178
210 213
210 250
210 459
210 466
211 110
211 147
211 203
211 346
211 384
211 469
212 10
212 100
212 311
212 366
212 391
212 399
213 125
213 178
213 210
213 343
213 377
213 431
214 22
214 30
214 59
214 278
214 416
214 451
215 168
215 261
215 418
215 431
215 432
215 458
216 129
216 303
216 368
216 454
216 492
216 494
217 17
217 169
217 257
217 290
217 325
217 446
218 25
218 203
218 358
218 381
218 426
218 477
219 120
219 122
219 253
219 293
219 331
219 421
220 90
220 111
220 358
220 427
220 450
220 485
221 39
221 377
221 384
221 453
221 465
221 472
222 152
222 190
222 325
222 388
222 389
222 428
223 194
223 257
223 350
223 421
223 435
223 497
224 139
224 231
224 359
224 403
224 436
224 482
225 145
225 270
225 336
225 355
225 363
225 462
226 127
226 175
226 388
226 447
226 475
226 484
227 176
227 265
227 343
227 363
227 368
227 425
228 56
228 142
228 205
228 206
228 281
228 361
229 95
229 335
229 449
229 452
229 487
229 490
230 179
230 350
230 453
230 465
230 472
230 481
231 21
231 78
231 224
231 332
231 452
231 480
232 10
232 76
232 94
232 242
232 482
232 498
233 73
233 296
233 383
233 486
233 490
233 492
234 44
234 135
234 200
234 281
234 339
234 409
235 74
235 148
235 193
235 350
235 407
235 488
236 52
236 315
236 343
236 418
236 438
236 468
237 78
237 247
237 283
237 329
237 441
237 498
238 85
238 105
238 379
238 397
238 422
238 486
239 62
239 247
239 283
239 329
239 480
239 500
240 7
240 85
240 245
240 264
240 374
240 444
241 10
241 172
241 255
241 368
241 390
241 415
242 71
242 232
242 277
242 330
242 430
242 450
243 200
243 285
243 313
243 438
243 475
243 496
244 55
244 123
244 156
244 163
244 176
244 249
245 144
245 160
245 204
245 240
245 403
245 447
246 22
246 23
246 182
246 334
246 421
246 460
247 31
247 237
247 239
247 316
247 328
247 386
248 15
248 192
248 401
248 428
248 445
248 479
249 244
249 324
249 429
249 433
249 436
249 483
250 157
250 177
250 192
250 210
250 350
250 438
251 20
251 75
251 286
251 389
251 390
251 402
252 325
252 353
252 408
252 461
252 485
252 500
253 219
253 283
253 372
253 384
253 459
253 497
254 37
254 53
254 408
254 480
254 493
254 495
255 241
255 273
255 365
255 376
255 377
255 499
256 193
256 280
256 292
256 450
256 482
256 492
257 100
257 200
257 217
257 223
257 268
257 477
258 81
258 111
258 329
258 476
258 487
258 493
259 316
259 379
259 404
259 406
259 485
259 498
260 296
260 336
260 343
260 468
260 471
260 490
261 197
261 215
261 273
261 400
261 431
261 432
262 91
262 188
262 348
262 380
262 396
262 477
263 126
263 181
263 189
263 354
263 366
263 421
264 26
264 240
264 302
264 394
264 457
264 467
265 227
265 298
265 313
265 423
265 467
265 476
266 64
266 269
266 271
266 275
266 468
266 493
267 10
267 30
267 38
267 55
267 121
267 279
268 17
268 40
268 257
268 314
268 431
268 497
269 122
269 266
269 413
269 482
269 489
269 491
270 190
270 225
270 283
270 416
270 452
270 480
271 88
271 184
271 266
271 273
271 484
271 497
272 61
272 155
272 299
272 305
272 444
272 457
273 70
273 255
273 261
273 271
273 460
273 478
274 34
274 131
274 136
274 344
274 444
274 487
275 266
275 341
275 342
275 368
275 369
275 449
276 42
276 287
276 341
276 409
276 433
276 473
277 121
277 131
277 242
277 401
277 446
277 493
278 115
278 204
278 214
278 364
278 387
278 451
279 56
279 267
279 282
279 356
279 380
279 494
280 256
280 289
280 304
280 352
280 374
280 467
281 192
281 228
281 234
281 296
281 397
281 413
282 6
282 68
282 279
282 348
282 377
282 454
282 478
283 58
283 237
283 239
283 253
283 270
283 415
283 489
284 109
284 174
284 295
284 377
284 458
284 482
284 500
285 27
285 41
285 243
285 309
285 475
285 494
285 496
286 19
286 84
286 159
286 170
286 251
286 361
286 397
287 23
287 276
287 398
287 403
287 434
287 497
287 500
288 120
288 173
288 196
288 336
288 458
288 494
288 495
289 25
289 280
289 445
289 457
289 465
289 473
289 491
290 72
290 217
290 333
290 404
290 415
290 485
290 488
291 315
291 349
291 364
291 394
291 411
291 469
291 489
292 154
292 256
292 361
292 369
292 405
292 454
292 498
293 116
293 219
293 331
293 389
293 421
293 422
293 427
294 48
294 105
294 114
294 420
294 443
294 450
294 470
295 171
295 185
295 284
295 433
295 446
295 483
295 492
296 87
296 233
296 260
296 281
296 310
296 395
296 402
297 65
297 84
297 104
297 158
297 312
297 328
297 488
298 47
298 265
298 359
298 394
298 399
298 474
298 476
299 45
299 153
299 272
299 302
299 410
299 466
299 475
300 185
300 191
300 356
300 357
300 375
300 378
300 404
301 77
301 135
301 154
301 380
301 412
301 450
301 471
302 31
302 84
302 264
302 299
302 305
302 364
302 450
303 38
303 216
303 459
303 468
303 482
303 485
303 492
304 93
304 280
304 306
304 313
304 340
304 421
304 434
305 25
305 115
305 143
305 272
305 302
305 442
305 458
306 62
306 304
306 424
306 481
306 485
306 486
306 497
307 52
307 335
307 346
307 359
307 360
307 495
307 497
308 89
308 120
308 160
308 331
308 382
308 464
308 466
309 31
309 285
309 328
309 370
309 373
309 495
309 500
310 296
310 311
310 323
310 388
310 416
310 442
310 498
311 56
311 187
311 212
311 310
311 332
311 399
311 481
312 165
312 297
312 371
312 411
312 433
312 479
312 480
313 88
313 108
313 243
313 265
313 304
313 385
313 389
314 47
314 68
314 171
314 268
314 348
314 396
314 455
315 81
315 133
315 138
315 236
315 291
315 381
315 407
316 98
316 186
316 247
316 259
316 317
316 339
316 427
317 79
317 100
317 316
317 387
317 440
317 489
317 493
318 103
318 342
318 349
318 414
318 443
318 448
318 500
319 137
319 320
319 341
319 378
319 443
319 450
319 460
320 116
320 206
320 319
320 333
320 370
320 410
320 443
321 24
321 57
321 68
321 78
321 354
321 420
321 463
322 32
322 129
322 141
322 159
322 329
322 440
322 493
323 19
323 25
323 29
323 157
323 310
323 358
323 387
324 101
324 139
324 144
324 162
324 249
324 403
324 457
325 32
325 217
325 222
325 252
325 334
325 371
325 376
326 58
326 122
326 124
326 150
326 201
326 408
326 414
327 94
327 127
327 370
327 371
327 381
327 404
327 438
328 18
328 208
328 247
328 297
328 309
328 384
328 466
329 62
329 237
329 239
329 258
329 322
329 382
329 499
330 8
330 69
330 77
330 242
330 365
330 378
330 474
331 14
331 219
331 293
331 308
331 346
331 385
331 443
332 109
332 134
332 144
332 231
332 311
332 407
332 463
333 12
333 290
333 320
333 387
333 460
333 476
333 479
333 486
334 75
334 246
334 325
334 375
334 428
334 453
334 461
334 470
335 76
335 140
335 195
335 229
335 307
335 356
335 435
335 490
336 45
336 103
336 225
336 260
336 288
336 383
336 468
336 494
337 51
337 97
337 98
337 424
337 429
337 439
337 457
337 498
338 114
338 135
338 136
338 137
338 355
338 425
338 426
338 451
339 2
339 103
339 133
339 234
339 316
339 365
339 492
339 499
340 11
340 207
340 304
340 343
340 410
340 428
340 466
340 496
341 143
341 275
341 276
341 319
341 347
341 441
341 469
341 471
342 21
342 81
342 82
342 87
342 275
342 318
342 410
342 448
343 213
343 227
343 236
343 260
343 340
343 379
343 465
343 468
344 27
344 54
344 67
344 274
344 352
344 475
344 491
344 496
345 198
345 360
345 371
345 372
345 446
345 449
345 469
345 490
346 211
346 307
346 331
346 399
346 444
346 481
346 486
346 497
347 55
347 192
347 341
347 374
347 391
347 420
347 462
347 471
348 171
348 262
348 282
348 314
348 388
348 395
348 403
348 490
349 15
349 173
349 291
349 318
349 372
349 454
349 463
349 488
350 5
350 223
350 230
350 235
350 250
350 357
350 396
350 483
351 129
351 194
351 202
351 391
351 422
351 424
351 441
351 458
352 5
352 280
352 344
352 414
352 417
352 445
352 454
352 491
353 43
353 83
353 252
353 383
353 395
353 461
353 465
353 470
354 119
354 263
354 321
354 423
354 432
354 434
354 494
354 496
355 128
355 151
355 225
355 338
355 386
355 462
355 477
355 491
356 93
356 191
356 193
356 279
356 300
356 335
356 375
356 475
357 175
357 300
357 350
357 362
357 407
357 417
357 454
357 474
358 17
358 157
358 218
358 220
358 323
358 400
358 439
358 468
359 91
359 224
359 298
359 307
359 367
359 474
359 476
359 481
360 30
360 307
360 345
360 439
360 460
360 472
360 474
360 490
361 15
361 74
361 79
361 228
361 286
361 292
361 469
361 499
362 20
362 209
362 357
362 395
362 402
362 404
362 406
362 461
363 22
363 102
363 149
363 225
363 227
363 425
363 462
363 489
364 73
364 163
364 278
364 291
364 302
364 394
364 462
364 469
365 2
365 44
365 255
365 330
365 339
365 398
365 410
365 413
366 52
366 67
366 79
366 108
366 181
366 212
366 263
366 427
367 23
367 106
367 151
367 155
367 359
367 437
367 445
367 482
368 18
368 216
368 227
368 241
368 275
368 376
368 467
368 480
369 123
369 196
369 202
369 275
369 292
369 380
369 383
369 422
370 16
370 200
370 309
370 320
370 327
370 442
370 455
370 486
370 500
371 68
371 150
371 312
371 325
371 327
371 345
371 412
371 431
371 499
372 173
372 179
372 199
372 253
372 345
372 349
372 426
372 478
372 498
373 2
373 41
373 153
373 166
373 309
373 383
373 389
373 459
373 500
374 7
374 117
374 181
374 240
374 280
374 347
374 416
374 419
374 444
375 71
375 93
375 191
375 300
375 334
375 356
375 379
375 446
375 496
376 157
376 255
376 325
376 368
376 377
376 397
376 415
376 440
376 483
377 18
377 112
377 194
377 213
377 221
377 255
377 282
377 284
377 376
378 24
378 300
378 319
378 330
378 393
378 407
378 443
378 449
378 450
379 238
379 259
379 343
379 375
379 389
379 415
379 422
379 441
379 492
380 262
380 279
380 301
380 369
380 438
380 452
380 481
380 486
380 497
381 28
381 81
381 133
381 218
381 315
381 327
381 396
381 413
381 417
382 41
382 72
382 188
382 308
382 329
382 388
382 406
382 431
382 464
383 123
383 169
383 233
383 336
383 353
383 369
383 373
383 402
383 409
384 186
384 208
384 211
384 221
384 253
384 328
384 387
384 457
384 481
385 206
385 313
385 331
385 389
385 399
385 439
385 446
385 447
385 465
386 1
386 247
386 355
386 406
386 430
386 475
386 486
386 489
386 493
387 29
387 92
387 278
387 317
387 323
387 333
387 384
387 417
387 479
388 61
388 198
388 222
388 226
388 310
388 348
388 382
388 413
388 464
389 198
389 206
389 222
389 251
389 293
389 313
389 373
389 379
389 385
390 4
390 14
390 181
390 202
390 241
390 251
390 398
390 407
390 485
391 12
391 73
391 132
391 156
391 212
391 347
391 351
391 461
391 471
392 40
392 56
392 186
392 197
392 203
392 205
392 402
392 426
392 440
393 14
393 24
393 67
393 113
393 378
393 408
393 435
393 455
393 458
394 43
394 92
394 132
394 264
394 291
394 298
394 364
394 435
394 463
395 42
395 54
395 75
395 158
395 296
395 348
395 353
395 362
395 402
396 176
396 262
396 314
396 350
396 381
396 401
396 427
396 477
396 481
397 105
397 147
397 238
397 281
397 286
397 376
397 413
397 482
397 483
397 495
398 20
398 93
398 115
398 151
398 162
398 287
398 365
398 390
398 459
398 466
399 5
399 10
399 13
399 85
399 187
399 212
399 298
399 311
399 346
399 385
400 134
400 161
400 163
400 183
400 261
400 358
400 422
400 451
400 463
400 495
401 40
401 140
401 189
401 248
401 277
401 396
401 405
401 446
401 448
401 488
402 61
402 251
402 296
402 362
402 383
402 392
402 395
402 440
402 459
402 471
403 7
403 33
403 82
403 92
403 144
403 224
403 245
403 287
403 324
403 348
404 96
404 183
404 198
404 259
404 290
404 300
404 327
404 362
404 434
404 478
405 131
405 146
405 169
405 292
405 401
405 416
405 473
405 492
405 496
405 498
406 1
406 175
406 259
406 362
406 382
406 386
406 410
406 424
406 430
406 438
407 5
407 11
407 235
407 315
407 332
407 357
407 378
407 390
407 409
407 411
408 66
408 88
408 124
408 201
408 208
408 252
408 254
408 326
408 393
408 461
409 73
409 122
409 200
409 202
409 209
409 234
409 276
409 383
409 407
409 448
410 49
410 299
410 320
410 340
410 342
410 365
410 406
410 466
410 469
410 474
411 99
411 135
411 291
411 312
411 407
411 445
411 467
411 478
411 491
411 497
412 6
412 31
412 178
412 301
412 371
412 414
412 427
412 480
412 498
412 499
413 19
413 105
413 269
413 281
413 365
413 381
413 388
413 397
413 447
413 484
414 47
414 318
414 326
414 352
414 412
414 420
414 424
414 448
414 477
414 488
415 33
415 128
415 241
415 283
415 290
415 376
415 379
415 428
415 464
415 493
416 133
416 214
416 270
416 310
416 374
416 405
416 447
416 449
416 469
416 494
417 8
417 49
417 162
417 352
417 357
417 381
417 387
417 418
417 435
417 454
418 16
418 89
418 100
418 186
418 215
418 236
418 417
418 420
418 491
418 499
419 60
419 110
419 111
419 374
419 427
419 434
419 441
419 456
419 472
419 485
420 40
420 132
420 294
420 321
420 347
420 414
420 418
420 423
420 432
420 456
421 180
421 219
421 223
421 246
421 263
421 293
421 304
421 449
421 487
421 497
422 5
422 28
422 194
422 238
422 293
422 351
422 369
422 379
422 400
422 441
422 486
423 1
423 98
423 117
423 148
423 177
423 265
423 354
423 420
423 432
423 436
423 456
424 57
424 173
424 306
424 337
424 351
424 406
424 414
424 429
424 436
424 457
424 472
425 113
425 136
425 160
425 227
425 338
425 363
425 429
425 450
425 462
425 480
425 499
426 21
426 150
426 168
426 199
426 218
426 338
426 372
426 392
426 478
426 479
426 492
427 170
427 175
427 220
427 293
427 316
427 366
427 396
427 412
427 419
427 434
427 491
428 13
428 113
428 158
428 222
428 248
428 334
428 340
428 415
428 462
428 481
428 483
429 46
429 57
429 167
429 172
429 249
429 337
429 424
429 425
429 443
429 457
429 473
430 8
430 42
430 50
430 60
430 96
430 175
430 180
430 242
430 386
430 406
430 458
431 55
431 89
431 153
431 213
431 215
431 261
431 268
431 371
431 382
431 484
431 489
432 43
432 83
432 95
432 215
432 261
432 354
432 420
432 423
432 437
432 456
432 488
433 27
433 32
433 50
433 75
433 249
433 276
433 295
433 312
433 436
433 479
433 497
434 58
434 159
434 287
434 304
434 354
434 404
434 419
434 427
434 453
434 476
434 485
435 63
435 153
435 164
435 197
435 223
435 335
435 393
435 394
435 417
435 469
435 488
436 27
436 32
436 46
436 116
436 224
436 249
436 423
436 424
436 433
436 490
436 491
437 53
437 70
437 106
437 121
437 143
437 151
437 155
437 199
437 367
437 432
437 463
438 94
438 127
438 167
438 177
438 236
438 243
438 250
438 327
438 380
438 406
438 500
439 118
439 121
439 157
439 168
439 202
439 337
439 358
439 360
439 385
439 449
439 490
440 40
440 99
440 186
440 205
440 317
440 322
440 376
440 392
440 402
440 464
440 476
441 64
441 204
441 237
441 341
441 351
441 379
441 419
441 422
441 446
441 471
441 493
442 18
442 42
442 44
442 117
442 182
442 305
442 310
442 370
442 450
442 455
442 500
443 20
443 111
443 154
443 294
443 318
443 319
443 320
443 331
443 378
443 429
443 469
444 85
444 117
444 165
444 196
444 205
444 240
444 272
444 274
444 346
444 374
444 481
444 492
445 113
445 130
445 248
445 289
445 352
445 367
445 411
445 448
445 454
445 467
445 491
445 498
446 26
446 174
446 189
446 217
446 277
446 295
446 345
446 375
446 385
446 401
446 441
446 473
447 184
447 205
447 226
447 245
447 385
447 413
447 416
447 483
447 484
447 485
447 488
447 498
448 35
448 38
448 82
448 118
448 318
448 342
448 401
448 409
448 414
448 445
448 462
448 472
449 229
449 275
449 345
449 378
449 416
449 421
449 439
449 452
449 458
449 464
449 475
449 490
450 24
450 220
450 242
450 256
450 294
450 301
450 302
450 319
450 378
450 425
450 442
450 451
451 22
451 50
451 162
451 177
451 204
451 214
451 278
451 338
451 400
451 450
451 462
451 463
452 38
452 125
452 170
452 179
452 209
452 229
452 231
452 270
452 380
452 449
452 480
452 499
453 3
453 102
453 138
453 143
453 190
453 221
453 230
453 334
453 434
453 465
453 472
453 491
454 15
454 49
454 209
454 216
454 282
454 292
454 349
454 352
454 357
454 417
454 445
454 488
454 493
455 124
455 159
455 162
455 191
455 314
455 370
455 393
455 442
455 456
455 459
455 463
455 488
455 500
456 1
456 28
456 95
456 106
456 119
456 419
456 420
456 423
456 432
456 455
456 460
456 467
456 478
457 48
457 61
457 173
457 199
457 264
457 272
457 289
457 324
457 337
457 384
457 424
457 429
457 486
458 69
458 160
458 215
458 284
458 288
458 305
458 351
458 393
458 430
458 449
458 482
458 494
458 495
459 3
459 41
459 106
459 152
459 159
459 210
459 253
459 303
459 373
459 398
459 402
459 455
459 500
460 13
460 70
460 86
460 108
460 155
460 182
460 246
460 273
460 319
460 333
460 360
460 456
460 474
461 52
461 65
461 80
461 252
461 334
461 353
461 362
461 391
461 408
461 465
461 470
461 483
461 489
462 30
462 192
462 225
462 347
462 355
462 363
462 364
462 425
462 428
462 448
462 451
462 468
462 476
463 80
463 134
463 136
463 161
463 183
463 321
463 332
463 349
463 394
463 400
463 437
463 451
463 455
464 41
464 72
464 160
464 183
464 308
464 382
464 388
464 415
464 440
464 449
464 465
464 484
464 495
465 104
465 221
465 230
465 289
465 343
465 353
465 385
465 453
465 461
465 464
465 466
465 472
465 490
466 12
466 64
466 90
466 207
466 210
466 299
466 308
466 328
466 340
466 398
466 410
466 465
466 470
466 490
467 28
467 59
467 62
467 85
467 135
467 196
467 264
467 265
467 280
467 368
467 411
467 445
467 456
467 499
468 110
468 128
468 236
468 260
468 266
468 303
468 336
468 343
468 358
468 462
468 473
468 475
468 476
468 481
469 149
469 188
469 211
469 291
469 341
469 345
469 361
469 364
469 410
469 416
469 435
469 443
469 473
469 484
470 53
470 54
470 65
470 90
470 120
470 152
470 207
470 294
470 334
470 353
470 461
470 466
470 472
470 489
471 36
471 88
471 137
471 165
471 179
471 260
471 301
471 341
471 347
471 391
471 402
471 441
471 490
471 499
472 3
472 4
472 104
472 156
472 221
472 230
472 360
472 419
472 424
472 448
472 453
472 465
472 470
472 485
473 3
473 63
473 109
473 139
473 193
473 276
473 289
473 405
473 429
473 446
473 468
473 469
473 484
473 491
474 35
474 51
474 91
474 94
474 114
474 298
474 330
474 357
474 359
474 360
474 410
474 460
474 476
474 491
475 9
475 97
475 142
475 191
475 226
475 243
475 285
475 299
475 344
475 356
475 386
475 449
475 468
475 496
475 498
476 51
476 114
476 154
476 164
476 258
476 265
476 298
476 333
476 359
476 434
476 440
476 462
476 468
476 474
476 489
477 47
477 112
477 126
477 141
477 156
477 174
477 187
477 188
477 218
477 257
477 262
477 355
477 396
477 414
477 494
477 500
478 21
478 103
478 168
478 179
478 180
478 199
478 273
478 282
478 372
478 404
478 411
478 426
478 456
478 481
478 488
478 498
479 14
479 17
479 33
479 84
479 123
479 126
479 129
479 139
479 248
479 312
479 333
479 387
479 426
479 433
479 493
479 497
480 14
480 34
480 89
480 161
480 170
480 231
480 239
480 254
480 270
480 312
480 368
480 412
480 425
480 452
480 484
480 495
481 13
481 169
481 230
481 306
481 311
481 346
481 359
481 380
481 384
481 396
481 428
481 444
481 468
481 478
481 486
481 497
482 73
482 145
482 168
482 224
482 232
482 256
482 269
482 284
482 303
482 367
482 397
482 458
482 487
482 494
482 495
482 500
483 99
483 115
483 128
483 141
483 164
483 249
483 295
483 350
483 376
483 397
483 428
483 447
483 461
483 487
483 493
483 499
484 46
484 88
484 107
484 118
484 150
484 188
484 198
484 226
484 271
484 413
484 431
484 447
484 464
484 469
484 473
484 480
485 86
485 89
485 96
485 98
485 176
485 191
485 220
485 252
485 259
485 290
485 303
485 306
485 390
485 419
485 434
485 447
485 472
486 13
486 91
486 130
486 145
486 192
486 233
486 238
486 306
486 333
486 346
486 370
486 380
486 386
486 422
486 457
486 481
486 497
487 33
487 37
487 59
487 131
487 140
487 147
487 164
487 187
487 229
487 258
487 274
487 421
487 482
487 483
487 489
487 492
487 493
488 55
488 84
488 104
488 158
488 199
488 235
488 290
488 297
488 349
488 401
488 414
488 432
488 435
488 447
488 454
488 455
488 478
489 7
489 26
489 31
489 92
489 94
489 122
489 269
489 283
489 291
489 317
489 363
489 386
489 431
489 461
489 470
489 476
489 487
489 498
490 34
490 119
490 195
490 229
490 233
490 260
490 335
490 345
490 348
490 360
490 436
490 439
490 449
490 465
490 466
490 471
490 497
490 499
491 59
491 63
491 97
491 127
491 196
491 269
491 289
491 344
491 352
491 355
491 411
491 418
491 427
491 436
491 445
491 453
491 473
491 474
492 35
492 74
492 101
492 118
492 174
492 187
492 216
492 233
492 256
492 295
492 303
492 339
492 379
492 405
492 426
492 444
492 487
492 494
492 495
493 6
493 61
493 78
493 111
493 166
493 254
493 258
493 266
493 277
493 317
493 322
493 386
493 415
493 441
493 454
493 479
493 483
493 487
493 496
494 16
494 21
494 43
494 77
494 118
494 163
494 185
494 216
494 279
494 285
494 288
494 336
494 354
494 416
494 458
494 477
494 482
494 492
494 495
495 43
495 45
495 74
495 106
495 132
495 161
495 188
495 254
495 288
495 307
495 309
495 397
495 400
495 458
495 464
495 480
495 482
495 492
495 494
496 24
496 26
496 27
496 54
496 65
496 97
496 146
496 185
496 200
496 243
496 285
496 340
496 344
496 354
496 375
496 405
496 475
496 493
496 497
497 66
497 130
497 206
497 223
497 253
497 268
497 271
497 287
497 306
497 307
497 346
497 380
497 411
497 421
497 433
497 479
497 481
497 486
497 490
497 496
498 70
498 71
498 142
498 149
498 184
498 193
498 232
498 237
498 259
498 292
498 310
498 337
498 372
498 405
498 412
498 445
498 447
498 475
498 478
498 489
499 6
499 29
499 34
499 35
499 39
499 47
499 60
499 172
499 255
499 329
499 339
499 361
499 371
499 412
499 418
499 425
499 452
499 467
499 471
499 483
499 490
500 107
500 133
500 143
500 144
500 166
500 201
500 203
500 239
500 252
500 284
500 287
500 309
500 318
500 370
500 373
500 438
500 442
500 455
500 459
500 477
500 482
