1 45
2 9
3 11
4 37
5 55
6 23
7 13
8 24
9 48
10 2
11 35
12 21
13 48
14 8
15 54
16 27
17 47
18 29
19 52
20 18
21 54
22 36
23 53
24 25
25 47
26 24
27 39
28 55
29 42
30 30
31 52
32 39
33 44
34 9
35 7
36 28
37 37
38 31
39 34
40 40
41 32
42 20
43 2
44 26
45 12
46 20
47 7
48 53
49 37
50 5
51 9
52 11
53 1
54 54
55 51
56 44
57 41
58 33
59 32
60 41
61 39
62 47
63 22
64 21
65 2
66 49
67 5
68 46
69 43
70 23
71 37
72 5
73 21
74 29
75 24
76 8
77 40
78 9
79 40
80 39
81 13
82 35
83 33
84 36
85 6
86 15
87 24
88 19
89 11
90 51
91 3
92 47
93 30
94 14
95 19
96 24
97 35
98 39
99 38
100 30
101 50
102 47
103 24
104 55
105 16
106 17
107 42
108 32
109 30
110 16
111 7
112 10
113 50
114 17
115 19
116 20
117 15
118 21
119 8
120 31
121 48
122 14
123 49
124 6
125 47
126 5
127 46
128 6
129 34
130 5
131 47
132 55
133 17
134 27
135 30
136 34
137 50
138 51
139 4
140 18
141 10
142 10
143 17
144 36
145 3
146 22
147 24
148 45
149 39
150 15
151 39
152 44
153 41
154 17
155 16
156 8
157 33
158 27
159 32
160 10
161 47
162 9
163 11
164 11
165 54
166 16
167 26
168 48
169 1
170 49
171 23
172 12
173 27
174 22
175 34
176 31
177 16
178 25
179 35
180 5
181 11
182 31
183 38
184 16
185 29
186 4
187 4
188 6
189 4
190 6
191 45
192 48
193 51
194 45
195 24
196 14
197 40
198 3
199 23
200 5
201 24
202 22
203 46
204 21
205 50
206 47
207 1
208 36
209 24
210 51
211 2
212 48
213 40
214 47
215 32
216 38
217 26
218 19
219 28
220 27
221 4
222 39
223 1
224 24
225 7
226 37
227 12
228 33
229 51
230 9
231 18
232 26
233 43
234 44
235 54
236 1
237 50
238 53
239 48
240 24
241 19
242 8
243 42
244 26
245 20
246 27
247 14
248 25
249 14
250 19
251 51
252 4
253 47
254 8
255 52
256 28
257 31
258 30
259 45
260 55
261 25
262 3
263 49
264 43
265 30
266 40
267 29
268 35
269 18
270 8
271 15
272 10
273 20
274 35
275 33
276 2
277 24
278 9
279 40
280 49
281 28
282 51
283 15
284 16
285 13
286 13
287 2
288 4
289 44
290 7
291 12
292 23
293 42
294 42
295 45
296 7
297 47
298 18
299 40
300 5
301 48
302 27
303 26
304 24
305 28
306 53
307 52
308 40
309 35
310 18
311 44
312 46
313 16
314 26
315 29
316 30
317 42
318 12
319 40
320 25
321 27
322 15
323 43
324 8
325 41
326 38
327 24
328 16
329 28
330 4
331 45
332 19
333 42
334 1
335 25
336 13
337 24
338 14
339 41
340 22
341 51
342 22
343 35
344 52
345 47
346 35
347 30
348 25
349 53
350 46
351 40
352 11
353 16
354 52
355 14
356 8
357 40
358 53
359 6
360 43
361 47
362 46
363 9
364 34
365 48
366 1
367 24
368 43
369 27
370 37
371 9
372 40
373 25
374 19
375 19
376 46
377 9
378 29
379 14
380 3
381 16
382 34
383 3
384 38
385 48
386 38
387 3
388 3
389 47
390 9
391 14
392 5
393 15
394 4
395 36
396 5
397 26
398 38
399 3
400 9
401 52
402 14
403 11
404 24
405 51
406 1
407 37
408 51
409 25
410 30
411 48
412 36
413 40
414 1
415 47
416 42
417 45
418 42
419 19
420 1
421 36
422 22
423 26
424 38
425 1
426 5
427 34
428 25
429 40
430 30
431 37
432 39
433 14
434 22
435 8
436 28
437 19
438 5
439 42
440 16
441 48
442 19
443 27
444 4
445 24
446 1
447 36
448 47
449 28
450 4
451 9
452 1
453 51
454 34
455 1
456 8
457 45
458 4
459 35
460 47
461 34
462 39
463 47
464 1
465 26
466 39
467 24
468 9
469 34
470 40
471 28
472 9
473 35
474 9
475 9
476 40
477 40
478 4
479 27
480 27
481 35
482 19
483 9
484 35
485 8
486 28
487 51
488 24
489 39
490 35
491 27
492 4
493 4
494 40
495 24
496 47
497 40
498 47
499 24
500 1
