1 43
2 22
3 24
4 10
5 42
6 34
7 17
8 23
9 40
10 23
11 33
12 10
13 2
14 17
15 21
16 6
17 15
18 44
19 16
20 24
21 21
22 22
23 8
24 26
25 23
26 33
27 44
28 6
29 3
30 11
31 40
32 8
33 39
34 40
35 17
36 1
37 29
38 40
39 24
40 15
41 21
42 25
43 18
44 2
45 5
46 37
47 6
48 13
49 29
50 19
51 2
52 25
53 21
54 3
55 37
56 21
57 7
58 34
59 40
60 40
61 31
62 38
63 27
64 14
65 38
66 38
67 38
68 35
69 22
70 3
71 32
72 42
73 19
74 28
75 45
76 18
77 36
78 40
79 44
80 28
81 38
82 38
83 41
84 45
85 9
86 25
87 11
88 23
89 25
90 19
91 40
92 47
93 9
94 6
95 3
96 31
97 4
98 26
99 31
100 11
101 46
102 13
103 41
104 3
105 33
106 5
107 30
108 34
109 15
110 12
111 3
112 37
113 7
114 37
115 2
116 28
117 30
118 13
119 10
120 24
121 7
122 8
123 17
124 8
125 12
126 4
127 10
128 40
129 4
130 23
131 17
132 39
133 25
134 21
135 42
136 3
137 5
138 39
139 21
140 23
141 3
142 28
143 45
144 27
145 4
146 19
147 8
148 44
149 38
150 14
151 25
152 20
153 1
154 19
155 38
156 15
157 21
158 25
159 21
160 25
161 47
162 10
163 9
164 8
165 24
166 17
167 5
168 16
169 5
170 27
171 18
172 47
173 32
174 11
175 41
176 39
177 45
178 17
179 34
180 26
181 2
182 22
183 19
184 20
185 6
186 10
187 8
188 26
189 35
190 34
191 16
192 33
193 3
194 22
195 5
196 34
197 40
198 11
199 37
200 37
201 40
202 28
203 37
204 7
205 34
206 33
207 45
208 9
209 3
210 20
211 20
212 7
213 19
214 45
215 28
216 31
217 25
218 40
219 27
220 2
221 37
222 31
223 33
224 30
225 18
226 38
227 34
228 6
229 9
230 18
231 20
232 37
233 7
234 11
235 41
236 15
237 3
238 37
239 37
240 28
241 27
242 1
243 13
244 3
245 24
246 40
247 3
248 9
249 14
250 21
251 1
252 37
253 4
254 14
255 37
256 43
257 10
258 19
259 17
260 25
261 16
262 27
263 26
264 40
265 36
266 2
267 32
268 27
269 17
270 6
271 38
272 13
273 26
274 40
275 19
276 17
277 21
278 11
279 23
280 3
281 46
282 21
283 44
284 13
285 19
286 3
287 26
288 9
289 17
290 8
291 37
292 5
293 39
294 14
295 2
296 24
297 43
298 14
299 40
300 5
301 2
302 40
303 10
304 42
305 40
306 4
307 33
308 7
309 25
310 47
311 43
312 3
313 21
314 26
315 47
316 3
317 12
318 2
319 45
320 2
321 35
322 25
323 3
324 10
325 19
326 47
327 32
328 2
329 24
330 32
331 13
332 32
333 10
334 30
335 8
336 15
337 43
338 39
339 38
340 38
341 21
342 45
343 47
344 21
345 7
346 38
347 36
348 12
349 29
350 3
351 37
352 11
353 46
354 34
355 9
356 37
357 26
358 42
359 1
360 13
361 11
362 17
363 38
364 2
365 21
366 7
367 14
368 14
369 16
370 34
371 1
372 21
373 40
374 9
375 45
376 3
377 3
378 40
379 2
380 5
381 31
382 12
383 6
384 23
385 10
386 31
387 38
388 17
389 14
390 38
391 46
392 45
393 37
394 43
395 33
396 4
397 36
398 45
399 22
400 40
401 26
402 3
403 35
404 11
405 17
406 28
407 14
408 34
409 32
410 21
411 43
412 34
413 44
414 29
415 21
416 28
417 34
418 37
419 12
420 10
421 21
422 24
423 37
424 47
425 24
426 11
427 43
428 38
429 13
430 45
431 32
432 46
433 28
434 42
435 34
436 36
437 29
438 23
439 27
440 30
441 24
442 29
443 9
444 2
445 34
446 24
447 27
448 8
449 24
450 11
451 41
452 17
453 42
454 38
455 40
456 15
457 33
458 40
459 38
460 17
461 4
462 9
463 6
464 44
465 34
466 25
467 46
468 21
469 5
470 38
471 7
472 37
473 24
474 19
475 33
476 17
477 7
478 35
479 5
480 11
481 14
482 38
483 36
484 3
485 4
486 12
487 30
488 30
489 15
490 26
491 10
492 21
493 4
494 17
495 47
496 23
497 10
498 41
499 31
500 2
