1 23
1 319
1 391
1 457
1 482
2 84
2 114
2 230
2 326
2 474
3 33
3 79
3 204
3 298
3 299
4 69
4 201
4 281
4 326
4 369
5 10
5 84
5 149
5 230
5 326
6 58
6 190
6 207
6 244
6 313
7 453
7 456
7 478
7 482
7 485
8 24
8 31
8 132
8 415
8 455
9 280
9 362
9 379
9 416
9 422
10 5
10 259
10 415
10 454
10 455
11 57
11 353
11 407
11 461
11 466
12 65
12 180
12 253
12 311
12 412
13 15
13 238
13 351
13 414
13 445
14 50
14 85
14 233
14 303
14 389
15 13
15 409
15 437
15 465
15 470
16 225
16 378
16 381
16 400
16 420
17 241
17 295
17 343
17 361
17 428
18 93
18 188
18 307
18 337
18 365
19 92
19 227
19 355
19 368
19 388
20 143
20 168
20 219
20 243
20 405
21 26
21 322
21 329
21 350
21 403
22 136
22 205
22 306
22 341
22 376
23 1
23 158
23 391
23 430
23 457
24 8
24 94
24 102
24 415
24 454
25 125
25 314
25 383
25 452
25 462
26 21
26 194
26 238
26 351
26 445
27 480
27 492
27 493
27 494
27 499
28 314
28 374
28 449
28 462
28 475
29 164
29 258
29 333
29 372
29 382
30 38
30 293
30 358
30 406
30 411
31 8
31 259
31 415
31 454
31 455
32 205
32 306
32 341
32 352
32 376
33 3
33 212
33 274
33 298
33 372
34 83
34 185
34 241
34 295
34 428
35 224
35 272
35 309
35 325
35 446
36 439
36 481
36 486
36 491
36 500
37 83
37 265
37 343
37 361
37 428
38 30
38 406
38 444
38 467
38 474
39 82
39 152
39 277
39 338
39 401
40 471
40 482
40 483
40 485
40 489
41 110
41 254
41 349
41 368
41 388
42 137
42 191
42 291
42 393
42 434
43 324
43 329
43 340
43 373
43 403
44 148
44 215
44 279
44 305
44 377
45 47
45 390
45 413
45 450
45 451
46 234
46 278
46 339
46 360
47 45
47 169
47 175
47 202
47 271
48 180
48 211
48 385
48 399
48 412
49 126
49 283
49 391
49 418
49 497
50 14
50 59
50 233
50 303
50 493
51 106
51 309
51 392
51 436
51 446
52 76
52 101
52 206
52 222
52 363
53 134
53 164
53 217
53 235
53 382
54 147
54 201
54 312
54 356
54 369
55 109
55 193
55 195
55 228
55 270
56 62
56 76
56 81
56 206
56 363
57 11
57 359
57 442
57 461
57 466
58 6
58 207
58 244
58 245
58 313
59 50
59 64
59 233
59 303
59 389
60 280
60 379
60 416
60 422
60 433
61 188
61 199
61 320
61 337
61 365
62 56
62 209
62 247
62 305
62 377
63 201
63 312
63 315
63 369
63 468
64 59
64 85
64 268
64 303
64 389
65 12
65 211
65 385
65 399
65 412
66 76
66 101
66 222
66 235
66 363
67 345
67 421
67 441
67 448
67 468
68 171
68 203
68 255
68 317
68 386
69 4
69 70
69 281
69 315
69 356
70 69
70 87
70 233
70 268
70 389
71 321
71 322
71 324
71 340
71 350
72 219
72 243
72 367
72 405
72 478
73 152
73 161
73 246
73 323
73 401
74 99
74 311
74 419
74 484
74 491
75 359
75 366
75 402
75 461
75 466
76 52
76 56
76 66
76 206
76 363
77 166
77 203
77 216
77 304
77 386
78 81
78 265
78 295
78 343
78 428
79 3
79 204
79 212
79 274
79 299
80 290
80 396
80 423
80 443
80 488
81 56
81 78
81 206
81 222
81 363
82 39
82 83
82 152
82 338
82 401
83 34
83 37
83 82
83 265
83 361
84 2
84 5
84 88
84 114
84 326
85 14
85 64
85 87
85 268
85 389
86 104
86 237
86 423
86 443
86 488
87 70
87 85
87 268
87 303
87 389
88 84
88 328
88 435
88 463
88 487
89 133
89 435
89 472
89 487
89 494
90 141
90 288
90 351
90 408
90 445
91 409
91 437
91 465
91 470
91 490
92 19
92 119
92 349
92 368
92 388
93 18
93 96
93 188
93 232
93 320
94 24
94 218
94 415
94 454
94 455
95 226
95 287
95 294
95 331
95 334
96 93
96 232
96 307
96 320
96 496
97 397
97 453
97 482
97 485
97 489
98 176
98 179
98 378
98 400
98 420
99 74
99 481
99 484
99 498
99 500
100 384
100 419
100 439
100 491
100 498
101 52
101 66
101 102
101 222
101 363
102 24
102 101
102 178
102 454
102 455
103 357
103 423
103 438
103 443
103 488
104 86
104 327
104 394
104 423
104 488
105 207
105 460
105 492
105 493
105 497
106 51
106 183
106 325
106 370
106 436
107 424
107 464
107 465
107 470
107 490
108 234
108 236
108 278
108 339
108 360
109 55
109 193
109 195
109 228
109 270
110 41
110 184
110 254
110 349
110 388
111 172
111 191
111 291
111 393
111 434
112 234
112 236
112 278
112 339
112 360
113 494
113 495
113 496
113 497
113 499
114 2
114 84
114 149
114 230
114 326
115 126
115 360
115 391
115 418
115 457
116 118
116 432
116 464
116 470
116 490
117 215
117 247
117 282
117 305
117 377
118 116
118 240
118 435
118 464
118 490
119 92
119 192
119 349
119 368
119 388
120 193
120 195
120 228
120 270
120 434
121 136
121 306
121 341
121 352
121 376
122 411
122 444
122 467
122 469
122 474
123 182
123 406
123 410
123 469
123 474
124 308
124 378
124 381
124 400
124 404
125 25
125 314
125 425
125 452
125 476
126 49
126 115
126 252
126 430
126 457
127 480
127 492
127 494
127 495
127 499
128 347
128 421
128 422
128 427
128 468
129 316
129 481
129 486
129 498
129 500
130 132
130 272
130 370
130 436
130 446
131 345
131 364
131 375
131 441
131 468
132 8
132 130
132 415
132 454
132 455
133 89
133 458
133 463
133 473
133 487
134 53
134 235
134 333
134 372
134 382
135 138
135 256
135 354
135 447
135 475
136 22
136 121
136 306
136 352
136 376
137 42
137 196
137 242
137 393
137 434
138 135
138 145
138 404
138 413
138 429
139 390
139 404
139 413
139 450
139 451
140 144
140 170
140 173
140 330
140 395
141 90
141 146
141 408
141 414
141 445
142 251
142 287
142 294
142 331
142 334
143 20
143 282
143 367
143 405
143 406
144 140
144 156
144 330
144 395
144 410
145 138
145 390
145 429
145 450
145 451
146 141
146 194
146 408
146 414
146 445
147 54
147 281
147 312
147 315
147 369
148 44
148 215
148 247
148 305
148 377
149 5
149 114
149 150
149 230
149 326
150 149
150 213
150 432
150 437
150 470
151 479
151 493
151 495
151 496
151 499
152 39
152 73
152 82
152 338
152 401
153 205
153 346
153 417
153 435
153 487
154 416
154 425
154 462
154 475
154 476
155 277
155 459
155 491
155 498
155 500
156 144
156 173
156 273
156 353
156 395
157 216
157 255
157 304
157 317
157 386
158 23
158 283
158 418
158 430
158 457
159 362
159 379
159 416
159 422
159 433
160 163
160 232
160 256
160 314
160 476
161 73
161 167
161 323
161 338
161 401
162 170
162 330
162 332
162 395
162 453
163 160
163 447
163 452
163 462
163 476
164 29
164 53
164 258
164 300
164 356
165 358
165 409
165 432
165 465
165 490
166 77
166 171
166 203
166 216
166 317
167 161
167 184
167 246
167 323
167 328
168 20
168 208
168 296
168 367
168 405
169 47
169 260
169 267
169 271
169 289
170 140
170 162
170 273
170 330
170 395
171 68
171 166
171 304
171 317
171 386
172 111
172 242
172 291
172 393
172 434
173 140
173 156
173 273
173 330
173 395
174 456
174 471
174 483
174 485
174 489
175 47
175 181
175 202
175 260
175 289
176 98
176 225
176 308
176 400
176 420
177 263
177 302
177 310
177 357
177 488
178 102
178 218
178 259
178 454
178 455
179 98
179 378
179 381
179 400
179 420
180 12
180 48
180 253
180 385
180 412
181 175
181 202
181 260
181 271
181 289
182 123
182 183
182 410
182 467
182 469
183 106
183 182
183 272
183 440
183 446
184 110
184 167
184 246
184 323
184 401
185 34
185 241
185 343
185 361
185 428
186 190
186 197
186 244
186 245
186 405
187 192
187 347
187 364
187 427
187 448
188 18
188 61
188 93
188 337
188 365
189 208
189 219
189 282
189 367
189 405
190 6
190 186
190 197
190 245
190 313
191 42
191 111
191 196
191 393
191 434
192 119
192 187
192 254
192 349
192 368
192 388
193 55
193 109
193 120
193 195
193 228
193 270
194 26
194 146
194 288
194 351
194 408
194 414
195 55
195 109
195 120
195 193
195 228
195 270
196 137
196 191
196 242
196 291
196 393
196 434
197 186
197 190
197 207
197 244
197 304
197 313
198 321
198 322
198 324
198 329
198 340
198 403
199 61
199 232
199 307
199 320
199 337
199 365
200 390
200 404
200 413
200 429
200 450
200 451
201 4
201 54
201 63
201 281
201 315
201 356
202 47
202 175
202 181
202 260
202 271
202 289
203 68
203 77
203 166
203 255
203 359
203 386
204 3
204 79
204 212
204 274
204 298
204 299
205 22
205 32
205 153
205 341
205 352
205 376
206 52
206 56
206 76
206 81
206 222
206 363
207 6
207 58
207 105
207 197
207 245
207 313
208 168
208 189
208 209
208 243
208 296
208 367
209 62
209 208
209 215
209 247
209 305
209 377
210 471
210 478
210 482
210 483
210 485
210 489
211 48
211 65
211 355
211 385
211 399
211 462
212 33
212 79
212 204
212 274
212 298
212 299
213 150
213 424
213 437
213 464
213 465
213 490
214 222
214 477
214 484
214 486
214 491
214 498
215 44
215 117
215 148
215 209
215 305
215 377
216 77
216 157
216 166
216 297
216 317
216 386
217 53
217 235
217 300
217 333
217 372
217 382
218 94
218 178
218 259
218 415
218 454
218 455
219 20
219 72
219 189
219 243
219 282
219 296
220 236
220 248
220 407
220 442
220 461
220 466
221 410
221 411
221 444
221 467
221 469
221 474
222 52
222 66
222 81
222 101
222 206
222 214
223 395
223 477
223 481
223 491
223 498
223 500
224 35
224 292
224 336
224 392
224 436
224 440
225 16
225 176
225 308
225 378
225 381
225 420
226 95
226 251
226 287
226 294
226 331
226 334
227 19
227 460
227 479
227 494
227 497
227 499
228 55
228 109
228 120
228 193
228 195
228 270
229 281
229 493
229 495
229 496
229 497
229 499
230 2
230 5
230 114
230 149
230 326
230 415
231 285
231 402
231 407
231 420
231 442
231 461
232 93
232 96
232 160
232 199
232 337
232 365
233 14
233 50
233 59
233 70
233 268
233 389
234 46
234 108
234 112
234 278
234 339
234 360
235 53
235 66
235 134
235 217
235 333
235 372
236 108
236 112
236 220
236 278
236 339
236 360
237 86
237 239
237 302
237 394
237 396
237 488
238 13
238 26
238 408
238 414
238 445
238 492
239 237
239 290
239 396
239 438
239 443
239 488
240 118
240 409
240 424
240 464
240 470
240 490
241 17
241 34
241 185
241 265
241 361
241 428
242 137
242 172
242 196
242 393
242 434
242 495
243 20
243 72
243 208
243 219
243 367
243 405
244 6
244 58
244 186
244 197
244 245
244 313
245 58
245 186
245 190
245 207
245 244
245 313
246 73
246 167
246 184
246 323
246 338
246 401
247 62
247 117
247 148
247 209
247 305
247 377
248 220
248 285
248 353
248 407
248 461
248 466
249 328
249 344
249 417
249 463
249 472
249 473
250 390
250 404
250 413
250 429
250 450
250 451
251 142
251 226
251 287
251 294
251 331
251 334
252 126
252 261
252 283
252 319
252 418
252 457
253 12
253 180
253 311
253 355
253 412
253 499
254 41
254 110
254 192
254 349
254 368
254 388
255 68
255 157
255 203
255 257
255 304
255 386
256 135
256 160
256 318
256 374
256 449
256 452
257 255
257 311
257 355
257 385
257 399
257 412
258 29
258 164
258 300
258 333
258 372
258 382
259 10
259 31
259 178
259 218
259 261
259 455
260 169
260 175
260 181
260 202
260 271
260 289
261 252
261 259
261 319
261 391
261 418
261 430
262 346
262 458
262 463
262 472
262 473
262 487
263 177
263 327
263 357
263 423
263 438
263 443
264 280
264 306
264 362
264 416
264 422
264 433
265 37
265 78
265 83
265 241
265 295
265 428
266 297
266 354
266 374
266 447
266 449
266 475
267 169
267 453
267 478
267 482
267 483
267 489
268 64
268 70
268 85
268 87
268 233
268 303
269 332
269 409
269 464
269 465
269 470
269 490
270 55
270 109
270 120
270 193
270 195
270 228
271 47
271 169
271 181
271 202
271 260
271 289
272 35
272 130
272 183
272 292
272 436
272 440
273 156
273 170
273 173
273 276
273 330
273 395
274 33
274 79
274 204
274 212
274 298
274 299
275 293
275 406
275 444
275 467
275 469
275 474
276 273
276 353
276 366
276 402
276 442
276 466
277 39
277 155
277 477
277 486
277 491
277 498
277 500
278 46
278 108
278 112
278 234
278 236
278 339
278 360
279 44
279 492
279 493
279 494
279 495
279 496
279 497
280 9
280 60
280 264
280 362
280 416
280 422
280 433
281 4
281 69
281 147
281 201
281 229
281 356
281 369
282 117
282 143
282 189
282 219
282 296
282 367
282 405
283 49
283 158
283 252
283 391
283 418
283 430
283 457
284 439
284 477
284 484
284 486
284 491
284 498
284 500
285 231
285 248
285 359
285 402
285 442
285 461
285 466
286 288
286 431
286 471
286 478
286 483
286 485
286 489
287 95
287 142
287 226
287 251
287 294
287 331
287 334
288 90
288 194
288 286
288 351
288 408
288 414
288 445
289 169
289 175
289 181
289 202
289 260
289 271
289 392
290 80
290 239
290 310
290 394
290 423
290 443
290 488
291 42
291 111
291 172
291 196
291 393
291 434
291 463
292 224
292 272
292 295
292 336
292 392
292 436
292 440
293 30
293 275
293 410
293 411
293 467
293 469
293 474
294 95
294 142
294 226
294 251
294 287
294 331
294 334
295 17
295 34
295 78
295 265
295 292
295 361
295 428
296 168
296 208
296 219
296 282
296 367
296 405
296 498
297 216
297 266
297 354
297 383
297 425
297 449
297 462
298 3
298 33
298 204
298 212
298 274
298 299
298 342
299 3
299 79
299 204
299 212
299 274
299 298
299 431
300 164
300 217
300 258
300 301
300 333
300 372
300 382
301 300
301 335
301 375
301 427
301 441
301 448
301 468
302 177
302 237
302 357
302 394
302 438
302 443
302 488
303 14
303 50
303 59
303 64
303 87
303 268
303 389
304 77
304 157
304 171
304 197
304 255
304 317
304 386
305 44
305 62
305 117
305 148
305 209
305 215
305 247
306 22
306 32
306 121
306 136
306 264
306 341
306 352
307 18
307 96
307 199
307 310
307 320
307 337
307 365
308 124
308 176
308 225
308 378
308 381
308 400
308 420
309 35
309 51
309 336
309 370
309 436
309 440
309 446
310 177
310 290
310 307
310 327
310 396
310 438
310 488
311 12
311 74
311 253
311 257
311 385
311 399
311 412
312 54
312 63
312 147
312 315
312 356
312 369
312 479
313 6
313 58
313 190
313 197
313 207
313 244
313 245
314 25
314 28
314 125
314 160
314 425
314 447
314 475
315 63
315 69
315 147
315 201
315 312
315 356
315 369
316 129
316 439
316 481
316 484
316 486
316 498
316 500
317 68
317 157
317 166
317 171
317 216
317 304
317 386
318 256
318 354
318 447
318 452
318 462
318 475
318 476
319 1
319 252
319 261
319 391
319 418
319 430
319 457
320 61
320 93
320 96
320 199
320 307
320 365
320 491
321 71
321 198
321 322
321 324
321 340
321 350
321 403
322 21
322 71
322 198
322 321
322 329
322 350
322 403
323 73
323 161
323 167
323 184
323 246
323 338
323 401
324 43
324 71
324 198
324 321
324 329
324 340
324 403
325 35
325 106
325 370
325 392
325 436
325 440
325 446
326 2
326 4
326 5
326 84
326 114
326 149
326 230
327 104
327 263
327 310
327 396
327 423
327 438
327 488
328 88
328 167
328 249
328 435
328 472
328 473
328 487
329 21
329 43
329 198
329 322
329 324
329 350
329 403
330 140
330 144
330 162
330 170
330 173
330 273
330 395
331 95
331 142
331 226
331 251
331 287
331 294
331 334
332 162
332 269
332 432
332 437
332 465
332 470
332 490
333 29
333 134
333 217
333 235
333 258
333 300
333 382
334 95
334 142
334 226
334 251
334 287
334 294
334 331
335 301
335 345
335 347
335 364
335 375
335 441
335 468
336 224
336 292
336 309
336 349
336 370
336 392
336 440
337 18
337 61
337 188
337 199
337 232
337 307
337 365
338 39
338 82
338 152
338 161
338 246
338 323
338 401
339 46
339 108
339 112
339 234
339 236
339 278
339 360
340 43
340 71
340 198
340 321
340 324
340 350
340 403
341 22
341 32
341 121
341 205
341 306
341 352
341 376
342 298
342 459
342 481
342 484
342 491
342 498
342 500
343 17
343 37
343 78
343 185
343 346
343 361
343 428
344 249
344 348
344 417
344 458
344 463
344 472
344 473
344 487
345 67
345 131
345 335
345 364
345 375
345 421
345 427
345 448
346 153
346 262
346 343
346 348
346 458
346 472
346 473
346 487
347 128
347 187
347 335
347 421
347 427
347 441
347 448
347 468
348 344
348 346
348 417
348 458
348 463
348 472
348 473
348 487
349 41
349 92
349 110
349 119
349 192
349 254
349 336
349 388
350 21
350 71
350 321
350 322
350 329
350 340
350 403
350 432
351 13
351 26
351 90
351 194
351 288
351 408
351 414
351 445
352 32
352 121
352 136
352 205
352 306
352 341
352 376
352 469
353 11
353 156
353 248
353 276
353 402
353 407
353 461
353 466
354 135
354 266
354 297
354 318
354 383
354 449
354 462
354 476
355 19
355 211
355 253
355 257
355 385
355 399
355 412
355 452
356 54
356 69
356 164
356 201
356 281
356 312
356 315
356 369
357 103
357 177
357 263
357 302
357 396
357 423
357 438
357 488
358 30
358 165
358 410
358 411
358 444
358 467
358 469
358 474
359 57
359 75
359 203
359 285
359 366
359 407
359 461
359 466
360 46
360 108
360 112
360 115
360 234
360 236
360 278
360 339
361 17
361 37
361 83
361 185
361 241
361 295
361 343
361 428
362 9
362 159
362 264
362 280
362 379
362 416
362 422
362 433
363 52
363 56
363 66
363 76
363 81
363 101
363 206
363 366
364 131
364 187
364 335
364 345
364 421
364 441
364 448
364 468
365 18
365 61
365 188
365 199
365 232
365 307
365 320
365 337
366 75
366 276
366 359
366 363
366 407
366 442
366 461
366 466
367 72
367 143
367 168
367 189
367 208
367 243
367 282
367 296
368 19
368 41
368 92
368 119
368 192
368 254
368 371
368 388
369 4
369 54
369 63
369 147
369 281
369 312
369 315
369 356
370 106
370 130
370 309
370 325
370 336
370 392
370 436
370 446
371 368
371 479
371 492
371 493
371 495
371 496
371 497
371 499
372 29
372 33
372 134
372 217
372 235
372 258
372 300
372 382
373 43
373 492
373 493
373 494
373 495
373 496
373 497
373 499
374 28
374 256
374 266
374 383
374 425
374 462
374 475
374 476
375 131
375 301
375 335
375 345
375 421
375 427
375 441
375 468
376 22
376 32
376 121
376 136
376 205
376 341
376 352
376 477
377 44
377 62
377 117
377 148
377 209
377 215
377 247
377 433
378 16
378 98
378 124
378 179
378 225
378 308
378 381
378 420
379 9
379 60
379 159
379 362
379 380
379 416
379 422
379 433
380 379
380 480
380 492
380 493
380 494
380 495
380 496
380 497
380 499
381 16
381 124
381 179
381 225
381 308
381 378
381 382
381 400
381 420
382 29
382 53
382 134
382 217
382 258
382 300
382 333
382 372
382 381
383 25
383 297
383 354
383 374
383 447
383 452
383 462
383 475
383 476
384 100
384 389
384 459
384 477
384 484
384 486
384 491
384 498
384 500
385 48
385 65
385 180
385 211
385 257
385 311
385 355
385 399
385 412
386 68
386 77
386 157
386 171
386 203
386 216
386 255
386 304
386 317
387 479
387 480
387 492
387 493
387 494
387 495
387 496
387 497
387 499
388 19
388 41
388 92
388 110
388 119
388 192
388 254
388 349
388 368
389 14
389 59
389 64
389 70
389 85
389 87
389 233
389 303
389 384
390 45
390 139
390 145
390 200
390 250
390 413
390 429
390 450
390 451
391 1
391 23
391 49
391 115
391 261
391 283
391 319
391 430
391 457
392 51
392 224
392 289
392 292
392 325
392 336
392 370
392 440
392 446
393 42
393 111
393 137
393 172
393 191
393 196
393 242
393 291
393 434
394 104
394 237
394 290
394 302
394 396
394 423
394 438
394 443
394 488
395 140
395 144
395 156
395 162
395 170
395 173
395 223
395 273
395 330
396 80
396 237
396 239
396 310
396 327
396 357
396 394
396 438
396 443
397 97
397 399
397 431
397 456
397 471
397 478
397 482
397 483
397 489
398 431
398 453
398 456
398 471
398 478
398 482
398 483
398 485
398 489
399 48
399 65
399 211
399 257
399 311
399 355
399 385
399 397
399 412
400 16
400 98
400 124
400 176
400 179
400 308
400 381
400 420
400 500
401 39
401 73
401 82
401 152
401 161
401 184
401 246
401 323
401 338
402 75
402 231
402 276
402 285
402 353
402 442
402 461
402 464
402 466
403 21
403 43
403 198
403 321
403 322
403 324
403 329
403 340
403 350
404 124
404 138
404 139
404 200
404 250
404 413
404 429
404 450
404 451
405 20
405 72
405 143
405 168
405 186
405 189
405 243
405 282
405 296
406 30
406 38
406 123
406 143
406 275
406 444
406 467
406 469
406 474
407 11
407 220
407 231
407 248
407 353
407 359
407 366
407 442
407 461
408 90
408 141
408 146
408 194
408 238
408 288
408 351
408 414
408 445
409 15
409 91
409 165
409 240
409 269
409 424
409 437
409 465
409 470
409 490
410 123
410 144
410 182
410 221
410 293
410 358
410 411
410 444
410 467
410 474
411 30
411 122
411 221
411 293
411 358
411 410
411 414
411 467
411 469
411 474
412 12
412 48
412 65
412 180
412 253
412 257
412 311
412 355
412 385
412 399
413 45
413 138
413 139
413 200
413 250
413 390
413 404
413 429
413 450
413 451
414 13
414 141
414 146
414 194
414 238
414 288
414 351
414 408
414 411
414 445
415 8
415 10
415 24
415 31
415 94
415 132
415 218
415 230
415 454
415 455
416 9
416 60
416 154
416 159
416 264
416 280
416 362
416 379
416 422
416 433
417 153
417 249
417 344
417 348
417 435
417 458
417 463
417 472
417 473
417 487
418 49
418 115
418 158
418 252
418 261
418 283
418 319
418 430
418 457
418 490
419 74
419 100
419 459
419 476
419 477
419 481
419 484
419 491
419 498
419 500
420 16
420 98
420 176
420 179
420 225
420 231
420 308
420 378
420 381
420 400
421 67
421 128
421 345
421 347
421 364
421 375
421 427
421 441
421 448
421 468
422 9
422 60
422 128
422 159
422 264
422 280
422 362
422 379
422 416
422 433
423 80
423 86
423 103
423 104
423 263
423 290
423 327
423 357
423 394
423 488
424 107
424 213
424 240
424 409
424 432
424 437
424 464
424 465
424 470
424 490
425 125
425 154
425 297
425 314
425 374
425 447
425 449
425 452
425 475
425 476
426 460
426 479
426 480
426 492
426 493
426 494
426 495
426 496
426 497
426 499
427 128
427 187
427 301
427 345
427 347
427 375
427 421
427 441
427 448
427 468
428 17
428 34
428 37
428 78
428 185
428 241
428 265
428 295
428 343
428 361
429 138
429 145
429 200
429 250
429 390
429 404
429 413
429 430
429 450
429 451
430 23
430 126
430 158
430 261
430 283
430 319
430 391
430 418
430 429
430 457
431 286
431 299
431 397
431 398
431 456
431 478
431 482
431 483
431 485
431 489
432 116
432 150
432 165
432 332
432 350
432 424
432 464
432 465
432 470
432 490
433 60
433 159
433 264
433 280
433 362
433 377
433 379
433 416
433 422
433 454
434 42
434 111
434 120
434 137
434 172
434 191
434 196
434 242
434 291
434 393
435 88
435 89
435 118
435 153
435 328
435 417
435 458
435 463
435 472
435 473
435 487
436 51
436 106
436 130
436 224
436 272
436 292
436 309
436 325
436 370
436 440
436 446
437 15
437 91
437 150
437 213
437 332
437 409
437 424
437 464
437 465
437 470
437 490
438 103
438 239
438 263
438 302
438 310
438 327
438 357
438 394
438 396
438 443
438 488
439 36
439 100
439 284
439 316
439 459
439 477
439 481
439 486
439 491
439 498
439 500
440 183
440 224
440 272
440 292
440 309
440 325
440 336
440 392
440 436
440 442
440 446
441 67
441 131
441 301
441 335
441 347
441 364
441 375
441 421
441 427
441 448
441 468
442 57
442 220
442 231
442 276
442 285
442 366
442 402
442 407
442 440
442 461
442 466
443 80
443 86
443 103
443 239
443 263
443 290
443 302
443 394
443 396
443 438
443 488
444 38
444 122
444 221
444 275
444 358
444 406
444 410
444 445
444 467
444 469
444 474
445 13
445 26
445 90
445 141
445 146
445 238
445 288
445 351
445 408
445 414
445 444
446 35
446 51
446 130
446 183
446 309
446 325
446 370
446 392
446 436
446 440
446 447
447 135
447 163
447 266
447 314
447 318
447 383
447 425
447 446
447 452
447 475
447 476
448 67
448 187
448 301
448 345
448 347
448 364
448 421
448 427
448 441
448 449
448 468
449 28
449 256
449 266
449 297
449 354
449 425
449 448
449 452
449 462
449 475
449 476
450 45
450 139
450 145
450 200
450 250
450 390
450 404
450 413
450 429
450 451
450 471
451 45
451 139
451 145
451 200
451 250
451 390
451 404
451 413
451 429
451 450
451 472
452 25
452 125
452 163
452 256
452 318
452 355
452 383
452 425
452 447
452 449
452 475
453 7
453 97
453 162
453 267
453 398
453 456
453 471
453 478
453 482
453 483
453 485
453 489
454 10
454 24
454 31
454 94
454 102
454 132
454 178
454 218
454 415
454 433
454 455
454 490
455 8
455 10
455 31
455 94
455 102
455 132
455 178
455 218
455 259
455 415
455 454
455 457
456 7
456 174
456 397
456 398
456 431
456 453
456 471
456 478
456 482
456 483
456 485
456 489
457 1
457 23
457 115
457 126
457 158
457 252
457 283
457 319
457 391
457 418
457 430
457 455
458 133
458 262
458 344
458 346
458 348
458 417
458 435
458 460
458 463
458 472
458 473
458 487
459 155
459 342
459 384
459 419
459 439
459 477
459 481
459 484
459 486
459 491
459 498
459 500
460 105
460 227
460 426
460 458
460 479
460 480
460 492
460 493
460 494
460 495
460 496
460 497
460 499
461 11
461 57
461 75
461 220
461 231
461 248
461 285
461 353
461 359
461 366
461 402
461 407
461 442
462 25
462 28
462 154
462 163
462 211
462 297
462 318
462 354
462 374
462 383
462 449
462 475
462 476
463 88
463 133
463 249
463 262
463 291
463 344
463 348
463 417
463 435
463 458
463 472
463 473
463 487
464 107
464 116
464 118
464 213
464 240
464 269
464 402
464 424
464 432
464 437
464 465
464 470
464 490
465 15
465 91
465 107
465 165
465 213
465 269
465 332
465 409
465 424
465 432
465 437
465 464
465 490
466 11
466 57
466 75
466 220
466 248
466 276
466 285
466 353
466 359
466 366
466 402
466 442
466 496
467 38
467 122
467 182
467 221
467 275
467 293
467 358
467 406
467 410
467 411
467 444
467 469
467 474
468 63
468 67
468 128
468 131
468 301
468 335
468 347
468 364
468 375
468 421
468 427
468 441
468 448
469 122
469 123
469 182
469 221
469 275
469 293
469 352
469 358
469 406
469 411
469 444
469 467
469 474
470 15
470 91
470 107
470 116
470 150
470 240
470 269
470 332
470 409
470 424
470 432
470 437
470 464
470 490
471 40
471 174
471 210
471 286
471 397
471 398
471 450
471 453
471 456
471 478
471 482
471 483
471 485
471 489
472 89
472 249
472 262
472 328
472 344
472 346
472 348
472 417
472 435
472 451
472 458
472 463
472 473
472 487
473 133
473 249
473 262
473 328
473 344
473 346
473 348
473 417
473 435
473 458
473 463
473 472
473 487
473 489
474 2
474 38
474 122
474 123
474 221
474 275
474 293
474 358
474 406
474 410
474 411
474 444
474 467
474 469
475 28
475 135
475 154
475 266
475 314
475 318
475 374
475 383
475 425
475 447
475 449
475 452
475 462
475 476
476 125
476 154
476 160
476 163
476 318
476 354
476 374
476 383
476 419
476 425
476 447
476 449
476 462
476 475
477 214
477 223
477 277
477 284
477 376
477 384
477 419
477 439
477 459
477 481
477 484
477 486
477 491
477 498
477 500
478 7
478 72
478 210
478 267
478 286
478 397
478 398
478 431
478 453
478 456
478 471
478 482
478 483
478 485
478 489
479 151
479 227
479 312
479 371
479 387
479 426
479 460
479 480
479 492
479 493
479 494
479 495
479 496
479 497
479 499
480 27
480 127
480 380
480 387
480 426
480 460
480 479
480 481
480 492
480 493
480 494
480 495
480 496
480 497
480 499
481 36
481 99
481 129
481 223
481 316
481 342
481 419
481 439
481 459
481 477
481 480
481 484
481 486
481 498
481 500
482 1
482 7
482 40
482 97
482 210
482 267
482 397
482 398
482 431
482 453
482 456
482 471
482 478
482 483
482 485
482 489
483 40
483 174
483 210
483 267
483 286
483 397
483 398
483 431
483 453
483 456
483 471
483 478
483 482
483 484
483 485
483 489
484 74
484 99
484 214
484 284
484 316
484 342
484 384
484 419
484 459
484 477
484 481
484 483
484 486
484 491
484 498
484 500
485 7
485 40
485 97
485 174
485 210
485 286
485 398
485 431
485 453
485 456
485 471
485 478
485 482
485 483
485 486
485 489
486 36
486 129
486 214
486 277
486 284
486 316
486 384
486 439
486 459
486 477
486 481
486 484
486 485
486 491
486 498
486 500
487 88
487 89
487 133
487 153
487 262
487 328
487 344
487 346
487 348
487 417
487 435
487 458
487 463
487 472
487 473
487 488
488 80
488 86
488 103
488 104
488 177
488 237
488 239
488 290
488 302
488 310
488 327
488 357
488 394
488 423
488 438
488 443
488 487
489 40
489 97
489 174
489 210
489 267
489 286
489 397
489 398
489 431
489 453
489 456
489 471
489 473
489 478
489 482
489 483
489 485
490 91
490 107
490 116
490 118
490 165
490 213
490 240
490 269
490 332
490 409
490 418
490 424
490 432
490 437
490 454
490 464
490 465
490 470
491 36
491 74
491 100
491 155
491 214
491 223
491 277
491 284
491 320
491 342
491 384
491 419
491 439
491 459
491 477
491 484
491 486
491 498
491 500
492 27
492 105
492 127
492 238
492 279
492 371
492 373
492 380
492 387
492 426
492 460
492 479
492 480
492 493
492 494
492 495
492 496
492 497
492 499
493 27
493 50
493 105
493 151
493 229
493 279
493 371
493 373
493 380
493 387
493 426
493 460
493 479
493 480
493 492
493 494
493 495
493 496
493 497
493 499
494 27
494 89
494 113
494 127
494 227
494 279
494 373
494 380
494 387
494 426
494 460
494 479
494 480
494 492
494 493
494 495
494 496
494 497
494 499
494 500
495 113
495 127
495 151
495 229
495 242
495 279
495 371
495 373
495 380
495 387
495 426
495 460
495 479
495 480
495 492
495 493
495 494
495 496
495 497
495 499
496 96
496 113
496 151
496 229
496 279
496 371
496 373
496 380
496 387
496 426
496 460
496 466
496 479
496 480
496 492
496 493
496 494
496 495
496 497
496 499
497 49
497 105
497 113
497 227
497 229
497 279
497 371
497 373
497 380
497 387
497 426
497 460
497 479
497 480
497 492
497 493
497 494
497 495
497 496
497 499
498 99
498 100
498 129
498 155
498 214
498 223
498 277
498 284
498 296
498 316
498 342
498 384
498 419
498 439
498 459
498 477
498 481
498 484
498 486
498 491
498 500
499 27
499 113
499 127
499 151
499 227
499 229
499 253
499 371
499 373
499 380
499 387
499 426
499 460
499 479
499 480
499 492
499 493
499 494
499 495
499 496
499 497
500 36
500 99
500 129
500 155
500 223
500 277
500 284
500 316
500 342
500 384
500 400
500 419
500 439
500 459
500 477
500 481
500 484
500 486
500 491
500 494
500 498
