1 17
2 10
3 32
4 36
5 27
6 33
7 19
8 10
9 27
10 1
11 8
12 2
13 18
14 21
15 1
16 39
17 15
18 4
19 38
20 10
21 34
22 29
23 9
24 3
25 11
26 28
27 37
28 32
29 4
30 29
31 13
32 44
33 34
34 39
35 42
36 19
37 40
38 17
39 36
40 20
41 9
42 10
43 19
44 31
45 32
46 24
47 42
48 15
49 12
50 43
51 38
52 27
53 27
54 43
55 44
56 14
57 9
58 15
59 13
60 44
61 38
62 1
63 9
64 2
65 38
66 19
67 16
68 7
69 28
70 22
71 3
72 11
73 3
74 10
75 7
76 40
77 7
78 13
79 6
80 42
81 22
82 3
83 43
84 33
85 9
86 31
87 19
88 16
89 9
90 35
91 26
92 35
93 31
94 20
95 36
96 14
97 26
98 2
99 38
100 20
101 18
102 27
103 3
104 28
105 31
106 4
107 35
108 33
109 23
110 9
111 44
112 37
113 22
114 24
115 34
116 8
117 3
118 7
119 37
120 44
121 17
122 16
123 21
124 25
125 27
126 32
127 7
128 2
129 32
130 25
131 44
132 30
133 9
134 17
135 35
136 8
137 30
138 27
139 41
140 2
141 42
142 39
143 37
144 42
145 39
146 37
147 11
148 15
149 16
150 26
151 23
152 10
153 13
154 13
155 14
156 12
157 13
158 35
159 6
160 36
161 21
162 34
163 27
164 6
165 22
166 38
167 26
168 35
169 5
170 6
171 18
172 38
173 30
174 9
175 18
176 25
177 30
178 25
179 25
180 43
181 9
182 12
183 43
184 26
185 15
186 4
187 15
188 10
189 41
190 37
191 7
192 43
193 20
194 22
195 4
196 37
197 30
198 22
199 17
200 39
201 3
202 24
203 32
204 30
205 40
206 19
207 18
208 44
209 8
210 13
211 27
212 2
213 40
214 43
215 4
216 35
217 37
218 31
219 8
220 5
221 35
222 4
223 4
224 20
225 38
226 33
227 11
228 35
229 27
230 15
231 43
232 14
233 14
234 35
235 39
236 13
237 30
238 21
239 35
240 14
241 22
242 15
243 41
244 37
245 31
246 34
247 35
248 41
249 12
250 18
251 7
252 17
253 31
254 11
255 29
256 5
257 9
258 20
259 3
260 43
261 25
262 1
263 2
264 8
265 28
266 19
267 2
268 2
269 3
270 12
271 14
272 11
273 5
274 41
275 5
276 1
277 38
278 10
279 28
280 32
281 17
282 19
283 40
284 5
285 9
286 27
287 23
288 20
289 21
290 2
291 24
292 35
293 2
294 2
295 26
296 40
297 3
298 27
299 13
300 44
301 6
302 39
303 26
304 2
305 21
306 38
307 1
308 31
309 35
310 28
311 4
312 9
313 32
314 31
315 37
316 5
317 41
318 33
319 18
320 28
321 31
322 24
323 12
324 10
325 35
326 35
327 24
328 22
329 19
330 27
331 17
332 19
333 15
334 13
335 34
336 42
337 26
338 24
339 22
340 34
341 6
342 33
343 38
344 37
345 10
346 6
347 34
348 19
349 35
350 37
351 18
352 18
353 5
354 21
355 20
356 15
357 37
358 44
359 41
360 31
361 21
362 10
363 37
364 3
365 44
366 7
367 4
368 23
369 17
370 28
371 15
372 24
373 38
374 17
375 32
376 41
377 15
378 30
379 29
380 30
381 12
382 37
383 10
384 44
385 41
386 6
387 42
388 17
389 41
390 43
391 34
392 12
393 19
394 39
395 13
396 13
397 29
398 39
399 22
400 42
401 8
402 16
403 13
404 24
405 2
406 42
407 42
408 14
409 41
410 14
411 4
412 18
413 28
414 1
415 17
416 41
417 43
418 14
419 15
420 42
421 41
422 40
423 28
424 37
425 9
426 33
427 31
428 28
429 44
430 14
431 17
432 13
433 7
434 37
435 22
436 14
437 41
438 15
439 22
440 38
441 38
442 3
443 29
444 14
445 17
446 23
447 38
448 33
449 15
450 19
451 28
452 19
453 28
454 35
455 36
456 19
457 41
458 10
459 7
460 19
461 27
462 17
463 14
464 10
465 9
466 6
467 2
468 15
469 27
470 28
471 17
472 14
473 28
474 34
475 3
476 41
477 28
478 31
479 44
480 41
481 2
482 13
483 13
484 37
485 19
486 14
487 2
488 13
489 13
490 28
491 37
492 10
493 31
494 31
495 31
496 37
497 31
498 31
499 31
500 31
