1 21
1 37
1 111
1 141
1 317
2 73
2 104
2 227
2 231
2 475
3 113
3 167
3 268
3 301
3 322
4 247
4 330
4 339
4 374
4 381
5 131
5 429
5 430
5 474
5 497
6 158
6 185
6 405
6 448
6 462
7 244
7 261
7 270
7 314
7 388
8 9
8 359
8 442
8 445
8 490
9 8
9 104
9 137
9 227
9 231
10 59
10 77
10 169
10 266
10 491
11 66
11 174
11 199
11 202
11 264
12 71
12 287
12 311
12 340
12 488
13 214
13 223
13 290
13 343
13 401
14 114
14 166
14 206
14 271
14 349
15 37
15 239
15 324
15 362
15 435
16 426
16 427
16 462
16 474
16 497
17 41
17 55
17 142
17 157
17 230
18 282
18 287
18 326
18 407
18 415
19 20
19 22
19 78
19 83
19 118
20 19
20 143
20 184
20 248
20 342
21 1
21 37
21 111
21 141
21 470
22 19
22 78
22 83
22 118
22 483
23 131
23 190
23 218
23 427
23 453
24 275
24 294
24 319
24 333
24 472
25 94
25 127
25 470
25 484
25 491
26 419
26 432
26 441
26 447
26 483
27 269
27 297
27 369
27 398
27 412
28 293
28 300
28 310
28 316
28 325
29 230
29 379
29 395
29 420
29 484
30 93
30 442
30 456
30 458
30 490
31 90
31 187
31 192
31 208
31 419
32 175
32 274
32 426
32 453
32 497
33 295
33 304
33 439
33 465
33 472
34 40
34 248
34 405
34 462
34 481
35 39
35 88
35 160
35 177
35 254
36 46
36 51
36 249
36 277
36 370
37 1
37 15
37 21
37 111
37 141
38 90
38 187
38 192
38 208
38 426
39 35
39 160
39 177
39 254
39 433
40 34
40 384
40 448
40 462
40 481
41 17
41 55
41 142
41 157
41 495
42 242
42 299
42 318
42 345
42 363
43 368
43 446
43 460
43 492
43 500
44 255
44 279
44 394
44 458
44 498
45 57
45 106
45 131
45 201
45 364
46 36
46 108
46 125
46 249
46 277
47 198
47 204
47 226
47 292
47 396
48 306
48 446
48 485
48 489
48 499
49 101
49 151
49 158
49 281
49 306
50 130
50 369
50 398
50 404
50 412
51 36
51 249
51 259
51 277
51 370
52 213
52 284
52 377
52 455
52 476
53 357
53 419
53 431
53 432
53 447
54 72
54 437
54 461
54 475
54 496
55 17
55 41
55 142
55 157
55 196
56 59
56 130
56 309
56 327
56 341
57 45
57 89
57 162
57 201
57 364
58 113
58 167
58 268
58 301
58 322
59 10
59 56
59 121
59 169
59 266
60 404
60 434
60 444
60 470
60 491
61 92
61 272
61 393
61 396
61 496
62 383
62 410
62 417
62 428
62 473
63 133
63 438
63 455
63 469
63 476
64 384
64 448
64 456
64 462
64 481
65 366
65 389
65 397
65 443
65 481
66 11
66 174
66 199
66 264
66 459
67 70
67 164
67 165
67 221
67 262
68 297
68 382
68 398
68 404
68 418
69 240
69 281
69 385
69 416
69 464
70 67
70 193
70 195
70 316
70 360
71 12
71 163
71 287
71 311
71 340
72 54
72 224
72 421
72 475
72 496
73 2
73 98
73 178
73 227
73 231
74 389
74 397
74 418
74 451
74 460
75 313
75 327
75 347
75 356
75 414
76 439
76 452
76 465
76 472
76 480
77 10
77 121
77 169
77 266
77 374
78 19
78 22
78 83
78 118
78 339
79 159
79 216
79 447
79 467
79 483
80 437
80 471
80 472
80 480
80 487
81 215
81 460
81 479
81 492
81 500
82 308
82 406
82 454
82 469
82 476
83 19
83 22
83 78
83 116
83 118
84 108
84 232
84 475
84 488
84 496
85 321
85 323
85 367
85 423
85 424
86 335
86 369
86 382
86 398
86 412
87 205
87 334
87 358
87 386
87 422
88 35
88 160
88 177
88 238
88 254
89 57
89 91
89 162
89 201
89 364
90 31
90 38
90 187
90 192
90 208
91 89
91 463
91 494
91 495
91 499
92 61
92 272
92 393
92 396
92 429
93 30
93 437
93 465
93 471
93 480
94 25
94 280
94 430
94 455
94 491
95 140
95 327
95 411
95 425
95 457
96 454
96 455
96 461
96 469
96 476
97 143
97 186
97 207
97 333
97 342
98 73
98 285
98 296
98 344
98 353
99 103
99 348
99 385
99 416
99 464
100 302
100 335
100 339
100 374
100 381
101 49
101 158
101 281
101 306
101 362
102 136
102 175
102 362
102 399
102 435
103 99
103 417
103 428
103 449
103 468
104 2
104 9
104 178
104 231
104 483
105 376
105 434
105 484
105 493
105 494
106 45
106 162
106 201
106 364
106 493
107 164
107 165
107 221
107 262
107 422
108 46
108 84
108 461
108 466
108 496
109 175
109 239
109 399
109 435
109 447
110 115
110 274
110 413
110 433
110 497
111 1
111 21
111 37
111 141
111 209
112 197
112 203
112 245
112 291
112 331
113 3
113 58
113 301
113 322
113 440
114 14
114 155
114 166
114 206
114 271
115 110
115 440
115 442
115 487
115 498
116 83
116 150
116 287
116 311
116 340
117 173
117 323
117 423
117 424
117 445
118 19
118 22
118 78
118 83
118 360
119 260
119 323
119 383
119 423
119 424
120 273
120 276
120 492
120 494
120 500
121 59
121 77
121 169
121 266
121 405
122 203
122 224
122 245
122 291
122 331
123 180
123 336
123 460
123 479
123 500
124 382
124 437
124 471
124 472
124 480
125 46
125 193
125 259
125 277
125 370
126 159
126 205
126 288
126 361
126 386
127 25
127 176
127 207
127 248
127 312
128 328
128 389
128 402
128 443
128 451
129 189
129 282
129 326
129 382
129 415
130 50
130 56
130 225
130 289
130 414
131 5
131 23
131 45
131 433
131 497
132 308
132 349
132 438
132 455
132 476
133 63
133 263
133 478
133 489
133 495
134 369
134 382
134 389
134 404
134 412
135 235
135 282
135 326
135 337
135 407
136 102
136 233
136 239
136 362
136 435
137 9
137 178
137 202
137 227
137 231
138 199
138 230
138 278
138 286
138 420
139 154
139 207
139 281
139 306
139 472
140 95
140 400
140 436
140 477
140 495
141 1
141 21
141 37
141 111
141 485
142 17
142 41
142 55
142 157
142 355
143 20
143 97
143 248
143 276
143 342
144 168
144 190
144 311
144 426
144 453
145 336
145 460
145 486
145 492
145 500
146 470
146 484
146 485
146 491
146 493
147 355
147 376
147 444
147 470
147 493
148 334
148 358
148 386
148 422
148 471
149 195
149 310
149 316
149 325
149 360
150 116
150 163
150 287
150 311
150 340
151 49
151 460
151 486
151 492
151 500
152 321
152 373
152 378
152 423
152 424
153 223
153 290
153 343
153 372
153 412
154 139
154 158
154 211
154 281
154 306
155 114
155 156
155 166
155 206
155 271
156 155
156 239
156 362
156 399
156 435
157 17
157 41
157 55
157 142
157 253
158 6
158 49
158 101
158 154
158 281
158 306
159 79
159 126
159 194
159 447
159 467
159 483
160 35
160 39
160 88
160 177
160 254
160 359
161 278
161 350
161 375
161 403
161 466
161 496
162 57
162 89
162 106
162 201
162 364
162 488
163 71
163 150
163 287
163 311
163 340
163 374
164 67
164 107
164 165
164 221
164 262
164 356
165 67
165 107
165 164
165 221
165 262
165 443
166 14
166 114
166 155
166 206
166 271
166 423
167 3
167 58
167 187
167 268
167 301
167 322
168 144
168 190
168 403
168 426
168 427
168 497
169 10
169 59
169 77
169 121
169 266
169 478
170 234
170 377
170 411
170 425
170 452
170 477
171 251
171 274
171 346
171 376
171 413
171 474
172 396
172 450
172 489
172 494
172 495
172 499
173 117
173 323
173 373
173 423
173 424
173 466
174 11
174 66
174 199
174 202
174 264
174 334
175 32
175 102
175 109
175 324
175 399
175 435
176 127
176 184
176 207
176 312
176 342
176 384
177 35
177 39
177 88
177 160
177 178
177 254
178 73
178 104
178 137
178 177
178 227
178 231
179 189
179 235
179 236
179 326
179 407
179 415
180 123
180 220
180 275
180 294
180 319
180 333
181 185
181 282
181 320
181 405
181 462
181 481
182 294
182 460
182 479
182 486
182 492
182 500
183 244
183 261
183 270
183 365
183 380
183 388
184 20
184 176
184 186
184 207
184 312
184 388
185 6
185 181
185 384
185 448
185 481
185 498
186 97
186 184
186 212
186 248
186 312
186 342
187 31
187 38
187 90
187 167
187 192
187 208
188 367
188 408
188 439
188 465
188 471
188 480
189 129
189 179
189 191
189 236
189 407
189 415
190 23
190 144
190 168
190 274
190 346
190 497
191 189
191 383
191 410
191 449
191 468
191 473
192 31
192 38
192 90
192 187
192 208
192 297
193 70
193 125
193 300
193 310
193 316
193 325
194 159
194 342
194 419
194 431
194 467
194 483
195 70
195 149
195 219
195 300
195 316
195 360
196 55
196 260
196 321
196 373
196 423
196 424
197 112
197 203
197 245
197 291
197 331
197 485
198 47
198 226
198 292
198 315
198 393
198 396
199 11
199 66
199 138
199 174
199 202
199 264
200 212
200 221
200 278
200 379
200 395
200 420
201 45
201 57
201 89
201 106
201 162
201 364
202 11
202 137
202 174
202 199
202 264
202 451
203 112
203 122
203 197
203 245
203 291
203 331
204 47
204 317
204 384
204 405
204 448
204 481
205 87
205 126
205 361
205 386
205 422
205 442
206 14
206 114
206 155
206 166
206 236
206 271
207 97
207 127
207 139
207 176
207 184
207 342
208 31
208 38
208 90
208 187
208 192
208 323
209 111
209 214
209 250
209 256
209 337
209 372
210 232
210 299
210 318
210 345
210 363
210 375
211 154
211 401
211 456
211 458
211 490
211 498
212 186
212 200
212 286
212 379
212 395
212 420
213 52
213 421
213 466
213 475
213 488
213 496
214 13
214 209
214 223
214 343
214 372
214 424
215 81
215 376
215 409
215 430
215 444
215 484
216 79
216 253
216 283
216 400
216 457
216 477
217 371
217 441
217 445
217 447
217 467
217 483
218 23
218 279
218 283
218 429
218 453
218 474
219 195
219 303
219 460
219 479
219 486
219 500
220 180
220 275
220 294
220 319
220 333
220 340
221 67
221 107
221 164
221 165
221 200
221 262
222 425
222 436
222 452
222 457
222 477
222 484
223 13
223 153
223 214
223 250
223 337
223 372
224 72
224 122
224 350
224 466
224 475
224 488
225 130
225 313
225 327
225 347
225 414
225 471
226 47
226 198
226 292
226 328
226 393
226 396
227 2
227 9
227 73
227 137
227 178
227 462
228 446
228 450
228 478
228 489
228 494
228 499
229 336
229 368
229 463
229 486
229 492
229 500
230 17
230 29
230 138
230 379
230 395
230 420
231 2
231 9
231 73
231 104
231 137
231 178
232 84
232 210
232 299
232 318
232 345
232 363
233 136
233 273
233 368
233 479
233 486
233 500
234 170
234 283
234 295
234 370
234 400
234 477
235 135
235 179
235 326
235 407
235 415
235 440
236 179
236 189
236 206
236 282
236 407
236 415
237 391
237 438
237 456
237 482
237 487
237 498
238 88
238 280
238 430
238 444
238 470
238 484
239 15
239 109
239 136
239 156
239 324
239 399
240 69
240 354
240 380
240 408
240 416
240 464
241 258
241 407
241 409
241 434
241 491
241 493
242 42
242 243
242 299
242 318
242 345
242 363
243 242
243 392
243 428
243 449
243 468
243 473
244 7
244 183
244 246
244 314
244 365
244 388
245 112
245 122
245 197
245 203
245 291
245 331
246 244
246 446
246 459
246 485
246 495
246 499
247 4
247 324
247 330
247 335
247 374
247 381
248 20
248 34
248 127
248 143
248 186
248 312
249 36
249 46
249 51
249 259
249 370
249 456
250 209
250 223
250 256
250 290
250 343
250 447
251 171
251 413
251 453
251 474
251 477
251 497
252 321
252 346
252 413
252 429
252 474
252 497
253 157
253 216
253 436
253 452
253 457
253 477
254 35
254 39
254 88
254 160
254 177
254 271
255 44
255 305
255 348
255 354
255 380
255 464
256 209
256 250
256 290
256 337
256 372
256 492
257 390
257 478
257 485
257 494
257 495
257 499
258 241
258 293
258 408
258 430
258 470
258 493
259 51
259 125
259 249
259 277
259 290
259 370
260 119
260 196
260 323
260 373
260 424
260 434
261 7
261 183
261 314
261 365
261 388
261 421
262 67
262 107
262 164
262 165
262 221
262 457
263 133
263 428
263 459
263 489
263 494
263 495
264 11
264 66
264 174
264 199
264 202
264 317
265 307
265 348
265 380
265 416
265 431
265 464
266 10
266 59
266 77
266 121
266 169
266 476
267 366
267 389
267 402
267 418
267 443
267 451
268 3
268 58
268 167
268 280
268 301
268 322
269 27
269 378
269 392
269 449
269 468
269 473
270 7
270 183
270 314
270 365
270 383
270 388
271 14
271 114
271 155
271 166
271 206
271 254
272 61
272 92
272 292
272 393
272 396
272 444
273 120
273 233
273 397
273 479
273 486
273 492
274 32
274 110
274 171
274 190
274 275
274 429
274 497
275 24
275 180
275 220
275 274
275 294
275 319
275 333
276 120
276 143
276 303
276 336
276 479
276 486
276 500
277 36
277 46
277 51
277 125
277 259
277 325
277 370
278 138
278 161
278 200
278 286
278 379
278 395
278 420
279 44
279 218
279 283
279 390
279 394
279 482
279 498
280 94
280 238
280 268
280 293
280 376
280 491
280 493
281 49
281 69
281 101
281 139
281 154
281 158
281 306
282 18
282 129
282 135
282 181
282 236
282 407
282 415
283 216
283 218
283 234
283 279
283 425
283 436
283 477
284 52
284 308
284 406
284 454
284 455
284 476
284 489
285 98
285 302
285 315
285 344
285 349
285 353
285 467
286 138
286 212
286 278
286 379
286 385
286 395
286 420
287 12
287 18
287 71
287 116
287 150
287 163
287 340
288 126
288 289
288 329
288 334
288 361
288 386
288 422
289 130
289 288
289 309
289 327
289 341
289 347
289 414
290 13
290 153
290 250
290 256
290 259
290 343
290 372
291 112
291 122
291 197
291 203
291 245
291 331
291 412
292 47
292 198
292 226
292 272
292 353
292 393
292 396
293 28
293 258
293 280
293 355
293 484
293 491
293 493
294 24
294 180
294 182
294 220
294 275
294 319
294 333
295 33
295 234
295 411
295 425
295 452
295 457
295 477
296 98
296 302
296 315
296 344
296 349
296 353
296 410
297 27
297 68
297 192
297 369
297 398
297 404
297 412
298 437
298 439
298 458
298 465
298 471
298 472
298 480
299 42
299 210
299 232
299 242
299 345
299 357
299 363
300 28
300 193
300 195
300 301
300 310
300 325
300 360
301 3
301 58
301 113
301 167
301 268
301 300
301 322
302 100
302 285
302 296
302 315
302 344
302 349
302 353
303 219
303 276
303 395
303 479
303 486
303 492
303 500
304 33
304 350
304 421
304 461
304 466
304 488
304 496
305 255
305 307
305 348
305 354
305 385
305 399
305 464
306 48
306 49
306 101
306 139
306 154
306 158
306 281
307 265
307 305
307 354
307 380
307 416
307 464
307 499
308 82
308 132
308 284
308 355
308 454
308 469
308 476
309 56
309 289
309 313
309 341
309 347
309 414
309 435
310 28
310 149
310 193
310 300
310 325
310 360
310 465
311 12
311 71
311 116
311 144
311 150
311 163
311 340
312 127
312 176
312 184
312 186
312 248
312 342
312 452
313 75
313 225
313 309
313 341
313 347
313 371
313 414
314 7
314 244
314 261
314 270
314 365
314 388
314 486
315 198
315 285
315 296
315 302
315 344
315 349
315 353
316 28
316 70
316 149
316 193
316 195
316 360
316 425
317 1
317 204
317 264
317 320
317 405
317 462
317 481
318 42
318 210
318 232
318 242
318 345
318 363
318 496
319 24
319 180
319 220
319 275
319 294
319 320
319 333
320 181
320 317
320 319
320 405
320 448
320 462
320 481
321 85
321 152
321 196
321 252
321 373
321 423
321 424
322 3
322 58
322 113
322 167
322 268
322 301
322 467
323 85
323 117
323 119
323 173
323 208
323 260
323 373
324 15
324 175
324 239
324 247
324 364
324 399
324 435
325 28
325 149
325 193
325 277
325 300
325 310
325 360
326 18
326 129
326 135
326 179
326 235
326 415
326 482
327 56
327 75
327 95
327 225
327 289
327 341
327 414
328 128
328 226
328 397
328 402
328 418
328 443
328 451
329 288
329 334
329 358
329 361
329 386
329 422
329 481
330 4
330 247
330 335
330 339
330 374
330 381
330 491
331 112
331 122
331 197
331 203
331 245
331 291
331 413
332 339
332 377
332 406
332 438
332 454
332 459
332 469
333 24
333 97
333 180
333 220
333 275
333 294
333 319
334 87
334 148
334 174
334 288
334 329
334 358
334 422
335 86
335 100
335 247
335 330
335 339
335 374
335 381
336 123
336 145
336 229
336 276
336 365
336 492
336 500
337 135
337 209
337 223
337 256
337 343
337 372
337 380
338 351
338 375
338 403
338 475
338 476
338 488
338 496
339 4
339 78
339 100
339 330
339 332
339 335
339 374
339 381
340 12
340 71
340 116
340 150
340 163
340 220
340 287
340 311
341 56
341 289
341 309
341 313
341 327
341 347
341 414
341 415
342 20
342 97
342 143
342 176
342 186
342 194
342 207
342 312
343 13
343 153
343 214
343 250
343 290
343 337
343 372
343 407
344 98
344 285
344 296
344 302
344 315
344 349
344 353
344 404
345 42
345 210
345 232
345 242
345 299
345 318
345 346
345 363
346 171
346 190
346 252
346 345
346 427
346 453
346 474
346 497
347 75
347 225
347 289
347 309
347 313
347 341
347 414
347 463
348 99
348 255
348 265
348 305
348 354
348 416
348 464
348 472
349 14
349 132
349 285
349 296
349 302
349 315
349 344
349 353
350 161
350 224
350 304
350 421
350 461
350 466
350 479
350 488
351 338
351 375
351 421
351 466
351 486
351 488
351 496
351 500
352 440
352 445
352 458
352 474
352 482
352 487
352 490
352 498
353 98
353 285
353 292
353 296
353 302
353 315
353 344
353 349
354 240
354 255
354 305
354 307
354 348
354 385
354 416
354 439
355 142
355 147
355 293
355 308
355 434
355 470
355 484
355 493
356 75
356 164
356 450
356 478
356 489
356 494
356 495
356 499
357 53
357 299
357 371
357 431
357 432
357 441
357 467
357 483
358 87
358 148
358 329
358 334
358 361
358 362
358 364
358 422
359 8
359 160
359 394
359 401
359 445
359 482
359 487
359 490
360 70
360 118
360 149
360 195
360 300
360 310
360 316
360 325
361 126
361 205
361 288
361 329
361 358
361 386
361 422
361 464
362 15
362 101
362 102
362 136
362 156
362 358
362 399
362 435
363 42
363 210
363 232
363 242
363 299
363 318
363 345
363 366
364 45
364 57
364 89
364 106
364 162
364 201
364 324
364 358
365 183
365 244
365 261
365 270
365 314
365 336
365 388
365 490
366 65
366 267
366 363
366 397
366 402
366 418
366 443
366 451
367 85
367 188
367 408
367 439
367 465
367 471
367 472
367 480
368 43
368 229
368 233
368 479
368 486
368 490
368 492
368 500
369 27
369 50
369 86
369 134
369 297
369 382
369 398
369 404
370 36
370 51
370 125
370 234
370 249
370 259
370 277
370 450
371 217
371 313
371 357
371 419
371 431
371 432
371 441
371 483
372 153
372 209
372 214
372 223
372 256
372 290
372 337
372 343
372 468
373 152
373 173
373 196
373 260
373 321
373 323
373 416
373 423
373 424
374 4
374 77
374 100
374 163
374 247
374 330
374 335
374 339
374 381
375 161
375 210
375 338
375 351
375 403
375 461
375 475
375 488
375 496
376 105
376 147
376 171
376 215
376 280
376 409
376 470
376 484
376 493
377 52
377 170
377 332
377 406
377 438
377 454
377 455
377 469
377 476
378 152
378 269
378 383
378 392
378 417
378 428
378 449
378 468
378 473
379 29
379 200
379 212
379 230
379 278
379 286
379 381
379 420
379 490
380 183
380 240
380 255
380 265
380 307
380 337
380 385
380 416
380 464
381 4
381 100
381 247
381 330
381 335
381 339
381 374
381 379
381 433
382 68
382 86
382 124
382 129
382 134
382 369
382 398
382 404
382 412
383 62
383 119
383 191
383 270
383 378
383 417
383 449
383 468
383 473
384 40
384 64
384 176
384 185
384 204
384 420
384 448
384 462
384 481
385 69
385 99
385 286
385 305
385 354
385 380
385 390
385 416
385 464
386 87
386 126
386 148
386 205
386 288
386 329
386 361
386 422
386 448
387 427
387 450
387 459
387 478
387 485
387 489
387 494
387 495
387 499
388 7
388 183
388 184
388 244
388 261
388 270
388 314
388 365
388 487
389 65
389 74
389 128
389 134
389 267
389 402
389 418
389 443
389 451
390 257
390 279
390 385
390 445
390 456
390 482
390 487
390 490
390 498
391 237
391 394
391 401
391 440
391 445
391 482
391 490
391 496
391 498
392 243
392 269
392 378
392 393
392 410
392 417
392 468
392 473
392 492
393 61
393 92
393 198
393 226
393 272
393 292
393 392
393 395
393 396
394 44
394 279
394 359
394 391
394 401
394 449
394 482
394 487
394 490
395 29
395 200
395 212
395 230
395 278
395 286
395 303
395 393
395 420
396 47
396 61
396 92
396 172
396 198
396 226
396 272
396 292
396 393
397 65
397 74
397 273
397 328
397 366
397 402
397 418
397 443
397 451
398 27
398 50
398 68
398 86
398 297
398 369
398 382
398 402
398 404
398 412
399 102
399 109
399 156
399 175
399 239
399 305
399 324
399 362
399 401
399 435
400 140
400 216
400 234
400 411
400 436
400 452
400 457
400 461
400 469
400 477
401 13
401 211
401 359
401 391
401 394
401 399
401 440
401 482
401 487
401 498
402 128
402 267
402 328
402 366
402 389
402 397
402 398
402 418
402 443
402 451
403 161
403 168
403 338
403 375
403 421
403 461
403 466
403 475
403 488
403 496
404 50
404 60
404 68
404 134
404 297
404 344
404 369
404 382
404 398
404 412
405 6
405 34
405 121
405 181
405 204
405 317
405 320
405 448
405 462
405 481
406 82
406 284
406 332
406 377
406 409
406 438
406 454
406 455
406 469
406 476
407 18
407 135
407 179
407 189
407 235
407 236
407 241
407 282
407 343
407 415
408 188
408 240
408 258
408 367
408 437
408 439
408 465
408 471
408 472
408 480
409 215
409 241
409 376
409 406
409 430
409 434
409 444
409 484
409 491
409 493
410 62
410 191
410 296
410 392
410 417
410 428
410 448
410 449
410 468
410 473
411 95
411 170
411 295
411 400
411 425
411 436
411 452
411 457
411 477
411 500
412 27
412 50
412 86
412 134
412 153
412 291
412 297
412 382
412 398
412 404
413 110
413 171
413 251
413 252
413 331
413 429
413 432
413 433
413 453
413 497
414 75
414 130
414 225
414 289
414 309
414 313
414 327
414 341
414 347
414 473
415 18
415 129
415 179
415 189
415 235
415 236
415 282
415 326
415 341
415 407
416 69
416 99
416 240
416 265
416 307
416 348
416 354
416 373
416 380
416 385
416 464
417 62
417 103
417 378
417 383
417 392
417 410
417 418
417 428
417 468
417 469
417 473
418 68
418 74
418 267
418 328
418 366
418 389
418 397
418 402
418 417
418 443
418 451
419 26
419 31
419 53
419 194
419 371
419 431
419 432
419 441
419 467
419 470
419 483
420 29
420 138
420 200
420 212
420 230
420 278
420 286
420 379
420 384
420 395
420 442
421 72
421 213
421 261
421 304
421 350
421 351
421 403
421 422
421 461
421 475
421 496
422 87
422 107
422 148
422 205
422 288
422 329
422 334
422 358
422 361
422 386
422 421
423 85
423 117
423 119
423 152
423 166
423 173
423 196
423 321
423 373
423 424
423 483
424 85
424 117
424 119
424 152
424 173
424 196
424 214
424 260
424 321
424 373
424 423
425 95
425 170
425 222
425 283
425 295
425 316
425 411
425 436
425 452
425 457
425 477
426 16
426 32
426 38
426 144
426 168
426 429
426 433
426 439
426 453
426 474
426 497
427 16
427 23
427 168
427 346
427 387
427 429
427 433
427 453
427 474
427 488
427 497
428 62
428 103
428 243
428 263
428 378
428 410
428 417
428 429
428 449
428 468
428 473
429 5
429 92
429 218
429 252
429 274
429 413
429 426
429 427
429 428
429 433
429 474
430 5
430 94
430 215
430 238
430 258
430 409
430 434
430 470
430 484
430 491
430 493
431 53
431 194
431 265
431 357
431 371
431 419
431 432
431 441
431 447
431 467
431 483
432 26
432 53
432 357
432 371
432 413
432 419
432 431
432 441
432 447
432 467
432 483
433 39
433 110
433 131
433 381
433 413
433 426
433 427
433 429
433 453
433 474
433 497
434 60
434 105
434 241
434 260
434 355
434 409
434 430
434 444
434 484
434 491
434 493
435 15
435 102
435 109
435 136
435 156
435 175
435 309
435 324
435 362
435 399
435 438
436 140
436 222
436 253
436 283
436 400
436 411
436 425
436 452
436 457
436 477
436 491
437 54
437 80
437 93
437 124
437 298
437 408
437 439
437 465
437 471
437 472
437 480
438 63
438 132
438 237
438 332
438 377
438 406
438 435
438 454
438 455
438 469
438 476
439 33
439 76
439 188
439 298
439 354
439 367
439 408
439 426
439 437
439 465
439 471
439 480
440 113
440 115
440 235
440 352
440 391
440 401
440 445
440 456
440 458
440 482
440 490
440 498
441 26
441 217
441 357
441 371
441 419
441 431
441 432
441 446
441 447
441 467
441 483
441 487
442 8
442 30
442 115
442 205
442 420
442 445
442 456
442 458
442 482
442 487
442 490
442 498
443 65
443 128
443 165
443 267
443 328
443 366
443 389
443 397
443 402
443 418
443 451
443 454
444 60
444 147
444 215
444 238
444 272
444 409
444 434
444 451
444 470
444 484
444 491
444 493
445 8
445 117
445 217
445 352
445 359
445 390
445 391
445 440
445 442
445 456
445 482
445 498
446 43
446 48
446 228
446 246
446 441
446 459
446 463
446 478
446 485
446 489
446 495
446 499
447 26
447 53
447 79
447 109
447 159
447 217
447 250
447 431
447 432
447 441
447 467
447 483
448 6
448 40
448 64
448 185
448 204
448 320
448 384
448 386
448 405
448 410
448 462
448 481
449 103
449 191
449 243
449 269
449 378
449 383
449 394
449 410
449 428
449 450
449 468
449 473
450 172
450 228
450 356
450 370
450 387
450 449
450 459
450 463
450 485
450 494
450 495
450 499
451 74
451 128
451 202
451 267
451 328
451 366
451 389
451 397
451 402
451 418
451 443
451 444
452 76
452 170
452 222
452 253
452 295
452 312
452 400
452 411
452 425
452 436
452 457
452 467
452 477
453 23
453 32
453 144
453 218
453 251
453 346
453 413
453 426
453 427
453 433
453 454
453 455
453 497
454 82
454 96
454 284
454 308
454 332
454 377
454 406
454 438
454 443
454 453
454 455
454 469
454 476
455 52
455 63
455 94
455 96
455 132
455 284
455 377
455 406
455 438
455 453
455 454
455 469
455 476
456 30
456 64
456 211
456 237
456 249
456 390
456 440
456 442
456 445
456 458
456 487
456 490
456 498
457 95
457 216
457 222
457 253
457 262
457 295
457 400
457 411
457 425
457 436
457 452
457 477
457 497
458 30
458 44
458 211
458 298
458 352
458 440
458 442
458 456
458 480
458 482
458 487
458 490
458 498
459 66
459 246
459 263
459 332
459 387
459 446
459 450
459 463
459 478
459 485
459 489
459 494
459 499
460 43
460 74
460 81
460 123
460 145
460 151
460 182
460 219
460 463
460 479
460 486
460 492
460 500
461 54
461 96
461 108
461 304
461 350
461 375
461 400
461 403
461 421
461 466
461 475
461 488
461 496
462 6
462 16
462 34
462 40
462 64
462 181
462 227
462 317
462 320
462 384
462 405
462 448
462 481
463 91
463 229
463 347
463 446
463 450
463 459
463 460
463 478
463 485
463 489
463 494
463 495
463 499
464 69
464 99
464 240
464 255
464 265
464 305
464 307
464 348
464 361
464 380
464 385
464 416
464 465
465 33
465 76
465 93
465 188
465 298
465 310
465 367
465 408
465 437
465 439
465 464
465 471
465 472
465 480
466 108
466 161
466 173
466 213
466 224
466 304
466 350
466 351
466 403
466 461
466 468
466 475
466 488
466 496
467 79
467 159
467 194
467 217
467 285
467 322
467 357
467 419
467 431
467 432
467 441
467 447
467 452
467 483
468 103
468 191
468 243
468 269
468 372
468 378
468 383
468 392
468 410
468 417
468 428
468 449
468 466
468 473
469 63
469 82
469 96
469 308
469 332
469 377
469 400
469 406
469 417
469 438
469 454
469 455
469 476
469 484
470 21
470 25
470 60
470 146
470 147
470 238
470 258
470 355
470 376
470 419
470 430
470 444
470 491
470 493
471 80
471 93
471 124
471 148
471 188
471 225
471 298
471 367
471 408
471 437
471 439
471 465
471 472
471 480
472 24
472 33
472 76
472 80
472 124
472 139
472 298
472 348
472 367
472 408
472 437
472 465
472 471
472 480
473 62
473 191
473 243
473 269
473 378
473 383
473 392
473 410
473 414
473 417
473 428
473 449
473 468
473 474
474 5
474 16
474 171
474 218
474 251
474 252
474 346
474 352
474 426
474 427
474 429
474 433
474 473
474 497
475 2
475 54
475 72
475 84
475 213
475 224
475 338
475 375
475 403
475 421
475 461
475 466
475 478
475 488
475 496
476 52
476 63
476 82
476 96
476 132
476 266
476 284
476 308
476 338
476 377
476 406
476 438
476 454
476 455
476 469
477 140
477 170
477 216
477 222
477 234
477 251
477 253
477 283
477 295
477 400
477 411
477 425
477 436
477 452
477 457
478 133
478 169
478 228
478 257
478 356
478 387
478 446
478 459
478 463
478 475
478 485
478 489
478 494
478 495
478 499
479 81
479 123
479 182
479 219
479 233
479 273
479 276
479 303
479 350
479 368
479 460
479 482
479 486
479 492
479 500
480 76
480 80
480 93
480 124
480 188
480 298
480 367
480 408
480 437
480 439
480 458
480 465
480 471
480 472
480 494
481 34
481 40
481 64
481 65
481 181
481 185
481 204
481 317
481 320
481 329
481 384
481 405
481 448
481 462
481 489
482 237
482 279
482 326
482 352
482 359
482 390
482 391
482 394
482 401
482 440
482 442
482 445
482 458
482 479
482 487
482 498
483 22
483 26
483 79
483 104
483 159
483 194
483 217
483 357
483 371
483 419
483 423
483 431
483 432
483 441
483 447
483 467
484 25
484 29
484 105
484 146
484 215
484 222
484 238
484 293
484 355
484 376
484 409
484 430
484 434
484 444
484 469
484 491
485 48
485 141
485 146
485 197
485 246
485 257
485 387
485 446
485 450
485 459
485 463
485 478
485 489
485 494
485 495
485 499
486 145
486 151
486 182
486 219
486 229
486 233
486 273
486 276
486 303
486 314
486 351
486 368
486 460
486 479
486 492
486 500
487 80
487 115
487 237
487 352
487 359
487 388
487 390
487 394
487 401
487 441
487 442
487 456
487 458
487 482
487 490
487 498
488 12
488 84
488 162
488 213
488 224
488 304
488 338
488 350
488 351
488 375
488 403
488 427
488 461
488 466
488 475
488 496
489 48
489 133
489 172
489 228
489 263
489 284
489 356
489 387
489 446
489 459
489 463
489 478
489 481
489 485
489 494
489 495
489 499
490 8
490 30
490 211
490 352
490 359
490 365
490 368
490 379
490 390
490 391
490 394
490 440
490 442
490 456
490 458
490 487
490 498
491 10
491 25
491 60
491 94
491 146
491 241
491 280
491 293
491 330
491 409
491 430
491 434
491 436
491 444
491 470
491 484
491 493
492 43
492 81
492 120
492 145
492 151
492 182
492 229
492 256
492 273
492 303
492 336
492 368
492 392
492 460
492 479
492 486
492 493
492 500
493 105
493 106
493 146
493 147
493 241
493 258
493 280
493 293
493 355
493 376
493 409
493 430
493 434
493 444
493 470
493 491
493 492
493 495
494 91
494 105
494 120
494 172
494 228
494 257
494 263
494 356
494 387
494 450
494 459
494 463
494 478
494 480
494 485
494 489
494 495
494 499
495 41
495 91
495 133
495 140
495 172
495 246
495 257
495 263
495 356
495 387
495 446
495 450
495 463
495 478
495 485
495 489
495 493
495 494
495 499
496 54
496 61
496 72
496 84
496 108
496 161
496 213
496 304
496 318
496 338
496 351
496 375
496 391
496 403
496 421
496 461
496 466
496 475
496 488
497 5
497 16
497 32
497 110
497 131
497 168
497 190
497 251
497 252
497 274
497 346
497 413
497 426
497 427
497 433
497 453
497 457
497 474
497 498
497 499
498 44
498 115
498 185
498 211
498 237
498 279
498 352
498 390
498 391
498 401
498 440
498 442
498 445
498 456
498 458
498 482
498 487
498 490
498 497
498 499
499 48
499 91
499 172
499 228
499 246
499 257
499 307
499 356
499 387
499 446
499 450
499 459
499 463
499 478
499 485
499 489
499 494
499 495
499 497
499 498
499 500
500 43
500 81
500 120
500 123
500 145
500 151
500 182
500 219
500 229
500 233
500 276
500 303
500 336
500 351
500 368
500 411
500 460
500 479
500 486
500 492
500 499
