1 45
2 23
3 32
4 10
5 38
6 5
7 35
8 30
9 18
10 31
11 43
12 41
13 11
14 30
15 27
16 38
17 6
18 13
19 7
20 39
21 15
22 4
23 30
24 29
25 26
26 30
27 20
28 36
29 36
30 1
31 5
32 14
33 26
34 40
35 11
36 4
37 18
38 9
39 26
40 19
41 4
42 13
43 5
44 16
45 9
46 23
47 33
48 8
49 28
50 18
51 9
52 23
53 42
54 11
55 23
56 43
57 6
58 46
59 43
60 7
61 18
62 18
63 40
64 9
65 33
66 6
67 28
68 17
69 37
70 11
71 8
72 14
73 4
74 31
75 23
76 41
77 36
78 11
79 9
80 6
81 11
82 45
83 13
84 43
85 45
86 17
87 4
88 11
89 17
90 23
91 16
92 32
93 2
94 6
95 16
96 44
97 3
98 9
99 18
100 22
101 5
102 2
103 7
104 36
105 10
106 6
107 43
108 5
109 9
110 27
111 23
112 9
113 17
114 36
115 17
116 33
117 24
118 27
119 43
120 27
121 43
122 25
123 36
124 17
125 13
126 26
127 42
128 8
129 15
130 28
131 6
132 8
133 9
134 6
135 8
136 4
137 5
138 32
139 4
140 42
141 17
142 15
143 37
144 3
145 23
146 15
147 33
148 23
149 14
150 40
151 37
152 8
153 17
154 39
155 28
156 17
157 22
158 37
159 28
160 27
161 22
162 17
163 34
164 15
165 11
166 12
167 32
168 41
169 30
170 5
171 39
172 3
173 8
174 39
175 18
176 8
177 10
178 10
179 5
180 3
181 18
182 40
183 36
184 33
185 46
186 29
187 26
188 21
189 9
190 33
191 31
192 14
193 8
194 32
195 35
196 46
197 15
198 25
199 6
200 9
201 34
202 14
203 2
204 32
205 35
206 15
207 17
208 30
209 45
210 34
211 11
212 8
213 23
214 17
215 5
216 24
217 8
218 9
219 28
220 14
221 41
222 14
223 13
224 23
225 18
226 21
227 20
228 37
229 43
230 11
231 19
232 39
233 37
234 11
235 29
236 11
237 12
238 27
239 46
240 1
241 2
242 8
243 45
244 26
245 32
246 16
247 45
248 3
249 46
250 9
251 13
252 23
253 36
254 45
255 34
256 18
257 9
258 33
259 43
260 25
261 25
262 39
263 38
264 24
265 34
266 39
267 8
268 21
269 36
270 14
271 4
272 26
273 28
274 5
275 24
276 17
277 25
278 8
279 26
280 31
281 1
282 27
283 18
284 36
285 3
286 15
287 5
288 46
289 32
290 17
291 45
292 36
293 44
294 45
295 2
296 14
297 5
298 17
299 44
300 35
301 10
302 12
303 6
304 20
305 37
306 1
307 39
308 45
309 6
310 11
311 2
312 14
313 31
314 45
315 27
316 27
317 23
318 3
319 9
320 6
321 5
322 43
323 13
324 17
325 33
326 27
327 17
328 32
329 27
330 20
331 41
332 43
333 17
334 27
335 5
336 2
337 23
338 29
339 2
340 37
341 23
342 31
343 24
344 16
345 39
346 19
347 5
348 23
349 21
350 38
351 27
352 11
353 27
354 2
355 23
356 9
357 43
358 5
359 27
360 33
361 42
362 3
363 27
364 6
365 5
366 45
367 5
368 12
369 7
370 3
371 9
372 28
373 41
374 22
375 28
376 9
377 32
378 35
379 30
380 6
381 32
382 11
383 14
384 8
385 9
386 31
387 34
388 16
389 45
390 27
391 6
392 7
393 17
394 22
395 26
396 8
397 4
398 13
399 5
400 2
401 23
402 29
403 12
404 43
405 27
406 25
407 19
408 43
409 27
410 45
411 44
412 17
413 8
414 12
415 10
416 7
417 11
418 6
419 11
420 37
421 8
422 27
423 20
424 7
425 19
426 43
427 11
428 20
429 25
430 40
431 43
432 32
433 8
434 8
435 6
436 28
437 45
438 26
439 43
440 24
441 44
442 26
443 39
444 18
445 18
446 11
447 29
448 39
449 36
450 18
451 26
452 26
453 32
454 8
455 17
456 2
457 23
458 6
459 22
460 23
461 29
462 31
463 20
464 32
465 25
466 32
467 43
468 29
469 4
470 21
471 45
472 32
473 8
474 3
475 13
476 2
477 32
478 27
479 45
480 43
481 23
482 27
483 32
484 16
485 1
486 42
487 37
488 25
489 13
490 8
491 11
492 11
493 23
494 32
495 38
496 17
497 9
498 27
499 24
500 43
