1 5
1 189
1 323
1 476
1 490
2 3
2 397
2 432
2 484
2 500
3 2
3 11
3 252
3 397
3 439
3 465
4 8
4 105
4 106
4 357
4 495
5 1
5 237
5 268
5 323
5 448
6 7
6 10
6 110
6 256
6 330
7 6
7 10
7 329
7 396
7 493
8 4
8 29
8 102
8 358
8 469
9 79
9 100
9 102
9 119
9 495
10 6
10 7
10 59
10 190
10 192
10 293
11 3
11 13
11 14
11 359
11 415
12 19
12 25
12 115
12 319
12 337
12 455
13 11
13 14
13 187
13 232
13 397
14 11
14 13
14 15
14 110
14 330
15 14
15 16
15 17
15 415
15 429
16 15
16 17
16 20
16 177
16 394
16 475
17 15
17 16
17 20
17 180
17 261
18 151
18 152
18 155
18 258
18 431
18 496
19 12
19 25
19 152
19 169
19 372
20 16
20 17
20 22
20 184
20 209
20 423
21 22
21 86
21 191
21 203
21 495
22 20
22 21
22 52
22 179
22 203
23 24
23 28
23 202
23 203
23 407
24 23
24 25
24 27
24 28
24 120
25 12
25 19
25 24
25 107
25 120
26 101
26 197
26 208
26 314
26 323
27 24
27 28
27 160
27 203
27 272
27 469
27 481
28 23
28 24
28 27
28 53
28 84
29 8
29 101
29 289
29 469
29 481
30 101
30 317
30 383
30 389
30 445
31 32
31 33
31 54
31 261
31 273
32 31
32 33
32 164
32 273
32 388
33 31
33 32
33 269
33 273
33 474
34 53
34 105
34 121
34 205
34 207
35 104
35 108
35 248
35 340
35 428
36 47
36 59
36 322
36 448
36 478
37 40
37 434
37 463
37 498
37 499
38 107
38 149
38 224
38 416
38 421
38 425
39 62
39 72
39 104
39 230
39 494
40 37
40 41
40 215
40 273
40 447
41 40
41 42
41 43
41 434
41 450
42 41
42 43
42 44
42 258
42 496
43 41
43 42
43 44
43 74
43 144
44 42
44 43
44 52
44 177
44 394
44 475
45 218
45 219
45 220
45 223
45 338
45 409
45 463
45 485
46 48
46 62
46 89
46 298
46 432
47 36
47 58
47 166
47 169
47 220
47 262
47 292
47 354
47 372
47 447
47 448
47 481
48 46
48 62
48 165
48 266
48 458
49 61
49 64
49 77
49 97
49 363
50 52
50 54
50 115
50 319
50 443
51 84
51 131
51 200
51 201
51 476
51 490
52 22
52 44
52 50
52 54
52 313
53 28
53 34
53 84
53 110
53 208
54 31
54 50
54 52
54 56
54 137
54 180
54 261
55 151
55 198
55 240
55 242
55 244
55 266
55 352
55 458
56 54
56 60
56 234
56 308
56 330
57 82
57 148
57 174
57 245
57 267
57 378
57 439
57 442
57 452
57 463
57 464
57 471
57 479
57 494
58 47
58 255
58 384
58 387
58 401
58 429
58 430
58 447
58 448
58 481
59 10
59 36
59 92
59 103
59 192
59 283
59 293
59 478
60 56
60 70
60 196
60 330
60 469
60 481
61 49
61 64
61 204
61 339
61 420
62 39
62 46
62 48
62 118
62 352
63 205
63 210
63 212
63 427
63 435
64 49
64 61
64 218
64 222
64 335
65 68
65 74
65 286
65 295
65 300
66 84
66 204
66 205
66 370
66 452
67 71
67 80
67 193
67 194
67 402
68 65
68 74
68 91
68 404
68 405
69 201
69 358
69 378
69 392
69 428
69 448
70 60
70 73
70 155
70 175
70 330
70 342
70 495
71 67
71 193
71 211
71 297
71 387
72 39
72 82
72 104
72 112
72 148
72 230
72 258
72 279
72 437
73 70
73 227
73 325
73 330
73 345
74 43
74 65
74 68
74 144
74 308
75 166
75 314
75 325
75 345
75 354
76 138
76 235
76 238
76 335
76 475
77 49
77 147
77 156
77 170
77 274
77 344
78 114
78 122
78 179
78 236
78 355
78 373
78 374
78 426
78 438
79 9
79 99
79 100
79 431
79 496
80 67
80 210
80 212
80 215
80 402
81 218
81 219
81 328
81 398
81 452
82 57
82 72
82 174
82 258
82 437
82 439
82 452
82 471
82 494
83 85
83 89
83 185
83 233
83 235
84 28
84 51
84 53
84 66
84 204
85 83
85 89
85 179
85 313
85 375
86 21
86 87
86 88
86 100
86 314
87 86
87 88
87 239
87 345
87 364
88 86
88 87
88 93
88 498
88 499
89 46
89 83
89 85
89 182
89 223
89 298
89 376
89 479
90 229
90 233
90 235
90 475
90 485
91 68
91 95
91 243
91 404
91 405
92 59
92 103
92 288
92 302
92 351
92 469
92 478
93 88
93 94
93 96
93 391
93 490
94 93
94 96
94 99
94 122
94 292
94 417
94 426
95 91
95 162
95 243
95 339
95 451
96 93
96 94
96 99
96 231
96 402
97 49
97 98
97 243
97 274
97 363
98 97
98 277
98 426
98 439
98 465
99 79
99 94
99 96
99 155
99 495
100 9
100 79
100 86
100 127
100 484
101 26
101 29
101 30
101 210
101 409
102 8
102 9
102 242
102 326
102 428
103 59
103 92
103 125
103 129
103 469
103 478
104 35
104 39
104 72
104 115
104 279
104 294
105 4
105 34
105 106
105 113
105 446
106 4
106 105
106 223
106 280
106 432
107 25
107 38
107 348
107 363
107 421
108 35
108 115
108 253
108 284
108 350
109 174
109 180
109 209
109 266
109 285
109 297
109 457
109 461
109 477
109 487
109 492
110 6
110 14
110 53
110 136
110 256
110 294
110 330
110 373
110 376
110 430
111 139
111 149
111 154
111 159
111 167
111 469
112 72
112 148
112 169
112 271
112 359
112 373
112 412
112 433
112 437
113 105
113 114
113 116
113 378
113 489
114 78
114 113
114 116
114 121
114 236
115 12
115 50
115 104
115 108
115 212
115 251
115 319
115 337
115 455
116 113
116 114
116 121
116 154
116 444
117 284
117 350
117 440
117 454
117 487
118 62
118 121
118 123
118 125
118 394
119 9
119 120
119 175
119 410
119 495
120 24
120 25
120 119
120 124
120 348
121 34
121 114
121 116
121 118
121 489
122 78
122 94
122 271
122 274
122 290
122 292
122 319
122 417
122 426
122 456
122 490
122 496
122 497
122 498
122 500
123 118
123 125
123 129
123 275
123 284
123 487
124 120
124 126
124 243
124 484
124 500
125 103
125 118
125 123
125 128
125 132
126 124
126 127
126 217
126 250
126 333
127 100
127 126
127 144
127 191
127 238
128 125
128 129
128 132
128 183
128 494
129 103
129 123
129 128
129 130
129 132
130 129
130 132
130 133
130 435
130 444
131 51
131 160
131 189
131 245
131 261
131 271
131 276
131 284
131 331
131 350
131 362
131 391
131 476
131 485
131 490
132 125
132 128
132 129
132 130
132 133
133 130
133 132
133 134
133 176
133 345
134 133
134 135
134 136
134 142
134 405
135 134
135 136
135 141
135 203
135 309
136 110
136 134
136 135
136 141
136 330
137 54
137 162
137 180
137 241
137 249
137 261
137 385
138 76
138 141
138 153
138 238
138 396
139 111
139 149
139 257
139 264
139 269
140 150
140 168
140 278
140 321
140 494
141 135
141 136
141 138
141 143
141 493
142 134
142 143
142 145
142 405
142 420
143 141
143 142
143 145
143 219
143 390
144 43
144 74
144 127
144 150
144 308
145 142
145 143
145 146
145 290
145 417
145 456
146 145
146 149
146 431
146 438
146 496
147 77
147 156
147 278
147 318
147 363
148 57
148 72
148 112
148 169
148 221
148 245
148 359
148 437
148 442
148 494
149 38
149 111
149 139
149 146
149 421
150 140
150 144
150 213
150 258
150 496
151 18
151 55
151 152
151 228
151 458
152 18
152 19
152 151
152 169
152 372
153 138
153 236
153 237
153 498
153 499
154 111
154 116
154 159
154 167
154 469
155 18
155 70
155 99
155 157
155 495
156 77
156 147
156 421
156 439
156 465
157 155
157 158
157 312
157 464
157 491
158 157
158 161
158 359
158 415
158 429
159 111
159 154
159 167
159 190
159 247
159 326
160 27
160 131
160 245
160 261
160 272
160 284
160 301
160 350
160 383
160 419
160 469
160 481
160 485
161 158
161 186
161 446
161 460
161 469
162 95
162 137
162 247
162 248
162 251
162 339
162 420
162 451
163 164
163 178
163 199
163 234
163 343
164 32
164 163
164 187
164 289
164 388
165 48
165 226
165 227
165 266
165 425
165 458
166 47
166 75
166 216
166 220
166 425
167 111
167 154
167 159
167 190
167 261
168 140
168 305
168 374
168 395
168 402
168 410
168 416
168 417
168 418
168 437
168 455
168 488
169 19
169 47
169 112
169 148
169 152
169 182
169 311
169 354
169 359
169 372
170 77
170 171
170 172
170 207
170 323
170 392
171 170
171 172
171 216
171 246
171 363
171 422
172 170
172 171
172 173
172 281
172 400
172 438
173 172
173 175
173 176
173 185
173 235
174 57
174 82
174 109
174 180
174 266
174 285
174 299
174 442
174 471
174 487
174 494
175 70
175 119
175 173
175 176
175 464
175 483
176 133
176 173
176 175
176 177
176 345
176 451
177 16
177 44
177 176
177 178
177 432
177 475
178 163
178 177
178 181
178 183
178 199
178 343
179 22
179 78
179 85
179 288
179 374
179 375
180 17
180 54
180 109
180 137
180 174
180 261
180 266
180 285
180 299
180 385
180 407
181 178
181 183
181 287
181 288
181 382
181 486
182 89
182 169
182 195
182 311
182 359
182 367
182 376
182 418
182 479
183 128
183 178
183 181
183 245
183 288
183 442
184 20
184 185
184 186
184 189
184 297
184 457
185 83
185 173
185 184
185 189
185 233
185 409
186 161
186 184
186 189
186 264
186 288
186 500
187 13
187 164
187 216
187 238
187 361
188 191
188 192
188 331
188 413
188 470
188 491
189 1
189 131
189 184
189 185
189 186
189 490
190 10
190 159
190 167
190 202
190 211
190 283
190 468
191 21
191 127
191 188
191 331
191 361
191 373
192 10
192 59
192 188
192 267
192 293
192 331
193 67
193 71
193 196
193 209
193 441
193 492
194 67
194 196
194 208
194 270
194 297
194 307
195 182
195 311
195 367
195 371
195 391
195 395
195 415
195 429
196 60
196 193
196 194
196 198
196 469
196 481
197 26
197 198
197 199
197 307
197 314
197 376
198 55
198 196
198 197
198 199
198 228
198 266
199 163
199 178
199 197
199 198
199 200
199 254
200 51
200 199
200 201
200 230
200 294
201 51
201 69
201 200
201 296
201 494
202 23
202 190
202 211
202 263
202 280
202 346
202 407
202 451
203 21
203 22
203 23
203 27
203 135
203 309
204 61
204 66
204 84
204 205
204 420
204 451
205 34
205 63
205 66
205 204
205 349
205 444
206 207
206 208
206 209
206 254
206 280
206 343
207 34
207 170
207 206
207 209
207 249
207 259
208 26
208 53
208 194
208 206
208 209
208 270
209 20
209 109
209 193
209 206
209 207
209 208
210 63
210 80
210 101
210 338
210 409
210 428
211 71
211 190
211 202
211 280
211 387
211 451
212 63
212 80
212 115
212 214
212 251
212 319
213 150
213 258
213 275
213 277
213 281
213 496
214 212
214 215
214 217
214 285
214 498
214 499
215 40
215 80
215 214
215 217
215 447
215 491
216 166
216 171
216 187
216 257
216 304
217 126
217 214
217 215
217 220
217 250
217 333
218 45
218 64
218 81
218 219
218 222
218 335
219 45
219 81
219 143
219 218
219 390
220 45
220 47
220 166
220 217
220 262
220 414
221 148
221 222
221 225
221 245
221 441
221 442
222 64
222 218
222 221
222 223
222 225
222 335
223 45
223 89
223 106
223 222
223 225
223 432
224 38
224 230
224 252
224 320
224 416
224 425
225 221
225 222
225 223
225 282
225 315
225 497
226 165
226 227
226 258
226 425
226 431
226 496
227 73
227 165
227 226
227 339
227 425
227 451
228 151
228 198
228 232
228 255
228 266
228 280
228 451
228 458
229 90
229 232
229 255
229 280
229 451
229 485
230 39
230 72
230 200
230 224
230 252
231 96
231 233
231 383
231 425
231 445
231 475
232 13
232 228
232 229
232 238
232 255
232 260
232 361
233 83
233 90
233 185
233 231
233 235
233 475
234 56
234 163
234 308
234 351
234 389
234 486
235 76
235 83
235 90
235 173
235 233
235 416
236 78
236 114
236 153
236 239
236 426
236 492
237 5
237 153
237 239
237 240
237 429
237 448
238 76
238 127
238 138
238 187
238 232
238 239
238 361
239 87
239 236
239 237
239 238
239 364
240 55
240 237
240 242
240 352
240 448
241 137
241 244
241 250
241 251
241 280
241 334
242 55
242 102
242 240
242 247
242 326
242 352
243 91
243 95
243 97
243 124
243 500
244 55
244 241
244 246
244 334
244 352
244 462
245 57
245 131
245 148
245 160
245 183
245 221
245 261
245 284
245 350
245 383
245 442
245 485
245 494
246 171
246 244
246 247
246 248
246 422
247 159
247 162
247 242
247 246
247 248
247 326
248 35
248 162
248 246
248 247
248 289
248 340
248 428
249 137
249 207
249 250
249 259
249 265
249 421
250 126
250 217
250 241
250 249
250 265
250 333
251 115
251 162
251 212
251 241
251 265
251 319
252 3
252 224
252 230
252 277
252 465
253 108
253 254
253 256
253 284
253 350
253 378
254 199
254 206
254 253
254 256
254 265
254 497
255 58
255 228
255 229
255 232
255 263
255 430
256 6
256 110
256 253
256 254
256 269
257 139
257 216
257 264
257 304
257 473
257 482
258 18
258 42
258 72
258 82
258 150
258 213
258 226
258 377
258 431
258 437
258 439
258 452
258 464
258 496
259 207
259 249
259 262
259 279
259 421
260 232
260 263
260 268
260 270
260 401
260 430
261 17
261 31
261 54
261 131
261 137
261 160
261 167
261 180
261 245
261 284
261 350
261 383
261 385
261 485
262 47
262 220
262 259
262 279
262 354
263 202
263 255
263 260
263 268
263 270
263 407
264 139
264 186
264 257
264 460
264 473
264 500
265 249
265 250
265 251
265 254
265 328
265 370
265 452
266 48
266 55
266 109
266 165
266 174
266 180
266 198
266 228
266 285
266 299
266 407
266 458
267 57
267 192
267 274
267 344
267 363
267 368
267 371
267 397
267 460
267 463
267 464
267 466
267 479
268 5
268 260
268 263
268 270
268 276
268 296
268 448
269 33
269 139
269 256
269 393
269 449
269 473
269 474
270 194
270 208
270 260
270 263
270 268
270 276
270 314
271 112
271 122
271 131
271 274
271 319
271 373
271 389
271 412
271 433
271 449
271 485
271 490
271 497
271 498
272 27
272 160
272 275
272 277
272 419
272 473
272 481
273 31
273 32
273 33
273 40
273 303
273 446
273 466
274 77
274 97
274 122
274 267
274 271
274 319
274 344
274 363
274 368
274 371
274 397
274 490
274 496
274 497
274 498
274 499
274 500
275 123
275 213
275 272
275 277
275 284
275 487
276 131
276 268
276 270
276 278
276 282
276 476
276 490
277 98
277 213
277 252
277 272
277 275
277 439
277 465
278 140
278 147
278 276
278 282
278 283
278 449
278 494
279 72
279 104
279 259
279 262
279 294
280 106
280 202
280 206
280 211
280 228
280 229
280 241
280 334
280 343
280 451
280 462
280 497
281 172
281 213
281 293
281 296
281 365
281 367
281 438
282 225
282 276
282 278
282 283
282 315
282 449
282 497
283 59
283 190
283 278
283 282
283 287
283 449
283 453
284 108
284 117
284 123
284 131
284 160
284 245
284 253
284 261
284 275
284 350
284 383
284 456
284 485
284 487
285 109
285 174
285 180
285 214
285 266
285 299
285 407
285 427
285 477
285 498
285 499
286 65
286 295
286 300
286 316
286 347
286 360
286 365
286 368
286 369
286 423
287 181
287 283
287 291
287 341
287 379
287 382
287 436
287 449
288 92
288 179
288 181
288 183
288 186
288 302
288 351
289 29
289 164
289 248
289 322
289 340
289 388
289 428
289 444
289 476
289 488
289 491
289 492
289 494
289 495
290 122
290 145
290 351
290 389
290 417
290 456
290 486
291 287
291 292
291 329
291 347
291 379
291 406
291 449
292 47
292 94
292 122
292 291
292 300
292 379
292 456
293 10
293 59
293 192
293 281
293 296
293 298
294 104
294 110
294 200
294 279
294 355
294 373
294 376
295 65
295 286
295 328
295 329
295 332
295 336
295 360
296 201
296 268
296 281
296 293
296 298
296 448
297 71
297 109
297 184
297 194
297 331
297 414
297 481
298 46
298 89
298 293
298 296
298 302
298 432
298 479
299 174
299 180
299 266
299 285
299 355
299 377
299 386
299 387
299 392
299 407
299 408
299 412
299 434
299 450
300 65
300 286
300 292
300 304
300 316
300 379
300 437
301 160
301 313
301 315
301 469
301 481
302 92
302 288
302 298
302 303
302 351
302 366
302 475
303 273
303 302
303 305
303 446
303 449
303 466
303 484
304 216
304 257
304 300
304 308
304 312
304 377
304 482
305 168
305 303
305 306
305 307
305 324
305 353
305 374
305 395
305 410
305 437
305 488
306 305
306 307
306 310
306 311
306 377
306 386
306 450
307 194
307 197
307 305
307 306
307 309
308 56
308 74
308 144
308 234
308 304
308 312
308 317
308 320
309 135
309 203
309 307
309 310
309 318
310 306
310 309
310 318
310 427
310 477
310 498
310 499
311 169
311 182
311 195
311 306
311 359
311 367
311 377
311 386
311 450
312 157
312 304
312 308
312 320
312 377
312 464
312 491
313 52
313 85
313 301
313 315
313 375
314 26
314 75
314 86
314 197
314 270
314 325
314 345
315 225
315 282
315 301
315 313
315 497
316 286
316 300
316 318
316 321
316 326
316 360
317 30
317 308
317 320
317 377
317 383
317 445
317 452
318 147
318 309
318 310
318 316
318 321
319 12
319 50
319 115
319 122
319 212
319 251
319 271
319 274
319 337
319 455
319 490
319 496
319 497
319 498
319 499
319 500
320 224
320 308
320 312
320 317
320 324
320 416
320 425
321 140
321 316
321 318
321 326
321 333
322 36
322 289
322 372
322 376
322 398
322 428
322 430
323 1
323 5
323 26
323 170
323 392
323 421
323 425
324 305
324 320
324 328
324 329
324 332
324 395
324 410
324 437
325 73
325 75
325 314
325 327
325 383
325 432
325 445
326 102
326 159
326 242
326 247
326 316
326 321
326 333
327 325
327 334
327 335
327 336
327 383
327 402
327 442
327 443
327 445
328 81
328 265
328 295
328 324
328 329
328 332
328 370
328 452
329 7
329 291
329 295
329 324
329 328
329 332
329 347
330 6
330 14
330 56
330 60
330 70
330 73
330 110
330 136
331 131
331 188
331 191
331 192
331 297
331 362
331 476
331 490
332 295
332 324
332 328
332 329
332 369
332 462
332 480
332 497
333 126
333 217
333 250
333 321
333 326
333 337
334 241
334 244
334 280
334 327
334 335
334 336
334 443
334 462
335 64
335 76
335 218
335 222
335 327
335 334
335 443
335 448
336 295
336 327
336 334
336 413
336 443
336 470
336 473
336 491
337 12
337 115
337 319
337 333
337 342
337 346
338 45
338 210
338 339
338 340
338 343
338 442
338 463
338 485
339 61
339 95
339 162
339 227
339 338
339 340
339 343
339 442
340 35
340 248
340 289
340 338
340 339
340 343
340 428
340 442
341 287
341 382
341 401
341 403
341 405
341 413
341 436
341 441
342 70
342 337
342 346
342 348
342 483
342 495
343 163
343 178
343 206
343 280
343 338
343 339
343 340
343 356
344 77
344 267
344 274
344 353
344 354
344 356
344 397
344 491
345 73
345 75
345 87
345 133
345 176
345 314
345 392
345 420
346 202
346 337
346 342
346 348
346 407
347 286
347 291
347 329
347 369
347 370
347 380
347 386
347 406
348 107
348 120
348 342
348 346
348 349
349 205
349 348
349 357
349 366
349 435
349 444
350 108
350 117
350 131
350 160
350 245
350 253
350 261
350 284
350 383
350 454
350 456
350 485
350 487
351 92
351 234
351 288
351 290
351 302
351 366
351 468
351 474
352 55
352 62
352 240
352 242
352 244
352 394
353 305
353 344
353 354
353 356
353 410
353 437
353 488
353 492
354 47
354 75
354 169
354 262
354 344
354 353
354 356
354 361
355 78
355 294
355 299
355 374
355 377
355 392
355 409
355 434
356 343
356 344
356 353
356 354
356 441
356 443
356 461
356 492
357 4
357 349
357 366
357 381
357 495
358 8
358 69
358 378
358 392
358 409
358 428
358 463
358 472
358 485
359 11
359 112
359 148
359 158
359 169
359 182
359 311
359 429
360 286
360 295
360 316
360 393
360 457
361 187
361 191
361 232
361 238
361 354
361 362
361 364
361 447
362 131
362 331
362 361
362 364
362 365
362 391
362 423
362 476
363 49
363 97
363 107
363 147
363 171
363 267
363 274
363 451
364 87
364 239
364 361
364 362
364 365
364 423
365 281
365 286
365 362
365 364
365 367
365 400
365 423
365 438
366 302
366 349
366 351
366 357
366 381
367 182
367 195
367 281
367 311
367 365
367 371
367 391
367 438
368 267
368 274
368 286
368 369
368 371
368 397
368 423
368 439
369 286
369 332
369 347
369 368
369 380
369 462
369 480
369 497
370 66
370 265
370 328
370 347
370 380
370 386
370 452
370 464
371 195
371 267
371 274
371 367
371 368
371 391
371 395
371 397
371 401
372 19
372 47
372 152
372 169
372 322
372 375
372 376
372 398
372 480
373 78
373 110
373 112
373 191
373 271
373 294
373 389
373 430
373 449
374 78
374 168
374 179
374 305
374 355
374 409
374 437
374 438
374 488
375 85
375 179
375 313
375 372
375 398
375 430
375 480
376 89
376 110
376 182
376 197
376 294
376 322
376 372
376 418
376 479
377 258
377 299
377 304
377 306
377 311
377 312
377 317
377 355
377 379
378 57
378 69
378 113
378 253
378 358
378 399
378 438
378 466
378 484
379 287
379 291
379 292
379 300
379 377
379 427
379 477
379 498
379 499
380 347
380 369
380 370
380 386
380 398
380 403
380 440
380 459
380 467
381 357
381 366
381 382
381 401
381 430
382 181
382 287
382 341
382 381
382 385
382 390
382 486
383 30
383 160
383 231
383 245
383 261
383 284
383 317
383 325
383 327
383 350
383 402
383 445
383 456
383 458
384 58
384 401
384 429
384 430
384 434
384 435
384 446
384 481
385 137
385 180
385 261
385 382
385 390
385 399
386 299
386 306
386 311
386 347
386 370
386 380
386 387
386 388
386 434
387 58
387 71
387 211
387 299
387 386
387 388
387 394
387 396
387 450
388 32
388 164
388 289
388 386
388 387
388 394
388 396
389 30
389 234
389 271
389 290
389 373
389 393
389 433
389 449
389 486
390 143
390 219
390 382
390 385
390 399
391 93
391 131
391 195
391 362
391 367
391 371
391 395
391 401
391 476
392 69
392 170
392 299
392 323
392 345
392 355
392 358
392 428
392 432
393 269
393 360
393 389
393 412
393 457
394 16
394 44
394 118
394 352
394 387
394 388
394 396
394 459
394 475
395 168
395 195
395 305
395 324
395 371
395 391
395 401
395 403
395 437
396 7
396 138
396 387
396 388
396 394
396 406
396 459
397 2
397 3
397 13
397 267
397 274
397 344
397 368
397 371
397 432
398 81
398 322
398 372
398 375
398 380
398 403
398 430
398 440
398 459
398 467
399 378
399 385
399 390
399 404
399 466
399 484
399 500
400 172
400 365
400 406
400 438
400 459
400 467
400 471
401 58
401 260
401 341
401 371
401 381
401 384
401 391
401 395
401 403
401 430
402 67
402 80
402 96
402 168
402 327
402 383
402 414
402 416
402 418
402 455
403 341
403 380
403 395
403 398
403 401
403 405
403 440
403 441
403 459
403 467
404 68
404 91
404 399
404 405
404 411
404 419
405 68
405 91
405 134
405 142
405 341
405 403
405 404
405 413
405 415
405 441
406 291
406 347
406 396
406 400
406 459
406 467
406 471
407 23
407 180
407 202
407 263
407 266
407 285
407 299
407 346
407 408
407 412
408 299
408 407
408 412
408 427
408 431
408 445
408 477
408 487
408 498
408 499
409 45
409 101
409 185
409 210
409 355
409 358
409 374
409 438
409 442
409 463
410 119
410 168
410 305
410 324
410 353
410 426
410 437
410 470
410 480
410 489
411 404
411 416
411 419
411 422
411 425
412 112
412 271
412 299
412 393
412 407
412 408
412 431
412 433
412 445
412 450
413 188
413 336
413 341
413 405
413 415
413 417
413 441
413 447
413 464
413 473
414 220
414 297
414 402
414 416
414 427
414 443
414 461
414 470
414 492
414 493
415 11
415 15
415 158
415 195
415 405
415 413
415 417
415 429
415 441
415 455
416 38
416 168
416 224
416 235
416 320
416 402
416 411
416 414
416 425
416 427
416 493
417 94
417 122
417 145
417 168
417 290
417 413
417 415
417 418
417 426
417 455
418 168
418 182
418 376
418 402
418 417
418 441
418 455
418 479
419 160
419 272
419 404
419 411
419 422
420 61
420 142
420 162
420 204
420 345
420 427
420 435
420 446
420 451
420 470
420 493
421 38
421 107
421 149
421 156
421 249
421 259
421 323
422 171
422 246
422 411
422 419
422 424
422 482
423 20
423 286
423 362
423 364
423 365
423 368
423 443
423 457
423 461
423 492
424 422
424 433
424 435
424 436
424 444
425 38
425 165
425 166
425 224
425 226
425 227
425 231
425 320
425 323
425 411
425 416
426 78
426 94
426 98
426 122
426 236
426 410
426 417
426 456
426 480
426 482
426 489
427 63
427 285
427 310
427 379
427 408
427 414
427 416
427 420
427 470
427 493
427 498
428 35
428 69
428 102
428 210
428 248
428 289
428 322
428 340
428 358
428 392
428 432
429 15
429 58
429 158
429 195
429 237
429 359
429 384
429 415
429 434
429 435
429 447
430 58
430 110
430 255
430 260
430 322
430 373
430 375
430 381
430 384
430 398
430 401
431 18
431 79
431 146
431 226
431 258
431 408
431 412
431 445
431 450
431 460
431 466
432 2
432 46
432 106
432 177
432 223
432 298
432 325
432 392
432 397
432 428
432 479
433 112
433 271
433 389
433 412
433 424
433 436
433 449
433 453
433 474
434 37
434 41
434 299
434 355
434 384
434 386
434 429
434 435
434 446
434 450
434 470
435 63
435 130
435 349
435 384
435 420
435 424
435 429
435 434
435 444
435 446
435 481
436 287
436 341
436 424
436 433
436 453
437 72
437 82
437 112
437 148
437 168
437 258
437 300
437 305
437 324
437 353
437 374
437 395
437 410
437 452
438 78
438 146
438 172
438 281
438 365
438 367
438 374
438 378
438 400
438 409
439 3
439 57
439 82
439 98
439 156
439 258
439 277
439 368
439 452
439 464
439 465
439 477
440 117
440 380
440 398
440 403
440 459
440 472
440 483
441 193
441 221
441 341
441 356
441 403
441 405
441 413
441 415
441 418
441 443
441 461
441 492
442 57
442 148
442 174
442 183
442 221
442 245
442 327
442 338
442 339
442 340
442 409
442 443
443 50
443 327
443 334
443 335
443 336
443 356
443 414
443 423
443 441
443 442
443 461
443 492
444 116
444 130
444 205
444 289
444 349
444 424
444 435
444 477
444 484
444 491
444 492
444 494
444 495
445 30
445 231
445 317
445 325
445 327
445 383
445 408
445 412
445 431
445 450
445 460
445 466
446 105
446 161
446 273
446 303
446 384
446 420
446 434
446 435
446 460
446 466
446 470
446 500
447 40
447 47
447 58
447 215
447 361
447 413
447 429
447 448
447 464
447 470
447 481
447 491
448 5
448 36
448 47
448 58
448 69
448 237
448 240
448 268
448 296
448 335
448 447
448 481
449 269
449 271
449 278
449 282
449 283
449 287
449 291
449 303
449 373
449 389
449 433
449 474
450 41
450 299
450 306
450 311
450 387
450 412
450 431
450 434
450 445
450 460
450 466
450 479
451 95
451 162
451 176
451 202
451 204
451 211
451 227
451 228
451 229
451 280
451 363
451 420
452 57
452 66
452 81
452 82
452 258
452 265
452 317
452 328
452 370
452 437
452 439
452 464
453 283
453 433
453 436
453 454
453 468
454 117
454 350
454 453
454 468
454 474
454 487
455 12
455 115
455 168
455 319
455 402
455 415
455 417
455 418
456 122
456 145
456 284
456 290
456 292
456 350
456 383
456 426
456 458
456 461
456 462
456 465
457 109
457 184
457 360
457 393
457 423
457 492
458 48
458 55
458 151
458 165
458 228
458 266
458 383
458 456
458 461
458 462
458 465
458 476
458 488
459 380
459 394
459 396
459 398
459 400
459 403
459 406
459 440
460 161
460 264
460 267
460 431
460 445
460 446
460 450
460 463
460 466
460 479
460 484
460 500
461 109
461 356
461 414
461 423
461 441
461 443
461 456
461 458
461 462
461 465
461 476
461 488
461 495
462 244
462 280
462 332
462 334
462 369
462 456
462 458
462 461
462 465
462 476
462 480
462 488
462 495
463 37
463 45
463 57
463 267
463 338
463 358
463 409
463 460
463 464
463 466
463 472
463 479
463 485
464 57
464 157
464 175
464 258
464 267
464 312
464 370
464 413
464 439
464 447
464 452
464 463
464 470
465 3
465 98
465 156
465 252
465 277
465 439
465 456
465 458
465 461
465 462
465 476
465 488
465 495
466 267
466 273
466 303
466 378
466 399
466 431
466 445
466 446
466 450
466 460
466 463
466 479
466 500
467 380
467 398
467 400
467 403
467 406
467 471
467 482
468 190
468 351
468 453
468 454
468 474
469 8
469 27
469 29
469 60
469 92
469 103
469 111
469 154
469 160
469 161
469 196
469 301
469 478
470 188
470 336
470 410
470 414
470 420
470 427
470 434
470 446
470 447
470 464
470 473
470 491
470 493
471 57
471 82
471 174
471 400
471 406
471 467
471 482
471 494
472 358
472 440
472 463
472 483
472 485
473 257
473 264
473 269
473 272
473 336
473 413
473 470
473 491
474 33
474 269
474 351
474 433
474 449
474 454
474 468
475 16
475 44
475 76
475 90
475 177
475 231
475 233
475 302
475 394
476 1
476 51
476 131
476 276
476 289
476 331
476 362
476 391
476 458
476 461
476 462
476 465
476 488
476 495
477 109
477 285
477 310
477 379
477 408
477 439
477 444
477 478
477 484
477 487
477 491
477 492
477 494
477 499
478 36
478 59
478 92
478 103
478 469
478 477
478 498
478 499
479 57
479 89
479 182
479 267
479 298
479 376
479 418
479 432
479 450
479 460
479 463
479 466
480 332
480 369
480 372
480 375
480 410
480 426
480 462
480 489
480 497
481 27
481 29
481 47
481 58
481 60
481 160
481 196
481 272
481 297
481 301
481 384
481 435
481 447
481 448
482 257
482 304
482 422
482 426
482 467
482 471
482 489
483 175
483 342
483 440
483 472
483 495
484 2
484 100
484 124
484 303
484 378
484 399
484 444
484 460
484 477
484 487
484 491
484 492
484 494
484 495
484 500
485 45
485 90
485 131
485 160
485 229
485 245
485 261
485 271
485 284
485 338
485 350
485 358
485 463
485 472
485 497
486 181
486 234
486 290
486 382
486 389
487 109
487 117
487 123
487 174
487 275
487 284
487 350
487 408
487 454
487 477
487 484
487 489
487 491
487 492
487 494
488 168
488 289
488 305
488 353
488 374
488 458
488 461
488 462
488 465
488 476
488 495
489 113
489 121
489 410
489 426
489 480
489 482
489 487
490 1
490 51
490 93
490 122
490 131
490 189
490 271
490 274
490 276
490 319
490 331
490 496
490 497
490 498
490 499
490 500
491 157
491 188
491 215
491 289
491 312
491 336
491 344
491 444
491 447
491 470
491 473
491 477
491 484
491 487
491 492
491 494
492 109
492 193
492 236
492 289
492 353
492 356
492 414
492 423
492 441
492 443
492 444
492 457
492 477
492 484
492 487
492 491
492 494
493 7
493 141
493 414
493 416
493 420
493 427
493 470
494 39
494 57
494 82
494 128
494 140
494 148
494 174
494 201
494 245
494 278
494 289
494 444
494 471
494 477
494 484
494 487
494 491
494 492
495 4
495 9
495 21
495 70
495 99
495 119
495 155
495 289
495 342
495 357
495 444
495 461
495 462
495 465
495 476
495 483
495 484
495 488
496 18
496 42
496 79
496 122
496 146
496 150
496 213
496 226
496 258
496 274
496 319
496 490
496 497
496 498
496 499
496 500
497 122
497 225
497 254
497 271
497 274
497 280
497 282
497 315
497 319
497 332
497 369
497 480
497 485
497 490
497 496
497 498
497 499
497 500
498 37
498 88
498 122
498 153
498 214
498 271
498 274
498 285
498 310
498 319
498 379
498 408
498 427
498 478
498 490
498 496
498 497
498 500
499 37
499 88
499 153
499 214
499 274
499 285
499 310
499 319
499 379
499 408
499 477
499 478
499 490
499 496
499 497
499 500
500 2
500 122
500 124
500 186
500 243
500 264
500 274
500 319
500 399
500 446
500 460
500 466
500 484
500 490
500 496
500 497
500 498
500 499
