1 44
2 23
3 37
4 6
5 6
6 23
7 53
8 44
9 14
10 25
11 30
12 4
13 8
14 6
15 34
16 9
17 9
18 3
19 23
20 41
21 53
22 19
23 40
24 50
25 2
26 53
27 20
28 10
29 52
30 14
31 53
32 20
33 32
34 23
35 29
36 40
37 55
38 15
39 23
40 43
41 42
42 49
43 13
44 53
45 32
46 5
47 52
48 29
49 6
50 20
51 26
52 46
53 14
54 14
55 11
56 15
57 17
58 17
59 47
60 44
61 39
62 31
63 47
64 48
65 38
66 39
67 6
68 18
69 29
70 31
71 35
72 42
73 4
74 15
75 17
76 36
77 36
78 23
79 47
80 36
81 10
82 11
83 48
84 4
85 21
86 8
87 44
88 35
89 9
90 48
91 55
92 53
93 52
94 17
95 6
96 7
97 14
98 7
99 43
100 9
101 48
102 12
103 46
104 37
105 11
106 13
107 5
108 22
109 5
110 46
111 7
112 52
113 15
114 55
115 55
116 47
117 51
118 13
119 9
120 49
121 52
122 53
123 5
124 16
125 54
126 17
127 17
128 32
129 16
130 8
131 32
132 49
133 10
134 43
135 23
136 32
137 35
138 10
139 45
140 21
141 18
142 5
143 49
144 10
145 15
146 14
147 40
148 23
149 5
150 37
151 2
152 38
153 9
154 50
155 2
156 35
157 22
158 6
159 12
160 42
161 27
162 49
163 34
164 32
165 11
166 49
167 31
168 16
169 28
170 23
171 32
172 45
173 39
174 34
175 44
176 52
177 41
178 30
179 16
180 1
181 22
182 1
183 26
184 6
185 25
186 43
187 25
188 52
189 21
190 38
191 33
192 17
193 12
194 42
195 7
196 47
197 36
198 5
199 48
200 48
201 54
202 32
203 26
204 19
205 33
206 14
207 48
208 31
209 4
210 41
211 31
212 13
213 30
214 19
215 9
216 13
217 9
218 49
219 18
220 26
221 37
222 32
223 6
224 45
225 12
226 5
227 49
228 3
229 29
230 37
231 23
232 24
233 4
234 24
235 6
236 46
237 51
238 28
239 31
240 31
241 43
242 42
243 14
244 5
245 45
246 40
247 31
248 53
249 20
250 52
251 21
252 38
253 31
254 53
255 5
256 13
257 21
258 8
259 7
260 46
261 36
262 52
263 22
264 34
265 30
266 35
267 15
268 9
269 54
270 13
271 55
272 39
273 40
274 32
275 35
276 32
277 30
278 19
279 13
280 47
281 52
282 1
283 31
284 13
285 14
286 47
287 49
288 13
289 22
290 7
291 53
292 54
293 1
294 5
295 23
296 41
297 6
298 52
299 48
300 33
301 18
302 53
303 13
304 1
305 49
306 8
307 8
308 42
309 49
310 36
311 25
312 23
313 1
314 50
315 10
316 7
317 32
318 52
319 50
320 4
321 34
322 49
323 26
324 45
325 38
326 50
327 32
328 31
329 31
330 9
331 1
332 27
333 32
334 38
335 29
336 46
337 39
338 12
339 36
340 48
341 35
342 55
343 46
344 40
345 29
346 8
347 35
348 18
349 6
350 6
351 28
352 47
353 38
354 34
355 12
356 33
357 6
358 7
359 35
360 29
361 5
362 5
363 12
364 24
365 24
366 27
367 2
368 5
369 4
370 49
371 23
372 16
373 49
374 5
375 3
376 3
377 38
378 50
379 28
380 8
381 24
382 28
383 48
384 31
385 1
386 44
387 32
388 41
389 12
390 6
391 35
392 43
393 6
394 53
395 41
396 33
397 35
398 49
399 25
400 45
401 51
402 41
403 27
404 7
405 5
406 44
407 6
408 54
409 6
410 48
411 37
412 23
413 11
414 52
415 1
416 3
417 6
418 9
419 55
420 6
421 1
422 9
423 32
424 32
425 12
426 38
427 52
428 32
429 39
430 9
431 9
432 34
433 20
434 7
435 19
436 20
437 27
438 39
439 29
440 27
441 28
442 49
443 50
444 51
445 54
446 21
447 5
448 52
449 29
450 50
451 6
452 23
453 23
454 5
455 3
456 34
457 39
458 2
459 49
460 40
461 38
462 5
463 26
464 36
465 37
466 48
467 47
468 46
469 51
470 38
471 35
472 47
473 5
474 7
475 14
476 55
477 13
478 16
479 32
480 23
481 8
482 13
483 2
484 4
485 7
486 40
487 32
488 16
489 53
490 36
491 47
492 11
493 32
494 13
495 13
496 12
497 8
498 5
499 23
500 35
