1 35
2 14
3 31
4 9
5 21
6 46
7 23
8 12
9 33
10 43
11 34
12 49
13 16
14 1
15 7
16 11
17 16
18 12
19 11
20 31
21 19
22 18
23 34
24 21
25 4
26 49
27 19
28 8
29 2
30 4
31 10
32 12
33 42
34 49
35 33
36 3
37 45
38 22
39 19
40 36
41 31
42 12
43 14
44 14
45 8
46 45
47 24
48 9
49 9
50 31
51 3
52 10
53 14
54 43
55 48
56 10
57 5
58 3
59 47
60 3
61 25
62 11
63 4
64 36
65 20
66 42
67 18
68 15
69 34
70 19
71 49
72 20
73 1
74 2
75 27
76 36
77 19
78 11
79 35
80 44
81 19
82 23
83 3
84 36
85 33
86 4
87 5
88 7
89 12
90 13
91 46
92 42
93 35
94 21
95 6
96 43
97 33
98 31
99 17
100 28
101 18
102 37
103 29
104 40
105 7
106 30
107 43
108 44
109 17
110 5
111 19
112 32
113 40
114 15
115 22
116 29
117 6
118 19
119 46
120 31
121 9
122 38
123 21
124 6
125 3
126 26
127 10
128 35
129 47
130 22
131 26
132 19
133 31
134 39
135 27
136 7
137 37
138 48
139 11
140 8
141 19
142 35
143 44
144 35
145 2
146 6
147 17
148 31
149 31
150 31
151 8
152 45
153 27
154 10
155 6
156 36
157 46
158 14
159 7
160 33
161 8
162 9
163 36
164 23
165 17
166 46
167 38
168 16
169 42
170 40
171 38
172 38
173 35
174 31
175 5
176 22
177 12
178 28
179 24
180 34
181 31
182 15
183 12
184 2
185 15
186 45
187 48
188 2
189 11
190 49
191 47
192 28
193 19
194 45
195 24
196 17
197 49
198 36
199 5
200 19
201 17
202 41
203 36
204 49
205 12
206 35
207 9
208 33
209 19
210 25
211 36
212 20
213 49
214 37
215 8
216 12
217 8
218 28
219 15
220 9
221 35
222 2
223 5
224 32
225 29
226 34
227 7
228 19
229 7
230 20
231 26
232 23
233 45
234 2
235 18
236 14
237 37
238 10
239 22
240 39
241 46
242 30
243 24
244 39
245 26
246 4
247 36
248 49
249 32
250 17
251 4
252 48
253 9
254 8
255 6
256 39
257 21
258 42
259 49
260 14
261 14
262 38
263 8
264 28
265 34
266 14
267 24
268 15
269 14
270 10
271 13
272 3
273 44
274 36
275 4
276 12
277 44
278 9
279 27
280 34
281 44
282 21
283 45
284 35
285 25
286 4
287 17
288 33
289 24
290 35
291 12
292 8
293 24
294 18
295 12
296 34
297 14
298 41
299 35
300 11
301 33
302 35
303 23
304 30
305 40
306 2
307 24
308 8
309 21
310 14
311 28
312 8
313 19
314 21
315 20
316 4
317 21
318 43
319 21
320 23
321 8
322 36
323 33
324 17
325 49
326 47
327 49
328 39
329 8
330 19
331 19
332 23
333 46
334 4
335 25
336 1
337 17
338 39
339 31
340 12
341 22
342 5
343 4
344 31
345 31
346 21
347 36
348 3
349 3
350 11
351 3
352 5
353 48
354 4
355 31
356 3
357 47
358 13
359 41
360 40
361 17
362 34
363 12
364 19
365 12
366 9
367 34
368 8
369 15
370 49
371 6
372 30
373 27
374 30
375 23
376 35
377 15
378 45
379 1
380 29
381 29
382 31
383 43
384 10
385 12
386 41
387 3
388 47
389 37
390 49
391 27
392 22
393 22
394 1
395 8
396 31
397 40
398 30
399 17
400 39
401 17
402 30
403 3
404 20
405 4
406 19
407 49
408 9
409 35
410 26
411 18
412 32
413 35
414 10
415 31
416 46
417 46
418 2
419 41
420 27
421 6
422 19
423 8
424 26
425 22
426 4
427 45
428 7
429 16
430 9
431 34
432 17
433 35
434 19
435 3
436 16
437 25
438 7
439 20
440 32
441 13
442 34
443 17
444 5
445 29
446 27
447 29
448 37
449 34
450 8
451 18
452 7
453 23
454 47
455 12
456 19
457 12
458 19
459 41
460 3
461 3
462 31
463 8
464 14
465 17
466 38
467 37
468 7
469 22
470 24
471 36
472 15
473 14
474 8
475 38
476 12
477 23
478 5
479 46
480 11
481 45
482 49
483 8
484 25
485 22
486 29
487 2
488 7
489 21
490 7
491 14
492 46
493 11
494 1
495 36
496 26
497 11
498 13
499 41
500 17
