1 32
2 43
3 23
4 27
5 32
6 13
7 45
8 18
9 19
10 34
11 21
12 12
13 17
14 11
15 12
16 28
17 35
18 35
19 31
20 4
21 15
22 20
23 40
24 29
25 10
26 24
27 24
28 10
29 10
30 34
31 2
32 40
33 17
34 25
35 46
36 39
37 22
38 29
39 36
40 23
41 28
42 35
43 5
44 31
45 33
46 5
47 17
48 31
49 34
50 35
51 1
52 45
53 20
54 29
55 14
56 34
57 43
58 34
59 27
60 5
61 39
62 42
63 21
64 14
65 41
66 27
67 10
68 39
69 12
70 4
71 12
72 42
73 35
74 1
75 34
76 29
77 39
78 18
79 44
80 39
81 2
82 19
83 2
84 34
85 31
86 6
87 23
88 41
89 4
90 27
91 23
92 8
93 43
94 22
95 45
96 18
97 11
98 31
99 33
100 11
101 43
102 41
103 28
104 15
105 43
106 45
107 10
108 43
109 5
110 42
111 4
112 35
113 9
114 41
115 18
116 9
117 11
118 43
119 6
120 8
121 18
122 45
123 23
124 15
125 9
126 12
127 40
128 27
129 6
130 10
131 41
132 18
133 19
134 41
135 24
136 43
137 16
138 38
139 43
140 1
141 4
142 36
143 22
144 15
145 20
146 11
147 18
148 29
149 41
150 45
151 22
152 16
153 10
154 7
155 37
156 1
157 39
158 9
159 18
160 21
161 45
162 22
163 44
164 14
165 11
166 37
167 3
168 6
169 12
170 4
171 23
172 29
173 34
174 38
175 24
176 11
177 27
178 22
179 40
180 25
181 35
182 45
183 23
184 28
185 40
186 45
187 35
188 46
189 37
190 35
191 40
192 23
193 38
194 8
195 39
196 36
197 30
198 7
199 29
200 28
201 39
202 43
203 29
204 26
205 39
206 30
207 39
208 41
209 35
210 25
211 41
212 22
213 12
214 17
215 14
216 29
217 24
218 35
219 25
220 22
221 24
222 22
223 7
224 18
225 10
226 39
227 25
228 22
229 14
230 45
231 24
232 40
233 32
234 8
235 22
236 3
237 12
238 18
239 23
240 18
241 12
242 14
243 18
244 18
245 6
246 23
247 24
248 8
249 2
250 38
251 10
252 8
253 20
254 23
255 41
256 17
257 22
258 14
259 29
260 10
261 23
262 26
263 45
264 24
265 11
266 23
267 10
268 34
269 14
270 20
271 13
272 34
273 35
274 25
275 34
276 36
277 31
278 46
279 4
280 45
281 2
282 29
283 34
284 37
285 29
286 19
287 38
288 13
289 23
290 27
291 20
292 12
293 45
294 32
295 39
296 23
297 18
298 46
299 15
300 6
301 41
302 18
303 9
304 33
305 21
306 37
307 26
308 24
309 44
310 5
311 26
312 22
313 6
314 17
315 41
316 9
317 9
318 36
319 38
320 41
321 21
322 7
323 41
324 10
325 1
326 16
327 36
328 5
329 10
330 3
331 19
332 22
333 17
334 36
335 35
336 11
337 24
338 41
339 25
340 2
341 32
342 23
343 27
344 37
345 3
346 13
347 17
348 12
349 18
350 29
351 4
352 18
353 22
354 33
355 27
356 29
357 34
358 13
359 1
360 41
361 19
362 43
363 40
364 18
365 42
366 11
367 30
368 19
369 40
370 44
371 10
372 18
373 24
374 39
375 42
376 44
377 22
378 24
379 38
380 18
381 44
382 22
383 3
384 7
385 37
386 44
387 16
388 35
389 36
390 35
391 10
392 39
393 38
394 30
395 29
396 29
397 11
398 21
399 22
400 22
401 34
402 29
403 6
404 35
405 23
406 22
407 38
408 12
409 44
410 24
411 31
412 31
413 34
414 13
415 34
416 36
417 18
418 31
419 13
420 8
421 38
422 42
423 16
424 24
425 35
426 22
427 46
428 30
429 35
430 36
431 33
432 43
433 18
434 27
435 29
436 8
437 14
438 4
439 1
440 46
441 11
442 14
443 45
444 10
445 11
446 31
447 44
448 9
449 13
450 38
451 26
452 8
453 33
454 3
455 7
456 10
457 12
458 39
459 34
460 7
461 5
462 21
463 10
464 24
465 6
466 46
467 12
468 31
469 4
470 12
471 31
472 39
473 23
474 18
475 11
476 4
477 41
478 12
479 17
480 27
481 1
482 1
483 43
484 10
485 10
486 23
487 12
488 6
489 11
490 43
491 6
492 14
493 8
494 13
495 25
496 11
497 11
498 10
499 45
500 24
