1 10
2 11
3 3
4 46
5 10
6 22
7 23
8 42
9 38
10 29
11 34
12 20
13 37
14 34
15 34
16 51
17 42
18 18
19 27
20 31
21 23
22 23
23 29
24 31
25 24
26 49
27 39
28 28
29 39
30 49
31 52
32 23
33 23
34 12
35 49
36 4
37 39
38 17
39 26
40 34
41 9
42 12
43 46
44 25
45 4
46 23
47 46
48 50
49 11
50 23
51 2
52 49
53 8
54 39
55 10
56 7
57 5
58 1
59 18
60 43
61 52
62 42
63 3
64 10
65 3
66 9
67 8
68 31
69 20
70 4
71 22
72 34
73 11
74 49
75 39
76 39
77 28
78 46
79 50
80 19
81 50
82 5
83 10
84 21
85 19
86 18
87 12
88 20
89 12
90 36
91 25
92 6
93 49
94 18
95 46
96 8
97 6
98 49
99 7
100 9
101 23
102 46
103 12
104 35
105 8
106 49
107 6
108 31
109 8
110 31
111 35
112 43
113 53
114 45
115 32
116 2
117 11
118 31
119 2
120 30
121 46
122 36
123 42
124 37
125 49
126 37
127 50
128 48
129 3
130 50
131 35
132 25
133 24
134 50
135 9
136 6
137 15
138 39
139 49
140 30
141 53
142 8
143 52
144 28
145 6
146 49
147 19
148 29
149 18
150 23
151 39
152 28
153 41
154 33
155 24
156 51
157 46
158 33
159 11
160 16
161 49
162 17
163 3
164 52
165 51
166 40
167 11
168 5
169 46
170 25
171 22
172 5
173 14
174 32
175 30
176 25
177 27
178 1
179 14
180 38
181 22
182 2
183 6
184 47
185 46
186 20
187 4
188 7
189 36
190 50
191 23
192 1
193 16
194 32
195 12
196 8
197 46
198 17
199 27
200 18
201 49
202 28
203 12
204 8
205 35
206 19
207 10
208 29
209 44
210 25
211 3
212 9
213 23
214 7
215 21
216 14
217 2
218 46
219 34
220 46
221 39
222 11
223 24
224 32
225 43
226 36
227 52
228 19
229 7
230 18
231 5
232 22
233 46
234 52
235 21
236 24
237 10
238 52
239 46
240 46
241 49
242 52
243 40
244 17
245 29
246 45
247 1
248 31
249 15
250 43
251 38
252 4
253 48
254 45
255 7
256 27
257 36
258 20
259 17
260 6
261 23
262 53
263 23
264 42
265 14
266 29
267 44
268 41
269 52
270 34
271 6
272 22
273 40
274 36
275 38
276 44
277 46
278 36
279 10
280 49
281 23
282 21
283 19
284 37
285 36
286 7
287 4
288 12
289 12
290 50
291 25
292 29
293 52
294 21
295 17
296 11
297 1
298 8
299 18
300 36
301 13
302 5
303 52
304 28
305 35
306 23
307 32
308 50
309 3
310 46
311 23
312 15
313 51
314 43
315 26
316 40
317 25
318 8
319 20
320 13
321 12
322 8
323 33
324 13
325 15
326 19
327 31
328 7
329 12
330 9
331 7
332 46
333 6
334 10
335 41
336 7
337 9
338 18
339 31
340 16
341 11
342 50
343 33
344 1
345 19
346 50
347 48
348 16
349 19
350 34
351 49
352 39
353 48
354 2
355 50
356 8
357 53
358 48
359 3
360 8
361 34
362 30
363 29
364 42
365 5
366 46
367 48
368 45
369 49
370 6
371 34
372 38
373 14
374 45
375 19
376 52
377 24
378 26
379 6
380 14
381 46
382 50
383 20
384 23
385 13
386 23
387 34
388 32
389 23
390 17
391 49
392 50
393 31
394 41
395 10
396 40
397 10
398 33
399 36
400 39
401 53
402 19
403 48
404 44
405 27
406 49
407 49
408 49
409 3
410 42
411 52
412 31
413 20
414 47
415 31
416 13
417 3
418 50
419 51
420 29
421 1
422 47
423 5
424 24
425 1
426 24
427 17
428 1
429 17
430 44
431 19
432 1
433 33
434 42
435 9
436 13
437 52
438 26
439 24
440 15
441 26
442 47
443 23
444 4
445 23
446 30
447 18
448 4
449 2
450 17
451 37
452 50
453 16
454 12
455 12
456 19
457 20
458 43
459 15
460 28
461 39
462 28
463 3
464 49
465 12
466 43
467 36
468 46
469 7
470 41
471 17
472 15
473 46
474 50
475 19
476 52
477 47
478 2
479 38
480 2
481 36
482 7
483 42
484 3
485 17
486 31
487 8
488 23
489 38
490 50
491 36
492 24
493 3
494 42
495 3
496 37
497 42
498 7
499 12
500 49
