1 32
1 324
1 390
1 448
1 457
2 102
2 198
2 249
2 402
2 463
3 30
3 62
3 104
3 161
3 494
4 10
4 237
4 336
4 351
4 463
5 98
5 125
5 263
5 411
5 458
6 166
6 259
6 334
6 411
6 451
7 73
7 87
7 271
7 305
7 383
8 48
8 367
8 446
8 465
8 472
9 191
9 233
9 348
9 352
9 399
10 4
10 41
10 347
10 368
10 412
11 100
11 403
11 454
11 467
11 485
12 56
12 260
12 285
12 393
12 412
13 268
13 335
13 401
13 412
13 498
14 24
14 127
14 298
14 472
14 497
15 32
15 176
15 338
15 357
15 475
16 75
16 233
16 349
16 363
16 449
17 294
17 475
17 490
17 493
17 496
18 310
18 329
18 410
18 483
18 488
19 371
19 454
19 464
19 478
19 482
20 66
20 218
20 345
20 404
20 464
21 28
21 57
21 117
21 431
21 483
22 47
22 85
22 378
22 453
22 495
23 221
23 231
23 340
23 386
23 498
24 14
24 139
24 155
24 480
24 486
25 67
25 165
25 174
25 375
25 471
26 50
26 185
26 356
26 378
26 487
27 94
27 153
27 234
27 343
27 444
28 21
28 204
28 308
28 447
28 490
29 139
29 198
29 303
29 340
29 366
30 3
30 80
30 475
30 482
30 498
31 53
31 107
31 316
31 334
31 426
32 1
32 15
32 382
32 404
32 477
33 110
33 346
33 348
33 418
33 497
34 213
34 247
34 312
34 351
34 429
35 134
35 339
35 344
35 440
35 496
36 41
36 235
36 372
36 425
36 431
37 251
37 255
37 401
37 421
37 470
38 235
38 260
38 323
38 357
38 364
39 222
39 230
39 388
39 434
39 448
40 373
40 396
40 456
40 472
40 495
41 10
41 36
41 194
41 394
41 478
42 201
42 306
42 461
42 475
42 483
43 147
43 363
43 407
43 412
43 468
44 69
44 118
44 247
44 447
44 451
45 131
45 182
45 338
45 430
45 477
46 90
46 128
46 306
46 429
46 466
47 22
47 137
47 175
47 272
47 289
48 8
48 169
48 270
48 382
48 440
49 71
49 190
49 339
49 367
49 460
50 26
50 411
50 415
50 446
50 481
51 95
51 164
51 327
51 347
51 364
52 132
52 204
52 344
52 357
52 437
53 31
53 60
53 416
53 463
53 477
54 393
54 407
54 468
54 493
54 496
55 270
55 280
55 288
55 464
55 488
56 12
56 349
56 488
56 494
56 499
57 21
57 105
57 140
57 176
57 378
58 93
58 220
58 415
58 457
58 498
59 120
59 294
59 380
59 440
59 475
60 53
60 360
60 365
60 414
60 429
61 290
61 426
61 461
61 496
61 499
62 3
62 273
62 352
62 399
62 478
63 333
63 406
63 451
63 462
63 498
64 222
64 271
64 387
64 395
64 460
65 303
65 449
65 450
65 474
65 497
66 20
66 77
66 295
66 425
66 457
67 25
67 154
67 188
67 205
67 382
68 91
68 166
68 246
68 451
68 489
69 44
69 220
69 333
69 460
69 465
70 328
70 434
70 462
70 487
70 499
71 49
71 202
71 351
71 371
71 375
72 104
72 452
72 458
72 466
72 498
73 7
73 182
73 238
73 403
73 473
74 82
74 167
74 197
74 457
74 481
75 16
75 392
75 440
75 467
75 473
76 162
76 247
76 315
76 391
76 405
77 66
77 286
77 323
77 382
77 418
78 356
78 413
78 427
78 464
78 465
79 261
79 308
79 393
79 408
79 420
80 30
80 83
80 362
80 371
80 467
81 145
81 306
81 431
81 477
81 494
82 74
82 98
82 118
82 291
82 360
83 80
83 114
83 331
83 461
83 477
84 197
84 206
84 224
84 278
84 441
85 22
85 132
85 183
85 299
85 494
86 107
86 181
86 193
86 452
86 479
87 7
87 420
87 423
87 442
87 479
88 92
88 354
88 366
88 460
88 494
89 214
89 275
89 300
89 385
89 455
90 46
90 311
90 317
90 343
90 398
91 68
91 349
91 435
91 486
91 497
92 88
92 129
92 208
92 310
92 410
93 58
93 310
93 390
93 412
93 482
94 27
94 262
94 398
94 457
94 486
95 51
95 206
95 234
95 448
95 478
96 321
96 407
96 421
96 457
96 478
97 128
97 195
97 341
97 453
97 495
98 5
98 82
98 254
98 402
98 411
99 201
99 338
99 354
99 395
99 485
100 11
100 303
100 416
100 434
100 468
101 290
101 364
101 394
101 438
101 450
102 2
102 149
102 394
102 450
102 480
103 313
103 410
103 437
103 495
103 497
104 3
104 72
104 372
104 474
104 478
105 57
105 133
105 176
105 265
105 442
106 154
106 219
106 304
106 402
106 462
107 31
107 86
107 203
107 261
107 479
108 265
108 421
108 439
108 453
108 494
109 147
109 399
109 480
109 483
109 484
110 33
110 129
110 171
110 384
110 485
111 169
111 267
111 283
111 300
111 404
112 150
112 356
112 385
112 456
112 494
113 177
113 235
113 273
113 465
113 493
114 83
114 168
114 422
114 470
114 480
115 130
115 200
115 226
115 443
115 466
116 205
116 345
116 400
116 415
116 459
117 21
117 294
117 370
117 407
117 425
118 44
118 82
118 179
118 404
118 491
119 158
119 279
119 432
119 454
119 472
120 59
120 298
120 396
120 441
120 484
121 302
121 372
121 444
121 491
121 497
122 191
122 400
122 438
122 442
122 493
123 159
123 275
123 340
123 422
123 444
124 126
124 230
124 389
124 392
124 460
125 5
125 332
125 340
125 375
125 483
126 124
126 327
126 393
126 415
126 471
127 14
127 165
127 271
127 343
127 484
128 46
128 97
128 215
128 300
128 377
129 92
129 110
129 409
129 431
129 442
130 115
130 257
130 282
130 445
130 471
131 45
131 404
131 453
131 457
131 485
132 52
132 85
132 141
132 278
132 307
133 105
133 290
133 322
133 402
133 484
134 35
134 159
134 262
134 442
134 464
135 254
135 331
135 360
135 422
135 450
136 142
136 232
136 373
136 395
136 397
137 47
137 197
137 307
137 427
137 443
138 258
138 427
138 476
138 485
138 491
139 24
139 29
139 450
139 483
139 494
140 57
140 320
140 344
140 443
140 445
141 132
141 171
141 257
141 424
141 470
142 136
142 240
142 419
142 490
142 499
143 284
143 305
143 438
143 480
143 485
144 156
144 174
144 391
144 430
144 491
145 81
145 289
145 334
145 476
145 495
146 239
146 449
146 453
146 475
146 484
147 43
147 109
147 163
147 347
147 430
148 184
148 273
148 369
148 401
148 461
149 102
149 332
149 358
149 422
149 478
150 112
150 432
150 449
150 492
150 498
151 323
151 329
151 402
151 410
151 417
152 200
152 211
152 227
152 259
152 493
153 27
153 262
153 400
153 462
153 473
154 67
154 106
154 291
154 300
154 479
155 24
155 201
155 353
155 454
155 461
156 144
156 161
156 195
156 285
156 340
157 168
157 410
157 429
157 476
157 491
158 119
158 256
158 366
158 367
158 435
159 123
159 134
159 301
159 392
159 485
160 249
160 270
160 272
160 306
160 444
161 3
161 156
161 187
161 398
161 474
162 76
162 252
162 294
162 306
162 395
162 477
163 147
163 245
163 269
163 279
163 327
163 432
164 51
164 196
164 244
164 438
164 466
164 479
165 25
165 127
165 169
165 225
165 423
165 439
166 6
166 68
166 285
166 339
166 474
166 489
167 74
167 240
167 258
167 307
167 308
167 380
168 114
168 157
168 359
168 417
168 445
168 454
169 48
169 111
169 165
169 228
169 380
169 410
170 229
170 241
170 420
170 467
170 473
170 490
171 110
171 141
171 216
171 226
171 282
171 368
172 239
172 303
172 316
172 362
172 466
172 483
173 195
173 219
173 341
173 376
173 446
173 498
174 25
174 144
174 213
174 274
174 416
174 494
175 47
175 204
175 207
175 239
175 338
175 373
176 15
176 57
176 105
176 308
176 395
176 420
177 113
177 184
177 190
177 319
177 414
177 439
178 218
178 317
178 406
178 491
178 495
178 497
179 118
179 281
179 312
179 414
179 435
179 500
180 199
180 314
180 387
180 446
180 459
180 462
181 86
181 231
181 249
181 257
181 360
181 404
182 45
182 73
182 233
182 425
182 483
182 485
183 85
183 358
183 413
183 415
183 426
183 444
184 148
184 177
184 280
184 304
184 410
184 428
185 26
185 264
185 403
185 413
185 420
185 481
186 208
186 335
186 426
186 450
186 471
186 494
187 161
187 269
187 391
187 440
187 481
187 499
188 67
188 285
188 293
188 366
188 459
188 495
189 311
189 379
189 422
189 428
189 459
189 469
190 49
190 177
190 302
190 330
190 385
190 390
191 9
191 122
191 325
191 374
191 430
191 487
192 197
192 236
192 245
192 327
192 428
192 491
193 86
193 291
193 336
193 389
193 413
193 486
194 41
194 210
194 261
194 332
194 407
194 457
195 97
195 156
195 173
195 211
195 330
195 426
196 164
196 256
196 339
196 385
196 440
196 490
197 74
197 84
197 137
197 192
197 448
197 484
198 2
198 29
198 320
198 443
198 459
198 464
199 180
199 296
199 363
199 389
199 423
199 468
200 115
200 152
200 328
200 387
200 463
200 490
201 42
201 99
201 155
201 342
201 406
201 422
202 71
202 297
202 316
202 346
202 453
202 466
203 107
203 247
203 373
203 478
203 480
203 484
204 28
204 52
204 175
204 272
204 277
204 313
205 67
205 116
205 214
205 255
205 344
205 375
206 84
206 95
206 342
206 362
206 414
206 486
207 175
207 280
207 322
207 402
207 481
207 488
208 92
208 186
208 272
208 333
208 360
208 493
209 213
209 332
209 340
209 346
209 347
209 359
210 194
210 253
210 277
210 417
210 458
210 488
211 152
211 195
211 297
211 411
211 443
211 468
212 227
212 359
212 383
212 461
212 477
212 499
213 34
213 174
213 209
213 260
213 352
213 386
214 89
214 205
214 328
214 329
214 465
214 477
215 128
215 367
215 371
215 464
215 470
215 494
216 171
216 259
216 318
216 404
216 425
216 441
217 223
217 234
217 386
217 403
217 426
217 484
218 20
218 178
218 282
218 287
218 393
218 456
219 106
219 173
219 338
219 374
219 469
219 484
220 58
220 69
220 242
220 312
220 412
220 494
221 23
221 429
221 443
221 470
221 497
221 498
222 39
222 64
222 252
222 264
222 387
222 493
223 217
223 301
223 359
223 419
223 449
223 493
224 84
224 356
224 358
224 408
224 430
224 439
225 165
225 233
225 432
225 472
225 475
225 498
226 115
226 171
226 246
226 248
226 430
226 443
227 152
227 212
227 294
227 419
227 422
227 486
228 169
228 341
228 359
228 416
228 426
228 429
229 170
229 356
229 433
229 490
229 492
229 497
230 39
230 124
230 321
230 349
230 387
230 493
231 23
231 181
231 269
231 424
231 454
231 480
232 136
232 248
232 419
232 455
232 485
232 491
233 9
233 16
233 182
233 225
233 398
233 487
234 27
234 95
234 217
234 330
234 386
234 483
235 36
235 38
235 113
235 381
235 392
235 474
236 192
236 257
236 275
236 411
236 417
236 488
237 4
237 257
237 370
237 376
237 433
237 488
238 73
238 296
238 329
238 353
238 380
238 392
239 146
239 172
239 175
239 295
239 301
239 470
240 142
240 167
240 362
240 475
240 495
240 499
241 170
241 255
241 274
241 435
241 492
241 498
242 220
242 325
242 357
242 363
242 485
242 489
243 244
243 401
243 418
243 422
243 436
243 496
244 164
244 243
244 342
244 416
244 448
244 470
245 163
245 192
245 283
245 328
245 441
245 484
246 68
246 226
246 253
246 276
246 325
246 451
247 34
247 44
247 76
247 203
247 387
247 478
248 226
248 232
248 291
248 298
248 397
248 442
249 2
249 160
249 181
249 418
249 446
249 498
250 302
250 323
250 350
250 397
250 447
250 490
251 37
251 265
251 310
251 395
251 451
251 490
252 162
252 222
252 372
252 479
252 496
252 500
253 210
253 246
253 394
253 450
253 451
253 487
254 98
254 135
254 298
254 328
254 459
254 489
254 492
255 37
255 205
255 241
255 338
255 379
255 418
255 482
256 158
256 196
256 327
256 399
256 488
256 496
256 500
257 130
257 141
257 181
257 236
257 237
257 424
257 447
258 138
258 167
258 402
258 405
258 413
258 433
258 439
259 6
259 152
259 216
259 379
259 382
259 441
259 475
260 12
260 38
260 213
260 271
260 300
260 317
260 463
261 79
261 107
261 194
261 341
261 376
261 466
261 476
262 94
262 134
262 153
262 295
262 379
262 387
262 431
263 5
263 280
263 326
263 333
263 365
263 432
263 475
264 185
264 222
264 397
264 420
264 455
264 483
264 490
265 105
265 108
265 251
265 268
265 301
265 343
265 448
266 267
266 299
266 394
266 408
266 445
266 482
266 484
267 111
267 266
267 346
267 433
267 455
267 459
267 479
268 13
268 265
268 275
268 330
268 331
268 384
268 460
269 163
269 187
269 231
269 334
269 339
269 361
269 366
270 48
270 55
270 160
270 285
270 326
270 418
270 472
271 7
271 64
271 127
271 260
271 272
271 404
271 476
272 47
272 160
272 204
272 208
272 271
272 439
272 476
273 62
273 113
273 148
273 287
273 320
273 420
273 450
274 174
274 241
274 323
274 353
274 355
274 481
274 495
275 89
275 123
275 236
275 268
275 280
275 314
275 456
276 246
276 277
276 284
276 322
276 341
276 419
276 431
277 204
277 210
277 276
277 410
277 463
277 478
277 500
278 84
278 132
278 348
278 400
278 415
278 481
278 496
279 119
279 163
279 390
279 391
279 407
279 488
279 497
280 55
280 184
280 207
280 263
280 275
280 302
280 500
281 179
281 327
281 329
281 377
281 408
281 425
281 477
282 130
282 171
282 218
282 360
282 374
282 398
282 401
283 111
283 245
283 418
283 442
283 449
283 468
283 486
284 143
284 276
284 343
284 383
284 420
284 472
284 485
285 12
285 156
285 166
285 188
285 270
285 290
285 383
286 77
286 325
286 341
286 433
286 444
286 483
286 496
287 218
287 273
287 292
287 362
287 397
287 428
287 459
288 55
288 301
288 309
288 408
288 482
288 495
288 497
289 47
289 145
289 337
289 398
289 465
289 481
289 493
290 61
290 101
290 133
290 285
290 357
290 424
290 463
291 82
291 154
291 193
291 248
291 465
291 479
291 489
292 287
292 408
292 448
292 461
292 484
292 489
292 492
293 188
293 322
293 389
293 423
293 436
293 455
293 468
294 17
294 59
294 117
294 162
294 227
294 414
294 483
295 66
295 239
295 262
295 383
295 436
295 461
295 499
296 199
296 238
296 402
296 473
296 480
296 486
296 487
297 202
297 211
297 354
297 395
297 400
297 404
297 487
298 14
298 120
298 248
298 254
298 315
298 397
298 457
299 85
299 266
299 363
299 442
299 465
299 472
299 486
300 89
300 111
300 128
300 154
300 260
300 322
300 339
301 159
301 223
301 239
301 265
301 288
301 445
301 455
302 121
302 190
302 250
302 280
302 433
302 442
302 489
303 29
303 65
303 100
303 172
303 400
303 446
303 452
304 106
304 184
304 311
304 335
304 352
304 474
304 483
305 7
305 143
305 332
305 425
305 474
305 478
305 500
306 42
306 46
306 81
306 160
306 162
306 316
306 432
307 132
307 137
307 167
307 436
307 441
307 452
307 497
308 28
308 79
308 167
308 176
308 332
308 387
308 470
309 288
309 350
309 408
309 441
309 458
309 460
309 477
310 18
310 92
310 93
310 251
310 312
310 456
310 488
311 90
311 189
311 304
311 315
311 321
311 374
311 486
312 34
312 179
312 220
312 310
312 386
312 469
312 479
313 103
313 204
313 374
313 393
313 426
313 437
313 445
314 180
314 275
314 337
314 360
314 401
314 416
314 496
315 76
315 298
315 311
315 337
315 470
315 480
315 481
316 31
316 172
316 202
316 306
316 319
316 346
316 493
317 90
317 178
317 260
317 321
317 336
317 354
317 445
318 216
318 363
318 390
318 475
318 477
318 492
318 497
319 177
319 316
319 377
319 394
319 437
319 474
319 482
320 140
320 198
320 273
320 367
320 389
320 446
320 463
321 96
321 230
321 311
321 317
321 389
321 469
321 479
322 133
322 207
322 276
322 293
322 300
322 340
322 377
322 453
323 38
323 77
323 151
323 250
323 274
323 436
323 469
323 481
324 1
324 359
324 368
324 398
324 409
324 444
324 465
324 499
325 191
325 242
325 246
325 286
325 401
325 421
325 495
325 498
326 263
326 270
326 361
326 367
326 379
326 383
326 493
326 494
327 51
327 126
327 163
327 192
327 256
327 281
327 337
327 369
328 70
328 200
328 214
328 245
328 254
328 424
328 427
328 494
329 18
329 151
329 214
329 238
329 281
329 336
329 385
329 499
330 190
330 195
330 234
330 268
330 362
330 463
330 482
330 489
331 83
331 135
331 268
331 349
331 378
331 444
331 459
331 499
332 125
332 149
332 194
332 209
332 305
332 308
332 423
332 491
333 63
333 69
333 208
333 263
333 342
333 397
333 428
333 496
334 6
334 31
334 145
334 269
334 391
334 467
334 479
334 488
335 13
335 186
335 304
335 421
335 435
335 447
335 482
335 498
336 4
336 193
336 317
336 329
336 382
336 414
336 463
336 498
337 289
337 314
337 315
337 327
337 383
337 401
337 468
337 469
338 15
338 45
338 99
338 175
338 219
338 255
338 464
338 480
339 35
339 49
339 166
339 196
339 269
339 300
339 421
339 479
340 23
340 29
340 123
340 125
340 156
340 209
340 322
340 425
341 97
341 173
341 228
341 261
341 276
341 286
341 432
341 496
342 201
342 206
342 244
342 333
342 348
342 413
342 453
342 486
343 27
343 90
343 127
343 265
343 284
343 367
343 389
343 390
344 35
344 52
344 140
344 205
344 345
344 431
344 441
344 482
345 20
345 116
345 344
345 347
345 371
345 421
345 464
345 489
346 33
346 202
346 209
346 267
346 316
346 381
346 440
346 482
347 10
347 51
347 147
347 209
347 345
347 370
347 405
347 473
348 9
348 33
348 278
348 342
348 395
348 464
348 471
348 500
349 16
349 56
349 91
349 230
349 331
349 469
349 497
349 499
350 250
350 309
350 396
350 406
350 427
350 434
350 456
350 477
351 4
351 34
351 71
351 386
351 419
351 438
351 452
351 469
352 9
352 62
352 213
352 304
352 370
352 400
352 437
352 471
353 155
353 238
353 274
353 392
353 394
353 465
353 486
353 500
354 88
354 99
354 297
354 317
354 385
354 395
354 467
354 482
355 274
355 358
355 397
355 410
355 443
355 446
355 481
355 484
355 488
356 26
356 78
356 112
356 224
356 229
356 359
356 383
356 384
356 483
357 15
357 38
357 52
357 242
357 290
357 405
357 407
357 447
357 456
358 149
358 183
358 224
358 355
358 365
358 454
358 470
358 493
358 500
359 168
359 209
359 212
359 223
359 228
359 324
359 356
359 489
359 491
360 60
360 82
360 135
360 181
360 208
360 282
360 314
360 375
360 433
361 269
361 326
361 364
361 388
361 450
361 455
361 462
361 494
361 499
362 80
362 172
362 206
362 240
362 287
362 330
362 365
362 459
362 466
363 16
363 43
363 199
363 242
363 299
363 318
363 470
363 497
363 498
364 38
364 51
364 101
364 361
364 371
364 454
364 462
364 471
364 474
365 60
365 263
365 358
365 362
365 375
365 423
365 447
365 472
365 475
366 29
366 88
366 158
366 188
366 269
366 402
366 429
366 430
366 491
367 8
367 49
367 158
367 215
367 320
367 326
367 343
367 479
367 490
368 10
368 171
368 324
368 416
368 418
368 455
368 456
368 474
368 489
369 148
369 327
369 382
369 386
369 403
369 433
369 462
369 465
369 494
370 117
370 237
370 347
370 352
370 390
370 458
370 470
370 497
370 499
371 19
371 71
371 80
371 215
371 345
371 364
371 464
371 471
371 500
372 36
372 104
372 121
372 252
372 373
372 449
372 457
372 476
372 486
373 40
373 136
373 175
373 203
373 372
373 428
373 480
373 484
373 499
374 191
374 219
374 282
374 311
374 313
374 376
374 417
374 427
374 446
375 25
375 71
375 125
375 205
375 360
375 365
375 412
375 468
375 469
376 173
376 237
376 261
376 374
376 388
376 403
376 415
376 485
376 491
377 128
377 281
377 319
377 322
377 382
377 389
377 443
377 453
377 477
378 22
378 26
378 57
378 331
378 384
378 422
378 437
378 487
378 495
379 189
379 255
379 259
379 262
379 326
379 411
379 431
379 456
379 494
380 59
380 167
380 169
380 238
380 434
380 457
380 467
380 471
380 473
381 235
381 346
381 396
381 407
381 426
381 467
381 493
381 495
381 500
382 32
382 48
382 67
382 77
382 259
382 336
382 369
382 377
382 417
383 7
383 212
383 284
383 285
383 295
383 326
383 337
383 356
383 469
384 110
384 268
384 356
384 378
384 405
384 406
384 410
384 431
384 483
385 89
385 112
385 190
385 196
385 329
385 354
385 460
385 485
385 486
386 23
386 213
386 217
386 234
386 312
386 351
386 369
386 468
386 473
387 64
387 180
387 200
387 222
387 230
387 247
387 262
387 308
387 424
388 39
388 361
388 376
388 391
388 461
388 482
388 485
388 491
388 498
389 124
389 193
389 199
389 293
389 320
389 321
389 343
389 377
389 391
389 478
390 1
390 93
390 190
390 279
390 318
390 343
390 370
390 391
390 470
390 497
391 76
391 144
391 187
391 279
391 334
391 388
391 389
391 390
391 463
391 488
392 75
392 124
392 159
392 235
392 238
392 353
392 396
392 432
392 466
392 472
393 12
393 54
393 79
393 126
393 218
393 313
393 427
393 455
393 490
393 492
394 41
394 101
394 102
394 253
394 266
394 319
394 353
394 399
394 430
394 478
395 64
395 99
395 136
395 162
395 176
395 251
395 297
395 348
395 354
395 433
396 40
396 120
396 350
396 381
396 392
396 404
396 406
396 421
396 456
396 481
397 136
397 248
397 250
397 264
397 287
397 298
397 333
397 355
397 471
397 481
398 90
398 94
398 161
398 233
398 282
398 289
398 324
398 442
398 465
398 492
399 9
399 62
399 109
399 256
399 394
399 406
399 469
399 478
399 479
399 484
400 116
400 122
400 153
400 278
400 297
400 303
400 352
400 407
400 415
400 424
401 13
401 37
401 148
401 243
401 282
401 314
401 325
401 337
401 433
401 464
402 2
402 98
402 106
402 133
402 151
402 207
402 258
402 296
402 366
402 432
403 11
403 73
403 185
403 217
403 369
403 376
403 465
403 481
403 493
403 496
404 20
404 32
404 111
404 118
404 131
404 181
404 216
404 271
404 297
404 396
405 76
405 258
405 347
405 357
405 384
405 419
405 445
405 447
405 462
405 464
406 63
406 178
406 201
406 350
406 384
406 396
406 399
406 492
406 496
406 500
407 43
407 54
407 96
407 117
407 194
407 279
407 357
407 381
407 400
407 491
408 79
408 224
408 266
408 281
408 288
408 292
408 309
408 415
408 425
408 463
409 129
409 324
409 454
409 455
409 458
409 469
409 485
409 487
409 489
409 499
410 18
410 92
410 103
410 151
410 157
410 169
410 184
410 277
410 355
410 384
411 5
411 6
411 50
411 98
411 211
411 236
411 379
411 453
411 484
411 498
412 10
412 12
412 13
412 43
412 93
412 220
412 375
412 421
412 452
412 485
413 78
413 183
413 185
413 193
413 258
413 342
413 428
413 438
413 441
413 451
414 60
414 177
414 179
414 206
414 294
414 336
414 435
414 452
414 468
414 487
415 50
415 58
415 116
415 126
415 183
415 278
415 376
415 400
415 408
415 433
415 471
416 53
416 100
416 174
416 228
416 244
416 314
416 368
416 417
416 423
416 474
416 475
417 151
417 168
417 210
417 236
417 374
417 382
417 416
417 436
417 438
417 443
417 489
418 33
418 77
418 243
418 249
418 255
418 270
418 283
418 368
418 460
418 483
418 498
419 142
419 223
419 227
419 232
419 276
419 351
419 405
419 425
419 458
419 460
419 472
420 79
420 87
420 170
420 176
420 185
420 264
420 273
420 284
420 471
420 480
420 497
421 37
421 96
421 108
421 325
421 335
421 339
421 345
421 396
421 412
421 436
421 443
422 114
422 123
422 135
422 149
422 189
422 201
422 227
422 243
422 378
422 441
422 500
423 87
423 165
423 199
423 293
423 332
423 365
423 416
423 431
423 434
423 435
423 479
424 141
424 231
424 257
424 290
424 328
424 387
424 400
424 434
424 437
424 495
424 500
425 36
425 66
425 117
425 182
425 216
425 281
425 305
425 340
425 408
425 419
425 500
426 31
426 61
426 183
426 186
426 195
426 217
426 228
426 313
426 381
426 454
426 500
427 78
427 137
427 138
427 328
427 350
427 374
427 393
427 428
427 434
427 438
427 489
428 184
428 189
428 192
428 287
428 333
428 373
428 413
428 427
428 451
428 470
428 473
429 34
429 46
429 60
429 157
429 221
429 228
429 366
429 430
429 474
429 491
429 500
430 45
430 144
430 147
430 191
430 224
430 226
430 366
430 394
430 429
430 435
430 490
431 21
431 36
431 81
431 129
431 262
431 276
431 344
431 379
431 384
431 423
431 496
432 119
432 150
432 163
432 225
432 263
432 306
432 341
432 392
432 402
432 467
432 472
433 229
433 237
433 258
433 267
433 286
433 302
433 360
433 369
433 395
433 401
433 415
434 39
434 70
434 100
434 350
434 380
434 423
434 424
434 427
434 456
434 467
434 473
435 91
435 158
435 179
435 241
435 335
435 414
435 423
435 430
435 442
435 449
435 476
436 243
436 293
436 295
436 307
436 323
436 417
436 421
436 438
436 440
436 441
436 473
437 52
437 103
437 313
437 319
437 352
437 378
437 424
437 445
437 451
437 455
437 474
438 101
438 122
438 143
438 164
438 351
438 413
438 417
438 427
438 436
438 487
438 489
439 108
439 165
439 177
439 224
439 258
439 272
439 445
439 493
439 496
439 499
439 500
440 35
440 48
440 59
440 75
440 187
440 196
440 346
440 436
440 477
440 487
440 496
441 84
441 120
441 216
441 245
441 259
441 307
441 309
441 344
441 413
441 422
441 436
441 476
442 87
442 105
442 122
442 129
442 134
442 248
442 283
442 299
442 302
442 398
442 435
442 466
443 115
443 137
443 140
443 198
443 211
443 221
443 226
443 355
443 377
443 417
443 421
443 471
444 27
444 121
444 123
444 160
444 183
444 286
444 324
444 331
444 445
444 458
444 471
444 500
445 130
445 140
445 168
445 266
445 301
445 313
445 317
445 405
445 437
445 439
445 444
445 452
446 8
446 50
446 173
446 180
446 249
446 303
446 320
446 355
446 374
446 468
446 477
446 499
447 28
447 44
447 250
447 257
447 335
447 357
447 365
447 405
447 448
447 492
447 493
447 496
448 1
448 39
448 95
448 197
448 244
448 265
448 292
448 447
448 465
448 490
448 492
448 496
449 16
449 65
449 146
449 150
449 223
449 283
449 372
449 435
449 450
449 453
449 476
449 480
450 65
450 101
450 102
450 135
450 139
450 186
450 253
450 273
450 361
450 449
450 453
450 456
451 6
451 44
451 63
451 68
451 246
451 251
451 253
451 413
451 428
451 437
451 482
451 489
452 72
452 86
452 303
452 307
452 351
452 412
452 414
452 445
452 466
452 467
452 468
452 488
453 22
453 97
453 108
453 131
453 146
453 202
453 322
453 342
453 377
453 411
453 449
453 450
454 11
454 19
454 119
454 155
454 168
454 231
454 358
454 364
454 409
454 426
454 455
454 476
454 495
455 89
455 232
455 264
455 267
455 293
455 301
455 361
455 368
455 393
455 409
455 437
455 454
455 468
456 40
456 112
456 218
456 275
456 310
456 350
456 357
456 368
456 379
456 396
456 434
456 450
456 497
457 1
457 58
457 66
457 74
457 94
457 96
457 131
457 194
457 298
457 372
457 380
457 459
457 487
458 5
458 72
458 210
458 309
458 370
458 409
458 419
458 444
458 460
458 462
458 476
458 495
458 500
459 116
459 180
459 188
459 189
459 198
459 254
459 267
459 287
459 331
459 362
459 457
459 473
459 487
460 49
460 64
460 69
460 88
460 124
460 268
460 309
460 385
460 418
460 419
460 458
460 466
460 487
461 42
461 61
461 83
461 148
461 155
461 212
461 292
461 295
461 388
461 469
461 490
461 493
461 499
462 63
462 70
462 106
462 153
462 180
462 361
462 364
462 369
462 405
462 458
462 475
462 481
462 490
463 2
463 4
463 53
463 200
463 260
463 277
463 290
463 320
463 330
463 336
463 391
463 408
463 491
463 494
464 19
464 20
464 55
464 78
464 134
464 198
464 215
464 338
464 345
464 348
464 371
464 401
464 405
464 472
465 8
465 69
465 78
465 113
465 214
465 289
465 291
465 299
465 324
465 353
465 369
465 398
465 403
465 448
466 46
466 72
466 115
466 164
466 172
466 202
466 261
466 362
466 392
466 442
466 452
466 460
466 469
466 476
466 495
467 11
467 75
467 80
467 170
467 334
467 354
467 380
467 381
467 432
467 434
467 452
467 472
467 473
467 480
467 488
468 43
468 54
468 100
468 199
468 211
468 283
468 293
468 337
468 375
468 386
468 414
468 446
468 452
468 455
468 473
469 189
469 219
469 312
469 321
469 323
469 337
469 349
469 351
469 375
469 383
469 399
469 409
469 461
469 466
469 494
470 37
470 114
470 141
470 215
470 221
470 239
470 244
470 308
470 315
470 358
470 363
470 370
470 390
470 428
470 497
471 25
471 126
471 130
471 186
471 348
471 352
471 364
471 371
471 380
471 397
471 415
471 420
471 443
471 444
471 493
472 8
472 14
472 40
472 119
472 225
472 270
472 284
472 299
472 365
472 392
472 419
472 432
472 464
472 467
472 475
473 73
473 75
473 153
473 170
473 296
473 347
473 380
473 386
473 428
473 434
473 436
473 459
473 467
473 468
473 497
474 65
474 104
474 161
474 166
474 235
474 304
474 305
474 319
474 364
474 368
474 416
474 429
474 437
474 476
474 482
474 499
475 15
475 17
475 30
475 42
475 59
475 146
475 225
475 240
475 259
475 263
475 318
475 365
475 416
475 462
475 472
475 493
476 138
476 145
476 157
476 261
476 271
476 272
476 372
476 435
476 441
476 449
476 454
476 458
476 466
476 474
476 486
476 495
477 32
477 45
477 53
477 81
477 83
477 162
477 212
477 214
477 281
477 309
477 318
477 350
477 377
477 440
477 446
477 480
477 482
478 19
478 41
478 62
478 95
478 96
478 104
478 149
478 203
478 247
478 277
478 305
478 389
478 394
478 399
478 483
478 486
478 487
479 86
479 87
479 107
479 154
479 164
479 252
479 267
479 291
479 312
479 321
479 334
479 339
479 367
479 399
479 423
479 480
479 496
480 24
480 102
480 109
480 114
480 143
480 203
480 231
480 296
480 315
480 338
480 373
480 420
480 449
480 467
480 477
480 479
480 489
481 50
481 74
481 185
481 187
481 207
481 274
481 278
481 289
481 315
481 323
481 355
481 396
481 397
481 403
481 462
481 486
481 492
482 19
482 30
482 93
482 255
482 266
482 288
482 319
482 330
482 335
482 344
482 346
482 354
482 388
482 451
482 474
482 477
482 498
483 18
483 21
483 42
483 109
483 125
483 139
483 172
483 182
483 234
483 264
483 286
483 294
483 304
483 356
483 384
483 418
483 478
484 109
484 120
484 127
484 133
484 146
484 197
484 203
484 217
484 219
484 245
484 266
484 292
484 355
484 373
484 399
484 411
484 492
485 11
485 99
485 110
485 131
485 138
485 143
485 159
485 182
485 232
485 242
485 284
485 376
485 385
485 388
485 409
485 412
485 491
486 24
486 91
486 94
486 193
486 206
486 227
486 283
486 296
486 299
486 311
486 342
486 353
486 372
486 385
486 476
486 478
486 481
487 26
487 70
487 191
487 233
487 253
487 296
487 297
487 378
487 409
487 414
487 438
487 440
487 457
487 459
487 460
487 478
487 492
487 495
488 18
488 55
488 56
488 207
488 210
488 236
488 237
488 256
488 279
488 310
488 334
488 355
488 391
488 452
488 467
488 490
488 492
488 498
489 68
489 166
489 242
489 254
489 291
489 292
489 302
489 330
489 345
489 359
489 368
489 409
489 417
489 427
489 438
489 451
489 480
489 492
490 17
490 28
490 142
490 170
490 196
490 200
490 229
490 250
490 251
490 264
490 367
490 393
490 430
490 448
490 461
490 462
490 488
490 492
491 118
491 121
491 138
491 144
491 157
491 178
491 192
491 232
491 332
491 359
491 366
491 376
491 388
491 407
491 429
491 463
491 485
491 492
491 494
492 150
492 229
492 241
492 254
492 292
492 318
492 393
492 398
492 406
492 447
492 448
492 481
492 484
492 487
492 488
492 489
492 490
492 491
492 499
493 17
493 54
493 113
493 122
493 152
493 208
493 222
493 223
493 230
493 289
493 316
493 326
493 358
493 381
493 403
493 439
493 447
493 461
493 471
493 475
494 3
494 56
494 81
494 85
494 88
494 108
494 112
494 139
494 174
494 186
494 215
494 220
494 326
494 328
494 361
494 369
494 379
494 463
494 469
494 491
495 22
495 40
495 97
495 103
495 145
495 178
495 188
495 240
495 274
495 288
495 325
495 378
495 381
495 424
495 454
495 458
495 466
495 476
495 487
495 500
496 17
496 35
496 54
496 61
496 243
496 252
496 256
496 278
496 286
496 314
496 333
496 341
496 403
496 406
496 431
496 439
496 440
496 447
496 448
496 479
497 14
497 33
497 65
497 91
497 103
497 121
497 178
497 221
497 229
497 279
497 288
497 307
497 318
497 349
497 363
497 370
497 390
497 420
497 456
497 470
497 473
498 13
498 23
498 30
498 58
498 63
498 72
498 150
498 173
498 221
498 225
498 241
498 249
498 325
498 335
498 336
498 363
498 388
498 411
498 418
498 482
498 488
499 56
499 61
499 70
499 142
499 187
499 212
499 240
499 295
499 324
499 329
499 331
499 349
499 361
499 370
499 373
499 409
499 439
499 446
499 461
499 474
499 492
500 179
500 252
500 256
500 277
500 280
500 305
500 348
500 353
500 358
500 371
500 381
500 406
500 422
500 424
500 425
500 426
500 429
500 439
500 444
500 458
500 495
