1 2
1 3
1 50
1 87
1 218
2 1
2 3
2 218
2 225
2 266
2 340
3 1
3 2
3 5
3 135
3 218
4 6
4 9
4 13
4 43
4 186
4 429
4 473
5 3
5 7
5 218
5 304
5 314
6 4
6 9
6 43
6 73
6 186
6 429
7 5
7 8
7 18
7 314
7 379
8 7
8 10
8 314
8 358
8 377
9 4
9 6
9 43
9 102
9 186
9 429
10 8
10 12
10 321
10 409
10 477
11 34
11 73
11 74
11 75
11 76
11 144
11 224
12 10
12 14
12 31
12 309
12 321
13 4
13 287
13 424
13 439
13 473
14 12
14 35
14 309
14 321
14 367
15 23
15 48
15 50
15 95
15 209
15 403
16 17
16 82
16 291
16 452
16 467
17 16
17 18
17 219
17 456
17 479
18 7
18 17
18 19
18 219
18 498
19 18
19 219
19 263
19 465
19 489
20 25
20 120
20 219
20 263
20 354
21 25
21 51
21 263
21 354
21 474
22 36
22 40
22 57
23 15
23 37
23 50
23 53
23 403
24 25
24 119
24 120
24 124
24 128
25 20
25 21
25 24
25 27
25 354
26 28
26 48
26 299
26 354
26 443
27 25
27 28
27 88
27 354
27 456
28 26
28 27
28 29
28 228
28 489
29 28
29 34
29 115
29 137
29 397
30 31
30 34
30 37
30 189
30 413
31 12
31 30
31 37
31 413
31 437
32 39
32 54
32 240
32 348
32 399
32 445
32 446
32 447
33 35
33 75
33 158
33 159
33 203
34 11
34 29
34 30
34 37
34 413
35 14
35 33
35 266
35 327
35 364
36 22
36 57
36 63
36 231
36 424
37 23
37 30
37 31
37 34
37 413
38 42
38 45
38 46
38 59
38 438
39 32
39 47
39 116
39 181
39 201
39 214
39 216
39 234
40 22
40 57
40 401
40 460
40 497
41 45
41 142
41 143
41 148
41 255
42 38
42 45
42 46
42 49
42 288
43 4
43 6
43 9
43 96
43 105
43 469
43 479
44 68
44 127
44 241
44 243
44 245
45 38
45 41
45 42
45 46
45 413
46 38
46 42
46 45
46 48
46 229
47 39
47 106
47 134
47 276
47 296
47 428
47 462
47 468
47 477
48 15
48 26
48 46
48 403
48 446
49 42
49 93
49 95
49 97
49 100
50 1
50 15
50 23
50 52
50 448
51 21
51 186
51 198
51 390
51 395
51 398
51 414
51 429
52 50
52 53
52 55
52 209
52 451
53 23
53 52
53 55
53 56
53 433
54 32
54 382
54 387
54 399
54 414
54 445
54 446
54 447
54 451
54 464
54 496
55 52
55 53
55 56
55 209
55 423
56 53
56 55
56 58
56 70
56 209
57 22
57 36
57 40
57 138
57 153
57 381
58 56
58 60
58 61
58 70
58 123
59 38
59 125
59 126
59 129
59 130
60 58
60 61
60 62
60 91
60 388
61 58
61 60
61 62
61 70
61 131
62 60
62 61
62 63
62 66
62 70
63 36
63 62
63 65
63 66
63 259
63 400
64 112
64 146
64 233
64 235
64 236
65 63
65 149
65 259
65 349
65 434
66 62
66 63
66 70
66 259
66 384
67 68
67 69
67 71
67 93
67 371
68 44
68 67
68 69
68 259
68 371
69 67
69 68
69 71
69 371
69 474
70 56
70 58
70 61
70 62
70 66
70 220
70 437
71 67
71 69
71 259
71 332
71 371
72 92
72 98
72 287
72 304
72 358
73 6
73 11
73 74
73 237
73 371
74 11
74 73
74 75
74 170
74 182
75 11
75 33
75 74
75 224
75 269
76 11
76 77
76 78
76 154
76 269
77 76
77 78
77 160
77 388
77 486
78 76
78 77
78 79
78 80
78 224
79 78
79 80
79 82
79 275
79 437
80 78
80 79
80 224
80 275
80 291
81 92
81 107
81 123
81 171
81 177
82 16
82 79
82 275
82 410
82 416
83 85
83 132
83 275
83 279
83 286
84 85
84 89
84 195
84 228
84 279
85 83
85 84
85 228
85 279
85 496
86 88
86 90
86 228
86 320
86 467
87 1
87 92
87 110
87 172
87 310
87 475
87 480
87 485
87 486
87 490
87 493
87 500
88 27
88 86
88 90
88 320
88 408
89 84
89 90
89 228
89 346
89 368
90 86
90 88
90 89
90 91
90 320
91 60
91 90
91 93
91 320
91 487
92 72
92 81
92 87
92 171
92 475
93 49
93 67
93 91
93 95
93 320
94 252
94 329
94 333
94 372
94 449
94 457
94 459
94 464
94 465
94 473
94 482
94 489
94 494
95 15
95 49
95 93
95 97
95 499
96 43
96 105
96 147
96 173
96 306
96 359
96 424
97 49
97 95
97 100
97 403
97 458
98 72
98 163
98 287
98 401
98 484
98 488
99 100
99 104
99 281
99 317
99 358
100 49
100 97
100 99
100 104
100 105
101 103
101 104
101 180
101 435
101 464
102 9
102 103
102 180
102 403
102 462
103 101
103 102
103 104
103 108
103 180
104 99
104 100
104 101
104 103
104 108
105 43
105 96
105 100
105 147
105 173
105 359
106 47
106 134
106 165
106 276
106 342
106 365
106 462
106 477
107 81
107 113
107 123
107 144
107 282
108 103
108 104
108 114
108 152
108 180
109 111
109 114
109 178
109 404
109 489
110 87
110 192
110 247
110 453
110 480
110 485
110 490
110 493
110 500
111 109
111 114
111 141
111 178
111 180
112 64
112 114
112 240
112 241
112 243
113 107
113 144
113 171
113 477
113 483
114 108
114 109
114 111
114 112
114 178
115 29
115 119
115 120
115 124
115 178
116 39
116 181
116 184
116 201
116 216
116 234
116 235
117 172
117 174
117 177
117 179
117 199
117 338
118 160
118 266
118 327
118 452
118 492
119 24
119 115
119 120
119 124
119 127
120 20
120 24
120 115
120 119
120 124
121 148
121 184
121 286
121 289
121 366
121 372
121 381
121 415
121 469
121 486
121 487
121 491
121 492
121 494
121 497
122 139
122 161
122 251
122 344
122 403
123 58
123 81
123 107
123 171
123 361
124 24
124 115
124 119
124 120
124 437
125 59
125 126
125 129
125 198
125 321
126 59
126 125
126 129
126 422
126 468
127 44
127 119
127 243
127 245
127 248
128 24
128 129
128 202
128 283
128 485
129 59
129 125
129 126
129 128
129 487
130 59
130 131
130 132
130 289
130 496
131 61
131 130
131 132
131 133
131 289
132 83
132 130
132 131
132 133
132 289
133 131
133 132
133 225
133 289
133 326
134 47
134 106
134 270
134 276
134 342
134 365
134 462
134 466
134 477
135 3
135 136
135 138
135 141
135 192
136 135
136 138
136 140
136 225
136 486
137 29
137 272
137 288
137 299
137 311
137 367
137 388
137 411
138 57
138 135
138 136
138 141
138 300
139 122
139 161
139 251
139 341
139 471
140 136
140 225
140 300
140 381
140 441
141 111
141 135
141 138
141 225
141 300
142 41
142 143
142 162
142 255
142 468
143 41
143 142
143 201
143 255
143 300
144 11
144 107
144 113
144 251
144 256
145 148
145 149
145 185
145 255
145 300
146 64
146 235
146 240
146 241
146 302
147 96
147 105
147 173
147 185
147 259
147 359
148 41
148 121
148 145
148 149
148 150
149 65
149 145
149 148
149 150
149 487
150 148
150 149
150 170
150 223
150 384
151 152
151 153
151 158
151 223
151 483
152 108
152 151
152 153
152 223
152 481
153 57
153 151
153 152
153 155
153 157
153 381
154 76
154 168
154 169
154 172
154 338
155 153
155 157
155 223
155 261
155 461
156 157
156 159
156 407
156 416
156 489
157 153
157 155
157 156
157 159
157 181
157 276
158 33
158 151
158 159
158 203
158 441
159 33
159 156
159 157
159 158
159 197
160 77
160 118
160 164
160 203
160 327
161 122
161 139
161 221
161 251
161 325
162 142
162 221
162 330
162 333
162 336
163 98
163 165
163 167
163 168
163 169
164 160
164 165
164 167
164 217
164 266
165 106
165 163
165 164
165 167
165 168
166 285
166 312
166 313
166 318
166 385
166 420
167 163
167 164
167 165
167 187
167 266
168 154
168 163
168 165
168 191
168 230
168 493
169 154
169 163
169 172
169 288
169 338
169 391
170 74
170 150
170 222
170 230
170 346
170 363
170 375
171 81
171 92
171 113
171 123
171 474
172 87
172 117
172 154
172 169
172 338
172 475
173 96
173 105
173 147
173 185
173 359
173 361
173 461
174 117
174 177
174 179
174 233
174 278
174 315
175 226
175 386
175 389
175 393
175 418
175 419
175 432
175 496
175 499
176 227
176 232
176 233
176 235
176 236
176 268
177 81
177 117
177 174
177 179
177 282
177 338
178 109
178 111
178 114
178 115
178 183
178 305
179 117
179 174
179 177
179 196
179 234
179 316
180 101
180 102
180 103
180 108
180 111
180 458
181 39
181 116
181 157
181 184
181 201
181 216
181 234
181 455
182 74
182 183
182 196
182 197
182 202
183 178
183 182
183 196
183 197
183 202
184 116
184 121
184 181
184 201
184 216
184 234
184 286
184 289
184 303
184 451
185 145
185 147
185 173
185 187
185 359
185 433
186 4
186 6
186 9
186 51
186 189
186 395
186 429
186 454
187 167
187 185
187 189
187 190
187 433
187 477
188 268
188 271
188 274
188 344
188 380
188 490
189 30
189 186
189 187
189 190
189 217
189 433
190 187
190 189
190 212
190 217
190 433
190 491
191 168
191 193
191 217
191 412
191 433
191 497
192 110
192 135
192 334
192 389
192 418
192 419
192 421
192 425
192 428
192 434
192 435
193 191
193 194
193 200
193 205
193 217
193 232
193 356
193 412
194 193
194 199
194 217
194 322
194 412
194 470
195 84
195 213
195 226
195 229
195 231
195 238
196 179
196 182
196 183
196 197
196 202
196 234
197 159
197 182
197 183
197 196
197 202
198 51
198 125
198 199
198 200
198 204
198 447
199 117
199 194
199 198
199 200
199 395
199 412
200 193
200 198
200 199
200 204
200 206
200 238
201 39
201 116
201 143
201 181
201 184
201 216
201 234
202 128
202 182
202 183
202 196
202 197
203 33
203 158
203 160
203 210
203 327
203 489
204 198
204 200
204 205
204 206
204 363
204 369
205 193
205 204
205 206
205 227
205 369
205 467
206 200
206 204
206 205
206 215
206 302
206 369
207 208
207 260
207 411
207 420
207 457
207 492
208 207
208 214
208 220
208 227
208 467
209 15
209 52
209 55
209 56
209 244
209 403
210 203
210 211
210 302
210 331
210 404
210 471
211 210
211 302
211 331
211 359
211 369
211 471
212 190
212 213
212 226
212 229
212 404
212 471
213 195
213 212
213 229
213 271
213 404
213 471
214 39
214 208
214 227
214 379
214 428
214 444
215 206
215 258
215 261
215 341
215 349
215 430
216 39
216 116
216 181
216 184
216 201
216 234
217 164
217 189
217 190
217 191
217 193
217 194
217 412
218 1
218 2
218 3
218 5
218 246
218 340
219 17
219 18
219 19
219 20
219 223
219 263
220 70
220 208
220 227
220 349
220 474
220 496
221 161
221 162
221 307
221 330
221 333
221 391
222 170
222 230
222 237
222 240
222 288
222 348
222 384
223 150
223 151
223 152
223 155
223 219
223 405
224 11
224 75
224 78
224 80
224 239
224 269
225 2
225 133
225 136
225 140
225 141
225 289
226 175
226 195
226 212
226 229
226 231
226 331
227 176
227 205
227 208
227 214
227 220
228 28
228 84
228 85
228 86
228 89
228 279
229 46
229 195
229 212
229 213
229 226
229 231
230 168
230 170
230 222
230 237
230 384
230 388
231 36
231 195
231 226
231 229
231 238
231 499
232 176
232 193
232 236
232 414
232 418
232 493
233 64
233 174
233 176
233 235
233 236
233 384
234 39
234 116
234 179
234 181
234 184
234 196
234 201
234 216
235 64
235 116
235 146
235 176
235 233
236 64
236 176
236 232
236 233
236 245
237 73
237 222
237 230
237 264
237 288
237 384
237 388
238 195
238 200
238 231
238 242
238 244
238 381
239 224
239 301
239 304
239 308
239 355
239 414
240 32
240 112
240 146
240 222
240 241
240 285
241 44
241 112
241 146
241 240
241 362
241 439
242 238
242 244
242 246
242 253
242 438
242 475
243 44
243 112
243 127
243 245
243 415
243 492
244 209
244 238
244 242
244 246
244 253
244 438
245 44
245 127
245 236
245 243
245 247
246 218
246 242
246 244
246 254
246 447
246 489
247 110
247 245
247 248
247 249
247 250
247 453
248 127
248 247
248 249
248 355
248 430
248 443
249 247
249 248
249 250
249 252
249 494
250 247
250 249
250 252
250 283
250 360
250 423
251 122
251 139
251 144
251 161
251 439
252 94
252 249
252 250
252 256
252 260
253 242
253 244
253 254
253 257
253 396
253 438
254 246
254 253
254 257
254 258
254 410
254 438
255 41
255 142
255 143
255 145
255 280
255 409
256 144
256 252
256 260
256 262
256 300
256 381
257 253
257 254
257 258
257 261
257 303
257 438
258 215
258 254
258 257
258 261
258 383
258 438
259 63
259 65
259 66
259 68
259 71
259 147
260 207
260 252
260 256
260 262
260 270
260 457
261 155
261 215
261 257
261 258
261 349
261 499
262 256
262 260
262 270
262 273
262 439
262 458
263 19
263 20
263 21
263 219
263 448
263 490
264 237
264 265
264 267
264 341
264 433
264 494
265 264
265 267
265 341
265 456
265 471
265 481
266 2
266 35
266 118
266 164
266 167
266 327
267 264
267 265
267 316
267 341
267 344
267 349
268 176
268 188
268 271
268 274
268 277
268 278
269 75
269 76
269 224
269 291
269 452
269 499
270 134
270 260
270 262
270 273
270 466
270 470
271 188
271 213
271 268
271 277
271 278
271 491
272 137
272 299
272 310
272 314
272 340
272 367
272 379
273 262
273 270
273 292
273 293
273 314
273 458
274 188
274 268
274 277
274 299
274 344
274 380
275 79
275 80
275 82
275 83
275 286
275 467
276 47
276 106
276 134
276 157
276 342
276 365
276 455
276 462
276 477
277 268
277 271
277 274
277 278
277 281
277 354
278 174
278 268
278 271
278 277
278 281
278 344
279 83
279 84
279 85
279 228
279 286
279 338
280 255
280 295
280 297
280 303
280 322
280 451
280 452
281 99
281 277
281 278
281 294
281 355
281 470
282 107
282 177
282 347
282 466
282 495
283 128
283 250
283 285
283 305
283 316
283 364
283 368
283 421
284 287
284 294
284 301
284 355
284 390
284 398
284 416
285 166
285 240
285 283
285 316
285 343
285 364
285 440
286 83
286 121
286 184
286 275
286 279
286 363
286 494
287 13
287 72
287 98
287 284
287 336
287 401
287 424
288 42
288 137
288 169
288 222
288 237
288 388
288 494
289 121
289 130
289 131
289 132
289 133
289 184
289 225
290 345
290 405
290 407
290 410
290 412
290 416
290 435
290 441
290 465
290 481
291 16
291 80
291 269
291 315
291 340
291 374
291 377
291 378
291 394
291 396
291 427
291 447
292 273
292 293
292 295
292 298
292 306
293 273
293 292
293 298
293 306
293 353
294 281
294 284
294 301
294 304
294 355
294 367
294 434
295 280
295 292
295 297
295 303
295 322
295 451
295 452
296 47
296 356
296 407
296 408
296 452
296 453
296 456
296 460
296 462
296 467
296 468
296 470
296 479
296 494
296 497
297 280
297 295
297 303
297 322
297 451
297 452
297 462
298 292
298 293
298 306
298 307
298 381
299 26
299 137
299 272
299 274
299 367
299 379
299 490
300 138
300 140
300 141
300 143
300 145
300 256
300 479
301 239
301 284
301 294
301 304
301 355
301 445
302 146
302 206
302 210
302 211
302 331
302 369
302 404
303 184
303 257
303 280
303 295
303 297
303 322
303 451
304 5
304 72
304 239
304 294
304 301
304 310
304 355
305 178
305 283
305 316
305 364
305 368
305 375
305 378
306 96
306 292
306 293
306 298
306 307
306 430
307 221
307 298
307 306
307 330
307 438
307 470
308 239
308 310
308 385
308 420
308 467
308 477
308 483
309 12
309 14
309 317
309 331
309 358
309 378
309 457
310 87
310 272
310 304
310 308
310 318
310 385
310 420
311 137
311 316
311 328
311 385
311 411
311 440
311 477
312 166
312 313
312 323
312 350
312 364
312 385
312 409
313 166
313 312
313 323
313 337
313 409
313 421
313 427
314 5
314 7
314 8
314 272
314 273
314 456
314 490
315 174
315 291
315 374
315 377
315 378
315 396
315 415
315 427
315 492
315 498
316 179
316 267
316 283
316 285
316 305
316 311
316 374
317 99
317 309
317 321
317 358
317 442
317 496
317 499
318 166
318 310
318 319
318 373
318 385
318 420
318 473
319 318
319 323
319 326
319 348
319 395
319 409
319 419
320 86
320 88
320 90
320 91
320 93
320 342
321 10
321 12
321 14
321 125
321 317
321 358
321 468
322 194
322 280
322 295
322 297
322 303
322 406
322 452
323 312
323 313
323 319
323 326
323 409
323 414
323 500
324 325
324 332
324 339
324 350
324 388
324 406
324 460
325 161
325 324
325 332
325 339
325 350
325 406
325 452
326 133
326 319
326 323
326 329
326 335
326 348
327 35
327 118
327 160
327 203
327 266
327 377
328 311
328 343
328 364
328 417
328 431
328 440
328 476
329 94
329 326
329 334
329 335
329 348
329 362
330 162
330 221
330 307
330 333
330 444
331 210
331 211
331 226
331 302
331 309
331 369
331 471
332 71
332 324
332 325
332 339
332 350
332 352
332 406
333 94
333 162
333 221
333 330
333 337
334 192
334 329
334 335
334 348
334 362
334 417
334 453
335 326
335 329
335 334
335 362
335 382
335 417
335 476
336 162
336 287
336 337
336 351
336 380
336 433
336 482
337 313
337 333
337 336
337 351
337 353
338 117
338 154
338 169
338 172
338 177
338 279
339 324
339 325
339 332
339 346
339 350
339 352
339 390
339 406
340 2
340 218
340 272
340 291
340 346
340 379
340 479
340 481
341 139
341 215
341 264
341 265
341 267
341 349
341 380
341 499
342 106
342 134
342 276
342 320
342 391
342 394
342 460
342 477
343 285
343 328
343 370
343 380
343 408
343 417
343 440
343 476
344 122
344 188
344 267
344 274
344 278
344 380
344 403
344 496
345 290
345 405
345 407
345 422
345 423
345 441
345 481
345 493
346 89
346 170
346 339
346 340
346 363
346 368
346 375
346 426
347 282
347 379
347 425
347 466
347 495
348 32
348 222
348 319
348 326
348 329
348 334
348 396
348 412
349 65
349 215
349 220
349 261
349 267
349 341
349 380
349 431
350 312
350 324
350 325
350 332
350 339
350 352
350 376
350 406
351 336
351 337
351 353
351 357
351 495
352 332
352 339
352 350
352 360
352 376
352 384
352 404
352 472
353 293
353 337
353 351
353 357
353 383
354 20
354 21
354 25
354 26
354 27
354 277
355 239
355 248
355 281
355 284
355 294
355 301
355 304
355 462
356 193
356 296
356 360
356 370
356 375
356 376
356 472
356 475
357 351
357 353
357 373
357 383
357 479
358 8
358 72
358 99
358 309
358 317
358 321
358 445
358 487
359 96
359 105
359 147
359 173
359 185
359 211
359 413
359 499
360 250
360 352
360 356
360 370
360 376
360 445
360 472
360 499
361 123
361 173
361 431
361 436
361 449
361 455
361 457
361 458
361 459
361 461
361 464
361 465
361 477
361 483
361 485
361 489
362 241
362 329
362 334
362 335
362 417
362 476
363 170
363 204
363 286
363 346
363 375
363 469
363 491
363 494
364 35
364 283
364 285
364 305
364 312
364 328
364 376
364 440
365 106
365 134
365 276
365 391
365 394
365 460
365 477
365 488
366 121
366 372
366 375
366 381
366 415
366 418
366 423
366 469
366 482
366 487
366 491
366 492
366 494
366 497
367 14
367 137
367 272
367 294
367 299
367 368
367 379
367 453
368 89
368 283
368 305
368 346
368 367
368 375
368 407
368 457
369 204
369 205
369 206
369 211
369 302
369 331
369 387
369 482
370 343
370 356
370 360
370 376
370 408
370 423
370 472
370 500
371 67
371 68
371 69
371 71
371 73
371 491
372 94
372 121
372 366
372 374
372 407
372 415
372 427
372 432
372 434
372 449
372 469
372 473
372 482
372 487
372 494
372 497
373 318
373 357
373 383
373 392
373 400
373 500
374 291
374 315
374 316
374 372
374 377
374 396
374 427
374 474
375 170
375 305
375 346
375 356
375 363
375 366
375 368
375 384
376 350
376 352
376 356
376 360
376 364
376 370
376 423
376 472
377 8
377 291
377 315
377 327
377 374
377 378
377 427
377 486
377 498
378 291
378 305
378 309
378 315
378 377
378 397
378 410
378 470
378 498
379 7
379 214
379 272
379 299
379 340
379 347
379 367
379 381
379 440
380 188
380 274
380 336
380 341
380 343
380 344
380 349
380 433
380 451
381 57
381 121
381 140
381 153
381 238
381 256
381 298
381 366
381 379
381 415
381 469
381 480
381 485
381 486
381 490
381 491
381 492
381 493
381 497
382 54
382 335
382 426
382 430
382 439
382 443
382 446
382 447
382 448
383 258
383 353
383 357
383 373
383 392
384 66
384 150
384 222
384 230
384 233
384 237
384 352
384 375
384 388
385 166
385 308
385 310
385 311
385 312
385 318
385 386
385 420
385 491
386 175
386 385
386 389
386 393
386 418
386 419
386 421
386 432
386 491
386 496
387 54
387 369
387 399
387 409
387 445
387 446
387 447
387 477
387 497
388 60
388 77
388 137
388 230
388 237
388 288
388 324
388 384
388 491
389 175
389 192
389 386
389 393
389 418
389 419
389 421
389 425
389 428
389 487
390 51
390 284
390 339
390 395
390 396
390 398
390 414
390 427
390 463
391 169
391 221
391 342
391 365
391 394
391 402
391 442
391 454
391 460
392 373
392 383
392 400
392 450
392 490
393 175
393 386
393 389
393 421
393 428
393 432
393 463
393 475
393 487
393 496
393 499
394 291
394 342
394 365
394 391
394 402
394 442
394 447
394 454
394 460
395 51
395 186
395 199
395 319
395 390
395 398
395 414
395 419
395 429
396 253
396 291
396 315
396 348
396 374
396 390
396 414
396 427
396 485
397 29
397 378
397 406
397 408
397 410
397 416
397 436
397 441
397 498
398 51
398 284
398 390
398 395
398 406
398 414
398 436
398 468
398 483
399 32
399 54
399 387
399 407
399 445
399 446
399 447
399 460
399 474
400 63
400 373
400 392
400 450
400 478
401 40
401 98
401 287
401 424
401 488
401 494
402 391
402 394
402 411
402 420
402 442
402 444
402 449
402 454
402 460
403 15
403 23
403 48
403 97
403 102
403 122
403 209
403 344
403 489
404 109
404 210
404 212
404 213
404 302
404 352
404 471
404 480
404 497
405 223
405 290
405 345
405 407
405 423
405 456
405 481
405 482
405 489
406 322
406 324
406 325
406 332
406 339
406 350
406 397
406 398
406 452
407 156
407 290
407 296
407 345
407 368
407 372
407 399
407 405
407 481
408 88
408 296
408 343
408 370
408 397
408 416
408 441
408 475
408 498
409 10
409 255
409 312
409 313
409 319
409 323
409 387
409 420
409 426
409 480
410 82
410 254
410 290
410 378
410 397
410 416
410 444
410 463
410 481
410 498
411 137
411 207
411 311
411 402
411 422
411 431
411 442
411 444
411 454
411 499
412 191
412 193
412 194
412 199
412 217
412 290
412 348
412 429
412 435
412 465
413 30
413 31
413 34
413 37
413 45
413 359
414 51
414 54
414 232
414 239
414 323
414 390
414 395
414 396
414 398
414 500
415 121
415 243
415 315
415 366
415 372
415 381
415 469
415 482
415 486
415 487
415 491
415 492
415 494
415 497
416 82
416 156
416 284
416 290
416 397
416 408
416 410
416 433
416 441
416 498
417 328
417 334
417 335
417 343
417 362
417 448
417 476
418 175
418 192
418 232
418 366
418 386
418 389
418 419
418 421
418 425
418 428
419 175
419 192
419 319
419 386
419 389
419 395
419 418
419 421
419 425
419 428
420 166
420 207
420 308
420 310
420 318
420 385
420 402
420 409
420 449
421 192
421 283
421 313
421 386
421 389
421 393
421 418
421 419
421 425
421 428
422 126
422 345
422 411
422 430
422 431
422 437
422 443
422 444
422 448
422 493
423 55
423 250
423 345
423 366
423 370
423 376
423 405
423 442
423 472
423 481
424 13
424 36
424 96
424 287
424 401
425 192
425 347
425 389
425 418
425 419
425 421
425 432
425 441
425 492
425 496
426 346
426 382
426 409
426 430
426 431
426 439
426 443
426 448
426 473
426 480
427 291
427 313
427 315
427 372
427 374
427 377
427 390
427 396
427 432
428 47
428 192
428 214
428 389
428 393
428 418
428 419
428 421
428 434
428 435
429 4
429 6
429 9
429 51
429 186
429 395
429 412
429 460
430 215
430 248
430 306
430 382
430 422
430 426
430 431
430 437
430 439
430 443
430 448
431 328
431 349
431 361
431 411
431 422
431 426
431 430
431 437
431 439
431 444
431 448
432 175
432 372
432 386
432 393
432 425
432 427
432 463
432 474
432 475
432 496
432 499
433 53
433 185
433 187
433 189
433 190
433 191
433 264
433 336
433 380
433 416
433 451
434 65
434 192
434 294
434 372
434 428
434 435
434 453
434 456
434 467
434 470
434 479
435 101
435 192
435 290
435 412
435 428
435 434
435 453
435 456
435 467
435 470
435 479
436 361
436 397
436 398
436 455
436 457
436 458
436 461
436 465
436 474
436 483
436 489
437 31
437 70
437 79
437 124
437 422
437 430
437 431
437 439
437 443
437 448
437 496
438 38
438 242
438 244
438 253
438 254
438 257
438 258
438 307
438 455
438 470
439 13
439 241
439 251
439 262
439 382
439 426
439 430
439 431
439 437
439 443
439 448
440 285
440 311
440 328
440 343
440 364
440 379
440 441
441 140
441 158
441 290
441 345
441 397
441 408
441 416
441 425
441 440
441 459
441 481
442 317
442 391
442 394
442 402
442 411
442 423
442 444
442 454
442 460
443 26
443 248
443 382
443 422
443 426
443 430
443 437
443 439
443 445
443 448
443 462
444 214
444 330
444 402
444 410
444 411
444 422
444 431
444 442
444 454
444 460
444 498
445 32
445 54
445 301
445 358
445 360
445 387
445 399
445 443
445 446
445 447
445 465
446 32
446 48
446 54
446 382
446 387
446 399
446 445
446 447
446 452
446 459
446 484
447 32
447 54
447 198
447 246
447 291
447 382
447 387
447 394
447 399
447 445
447 446
448 50
448 263
448 382
448 417
448 422
448 426
448 430
448 431
448 437
448 439
448 443
449 94
449 361
449 372
449 402
449 420
449 457
449 459
449 464
449 465
449 473
449 482
449 489
450 392
450 400
450 476
450 478
450 484
450 486
451 52
451 54
451 184
451 280
451 295
451 297
451 303
451 380
451 433
451 462
451 479
451 496
452 16
452 118
452 269
452 280
452 295
452 296
452 297
452 322
452 325
452 406
452 446
452 497
453 110
453 247
453 296
453 334
453 367
453 434
453 435
453 456
453 467
453 468
453 470
453 479
454 186
454 391
454 394
454 402
454 411
454 442
454 444
454 460
455 181
455 276
455 361
455 436
455 438
455 458
455 461
455 463
455 474
455 475
455 483
455 500
456 17
456 27
456 265
456 296
456 314
456 405
456 434
456 435
456 453
456 467
456 468
456 470
456 479
457 94
457 207
457 260
457 309
457 361
457 368
457 436
457 449
457 459
457 464
457 465
457 473
457 483
457 489
458 97
458 180
458 262
458 273
458 361
458 436
458 455
458 461
458 463
458 474
458 475
458 483
458 499
459 94
459 361
459 441
459 446
459 449
459 457
459 464
459 465
459 473
459 482
459 483
459 484
459 489
460 40
460 296
460 324
460 342
460 365
460 391
460 394
460 399
460 402
460 429
460 442
460 444
460 454
461 155
461 173
461 361
461 436
461 455
461 458
461 463
461 474
461 475
461 483
461 485
461 496
461 499
462 47
462 102
462 106
462 134
462 276
462 296
462 297
462 355
462 443
462 451
462 468
462 477
462 479
463 390
463 393
463 410
463 432
463 455
463 458
463 461
463 474
463 475
463 481
463 482
463 496
463 499
464 54
464 94
464 101
464 361
464 449
464 457
464 459
464 465
464 473
464 482
464 483
464 489
464 496
465 19
465 94
465 290
465 361
465 412
465 436
465 445
465 449
465 457
465 459
465 464
465 473
465 483
465 489
466 134
466 270
466 282
466 347
466 495
467 16
467 86
467 205
467 208
467 275
467 296
467 308
467 434
467 435
467 453
467 456
467 468
467 470
467 479
468 47
468 126
468 142
468 296
468 321
468 398
468 453
468 456
468 462
468 467
468 470
468 471
468 479
468 499
469 43
469 121
469 363
469 366
469 372
469 381
469 415
469 479
469 482
469 487
469 491
469 492
469 494
469 497
470 194
470 270
470 281
470 296
470 307
470 378
470 434
470 435
470 438
470 453
470 456
470 467
470 468
470 479
471 139
471 210
471 211
471 212
471 213
471 265
471 331
471 404
471 468
471 499
472 352
472 356
472 360
472 370
472 376
472 423
472 478
472 493
473 4
473 13
473 94
473 318
473 372
473 426
473 449
473 457
473 459
473 464
473 465
473 482
473 487
473 489
473 494
474 21
474 69
474 171
474 220
474 374
474 399
474 432
474 436
474 455
474 458
474 461
474 463
474 475
474 496
474 499
475 87
475 92
475 172
475 242
475 356
475 393
475 408
475 432
475 455
475 458
475 461
475 463
475 474
475 496
475 499
476 328
476 335
476 343
476 362
476 417
476 450
476 486
477 10
477 47
477 106
477 113
477 134
477 187
477 276
477 308
477 311
477 342
477 361
477 365
477 387
477 462
477 483
478 400
478 450
478 472
478 484
478 488
479 17
479 43
479 296
479 300
479 340
479 357
479 434
479 435
479 451
479 453
479 456
479 462
479 467
479 468
479 469
479 470
480 87
480 110
480 381
480 404
480 409
480 426
480 485
480 486
480 490
480 492
480 493
480 500
481 152
481 265
481 290
481 340
481 345
481 405
481 407
481 410
481 423
481 441
481 463
481 482
482 94
482 336
482 366
482 369
482 372
482 405
482 415
482 449
482 459
482 463
482 464
482 469
482 473
482 481
482 487
482 494
483 113
483 151
483 308
483 361
483 398
483 436
483 455
483 457
483 458
483 459
483 461
483 464
483 465
483 477
483 489
483 493
484 98
484 446
484 450
484 459
484 478
484 488
485 87
485 110
485 128
485 361
485 381
485 396
485 461
485 480
485 486
485 490
485 491
485 492
485 493
485 497
485 500
486 77
486 87
486 121
486 136
486 377
486 381
486 415
486 450
486 476
486 480
486 485
486 490
486 491
486 492
486 493
486 497
486 500
487 91
487 121
487 129
487 149
487 358
487 366
487 372
487 389
487 393
487 415
487 469
487 473
487 482
487 491
487 492
487 494
487 497
488 98
488 365
488 401
488 478
488 484
489 19
489 28
489 94
489 109
489 156
489 203
489 246
489 361
489 403
489 405
489 436
489 449
489 457
489 459
489 464
489 465
489 473
489 483
490 87
490 110
490 188
490 263
490 299
490 314
490 381
490 392
490 480
490 485
490 486
490 491
490 492
490 493
490 497
490 500
491 121
491 190
491 271
491 363
491 366
491 371
491 381
491 385
491 386
491 388
491 415
491 469
491 485
491 486
491 487
491 490
491 492
491 494
491 497
492 118
492 121
492 207
492 243
492 315
492 366
492 381
492 415
492 425
492 469
492 480
492 485
492 486
492 487
492 490
492 491
492 493
492 494
492 497
493 87
493 110
493 168
493 232
493 345
493 381
493 422
493 472
493 480
493 483
493 485
493 486
493 490
493 492
493 500
494 94
494 121
494 249
494 264
494 286
494 288
494 296
494 363
494 366
494 372
494 401
494 415
494 469
494 473
494 482
494 487
494 491
494 492
494 497
495 282
495 347
495 351
495 466
495 500
496 54
496 85
496 130
496 175
496 220
496 317
496 344
496 386
496 393
496 425
496 432
496 437
496 451
496 461
496 463
496 464
496 474
496 475
496 499
497 40
497 121
497 191
497 296
497 366
497 372
497 381
497 387
497 404
497 415
497 452
497 469
497 485
497 486
497 487
497 490
497 491
497 492
497 494
498 18
498 315
498 377
498 378
498 397
498 408
498 410
498 416
498 444
499 95
499 175
499 231
499 261
499 269
499 317
499 341
499 359
499 360
499 393
499 411
499 432
499 458
499 461
499 463
499 468
499 471
499 474
499 475
499 496
500 87
500 110
500 323
500 370
500 373
500 414
500 455
500 480
500 485
500 486
500 490
500 493
500 495
