1 14
1 21
1 120
1 122
1 194
1 212
1 233
1 274
1 318
1 356
1 357
1 361
1 414
1 463
1 477
1 487
2 11
2 245
2 250
2 406
2 476
3 116
3 148
3 249
3 307
3 366
4 5
4 87
4 104
4 173
4 271
5 4
5 9
5 19
5 61
5 241
6 164
6 217
6 297
6 316
7 8
7 73
7 96
7 302
7 420
8 7
8 184
8 232
8 236
8 412
9 5
9 11
9 70
9 79
9 117
10 165
10 291
10 438
10 465
10 500
11 2
11 9
11 382
11 435
11 476
12 15
12 54
12 232
12 236
12 304
13 26
13 27
13 103
13 126
13 246
13 248
13 367
14 1
14 21
14 143
14 324
14 415
14 437
14 455
14 461
14 487
15 12
15 96
15 129
15 226
15 299
16 17
16 349
16 408
16 433
16 440
17 16
17 102
17 288
17 403
17 421
18 19
18 24
18 204
18 401
18 451
19 5
19 18
19 241
19 300
19 353
19 391
20 22
20 133
20 172
20 326
20 363
20 454
20 471
21 1
21 14
21 73
21 135
21 283
21 291
21 299
21 301
21 302
21 333
21 368
21 409
21 411
21 469
21 475
22 20
22 56
22 59
22 177
22 358
23 286
23 351
23 366
23 385
23 399
24 18
24 25
24 29
24 118
24 204
24 229
24 237
24 263
24 293
24 401
24 434
24 445
25 24
25 166
25 239
25 321
25 331
25 394
26 13
26 27
26 202
26 209
26 261
26 493
27 13
27 26
27 320
27 355
27 373
27 384
27 397
27 460
27 478
27 485
27 496
28 29
28 149
28 294
28 348
28 449
29 24
29 28
29 118
29 229
29 434
29 451
30 42
30 285
30 334
30 436
30 441
31 32
31 242
31 323
31 396
31 462
32 31
32 92
32 347
32 442
32 473
32 481
33 34
33 202
33 209
33 261
33 493
34 33
34 49
34 100
34 121
34 426
35 36
35 215
35 324
35 415
35 455
36 35
36 165
36 419
36 438
36 500
37 38
37 119
37 355
37 485
37 496
38 37
38 115
38 198
38 407
38 444
39 42
39 285
39 457
39 489
39 492
40 41
40 109
40 110
40 207
40 393
40 400
41 40
41 50
41 147
41 159
41 185
41 267
41 374
42 30
42 39
42 46
42 210
42 285
42 372
42 441
42 457
42 492
43 45
43 216
43 244
43 481
44 218
44 240
44 387
44 428
45 43
45 48
45 62
45 92
45 167
45 216
45 244
45 442
45 481
46 42
46 189
46 291
46 474
46 500
47 49
47 113
47 165
47 223
47 227
47 291
47 438
47 474
47 500
48 45
48 62
48 95
48 320
48 384
48 460
48 478
48 485
48 496
49 34
49 47
49 100
49 121
49 426
50 41
50 51
50 99
50 147
50 159
50 185
50 267
50 374
51 50
51 52
51 82
51 97
51 381
52 51
52 53
52 82
52 97
52 381
53 52
53 102
53 107
53 343
53 352
53 390
53 403
53 421
53 443
54 12
54 55
54 312
54 335
54 488
55 54
55 111
55 286
55 385
55 399
56 22
56 57
56 59
56 177
56 358
57 56
57 245
57 269
57 380
57 470
58 272
58 290
58 362
58 432
58 459
59 22
59 56
59 60
59 177
59 358
60 59
60 187
60 197
60 199
60 206
60 337
60 369
60 383
61 5
61 68
61 70
61 300
61 391
62 45
62 48
62 142
62 143
62 455
63 64
63 74
63 80
63 279
63 280
63 298
63 453
64 63
64 71
64 191
64 243
64 303
64 314
65 66
65 83
65 101
65 161
65 254
66 65
66 140
66 203
66 211
66 466
67 68
67 91
67 162
67 186
67 220
68 61
68 67
68 117
68 300
68 353
69 70
69 183
69 239
69 321
69 394
70 9
70 61
70 69
70 79
70 391
71 64
71 73
71 191
71 193
71 243
71 255
71 268
71 303
72 138
72 205
72 251
72 431
72 480
73 7
73 21
73 71
73 135
73 283
73 299
73 409
73 420
73 425
73 475
74 63
74 75
74 80
74 279
74 280
74 298
74 453
75 74
75 350
75 415
75 437
75 455
76 77
76 84
76 94
76 114
76 141
76 169
76 190
76 234
76 311
76 315
76 340
76 365
76 458
76 479
76 486
76 487
76 495
77 76
77 378
77 393
77 418
77 482
78 79
78 103
78 248
78 367
78 447
79 9
79 70
79 78
79 117
79 391
80 63
80 74
80 81
80 298
80 453
81 80
81 124
81 127
81 265
81 329
81 499
82 51
82 52
82 84
82 97
82 381
83 65
83 86
83 101
83 102
83 161
83 322
84 76
84 82
84 114
84 169
84 315
84 452
84 495
85 106
85 133
85 450
85 454
85 471
86 83
86 102
86 276
86 317
86 319
86 446
86 456
86 484
86 497
87 4
87 88
87 104
87 173
87 271
88 87
88 105
88 179
88 222
88 224
88 275
88 313
89 164
89 217
89 297
89 316
89 446
89 449
90 91
90 158
90 201
90 295
90 392
90 427
91 67
91 90
91 162
91 186
91 494
92 32
92 45
92 96
92 107
92 216
92 244
92 287
92 347
92 442
92 467
92 473
92 481
93 94
93 165
93 291
93 419
93 465
93 474
93 500
94 76
94 93
94 114
94 315
94 452
95 48
95 98
95 320
95 384
95 397
95 460
95 478
95 485
95 496
96 7
96 15
96 92
96 107
96 226
96 299
97 51
97 52
97 82
97 302
97 381
98 95
98 310
98 379
98 484
98 497
99 50
99 100
99 267
100 34
100 49
100 99
100 121
100 426
101 65
101 83
101 104
101 136
101 161
101 254
101 322
101 377
102 17
102 53
102 83
102 86
102 107
102 288
102 343
102 352
102 390
102 421
102 443
103 13
103 78
103 246
103 367
103 447
104 4
104 87
104 101
104 173
104 271
105 88
105 106
105 222
105 224
105 313
106 85
106 105
106 133
106 326
106 363
106 450
106 471
107 53
107 92
107 96
107 102
107 343
107 390
107 403
107 421
107 443
108 110
108 128
108 256
108 330
108 417
109 40
109 110
109 113
109 127
109 207
109 277
109 360
109 378
109 393
109 400
109 405
109 418
109 482
110 40
110 108
110 109
110 207
110 393
110 400
110 418
111 55
111 152
111 385
111 399
111 422
112 144
112 200
112 342
112 376
112 404
113 47
113 109
113 127
113 465
113 474
113 500
114 76
114 84
114 94
114 116
114 169
114 190
114 311
114 315
114 340
114 365
114 452
114 458
114 486
114 487
114 495
115 38
115 198
115 210
115 325
115 386
115 407
115 444
116 3
116 114
116 148
116 249
116 307
117 9
117 68
117 79
117 119
117 300
117 391
118 24
118 29
118 229
118 237
118 263
118 293
118 401
118 434
118 445
118 451
119 37
119 117
119 355
119 384
119 485
120 1
120 121
120 122
120 188
120 192
120 194
120 274
120 356
120 357
120 361
120 414
120 468
120 477
121 34
121 49
121 100
121 120
121 426
122 1
122 120
122 274
122 356
122 465
123 124
123 218
123 240
123 375
123 387
123 428
124 81
124 123
124 221
124 462
124 483
125 126
125 130
125 144
125 200
125 342
125 376
125 404
126 13
126 125
126 246
126 248
126 367
126 447
127 81
127 109
127 113
127 132
127 221
127 230
127 242
127 265
127 266
127 323
127 329
127 338
127 396
127 413
127 429
127 439
127 462
127 483
127 499
128 108
128 256
128 292
128 330
128 417
129 15
129 131
129 226
129 299
129 302
130 125
130 200
130 342
130 376
130 404
131 129
131 329
131 413
131 462
131 499
132 127
132 133
132 230
132 323
132 329
132 429
133 20
133 85
133 106
133 132
133 160
133 228
133 308
133 363
133 450
133 464
133 471
134 153
134 320
134 384
134 478
134 496
135 21
135 73
135 153
135 176
135 283
135 299
135 301
135 302
135 333
135 368
135 409
135 475
136 101
136 137
136 161
136 322
136 377
137 136
137 158
137 295
137 392
137 427
138 72
138 205
138 251
138 431
138 480
139 140
139 214
139 283
139 301
139 469
139 475
140 66
140 139
140 203
140 211
140 466
141 76
141 142
141 315
141 452
141 495
142 62
142 141
142 143
142 415
142 437
142 455
143 14
143 62
143 142
143 415
143 437
143 461
144 112
144 125
144 146
144 342
144 376
145 218
145 240
145 375
145 387
145 428
146 144
146 250
146 382
146 406
146 435
146 470
146 476
147 41
147 50
147 265
147 267
147 374
148 3
148 116
148 149
148 249
148 307
149 28
149 148
149 294
149 348
149 433
149 449
150 151
150 155
150 156
150 157
150 262
150 270
150 359
150 364
151 150
151 219
151 247
151 273
151 278
152 111
152 155
152 385
152 399
152 422
153 134
153 135
153 176
153 320
153 384
153 478
153 496
154 156
154 238
154 324
154 415
154 437
154 455
154 461
155 150
155 152
155 156
155 157
155 262
155 270
155 364
155 498
156 150
156 154
156 155
156 157
156 262
157 150
157 155
157 156
157 262
157 270
157 359
157 364
157 385
157 395
157 498
158 90
158 137
158 170
158 199
158 201
158 295
158 296
158 392
158 427
158 430
159 41
159 50
159 267
159 374
159 405
160 133
160 228
160 316
160 450
160 464
161 65
161 83
161 101
161 136
161 254
161 322
161 377
162 67
162 91
162 220
162 316
162 494
163 168
163 342
163 376
163 404
163 482
164 6
164 89
164 217
164 297
164 316
164 482
165 10
165 36
165 47
165 93
165 189
165 223
165 227
165 257
165 291
165 305
165 336
165 419
165 438
165 465
165 468
165 474
165 491
166 25
166 239
166 321
166 394
166 468
167 45
167 168
167 264
167 389
167 481
168 163
168 167
168 342
168 376
168 404
169 76
169 84
169 114
169 170
169 311
169 315
169 458
169 479
169 487
170 158
170 169
170 201
170 295
170 296
170 427
171 380
171 435
171 470
171 476
171 495
172 20
172 326
172 430
172 450
172 454
173 4
173 87
173 104
173 271
173 430
174 175
174 419
174 438
174 465
174 500
175 174
175 195
175 460
175 478
175 496
176 135
176 153
176 235
176 252
176 259
176 309
177 22
177 56
177 59
177 178
177 358
178 177
178 214
178 283
178 368
178 411
178 475
179 88
179 180
179 222
179 224
179 275
179 313
180 179
180 203
180 211
180 341
180 466
181 182
181 186
181 198
181 325
181 407
181 444
182 181
182 186
182 258
182 294
182 348
182 349
182 366
182 433
182 449
183 69
183 185
183 239
183 321
183 394
184 8
184 236
184 304
184 312
184 335
185 41
185 50
185 183
185 267
185 374
186 67
186 91
186 181
186 182
186 220
186 494
187 60
187 188
187 197
187 199
187 206
187 369
187 383
188 120
188 187
188 194
188 402
188 414
188 477
189 46
189 165
189 190
189 291
189 474
189 500
190 76
190 114
190 189
190 315
190 452
190 495
191 64
191 71
191 192
191 193
191 243
191 255
191 268
191 303
191 314
192 120
192 191
192 194
192 357
192 414
192 477
193 71
193 191
193 255
193 268
193 314
193 458
194 1
194 120
194 188
194 192
194 198
194 204
194 354
194 357
194 361
194 402
194 414
194 448
194 477
195 175
195 320
195 384
195 438
195 478
195 485
196 197
196 285
196 372
196 436
196 441
196 489
197 60
197 187
197 196
197 199
197 206
197 337
197 369
197 383
198 38
198 115
198 181
198 194
198 204
198 282
198 325
198 407
198 444
199 60
199 158
199 187
199 197
199 337
199 369
200 112
200 125
200 130
200 201
200 342
200 376
201 90
201 158
201 170
201 200
201 295
201 392
201 427
201 430
202 26
202 33
202 203
202 209
202 261
202 493
203 66
203 140
203 180
203 202
203 341
203 466
204 18
204 24
204 194
204 198
204 293
204 451
205 72
205 138
205 251
205 280
205 431
205 480
206 60
206 187
206 197
206 242
206 337
206 369
207 40
207 109
207 110
207 208
207 277
207 360
207 393
207 400
207 405
207 482
208 207
208 235
208 252
208 259
208 309
209 26
209 33
209 202
209 261
209 294
209 469
209 493
210 42
210 115
210 285
210 332
210 334
210 346
210 410
210 441
210 457
211 66
211 140
211 180
211 213
211 341
211 466
212 1
212 228
212 233
212 294
212 318
212 477
213 211
213 310
213 371
213 388
213 456
213 484
213 497
214 139
214 178
214 215
214 283
214 333
214 475
215 35
215 214
215 324
215 415
215 437
215 455
216 43
216 45
216 92
216 217
216 244
216 389
216 442
216 481
217 6
217 89
217 164
217 216
217 297
217 316
218 44
218 123
218 145
218 219
218 231
218 240
218 375
218 387
218 423
218 428
219 151
219 218
219 247
219 260
219 273
219 278
219 289
220 67
220 162
220 186
220 228
220 469
220 494
221 124
221 127
221 222
221 265
221 329
221 462
222 88
222 105
222 179
222 221
222 224
222 275
222 313
223 47
223 165
223 224
223 291
223 465
223 474
223 500
224 88
224 105
224 179
224 222
224 223
224 313
225 226
225 284
225 406
225 435
225 470
225 476
226 15
226 96
226 129
226 225
226 425
227 47
227 165
227 229
227 291
227 465
227 500
228 133
228 160
228 212
228 220
228 308
228 363
228 450
229 24
229 29
229 118
229 227
229 237
229 445
230 127
230 132
230 231
230 242
230 323
230 329
230 396
230 462
230 499
231 218
231 230
231 240
231 375
231 387
231 428
232 8
232 12
232 233
232 236
232 335
232 488
233 1
233 212
233 232
233 414
233 463
233 477
234 76
234 235
234 315
234 452
234 495
235 176
235 208
235 234
235 252
235 259
235 309
236 8
236 12
236 184
236 232
236 312
236 335
236 412
236 488
237 24
237 118
237 229
237 263
237 401
237 451
238 154
238 241
238 324
238 437
238 455
238 461
239 25
239 69
239 166
239 183
239 240
239 245
239 321
239 331
239 394
240 44
240 123
240 145
240 218
240 231
240 239
240 245
240 375
240 387
240 423
240 428
241 5
241 19
241 238
241 300
241 353
242 31
242 127
242 206
242 230
242 439
242 499
243 64
243 71
243 191
243 244
243 303
244 43
244 45
244 92
244 216
244 243
244 264
244 287
244 347
244 481
245 2
245 57
245 239
245 240
245 250
245 269
245 380
245 406
245 435
245 470
245 476
246 13
246 103
246 126
246 247
246 248
246 367
247 151
247 219
247 246
247 273
247 278
247 289
248 13
248 78
248 126
248 246
248 367
248 477
249 3
249 116
249 148
249 268
249 307
249 483
250 2
250 146
250 245
250 252
250 380
250 382
250 406
250 435
250 476
251 72
251 138
251 205
251 304
251 305
251 480
252 176
252 208
252 235
252 250
252 259
252 309
253 254
253 294
253 328
253 348
253 449
254 65
254 101
254 161
254 253
254 322
255 71
255 191
255 193
255 256
255 268
255 314
256 108
256 128
256 255
256 292
256 330
256 417
257 165
257 258
257 291
257 438
257 474
257 500
258 182
258 257
258 294
258 348
258 349
258 366
258 433
258 449
259 176
259 208
259 235
259 252
259 260
259 309
260 219
260 259
260 273
260 278
260 289
261 26
261 33
261 202
261 209
261 262
261 493
262 150
262 155
262 156
262 157
262 261
262 395
263 24
263 118
263 237
263 264
263 451
264 167
264 244
264 263
264 389
264 442
264 481
265 81
265 127
265 147
265 221
265 329
265 499
266 127
266 269
266 329
266 429
266 483
266 499
267 41
267 50
267 99
267 147
267 159
267 185
267 374
268 71
268 191
268 193
268 249
268 255
268 303
268 483
269 57
269 245
269 266
269 380
269 406
269 470
269 476
270 150
270 155
270 157
270 271
270 359
271 4
271 87
271 104
271 173
271 270
272 58
272 290
272 362
272 432
272 459
272 462
272 483
273 151
273 219
273 247
273 260
273 274
273 278
273 289
274 1
274 120
274 122
274 273
274 356
274 414
274 477
275 88
275 179
275 222
275 276
275 313
276 86
276 275
276 310
276 317
276 319
276 339
276 370
276 371
276 379
276 388
276 398
276 446
277 109
277 207
277 283
277 378
277 405
277 462
277 482
278 151
278 219
278 247
278 260
278 273
278 279
278 289
279 63
279 74
279 278
279 280
279 298
279 453
280 63
280 74
280 205
280 279
280 298
281 282
281 320
281 384
281 397
281 472
281 485
281 496
282 198
282 281
282 325
282 407
282 444
283 21
283 73
283 135
283 139
283 178
283 214
283 277
283 299
283 333
283 409
283 462
283 469
283 475
284 225
284 288
284 406
284 435
284 476
285 30
285 39
285 42
285 196
285 210
285 286
285 287
285 334
285 346
285 436
285 441
285 457
285 492
286 23
286 55
286 285
286 287
286 351
286 385
286 422
287 92
287 244
287 285
287 286
287 347
287 442
287 467
288 17
288 102
288 284
288 403
288 421
289 219
289 247
289 260
289 273
289 278
289 293
289 310
290 58
290 272
290 362
290 432
290 459
291 10
291 21
291 46
291 47
291 93
291 165
291 189
291 223
291 227
291 257
291 305
291 320
291 328
291 336
291 419
291 438
291 465
291 474
291 500
292 128
292 256
292 295
292 330
292 417
293 24
293 118
293 204
293 289
293 310
293 445
293 451
294 28
294 149
294 182
294 209
294 212
294 253
294 258
294 306
294 328
294 345
294 348
294 349
294 366
294 408
294 416
294 433
294 440
294 449
294 469
295 90
295 137
295 158
295 170
295 201
295 292
295 392
295 427
296 158
296 170
296 297
296 327
296 392
296 427
297 6
297 89
297 164
297 217
297 296
297 316
297 327
298 63
298 74
298 80
298 279
298 280
298 299
298 453
299 15
299 21
299 73
299 96
299 129
299 135
299 283
299 298
299 409
299 475
300 19
300 61
300 68
300 117
300 241
300 301
300 353
300 391
301 21
301 135
301 139
301 300
301 333
301 368
301 409
302 7
302 21
302 97
302 129
302 135
302 409
302 420
303 64
303 71
303 191
303 243
303 268
303 399
303 400
304 12
304 184
304 251
304 312
304 335
304 412
304 488
305 165
305 251
305 291
305 419
305 438
305 465
305 500
306 294
306 307
306 348
306 349
306 408
306 416
306 433
307 3
307 116
307 148
307 249
307 306
308 133
308 228
308 311
308 363
308 450
308 464
308 471
309 176
309 208
309 235
309 252
309 259
309 322
310 98
310 213
310 276
310 289
310 293
310 484
310 497
311 76
311 114
311 169
311 308
311 315
311 452
311 495
312 54
312 184
312 236
312 304
312 313
312 412
312 488
313 88
313 105
313 179
313 222
313 224
313 275
313 312
314 64
314 191
314 193
314 255
314 315
315 76
315 84
315 94
315 114
315 141
315 169
315 190
315 234
315 311
315 314
315 340
315 365
315 458
315 479
315 486
315 487
316 6
316 89
316 160
316 162
316 164
316 217
316 297
317 86
317 276
317 318
317 370
317 371
317 379
317 398
317 456
317 484
317 497
318 1
318 212
318 317
318 414
318 468
318 477
319 86
319 276
319 321
319 446
319 456
319 484
319 497
320 27
320 48
320 95
320 134
320 153
320 195
320 281
320 291
320 328
320 329
320 355
320 373
320 384
320 397
320 460
320 472
320 478
320 485
320 496
321 25
321 69
321 166
321 183
321 239
321 319
321 331
321 394
322 83
322 101
322 136
322 161
322 254
322 309
322 377
323 31
323 127
323 132
323 230
323 324
323 329
323 499
324 14
324 35
324 154
324 215
324 238
324 323
324 415
324 437
324 461
325 115
325 181
325 198
325 282
325 331
325 407
325 444
326 20
326 106
326 172
326 342
326 450
327 296
327 297
327 339
327 446
327 456
327 484
327 497
328 253
328 291
328 294
328 320
328 329
328 348
328 349
328 433
329 81
329 127
329 131
329 132
329 221
329 230
329 265
329 266
329 320
329 323
329 328
329 338
329 339
329 344
329 396
329 439
329 462
330 108
330 128
330 256
330 292
330 332
330 336
330 417
331 25
331 239
331 321
331 325
331 394
332 210
332 330
332 336
332 436
332 441
332 489
333 21
333 135
333 214
333 283
333 301
333 409
333 425
333 449
333 455
333 475
334 30
334 210
334 285
334 335
334 346
334 436
334 441
334 457
335 54
335 184
335 232
335 236
335 304
335 334
335 412
335 488
336 165
336 291
336 330
336 332
336 474
336 491
336 500
337 60
337 197
337 199
337 206
337 340
337 343
337 369
338 127
338 329
338 341
338 344
338 396
338 413
338 483
338 499
339 276
339 327
339 329
339 372
339 406
339 446
339 456
339 484
339 497
340 76
340 114
340 315
340 337
340 343
340 452
340 495
341 180
341 203
341 211
341 338
341 466
342 112
342 125
342 130
342 144
342 163
342 168
342 200
342 326
342 404
343 53
343 102
343 107
343 337
343 340
343 390
343 421
343 443
344 329
344 338
344 345
344 439
344 483
345 294
345 344
345 349
345 408
345 433
345 440
346 210
346 285
346 334
346 347
346 349
346 441
346 489
347 32
347 92
347 244
347 287
347 346
347 349
347 442
347 481
348 28
348 149
348 182
348 253
348 258
348 294
348 306
348 328
348 349
348 350
348 366
348 408
348 416
348 433
349 16
349 182
349 258
349 294
349 306
349 328
349 345
349 346
349 347
349 348
349 366
349 408
349 416
349 433
349 440
349 449
350 75
350 348
350 415
350 437
350 455
351 23
351 286
351 352
351 385
351 399
352 53
352 102
352 351
352 390
352 403
352 443
353 19
353 68
353 241
353 300
353 354
354 194
354 353
354 361
354 414
354 448
355 27
355 37
355 119
355 320
355 357
355 460
355 485
355 496
356 1
356 120
356 122
356 274
356 360
356 364
356 414
356 477
357 1
357 120
357 192
357 194
357 355
357 361
357 414
357 477
358 22
358 56
358 59
358 177
358 359
359 150
359 157
359 270
359 358
359 364
360 109
360 207
360 356
360 364
360 400
360 405
360 418
360 490
361 1
361 120
361 194
361 354
361 357
361 362
361 414
361 477
362 58
362 272
362 290
362 361
362 432
362 459
363 20
363 106
363 133
363 228
363 308
363 405
363 464
363 471
364 150
364 155
364 157
364 356
364 359
364 360
364 395
364 498
365 76
365 114
365 315
365 373
365 377
365 452
365 495
366 3
366 23
366 182
366 258
366 294
366 348
366 349
366 408
366 416
366 433
366 440
366 449
366 465
367 13
367 78
367 103
367 126
367 246
367 248
367 368
367 447
368 21
368 135
368 178
368 301
368 367
368 409
368 411
369 60
369 187
369 197
369 199
369 206
369 337
369 370
369 383
370 276
370 317
370 369
370 371
370 379
370 398
370 484
370 497
371 213
371 276
371 317
371 370
371 374
371 398
371 446
371 497
372 42
372 196
372 339
372 406
372 414
372 441
372 457
372 489
373 27
373 320
373 365
373 377
373 384
373 397
373 485
373 496
374 41
374 50
374 147
374 159
374 185
374 267
374 371
375 123
375 145
375 218
375 231
375 240
375 381
375 423
375 428
376 112
376 125
376 130
376 144
376 163
376 168
376 200
376 404
377 101
377 136
377 161
377 322
377 365
377 373
378 77
378 109
378 277
378 379
378 380
378 418
379 98
379 276
379 317
379 370
379 378
379 380
379 388
379 484
379 497
380 57
380 171
380 245
380 250
380 269
380 378
380 379
380 406
380 470
381 51
381 52
381 82
381 97
381 375
382 11
382 146
382 250
382 383
382 406
382 470
383 60
383 187
383 197
383 369
383 382
384 27
384 48
384 95
384 119
384 134
384 153
384 195
384 281
384 320
384 373
384 390
384 393
384 460
384 478
384 496
385 23
385 55
385 111
385 152
385 157
385 286
385 351
385 399
385 422
386 115
386 387
386 407
386 444
387 44
387 123
387 145
387 218
387 231
387 240
387 386
387 423
387 428
388 213
388 276
388 379
388 389
388 484
388 497
389 167
389 216
389 264
389 388
389 481
390 53
390 102
390 107
390 343
390 352
390 384
390 393
390 403
390 421
390 424
390 443
391 19
391 61
391 70
391 79
391 117
391 300
391 392
392 90
392 137
392 158
392 201
392 295
392 296
392 391
392 427
392 430
393 40
393 77
393 109
393 110
393 207
393 384
393 390
393 405
393 490
394 25
394 69
394 166
394 183
394 239
394 321
394 331
394 395
394 398
395 157
395 262
395 364
395 394
395 398
395 498
396 31
396 127
396 230
396 329
396 338
396 397
396 439
396 462
396 483
396 499
397 27
397 95
397 281
397 320
397 373
397 396
397 472
397 485
397 496
398 276
398 317
398 370
398 371
398 394
398 395
398 446
398 456
398 484
398 497
399 23
399 55
399 111
399 152
399 303
399 351
399 385
399 400
399 422
400 40
400 109
400 110
400 207
400 303
400 360
400 399
400 405
400 490
401 18
401 24
401 118
401 237
401 402
401 451
402 188
402 194
402 401
402 414
402 448
403 17
403 53
403 107
403 288
403 352
403 390
403 404
403 409
403 424
403 443
404 112
404 125
404 130
404 163
404 168
404 342
404 376
404 403
404 409
405 109
405 159
405 207
405 277
405 360
405 363
405 393
405 400
405 418
405 482
406 2
406 146
406 225
406 245
406 250
406 269
406 284
406 339
406 372
406 380
406 382
406 414
406 435
406 470
406 476
407 38
407 115
407 181
407 198
407 282
407 325
407 386
407 408
407 444
408 16
408 294
408 306
408 345
408 348
408 349
408 366
408 407
408 433
408 440
408 449
409 21
409 73
409 135
409 283
409 299
409 301
409 302
409 333
409 368
409 403
409 404
409 411
409 420
409 469
409 475
410 210
410 411
410 436
410 441
410 477
410 489
411 21
411 178
411 368
411 409
411 410
411 469
411 475
411 477
412 8
412 236
412 304
412 312
412 335
412 413
412 477
412 488
413 127
413 131
413 338
413 412
413 415
413 462
413 483
414 1
414 120
414 188
414 192
414 194
414 233
414 274
414 318
414 354
414 356
414 357
414 361
414 372
414 402
414 406
414 416
414 448
414 463
414 468
414 477
415 14
415 35
415 75
415 142
415 143
415 154
415 215
415 324
415 350
415 413
415 419
415 461
416 294
416 306
416 348
416 349
416 366
416 414
416 433
416 439
416 456
417 108
417 128
417 256
417 292
417 330
417 418
418 77
418 109
418 110
418 360
418 378
418 405
418 417
418 482
419 36
419 93
419 165
419 174
419 291
419 305
419 415
419 420
419 438
419 491
419 500
420 7
420 73
420 302
420 409
420 419
420 421
420 425
421 17
421 53
421 102
421 107
421 288
421 343
421 390
421 420
421 423
421 424
421 443
422 111
422 152
422 286
422 385
422 399
422 426
423 218
423 240
423 375
423 387
423 421
423 424
423 428
424 390
424 403
424 421
424 423
424 425
424 443
425 73
425 226
425 333
425 420
425 424
425 427
426 34
426 49
426 100
426 121
426 422
427 90
427 137
427 158
427 170
427 201
427 295
427 296
427 392
427 425
427 428
427 430
428 44
428 123
428 145
428 218
428 231
428 240
428 375
428 387
428 423
428 427
428 429
429 127
429 132
429 266
429 428
429 433
429 483
430 158
430 172
430 173
430 201
430 392
430 427
431 72
431 138
431 205
431 434
431 480
432 58
432 272
432 290
432 362
432 459
433 16
433 149
433 182
433 258
433 294
433 306
433 328
433 345
433 348
433 349
433 366
433 408
433 416
433 429
433 435
433 440
433 449
434 24
434 29
434 118
434 431
434 451
435 11
435 146
435 171
435 225
435 245
435 250
435 284
435 406
435 433
435 436
435 470
436 30
436 196
436 285
436 332
436 334
436 410
436 435
436 437
436 441
436 457
436 489
437 14
437 75
437 142
437 143
437 154
437 215
437 238
437 324
437 350
437 436
437 440
437 455
437 461
438 10
438 36
438 47
438 165
438 174
438 195
438 257
438 291
438 305
438 419
438 458
438 474
439 127
439 242
439 329
439 344
439 396
439 416
439 456
439 462
439 470
439 483
439 499
440 16
440 294
440 345
440 349
440 366
440 408
440 433
440 437
440 441
441 30
441 42
441 196
441 210
441 285
441 332
441 334
441 346
441 372
441 410
441 436
441 440
441 442
441 457
441 489
441 492
442 32
442 45
442 92
442 216
442 264
442 287
442 347
442 441
442 445
442 467
442 473
442 481
443 53
443 102
443 107
443 343
443 352
443 390
443 403
443 421
443 424
443 444
444 38
444 115
444 181
444 198
444 282
444 325
444 386
444 407
444 443
445 24
445 118
445 229
445 293
445 442
445 446
445 451
446 86
446 89
446 276
446 319
446 327
446 339
446 371
446 398
446 445
446 456
446 484
446 497
447 78
447 103
447 126
447 367
447 448
448 194
448 354
448 402
448 414
448 447
449 28
449 89
449 149
449 182
449 253
449 258
449 294
449 333
449 349
449 366
449 408
449 433
450 85
450 106
450 133
450 160
450 172
450 228
450 308
450 326
450 453
450 454
450 464
450 471
451 18
451 29
451 118
451 204
451 237
451 263
451 293
451 401
451 434
451 445
451 452
451 487
452 84
452 94
452 114
452 141
452 190
452 234
452 311
452 340
452 365
452 451
452 455
452 458
452 479
452 486
452 487
453 63
453 74
453 80
453 279
453 298
453 450
454 20
454 85
454 172
454 450
454 461
454 466
454 474
455 14
455 35
455 62
455 75
455 142
455 154
455 215
455 238
455 333
455 350
455 437
455 452
455 461
456 86
456 213
456 317
456 319
456 327
456 339
456 398
456 416
456 439
456 446
456 470
456 484
456 497
457 39
457 42
457 210
457 285
457 334
457 372
457 436
457 441
457 460
457 471
457 489
457 492
458 76
458 114
458 169
458 193
458 315
458 438
458 452
458 495
459 58
459 272
459 290
459 362
459 432
459 467
460 27
460 48
460 95
460 175
460 320
460 355
460 384
460 457
460 471
460 472
460 478
460 485
460 496
461 14
461 143
461 154
461 238
461 324
461 415
461 437
461 454
461 455
461 466
462 31
462 124
462 127
462 131
462 221
462 230
462 272
462 277
462 283
462 329
462 396
462 413
462 439
462 499
463 1
463 233
463 414
463 468
463 473
463 477
464 133
464 160
464 308
464 363
464 450
464 471
465 10
465 93
465 113
465 122
465 165
465 174
465 223
465 227
465 291
465 305
465 366
465 474
465 495
465 500
466 66
466 140
466 180
466 203
466 211
466 341
466 454
466 461
467 92
467 287
467 442
467 459
467 473
467 481
468 120
468 165
468 166
468 318
468 414
468 463
469 21
469 139
469 209
469 220
469 283
469 294
469 409
469 411
469 475
470 57
470 146
470 171
470 225
470 245
470 269
470 380
470 382
470 406
470 435
470 439
470 456
470 475
470 476
471 20
471 85
471 106
471 133
471 308
471 363
471 450
471 457
471 460
471 464
472 281
472 320
472 397
472 460
472 474
472 478
472 479
472 485
472 496
473 32
473 92
473 442
473 463
473 467
473 481
474 46
474 47
474 93
474 113
474 165
474 189
474 223
474 257
474 291
474 336
474 438
474 454
474 465
474 472
474 500
475 21
475 73
475 135
475 139
475 178
475 214
475 283
475 299
475 333
475 409
475 411
475 469
475 470
475 476
475 478
476 2
476 11
476 146
476 171
476 225
476 245
476 250
476 269
476 284
476 406
476 470
476 475
476 478
476 484
477 1
477 120
477 188
477 192
477 194
477 212
477 233
477 248
477 274
477 318
477 356
477 357
477 361
477 410
477 411
477 412
477 414
477 463
478 27
478 48
478 95
478 134
478 153
478 175
478 195
478 320
478 384
478 460
478 472
478 475
478 476
478 484
478 485
478 496
479 76
479 169
479 315
479 452
479 472
479 493
480 72
480 138
480 205
480 251
480 431
480 488
481 32
481 43
481 45
481 92
481 167
481 216
481 244
481 264
481 347
481 389
481 442
481 467
481 473
481 489
481 497
481 499
482 77
482 109
482 163
482 164
482 207
482 277
482 405
482 418
483 124
483 127
483 249
483 266
483 268
483 272
483 338
483 344
483 396
483 413
483 429
483 439
484 86
484 98
484 213
484 310
484 317
484 319
484 327
484 339
484 370
484 379
484 388
484 398
484 446
484 456
484 476
484 478
484 496
484 497
485 27
485 37
485 48
485 95
485 119
485 195
485 281
485 320
485 355
485 373
485 397
485 460
485 472
485 478
485 486
485 491
485 496
485 500
486 76
486 114
486 315
486 452
486 485
486 491
486 500
487 1
487 14
487 76
487 114
487 169
487 315
487 451
487 452
487 495
487 497
487 499
488 54
488 232
488 236
488 304
488 312
488 335
488 412
488 480
489 39
489 196
489 332
489 346
489 372
489 410
489 436
489 441
489 457
489 481
489 492
489 497
489 499
490 360
490 393
490 400
490 492
491 165
491 336
491 419
491 485
491 486
491 496
491 500
492 39
492 42
492 285
492 441
492 457
492 489
492 490
493 26
493 33
493 202
493 209
493 261
493 479
493 495
494 91
494 162
494 186
494 220
494 498
495 76
495 84
495 114
495 141
495 171
495 190
495 234
495 311
495 340
495 365
495 458
495 465
495 487
495 493
496 27
496 37
496 48
496 95
496 134
496 153
496 175
496 281
496 320
496 355
496 373
496 384
496 397
496 460
496 472
496 478
496 484
496 485
496 491
496 500
497 86
497 98
497 213
497 310
497 317
497 319
497 327
497 339
497 370
497 371
497 379
497 388
497 398
497 446
497 456
497 481
497 484
497 487
497 489
497 499
498 155
498 157
498 364
498 395
498 494
499 81
499 127
499 131
499 230
499 242
499 265
499 266
499 323
499 338
499 396
499 439
499 462
499 481
499 487
499 489
499 497
500 10
500 36
500 46
500 47
500 93
500 113
500 174
500 189
500 223
500 227
500 257
500 291
500 305
500 336
500 419
500 465
500 474
500 485
500 486
500 491
500 496
