1 40
1 47
1 56
1 60
1 119
1 499
2 48
2 142
2 161
2 284
2 476
3 23
3 30
3 128
3 217
3 252
3 329
3 463
3 475
4 197
4 219
4 222
4 230
4 238
4 245
4 407
4 472
4 489
5 8
5 10
5 189
5 311
5 406
6 107
6 138
6 242
6 253
6 262
6 288
6 291
6 424
6 489
7 121
7 165
7 378
7 393
7 488
8 5
8 10
8 88
8 290
8 461
8 478
9 11
9 38
9 462
9 463
9 488
10 5
10 8
10 12
10 15
10 110
10 143
10 171
10 398
10 456
11 9
11 241
11 476
11 483
11 492
12 10
12 13
12 103
12 143
12 398
13 12
13 259
13 397
13 400
13 413
14 15
14 133
14 200
14 276
14 278
15 10
15 14
15 103
15 143
15 456
16 18
16 52
16 137
16 239
16 372
17 19
17 20
17 28
17 31
17 32
17 75
17 163
17 175
17 316
17 319
18 16
18 160
18 232
18 241
18 258
18 336
18 357
18 421
18 457
18 476
18 483
18 497
19 17
19 20
19 74
19 184
19 385
19 434
20 17
20 19
20 203
20 275
20 308
21 25
21 244
21 266
21 277
21 431
21 465
22 23
22 211
22 466
22 469
22 481
23 3
23 22
23 28
23 30
23 294
23 327
23 329
24 95
24 114
24 255
24 274
24 366
25 21
25 52
25 92
25 137
25 372
26 27
26 250
26 292
26 315
26 320
27 26
27 167
27 256
27 330
27 335
27 352
27 371
28 17
28 23
28 30
28 31
28 32
28 75
28 163
28 316
29 31
29 158
29 193
29 204
29 410
30 3
30 23
30 28
30 32
30 216
30 264
30 329
31 17
31 28
31 29
31 32
31 75
32 17
32 28
32 30
32 31
32 34
32 75
32 163
32 175
32 316
33 181
33 367
33 374
33 445
33 460
33 473
34 32
34 136
34 206
34 267
34 391
34 457
35 36
35 71
35 192
35 364
35 485
35 493
36 35
36 47
36 268
36 279
36 293
36 441
37 40
37 154
37 158
37 193
37 205
38 9
38 112
38 198
38 378
38 379
38 393
38 443
38 452
38 463
38 477
39 133
39 200
39 276
39 278
39 426
39 457
40 1
40 37
40 56
40 59
40 119
41 62
41 74
41 136
41 240
41 391
42 58
42 295
42 369
42 456
42 491
42 495
43 74
43 115
43 439
43 485
43 493
44 46
44 115
44 334
44 387
44 446
44 485
44 493
45 58
45 173
45 242
45 424
45 456
46 44
46 49
46 172
46 318
46 486
47 1
47 36
47 60
47 98
47 105
47 268
47 302
47 441
48 2
48 49
48 142
48 161
48 284
49 46
49 48
49 172
49 318
49 486
50 216
50 264
50 314
50 327
50 341
51 82
51 246
51 254
51 339
51 341
52 16
52 25
52 240
52 321
52 372
53 240
53 342
53 401
53 429
53 481
54 56
54 347
54 349
54 355
54 443
55 69
55 145
55 198
55 349
55 369
55 444
55 477
55 485
55 488
56 1
56 40
56 54
56 59
56 119
57 61
57 273
57 338
57 418
57 430
57 486
58 42
58 45
58 219
58 222
58 230
58 251
58 472
59 40
59 56
59 68
59 75
59 119
60 1
60 47
60 98
60 180
60 345
60 360
61 57
61 390
61 448
61 449
61 465
62 41
62 63
62 136
62 240
62 289
62 391
63 62
63 78
63 383
63 416
63 427
63 487
64 66
64 174
64 236
64 303
64 309
65 108
65 115
65 281
65 282
65 387
65 439
66 64
66 86
66 213
66 396
66 471
67 69
67 129
67 159
67 195
67 486
68 59
68 75
68 84
68 102
68 164
68 182
68 464
69 55
69 67
69 301
69 477
69 488
70 71
70 104
70 144
70 297
70 311
70 406
71 35
71 70
71 90
71 364
71 493
72 78
72 79
72 349
72 354
72 443
73 101
73 363
73 366
73 417
73 468
74 19
74 41
74 43
74 224
74 313
74 385
74 434
75 17
75 28
75 31
75 32
75 59
75 68
75 163
75 175
75 316
75 319
76 77
76 96
76 265
76 325
76 403
76 436
77 76
77 134
77 369
77 436
77 491
77 495
78 63
78 72
78 169
78 207
78 427
78 453
78 487
79 72
79 80
79 349
79 443
79 467
80 79
80 120
80 147
80 202
80 382
80 401
80 444
80 499
81 83
81 150
81 187
81 489
82 51
82 87
82 246
82 254
82 280
82 339
82 436
83 81
83 85
83 112
83 153
83 228
84 68
84 86
84 102
84 164
84 182
84 464
85 83
85 88
85 90
85 112
85 153
86 66
86 84
86 177
86 213
86 471
87 82
87 89
87 140
87 199
87 221
88 8
88 85
88 290
88 461
88 478
89 87
89 94
89 123
89 429
89 498
90 71
90 85
90 358
90 364
90 493
91 282
91 343
91 380
91 384
91 476
92 25
92 93
92 137
92 239
92 372
93 92
93 168
93 445
93 460
93 473
94 89
94 99
94 156
94 165
94 230
94 238
94 472
95 24
95 114
95 143
95 255
95 274
95 366
96 76
96 97
96 265
96 304
96 325
96 403
97 96
97 198
97 299
97 452
97 462
97 477
98 47
98 60
98 109
98 272
98 460
98 473
98 500
99 94
99 111
99 148
99 183
99 229
100 101
100 229
100 476
100 483
100 492
101 73
101 100
101 215
101 277
101 323
101 389
101 431
101 449
101 465
101 484
102 68
102 84
102 105
102 164
102 182
102 464
103 12
103 15
103 104
103 110
103 114
103 456
104 70
104 103
104 114
104 144
104 189
104 220
104 297
105 47
105 102
105 186
105 235
105 268
106 107
106 331
106 368
106 411
106 468
107 6
107 106
107 173
107 242
107 424
108 65
108 110
108 358
108 493
109 98
109 136
109 138
109 146
109 174
109 206
109 391
110 10
110 103
110 108
110 113
110 143
110 171
110 231
110 296
110 361
110 398
110 414
110 456
111 99
111 148
111 183
111 312
111 443
112 38
112 83
112 85
112 153
113 110
113 115
113 171
113 296
113 398
114 24
114 95
114 103
114 104
114 255
114 274
114 366
115 43
115 44
115 65
115 113
115 194
115 218
116 117
116 250
116 292
116 315
116 320
116 341
116 404
117 116
117 190
117 214
117 227
117 233
118 121
118 130
118 207
118 383
118 487
119 1
119 40
119 56
119 59
119 432
120 80
120 122
120 147
120 202
120 234
120 248
120 340
120 382
120 401
120 444
120 455
120 499
121 7
121 118
121 130
121 393
121 477
122 120
122 241
122 476
122 483
122 492
123 89
123 177
123 179
123 401
123 440
123 498
123 499
124 125
124 203
124 247
124 259
124 275
124 397
124 400
124 402
124 413
125 124
125 176
125 461
125 478
126 186
126 268
126 274
126 302
126 480
127 128
127 135
127 151
127 180
127 345
127 360
128 3
128 127
128 217
128 252
128 294
128 314
128 327
129 67
129 159
129 195
129 476
129 486
130 118
130 121
130 236
130 303
130 309
131 135
131 145
131 332
131 388
131 419
131 490
131 496
132 133
132 188
132 412
132 438
132 442
132 458
132 480
133 14
133 39
133 132
133 200
133 276
133 278
134 77
134 136
134 369
134 491
134 495
135 127
135 131
135 145
135 345
135 360
136 34
136 41
136 62
136 109
136 134
136 206
136 240
136 267
136 289
136 391
137 16
137 25
137 92
137 239
137 242
137 321
138 6
138 109
138 173
138 174
138 176
138 242
138 253
138 262
138 288
138 291
138 424
139 196
139 242
139 359
139 377
139 436
140 87
140 141
140 199
140 471
140 482
141 140
141 179
141 385
141 434
142 2
142 48
142 148
142 161
142 284
143 10
143 12
143 15
143 95
143 110
143 398
143 456
143 463
143 466
143 484
144 70
144 104
144 155
144 189
144 311
144 406
144 447
145 55
145 131
145 135
145 198
145 301
145 477
146 109
146 147
146 155
146 240
146 267
147 80
147 120
147 146
147 155
147 202
147 248
147 382
147 401
147 440
147 444
147 499
148 99
148 111
148 142
148 183
148 312
149 151
149 191
149 349
149 353
149 469
150 81
150 152
150 187
150 386
150 489
151 127
151 149
151 345
151 354
151 360
152 150
152 287
152 310
152 337
152 346
153 83
153 85
153 112
153 154
153 228
154 37
154 153
154 158
154 193
154 204
154 410
155 144
155 146
155 147
155 406
155 447
156 94
156 158
156 165
156 178
156 407
157 159
157 160
157 243
157 271
157 326
158 29
158 37
158 154
158 156
158 205
159 67
159 129
159 157
159 160
159 195
159 486
160 18
160 157
160 159
160 241
160 457
160 476
160 483
161 2
161 48
161 142
161 164
161 284
162 163
162 168
162 257
162 351
162 370
162 482
163 17
163 28
163 32
163 75
163 162
163 168
164 68
164 84
164 102
164 161
164 464
165 7
165 94
165 156
165 197
165 238
166 167
166 283
166 306
166 374
166 445
166 473
167 27
167 166
167 330
167 352
167 371
168 93
168 162
168 163
168 374
168 460
168 473
169 78
169 172
169 207
169 285
169 375
169 383
169 427
169 453
169 487
170 171
170 178
170 188
170 201
170 412
170 458
171 10
171 110
171 113
171 170
171 178
171 231
171 296
171 456
172 46
172 49
172 169
172 318
172 418
172 486
173 45
173 107
173 138
173 175
173 253
173 262
174 64
174 109
174 138
174 176
174 303
174 309
175 17
175 32
175 75
175 173
175 316
176 125
176 138
176 174
176 185
176 359
176 377
176 436
176 461
176 478
177 86
177 123
177 210
177 213
177 300
177 471
177 482
178 156
178 170
178 171
178 407
178 415
178 426
179 123
179 141
179 224
179 313
179 385
180 60
180 127
180 183
180 345
180 360
181 33
181 367
181 374
181 400
181 401
181 402
181 413
181 445
181 460
181 473
182 68
182 84
182 102
182 186
182 188
182 464
183 99
183 111
183 148
183 180
183 312
184 19
184 187
184 224
184 313
184 385
184 434
185 176
185 188
185 202
185 208
185 226
185 412
185 442
185 458
185 480
186 105
186 126
186 182
186 188
186 235
186 279
187 81
187 150
187 184
187 386
187 489
188 132
188 170
188 182
188 185
188 186
188 201
188 226
188 229
188 305
188 348
188 412
188 438
188 442
188 458
188 475
188 480
189 5
189 104
189 144
189 191
189 192
189 297
190 117
190 214
190 227
190 233
190 278
190 280
190 328
191 149
191 189
191 192
191 349
191 443
191 466
192 35
192 189
192 191
192 208
192 358
192 446
193 29
193 37
193 154
193 196
193 205
194 115
194 199
194 218
194 334
194 387
194 439
194 446
194 465
194 485
194 493
195 67
195 129
195 159
195 353
195 446
195 486
196 139
196 193
196 359
196 377
196 436
196 461
196 478
197 4
197 165
197 198
197 230
197 245
197 422
198 38
198 55
198 97
198 145
198 197
198 299
198 301
198 378
198 379
198 393
198 452
198 462
198 463
198 477
199 87
199 140
199 194
199 333
199 465
199 482
200 14
200 39
200 133
200 203
200 276
200 278
201 170
201 188
201 207
201 412
201 438
201 465
202 80
202 120
202 147
202 185
202 208
202 228
202 382
202 401
202 444
202 499
203 20
203 124
203 200
203 247
203 275
203 402
204 29
204 154
204 205
204 322
204 323
204 410
205 37
205 158
205 193
205 204
205 211
205 410
206 34
206 109
206 136
206 207
206 209
206 289
207 78
207 118
207 169
207 201
207 206
207 209
207 375
208 185
208 192
208 202
208 218
208 228
208 269
208 317
208 485
208 493
209 206
209 207
209 210
209 212
209 243
209 322
210 177
210 209
210 213
210 214
210 300
210 353
210 482
211 22
211 205
211 349
211 443
211 466
211 467
212 209
212 213
212 243
212 285
212 416
213 66
213 86
213 177
213 210
213 212
213 237
213 257
213 300
213 396
213 471
214 117
214 190
214 210
214 218
214 227
214 233
214 328
214 362
215 101
215 217
215 244
215 266
215 431
215 448
216 30
216 50
216 294
216 314
216 363
216 364
217 3
217 128
217 215
217 252
217 327
217 329
218 115
218 194
218 208
218 214
218 222
218 269
218 317
218 334
218 358
218 446
218 485
218 493
219 4
219 58
219 221
219 222
219 230
219 251
220 104
220 223
220 297
220 311
220 406
220 465
221 87
221 219
221 333
221 353
222 4
222 58
222 218
222 219
222 223
222 230
222 251
223 220
223 222
223 225
223 376
223 397
223 437
224 74
224 179
224 184
224 226
224 230
224 385
224 434
225 223
225 227
225 376
225 408
225 437
226 185
226 188
226 224
226 230
226 412
226 438
226 458
226 480
227 117
227 190
227 214
227 225
227 328
227 362
228 83
228 153
228 202
228 208
228 250
229 99
229 100
229 188
229 348
229 366
229 412
229 475
229 480
230 4
230 58
230 94
230 197
230 219
230 222
230 224
230 226
230 472
231 110
231 171
231 234
231 236
231 361
231 414
232 18
232 233
232 241
232 457
232 476
232 492
233 117
233 190
233 214
233 232
233 328
233 362
234 120
234 231
234 236
234 248
234 340
234 401
234 444
234 499
235 105
235 186
235 238
235 279
235 293
236 64
236 130
236 231
236 234
236 303
236 309
237 213
237 241
237 246
237 300
237 370
237 396
237 471
237 482
238 4
238 94
238 165
238 235
238 245
238 472
239 16
239 92
239 137
239 245
239 372
240 41
240 52
240 53
240 62
240 136
240 146
240 289
240 391
241 11
241 18
241 122
241 160
241 232
241 237
241 246
241 258
241 260
241 357
241 365
241 399
241 421
241 435
241 457
241 476
241 483
242 6
242 45
242 107
242 137
242 138
242 139
243 157
243 209
243 212
243 354
243 356
243 416
244 21
244 215
244 323
244 431
244 465
244 481
244 482
244 491
244 499
245 4
245 197
245 238
245 239
245 426
245 472
246 51
246 82
246 237
246 241
246 254
246 280
246 339
247 124
247 203
247 249
247 251
247 275
247 308
247 402
248 120
248 147
248 234
248 252
248 455
249 247
249 251
249 470
249 491
249 495
250 26
250 116
250 228
250 271
250 292
250 312
250 315
250 320
250 341
250 404
251 58
251 219
251 222
251 247
251 249
252 3
252 128
252 217
252 248
252 327
252 329
253 6
253 138
253 173
253 255
253 424
253 450
254 51
254 82
254 246
254 256
254 261
254 280
254 339
255 24
255 95
255 114
255 253
255 366
256 27
256 254
256 261
256 330
256 352
256 371
257 162
257 213
257 300
257 351
257 353
257 442
258 18
258 241
258 443
258 457
258 483
258 492
259 13
259 124
259 260
259 400
259 402
259 413
260 241
260 259
260 457
260 483
260 492
261 254
261 256
261 273
261 430
261 486
262 6
262 138
262 173
262 263
262 424
262 450
262 459
263 262
263 308
263 376
263 428
263 437
263 459
264 30
264 50
264 268
264 294
264 314
265 76
265 96
265 266
265 304
265 325
265 459
266 21
266 215
266 265
266 267
266 431
266 465
267 34
267 136
267 146
267 266
267 270
267 289
268 36
268 47
268 105
268 126
268 264
268 441
269 208
269 218
269 272
269 317
269 334
269 446
269 485
270 267
270 273
270 331
270 363
270 368
270 468
271 157
271 250
271 312
271 322
271 326
271 418
271 487
272 98
272 269
272 367
272 374
272 473
273 57
273 261
273 270
273 338
273 418
273 449
274 24
274 95
274 114
274 126
274 279
274 366
275 20
275 124
275 203
275 247
275 279
275 449
276 14
276 39
276 133
276 200
276 277
276 278
277 21
277 101
277 276
277 323
277 389
277 431
277 433
277 448
277 449
277 484
278 14
278 39
278 133
278 190
278 200
278 276
279 36
279 186
279 235
279 274
279 275
279 293
279 441
280 82
280 190
280 246
280 254
281 65
281 282
281 287
281 310
281 337
281 346
282 65
282 91
282 281
282 343
282 380
282 384
282 451
283 166
283 288
283 291
283 374
283 460
283 473
283 500
284 2
284 48
284 142
284 161
284 285
285 169
285 212
285 284
285 286
285 324
285 375
285 487
286 285
286 287
286 324
286 326
286 453
287 152
287 281
287 286
287 310
287 337
287 346
288 6
288 138
288 283
288 291
288 295
288 424
289 62
289 136
289 206
289 240
289 267
289 290
289 391
290 8
290 88
290 289
290 461
290 478
291 6
291 138
291 283
291 288
291 295
291 424
292 26
292 116
292 250
292 298
292 320
293 36
293 235
293 279
293 294
293 302
293 398
293 441
294 23
294 128
294 216
294 264
294 293
294 314
294 414
295 42
295 288
295 291
295 369
295 470
295 491
295 495
296 110
296 113
296 171
296 297
296 299
296 361
296 456
297 70
297 104
297 189
297 220
297 296
297 299
298 292
298 356
298 369
298 405
298 409
298 470
298 479
298 491
299 97
299 198
299 296
299 297
299 452
299 462
299 488
300 177
300 210
300 213
300 237
300 257
300 301
300 303
300 370
300 396
300 471
300 482
301 69
301 145
301 198
301 300
301 303
301 477
301 488
302 47
302 126
302 293
302 441
302 442
302 498
303 64
303 130
303 174
303 236
303 300
303 301
303 309
304 96
304 265
304 306
304 307
304 325
304 403
305 188
305 310
305 438
305 442
305 475
306 166
306 304
306 307
306 367
306 374
306 460
306 473
307 304
307 306
307 373
307 394
307 436
307 461
307 478
308 20
308 247
308 263
308 309
308 407
309 64
309 130
309 174
309 236
309 303
309 308
309 407
310 152
310 281
310 287
310 305
310 337
310 346
311 5
311 70
311 144
311 220
311 314
311 407
311 447
312 111
312 148
312 183
312 250
312 271
312 418
313 74
313 179
313 184
313 359
313 376
313 385
313 397
314 50
314 128
314 216
314 264
314 294
314 311
314 316
315 26
315 116
315 250
315 320
315 331
316 17
316 28
316 32
316 75
316 175
316 314
316 318
316 319
317 208
317 218
317 269
317 331
317 334
317 446
317 485
318 46
318 49
318 172
318 316
318 321
318 338
318 486
319 17
319 75
319 316
319 320
320 26
320 116
320 250
320 292
320 315
320 319
320 341
320 404
321 52
321 137
321 318
321 322
321 372
322 204
322 209
322 271
322 321
322 324
322 416
322 487
323 101
323 204
323 244
323 277
323 389
323 431
323 433
324 285
324 286
324 322
324 328
324 329
324 375
324 487
325 76
325 96
325 265
325 304
325 327
325 403
326 157
326 271
326 286
326 330
326 334
326 375
326 453
327 23
327 50
327 128
327 217
327 252
327 325
328 190
328 214
328 227
328 233
328 324
328 329
328 362
329 3
329 23
329 30
329 217
329 252
329 324
329 328
330 27
330 167
330 256
330 326
330 335
330 352
330 371
331 106
331 270
331 315
331 317
331 363
331 411
331 417
331 468
332 131
332 333
332 336
332 419
332 490
333 199
333 221
333 332
333 336
333 351
334 44
334 194
334 218
334 269
334 317
334 326
334 446
334 485
334 493
335 27
335 330
335 340
335 352
335 371
336 18
336 332
336 333
336 476
336 483
337 152
337 281
337 287
337 310
337 339
337 344
337 346
338 57
338 273
338 318
338 342
338 418
338 430
338 486
339 51
339 82
339 246
339 254
339 337
339 344
340 120
340 234
340 335
340 444
340 455
341 50
341 51
341 116
341 250
341 320
341 404
342 53
342 338
342 429
342 481
342 499
343 91
343 282
343 348
343 380
343 384
343 451
344 337
344 339
344 390
344 431
344 448
344 465
344 484
345 60
345 127
345 135
345 151
345 180
345 346
345 347
345 360
346 152
346 281
346 287
346 310
346 337
346 345
346 347
347 54
347 345
347 346
347 349
347 354
347 425
347 466
348 188
348 229
348 343
348 475
348 480
349 54
349 55
349 72
349 79
349 149
349 191
349 211
349 347
349 354
349 355
349 369
349 381
349 425
349 443
349 444
349 466
349 467
349 469
349 485
350 369
350 420
350 432
350 470
350 476
350 491
350 495
351 162
351 257
351 333
351 352
351 446
351 471
351 482
352 27
352 167
352 256
352 330
352 335
352 351
352 371
352 446
353 149
353 195
353 210
353 221
353 257
353 482
354 72
354 151
354 243
354 347
354 349
354 381
354 467
354 469
355 54
355 349
355 424
355 425
355 433
355 443
355 467
355 469
356 243
356 298
356 357
356 369
356 395
356 405
356 479
356 495
357 18
357 241
357 356
357 358
357 476
357 483
357 492
358 90
358 108
358 192
358 218
358 357
358 360
358 485
358 493
359 139
359 176
359 196
359 313
359 376
359 377
359 418
359 436
359 461
359 478
360 60
360 127
360 135
360 151
360 180
360 345
360 358
360 361
361 110
361 231
361 296
361 360
361 362
361 414
362 214
362 227
362 233
362 328
362 361
362 363
363 73
363 216
363 270
363 331
363 362
363 368
363 417
363 454
363 468
364 35
364 71
364 90
364 216
364 365
364 493
365 241
365 364
365 367
365 457
365 483
365 492
366 24
366 73
366 95
366 114
366 229
366 255
366 274
366 482
367 33
367 181
367 272
367 306
367 365
367 368
367 445
367 460
368 106
368 270
368 363
368 367
368 371
368 411
368 417
368 468
369 42
369 55
369 77
369 134
369 295
369 298
369 349
369 350
369 356
369 395
369 405
369 409
369 420
369 444
369 470
369 479
369 485
369 491
369 495
370 162
370 237
370 300
370 376
370 397
370 402
370 471
370 482
371 27
371 167
371 256
371 330
371 335
371 352
371 368
371 372
372 16
372 25
372 52
372 92
372 239
372 321
372 371
372 452
373 307
373 394
373 408
373 436
373 461
373 478
374 33
374 166
374 168
374 181
374 272
374 283
374 306
374 378
374 445
374 452
374 473
374 500
375 169
375 207
375 285
375 324
375 326
375 379
375 427
375 453
375 463
376 223
376 225
376 263
376 313
376 359
376 370
376 402
376 408
377 139
377 176
377 196
377 359
377 379
377 436
377 438
377 478
378 7
378 38
378 198
378 374
378 393
378 438
378 463
378 488
379 38
379 198
379 375
379 377
379 432
379 452
379 462
379 488
380 91
380 282
380 343
380 381
380 382
380 384
380 451
381 349
381 354
381 380
381 382
381 425
381 443
381 466
381 469
382 80
382 120
382 147
382 202
382 380
382 381
382 444
382 499
383 63
383 118
383 169
383 384
383 427
383 453
383 487
383 492
384 91
384 282
384 343
384 380
384 383
384 385
384 451
385 19
385 74
385 141
385 179
385 184
385 224
385 313
385 384
385 386
385 434
386 150
386 187
386 385
386 387
386 489
387 44
387 65
387 194
387 386
387 389
387 439
387 493
388 131
388 389
388 390
388 419
388 490
388 496
389 101
389 277
389 323
389 387
389 388
389 431
389 433
389 449
389 484
390 61
390 344
390 388
390 391
390 484
391 34
391 41
391 62
391 109
391 136
391 240
391 289
391 390
391 392
392 391
392 393
392 440
392 444
392 459
392 481
393 7
393 38
393 121
393 198
393 378
393 392
393 414
393 452
393 462
393 477
393 488
394 307
394 373
394 400
394 401
394 402
394 436
394 461
394 478
395 356
395 369
395 403
395 405
395 409
395 414
395 470
395 479
395 495
396 66
396 213
396 237
396 300
396 421
396 425
396 427
396 471
396 482
397 13
397 124
397 223
397 313
397 370
397 402
397 418
397 423
397 428
398 10
398 12
398 110
398 113
398 143
398 293
398 403
398 414
398 456
399 241
399 421
399 429
399 457
399 476
399 488
399 493
399 494
399 497
400 13
400 124
400 181
400 259
400 394
400 401
400 402
400 413
400 428
401 53
401 80
401 120
401 123
401 147
401 181
401 202
401 234
401 394
401 400
401 440
401 444
401 455
401 481
401 498
401 499
402 124
402 181
402 203
402 247
402 259
402 370
402 376
402 394
402 397
402 400
402 409
402 413
402 423
402 428
403 76
403 96
403 304
403 325
403 395
403 398
404 116
404 250
404 320
404 341
404 405
404 406
405 298
405 356
405 369
405 395
405 404
405 406
405 491
405 495
406 5
406 70
406 144
406 155
406 220
406 404
406 405
407 4
407 156
407 178
407 308
407 309
407 311
407 415
407 422
407 472
408 225
408 373
408 376
408 423
408 428
409 298
409 369
409 395
409 402
409 413
409 417
409 479
409 491
409 495
410 29
410 154
410 204
410 205
410 412
411 106
411 331
411 368
411 417
411 419
411 420
411 454
411 468
412 132
412 170
412 185
412 188
412 201
412 226
412 229
412 410
412 438
412 442
412 458
412 480
413 13
413 124
413 181
413 259
413 400
413 402
413 409
413 417
413 428
414 110
414 231
414 294
414 361
414 393
414 395
414 398
414 456
415 178
415 407
415 422
415 423
415 426
416 63
416 212
416 243
416 322
416 453
416 458
416 460
416 480
416 487
417 73
417 331
417 363
417 368
417 409
417 411
417 413
417 421
417 454
417 468
418 57
418 172
418 271
418 273
418 312
418 338
418 359
418 397
418 430
418 486
419 131
419 332
419 388
419 411
419 420
419 496
420 350
420 369
420 411
420 419
420 470
420 491
420 495
421 18
421 241
421 396
421 399
421 417
421 425
421 457
421 492
421 497
422 197
422 407
422 415
422 424
422 426
422 480
423 397
423 402
423 408
423 415
423 428
423 437
424 6
424 45
424 107
424 138
424 253
424 262
424 288
424 291
424 355
424 422
424 450
425 347
425 349
425 355
425 381
425 396
425 421
425 427
425 466
425 467
425 469
426 39
426 178
426 245
426 415
426 422
426 456
426 457
427 63
427 78
427 169
427 375
427 383
427 396
427 425
427 428
427 453
427 487
428 263
428 397
428 400
428 402
428 408
428 413
428 423
428 427
428 434
428 462
429 53
429 89
429 342
429 399
429 435
429 471
429 497
429 499
430 57
430 261
430 338
430 418
430 431
430 486
431 21
431 101
431 215
431 244
431 266
431 277
431 323
431 344
431 389
431 430
431 433
431 448
431 449
431 465
431 484
432 119
432 350
432 379
432 442
432 452
432 462
433 277
433 323
433 355
433 389
433 431
433 441
433 448
434 19
434 74
434 141
434 184
434 224
434 385
434 428
434 437
434 462
435 241
435 429
435 469
435 471
435 477
435 483
435 492
436 76
436 77
436 82
436 139
436 176
436 196
436 307
436 359
436 373
436 377
436 394
437 223
437 225
437 263
437 423
437 434
437 439
437 462
438 132
438 188
438 201
438 226
438 305
438 377
438 378
438 412
438 442
438 452
438 458
439 43
439 65
439 194
439 387
439 437
439 440
439 445
440 123
440 147
440 392
440 401
440 439
440 444
440 445
440 448
440 459
440 498
440 499
441 36
441 47
441 268
441 279
441 293
441 302
441 433
441 451
442 132
442 185
442 188
442 257
442 302
442 305
442 412
442 432
442 438
442 480
442 494
443 38
443 54
443 72
443 79
443 111
443 191
443 211
443 258
443 349
443 355
443 381
443 466
443 467
443 469
444 55
444 80
444 120
444 147
444 202
444 234
444 340
444 349
444 369
444 382
444 392
444 401
444 440
444 455
444 485
444 487
444 499
445 33
445 93
445 166
445 181
445 367
445 374
445 439
445 440
445 448
445 460
445 473
446 44
446 192
446 194
446 195
446 218
446 269
446 317
446 334
446 351
446 352
446 485
447 144
447 155
447 311
447 464
448 61
448 215
448 277
448 344
448 431
448 433
448 440
448 445
448 449
448 450
448 484
449 61
449 101
449 273
449 275
449 277
449 389
449 431
449 448
449 465
449 475
450 253
450 262
450 424
450 448
450 453
450 454
451 282
451 343
451 380
451 384
451 441
451 455
452 38
452 97
452 198
452 299
452 372
452 374
452 379
452 393
452 432
452 438
452 463
452 488
453 78
453 169
453 286
453 326
453 375
453 383
453 416
453 427
453 450
453 454
453 458
453 487
454 363
454 411
454 417
454 450
454 453
454 458
454 468
455 120
455 248
455 340
455 401
455 444
455 451
455 468
455 499
456 10
456 15
456 42
456 45
456 103
456 110
456 143
456 171
456 296
456 398
456 414
456 426
457 18
457 34
457 39
457 160
457 232
457 241
457 258
457 260
457 365
457 399
457 421
457 426
458 132
458 170
458 185
458 188
458 226
458 412
458 416
458 438
458 453
458 454
458 480
458 494
459 262
459 263
459 265
459 392
459 440
459 499
460 33
460 93
460 98
460 168
460 181
460 283
460 306
460 367
460 416
460 445
460 461
460 480
460 500
461 8
461 88
461 125
461 176
461 196
461 290
461 307
461 359
461 373
461 394
461 460
461 467
461 480
462 9
462 97
462 198
462 299
462 379
462 393
462 428
462 432
462 434
462 437
462 477
462 488
462 499
463 3
463 9
463 38
463 143
463 198
463 375
463 378
463 452
463 475
463 477
463 488
464 68
464 84
464 102
464 164
464 182
464 447
465 21
465 61
465 101
465 194
465 199
465 201
465 220
465 244
465 266
465 344
465 431
465 449
465 484
466 22
466 143
466 191
466 211
466 347
466 349
466 381
466 425
466 443
466 469
466 475
466 479
466 484
467 79
467 211
467 349
467 354
467 355
467 425
467 443
467 461
467 469
467 470
467 473
468 73
468 106
468 270
468 331
468 363
468 368
468 411
468 417
468 454
468 455
468 472
469 22
469 149
469 349
469 354
469 355
469 381
469 425
469 435
469 443
469 466
469 467
469 471
469 477
469 497
470 249
470 295
470 298
470 350
470 369
470 395
470 420
470 467
470 473
470 474
470 479
470 480
470 491
470 495
471 66
471 86
471 140
471 177
471 213
471 237
471 300
471 351
471 370
471 396
471 429
471 435
471 469
471 477
472 4
472 58
472 94
472 230
472 238
472 245
472 407
472 468
472 474
473 33
473 93
473 98
473 166
473 168
473 181
473 272
473 283
473 306
473 374
473 445
473 467
473 470
473 479
473 500
474 470
474 472
474 491
474 495
474 496
475 3
475 188
475 229
475 305
475 348
475 449
475 463
475 466
476 2
476 11
476 18
476 91
476 100
476 122
476 129
476 160
476 232
476 241
476 336
476 350
476 357
476 399
476 492
477 38
477 55
477 69
477 97
477 121
477 145
477 198
477 301
477 393
477 435
477 462
477 463
477 469
477 471
477 483
478 8
478 88
478 125
478 176
478 196
478 290
478 307
478 359
478 373
478 377
478 394
478 483
478 486
478 492
478 495
479 298
479 356
479 369
479 395
479 409
479 466
479 470
479 473
479 484
479 491
479 495
480 126
480 132
480 185
480 188
480 226
480 229
480 348
480 412
480 416
480 422
480 442
480 458
480 460
480 461
480 470
480 494
481 22
481 53
481 244
481 342
481 392
481 401
481 482
481 491
481 492
482 140
482 162
482 177
482 199
482 210
482 237
482 244
482 300
482 351
482 353
482 366
482 370
482 396
482 481
482 491
482 499
483 11
483 18
483 100
483 122
483 160
483 241
483 258
483 260
483 336
483 357
483 365
483 435
483 477
483 478
483 486
483 492
483 495
484 101
484 143
484 277
484 344
484 389
484 390
484 431
484 448
484 465
484 466
484 479
485 35
485 43
485 44
485 55
485 194
485 208
485 218
485 269
485 317
485 334
485 349
485 358
485 369
485 444
485 446
485 487
485 493
486 46
486 49
486 57
486 67
486 129
486 159
486 172
486 195
486 261
486 318
486 338
486 418
486 430
486 478
486 483
486 492
486 495
487 63
487 78
487 118
487 169
487 271
487 285
487 322
487 324
487 383
487 416
487 427
487 444
487 453
487 485
487 488
487 493
487 494
488 7
488 9
488 55
488 69
488 299
488 301
488 378
488 379
488 393
488 399
488 452
488 462
488 463
488 487
488 493
488 494
488 497
489 4
489 6
489 81
489 150
489 187
489 386
490 131
490 332
490 388
490 496
490 500
491 42
491 77
491 134
491 244
491 249
491 295
491 298
491 350
491 369
491 405
491 409
491 420
491 470
491 474
491 479
491 481
491 482
491 499
492 11
492 100
492 122
492 232
492 258
492 260
492 357
492 365
492 383
492 421
492 435
492 476
492 478
492 481
492 483
492 486
492 495
492 497
493 35
493 43
493 44
493 71
493 90
493 108
493 194
493 208
493 218
493 334
493 358
493 364
493 387
493 399
493 485
493 487
493 488
493 494
493 497
494 399
494 442
494 458
494 480
494 487
494 488
494 493
494 497
495 42
495 77
495 134
495 249
495 295
495 350
495 356
495 369
495 395
495 405
495 409
495 420
495 470
495 474
495 478
495 479
495 483
495 486
495 492
496 131
496 388
496 419
496 474
496 490
496 498
497 18
497 399
497 421
497 429
497 469
497 488
497 492
497 493
497 494
498 89
498 123
498 302
498 401
498 440
498 496
498 499
499 1
499 80
499 120
499 123
499 147
499 202
499 234
499 244
499 342
499 382
499 401
499 429
499 440
499 444
499 455
499 459
499 462
499 482
499 491
499 498
500 98
500 283
500 374
500 460
500 473
500 490
