1 2
1 4
1 218
1 275
1 343
2 1
2 218
2 275
2 369
2 373
2 374
2 381
2 444
3 9
3 357
3 429
3 464
3 496
4 1
4 9
4 12
4 317
4 343
5 6
5 42
5 429
5 482
5 493
6 5
6 12
6 411
6 429
6 432
6 488
7 61
7 110
7 280
7 284
7 285
7 340
7 358
7 442
8 13
8 26
8 28
8 347
8 435
9 3
9 4
9 11
9 12
9 439
10 17
10 20
10 393
10 456
10 473
10 474
10 483
11 9
11 21
11 330
11 405
11 459
12 4
12 6
12 9
12 347
12 490
13 8
13 14
13 326
13 347
13 392
13 439
14 13
14 15
14 41
14 88
14 289
15 14
15 191
15 286
15 289
15 420
16 18
16 23
16 75
16 184
16 286
17 10
17 20
17 29
17 72
17 230
17 400
17 474
18 16
18 23
18 286
18 430
18 495
19 55
19 244
19 318
19 321
19 356
20 10
20 17
20 21
20 29
20 356
20 474
21 11
21 20
21 269
21 356
21 489
22 122
22 128
22 348
22 351
22 457
22 477
23 16
23 18
23 26
23 96
23 265
23 351
24 27
24 256
24 292
24 482
24 487
25 26
25 28
25 30
25 400
25 463
26 8
26 23
26 25
26 28
26 471
27 24
27 44
27 291
27 293
27 421
28 8
28 25
28 26
28 30
28 31
29 17
29 20
29 43
29 45
29 81
29 449
29 474
30 25
30 28
30 31
30 240
30 397
31 28
31 30
31 37
31 54
31 114
32 107
32 142
32 154
32 187
32 191
33 174
33 213
33 314
33 315
33 318
34 37
34 38
34 429
34 490
34 497
35 75
35 77
35 80
35 176
35 451
36 119
36 349
36 430
36 482
36 493
37 31
37 34
37 38
37 395
37 476
38 34
38 37
38 39
38 280
38 316
39 38
39 40
39 41
39 252
39 421
39 434
40 39
40 41
40 47
40 147
40 302
41 14
41 39
41 40
41 47
41 135
42 5
42 55
42 188
42 193
42 235
42 399
42 429
42 458
43 29
43 45
43 52
43 59
43 64
43 73
44 27
44 48
44 221
44 313
44 496
45 29
45 43
45 59
45 64
45 363
45 490
45 497
46 136
46 178
46 324
46 410
46 445
46 477
46 488
46 489
46 492
46 496
47 40
47 41
47 49
47 66
47 338
47 445
48 44
48 53
48 232
48 321
48 438
49 47
49 52
49 216
49 383
49 498
50 51
50 192
50 383
50 490
50 497
51 50
51 83
51 140
51 192
51 238
51 259
52 43
52 49
52 73
52 259
52 383
53 48
53 62
53 151
53 154
53 241
54 31
54 55
54 57
54 192
54 259
55 19
55 42
55 54
55 58
55 274
56 58
56 185
56 262
56 388
56 434
57 54
57 121
57 212
57 214
57 497
58 55
58 56
58 107
58 185
58 329
59 43
59 45
59 64
59 76
59 260
59 303
59 346
60 188
60 314
60 315
60 356
60 431
61 7
61 110
61 143
61 190
61 358
61 364
61 368
61 371
61 424
61 442
61 476
62 53
62 69
62 90
62 199
62 214
62 443
62 458
62 462
63 65
63 71
63 402
63 434
63 441
64 43
64 45
64 59
64 76
64 153
64 159
65 63
65 67
65 71
65 404
65 491
66 47
66 102
66 150
66 205
66 263
66 338
66 428
66 445
66 448
66 462
66 486
66 487
66 495
66 498
67 65
67 71
67 111
67 185
67 488
68 248
68 319
68 320
68 356
68 394
69 62
69 226
69 255
69 366
69 376
70 166
70 183
70 211
70 325
70 437
71 63
71 65
71 67
71 100
71 113
71 240
72 17
72 179
72 230
72 363
72 393
72 476
73 43
73 52
73 75
73 95
73 179
74 84
74 87
74 225
74 281
74 370
75 16
75 35
75 73
75 95
75 195
76 59
76 64
76 78
76 160
76 284
76 352
76 459
77 35
77 95
77 118
77 209
77 393
78 76
78 81
78 85
78 459
78 497
79 82
79 95
79 202
79 403
79 495
80 35
80 82
80 176
80 303
80 392
81 29
81 78
81 85
81 92
81 449
81 459
81 474
82 79
82 80
82 132
82 306
82 392
82 450
83 51
83 90
83 103
83 226
83 283
84 74
84 87
84 177
84 267
84 370
85 78
85 81
85 87
85 92
85 96
85 265
85 459
86 96
86 101
86 306
86 348
86 479
87 74
87 84
87 85
87 196
87 498
88 14
88 91
88 94
88 135
88 298
89 223
89 228
89 245
89 423
89 482
90 62
90 83
90 150
90 187
90 199
90 214
90 226
90 310
90 443
90 462
90 499
91 88
91 94
91 298
91 375
91 462
92 81
92 85
92 93
92 269
92 459
93 92
93 102
93 104
93 161
93 263
93 367
93 381
93 397
94 88
94 91
94 97
94 112
94 298
95 73
95 75
95 77
95 79
95 250
95 273
95 312
96 23
96 85
96 86
96 101
96 196
96 265
97 94
97 99
97 117
97 298
97 450
98 99
98 409
98 495
98 498
98 500
99 97
99 98
99 100
99 330
99 405
100 71
100 99
100 106
100 108
100 113
100 266
101 86
101 96
101 216
101 331
101 498
102 66
102 93
102 104
102 141
102 161
102 210
102 445
103 83
103 109
103 110
103 212
103 347
104 93
104 102
104 141
104 161
104 204
104 386
104 406
105 112
105 114
105 116
105 409
105 498
106 100
106 107
106 108
106 203
106 345
107 32
107 58
107 106
107 108
107 112
108 100
108 106
108 107
108 285
108 304
108 496
109 103
109 110
109 231
109 432
109 488
110 7
110 61
110 103
110 109
110 424
111 67
111 114
111 117
111 484
111 486
112 94
112 105
112 107
112 116
112 117
113 71
113 100
113 122
113 224
113 343
114 31
114 105
114 111
114 117
114 121
115 129
115 278
115 418
115 432
115 457
116 105
116 112
116 117
116 270
116 485
117 97
117 111
117 112
117 114
117 116
118 77
118 119
118 320
118 487
118 496
119 36
119 118
119 150
119 471
119 499
120 121
120 124
120 295
120 349
120 380
121 57
121 114
121 120
121 124
121 430
122 22
122 113
122 418
122 457
122 477
123 125
123 168
123 336
123 418
123 470
124 120
124 121
124 127
124 131
124 133
125 123
125 138
125 236
125 282
125 477
126 212
126 220
126 222
126 423
126 426
127 124
127 131
127 133
127 349
127 430
128 22
128 348
128 351
128 405
128 459
129 115
129 204
129 206
129 207
129 282
129 377
129 477
130 202
130 216
130 218
130 219
130 220
130 354
130 494
131 124
131 127
131 132
131 409
131 498
132 82
132 131
132 133
132 306
132 484
133 124
133 127
133 132
133 135
133 136
134 241
134 275
134 283
134 328
134 378
135 41
135 88
135 133
135 136
135 458
136 46
136 133
136 135
136 137
136 410
136 492
136 496
137 136
137 147
137 148
137 163
137 323
138 125
138 155
138 229
138 386
138 444
139 140
139 192
139 239
139 370
139 497
140 51
140 139
140 144
140 347
140 435
141 102
141 104
141 161
141 184
141 387
141 414
141 436
141 453
142 32
142 188
142 189
142 384
142 499
143 61
143 257
143 364
143 368
143 371
143 419
143 464
143 476
143 478
144 140
144 145
144 306
144 307
144 450
145 144
145 165
145 200
145 206
145 441
146 242
146 243
146 245
146 355
146 389
146 433
146 486
146 488
147 40
147 137
147 148
147 151
147 302
148 137
148 147
148 151
148 317
148 487
149 170
149 282
149 287
149 368
149 428
150 66
150 90
150 119
150 472
150 473
150 486
150 487
150 490
150 498
150 499
151 53
151 147
151 148
151 152
151 353
152 151
152 153
152 193
152 405
152 459
153 64
153 152
153 154
153 159
153 376
154 32
154 53
154 153
154 157
154 420
155 138
155 156
155 174
155 229
155 449
156 155
156 157
156 174
156 250
156 335
157 154
157 156
157 174
157 251
157 465
158 159
158 160
158 167
158 205
158 500
159 64
159 153
159 158
159 160
159 174
160 76
160 158
160 159
160 162
160 352
160 362
161 93
161 102
161 104
161 141
161 249
161 305
161 315
161 427
162 160
162 163
162 253
162 344
162 498
163 137
163 162
163 164
163 237
163 410
164 163
164 168
164 294
164 410
164 489
165 145
165 170
165 189
165 322
165 486
166 70
166 169
166 211
166 410
166 438
167 158
167 199
167 200
167 404
167 500
168 123
168 164
168 169
168 336
168 410
168 470
168 500
169 166
169 168
169 171
169 182
169 271
170 149
170 165
170 330
171 169
171 181
171 265
171 434
171 492
172 173
172 175
172 443
172 492
172 499
173 172
173 175
173 237
173 475
173 484
174 33
174 155
174 156
174 157
174 159
174 193
174 318
174 455
175 172
175 173
175 176
175 236
175 287
176 35
176 80
176 175
176 177
176 480
177 84
177 176
177 183
177 290
177 361
178 46
178 180
178 284
178 324
178 352
178 362
178 372
178 442
178 445
178 492
179 72
179 73
179 291
179 293
179 363
179 393
180 178
180 182
180 341
180 379
180 453
181 171
181 250
181 252
181 255
181 492
182 169
182 180
182 183
182 271
182 379
183 70
183 177
183 182
183 325
183 379
184 16
184 141
184 190
184 195
184 445
184 499
185 56
185 58
185 67
185 434
185 482
185 493
186 287
186 301
186 322
186 323
186 325
187 32
187 90
187 191
187 379
187 443
187 499
188 42
188 60
188 142
188 189
188 194
188 373
189 142
189 165
189 188
189 194
189 322
189 486
190 61
190 184
190 197
190 198
190 358
190 442
190 471
191 15
191 32
191 187
191 194
191 264
192 50
192 51
192 54
192 139
192 239
192 259
192 470
192 500
193 42
193 152
193 174
193 321
193 372
193 376
193 420
193 438
193 455
193 458
194 188
194 189
194 191
194 245
194 482
194 493
195 75
195 184
195 199
195 200
195 203
196 87
196 96
196 354
196 358
196 413
196 450
197 190
197 198
197 463
197 471
197 490
197 497
198 190
198 197
198 220
198 288
198 408
198 463
198 471
199 62
199 90
199 167
199 195
199 203
199 310
200 145
200 167
200 195
200 203
200 297
200 441
201 342
201 388
201 389
201 395
201 468
201 489
202 79
202 130
202 207
202 212
202 492
202 494
203 106
203 195
203 199
203 200
203 359
204 104
204 129
204 206
204 251
204 412
204 465
205 66
205 158
205 210
205 338
205 420
205 428
205 438
205 445
205 448
205 449
205 493
206 129
206 145
206 204
206 297
206 402
206 453
207 129
207 202
207 208
207 261
207 305
207 499
208 207
208 211
208 221
208 261
208 407
208 463
209 77
209 247
209 404
209 412
209 453
209 488
210 102
210 205
210 238
210 247
210 250
210 445
211 70
211 166
211 208
211 221
211 407
211 471
212 57
212 103
212 126
212 202
212 214
212 426
213 33
213 313
213 314
213 367
213 433
214 57
214 62
214 90
214 212
214 216
214 458
215 279
215 314
215 338
215 342
215 364
215 416
216 49
216 101
216 130
216 214
216 218
216 446
217 224
217 227
217 298
217 449
217 474
218 1
218 2
218 130
218 216
218 219
218 275
219 130
219 218
219 220
219 246
219 346
219 440
220 126
220 130
220 198
220 219
220 288
220 408
221 44
221 208
221 211
221 236
221 313
221 407
222 126
222 223
222 228
222 430
222 449
222 480
223 89
223 222
223 277
223 423
223 481
224 113
224 217
224 227
224 381
224 415
225 74
225 251
225 259
225 366
225 367
225 369
226 69
226 83
226 90
226 249
226 383
226 427
227 217
227 224
227 241
227 329
227 353
228 89
228 222
228 229
228 430
228 464
228 480
229 138
229 155
229 228
229 423
229 444
229 464
230 17
230 72
230 232
230 233
230 419
230 476
231 109
231 236
231 239
231 248
231 407
231 432
232 48
232 230
232 233
232 372
232 437
232 464
233 230
233 232
233 363
233 441
233 490
233 497
234 235
234 237
234 240
234 405
234 459
235 42
235 234
235 237
235 240
235 373
235 399
236 125
236 175
236 221
236 231
236 239
236 248
237 163
237 173
237 234
237 235
237 240
238 51
238 210
238 247
238 252
238 276
238 435
239 139
239 192
239 231
239 236
239 248
239 254
239 416
239 500
240 30
240 71
240 234
240 235
240 237
240 415
241 53
241 134
241 227
241 329
241 353
241 405
242 146
242 243
242 258
242 433
242 498
243 146
243 242
243 387
243 407
243 414
243 433
244 19
244 245
244 246
244 394
244 407
244 433
245 89
245 146
245 194
245 244
245 246
245 482
246 219
246 244
246 245
246 247
246 346
246 440
247 209
247 210
247 238
247 246
247 298
247 320
248 68
248 231
248 236
248 239
248 254
248 349
248 417
249 161
249 226
249 261
249 263
249 282
249 305
249 315
249 383
249 427
249 495
249 496
249 497
249 498
249 499
249 500
250 95
250 156
250 181
250 210
250 252
250 312
251 157
251 204
251 225
251 253
251 445
251 451
252 39
252 181
252 238
252 250
252 421
252 434
253 162
253 251
253 258
253 344
253 366
253 451
254 239
254 248
254 257
254 279
254 324
254 398
254 475
255 69
255 181
255 256
255 260
255 366
255 376
256 24
256 255
256 260
256 261
256 292
256 487
257 143
257 254
257 279
257 291
257 333
257 399
257 464
257 478
258 242
258 253
258 317
258 366
258 367
258 498
259 51
259 52
259 54
259 192
259 225
259 382
260 59
260 255
260 256
260 261
260 303
260 440
261 207
261 208
261 249
261 256
261 260
261 264
262 56
262 297
262 337
262 388
262 409
262 443
262 494
263 66
263 93
263 249
263 266
263 282
263 367
263 381
263 397
263 415
263 433
263 495
263 497
263 498
263 499
263 500
264 191
264 261
264 266
264 334
264 337
265 23
265 85
265 96
265 171
265 351
265 361
265 438
265 453
265 493
266 100
266 263
266 264
266 268
266 337
266 397
267 84
267 290
267 386
267 405
267 485
267 491
268 266
268 319
268 337
268 350
268 464
268 489
269 21
269 92
269 270
269 271
269 356
269 383
270 116
270 269
270 271
270 272
270 418
271 169
271 182
271 269
271 270
271 272
271 444
272 270
272 271
272 273
272 279
272 314
272 364
273 95
273 272
273 274
273 276
273 312
273 369
274 55
274 273
274 276
274 286
274 410
274 453
275 1
275 2
275 134
275 218
275 277
275 444
276 238
276 273
276 274
276 280
276 466
276 471
277 223
277 275
277 278
277 300
277 401
278 115
278 277
278 282
278 288
278 368
279 215
279 254
279 257
279 272
279 291
279 399
280 7
280 38
280 276
280 340
280 454
280 473
281 74
281 292
281 293
281 382
281 474
281 492
282 125
282 129
282 149
282 249
282 263
282 278
282 287
282 306
282 368
282 377
282 457
282 468
282 495
282 496
282 497
282 498
282 499
282 500
283 83
283 134
283 284
283 299
283 340
283 466
284 7
284 76
284 178
284 283
284 299
284 311
284 352
285 7
285 108
285 299
285 304
285 340
285 496
286 15
286 16
286 18
286 274
286 289
286 349
286 417
287 149
287 175
287 186
287 282
287 325
287 330
287 336
288 198
288 220
288 278
288 300
288 408
289 14
289 15
289 286
289 347
289 461
289 468
289 480
290 177
290 267
290 295
290 301
290 302
291 27
291 179
291 257
291 279
291 292
291 399
291 434
292 24
292 256
292 281
292 291
292 293
292 399
292 487
293 27
293 179
293 281
293 292
293 294
293 399
293 434
294 164
294 293
294 296
294 304
294 324
294 425
294 489
295 120
295 290
295 301
295 302
295 324
295 380
295 406
296 294
296 304
296 327
296 452
296 455
296 472
296 500
297 200
297 206
297 262
297 328
297 402
297 409
297 443
298 88
298 91
298 94
298 97
298 217
298 247
298 449
299 283
299 284
299 285
299 308
299 391
300 277
300 288
300 311
300 401
300 481
301 186
301 290
301 295
301 302
301 325
302 40
302 147
302 290
302 295
302 301
302 391
303 59
303 80
303 260
303 370
303 392
303 440
303 489
304 108
304 285
304 294
304 296
304 309
304 455
304 496
305 161
305 207
305 249
305 307
305 308
305 315
305 398
306 82
306 86
306 132
306 144
306 282
306 307
306 348
306 450
306 479
306 496
306 497
306 499
306 500
307 144
307 305
307 306
307 308
307 313
307 450
308 299
308 305
308 307
308 313
308 391
309 304
309 310
309 418
309 440
309 452
309 485
309 488
310 90
310 199
310 309
310 312
310 327
310 452
310 499
311 284
311 300
311 326
311 341
311 362
312 95
312 250
312 273
312 310
312 327
312 329
312 452
313 44
313 213
313 221
313 307
313 308
314 33
314 60
314 213
314 215
314 272
314 364
315 33
315 60
315 161
315 249
315 305
315 318
315 427
316 38
316 385
316 393
316 398
316 409
316 416
316 473
317 4
317 148
317 258
317 366
317 367
317 451
317 487
318 19
318 33
318 174
318 315
318 356
319 68
319 268
319 320
319 321
319 322
319 360
319 422
320 68
320 118
320 247
320 319
320 321
320 474
321 19
321 48
321 193
321 319
321 320
321 438
321 455
322 165
322 186
322 189
322 319
322 323
322 486
323 137
323 186
323 322
323 324
323 325
323 406
323 465
324 46
324 178
324 254
324 294
324 295
324 323
324 380
324 386
324 398
324 406
324 445
324 465
324 477
324 488
324 489
324 492
325 70
325 183
325 186
325 287
325 301
325 323
325 330
326 13
326 311
326 355
326 392
326 439
326 487
327 296
327 310
327 312
327 329
327 452
327 470
327 500
328 134
328 297
328 331
328 400
328 466
328 471
328 494
329 58
329 227
329 241
329 312
329 327
329 332
329 334
330 11
330 99
330 170
330 287
330 325
330 333
330 459
331 101
331 328
331 395
331 397
331 446
331 465
331 498
332 329
332 334
332 335
332 412
332 422
332 425
332 432
333 257
333 330
333 336
333 344
333 447
333 464
333 478
334 264
334 329
334 332
334 335
334 420
334 432
334 463
334 484
335 156
335 332
335 334
335 341
335 432
335 447
335 478
336 123
336 168
336 287
336 333
336 344
336 472
336 500
337 262
337 264
337 266
337 268
337 365
337 388
337 440
338 47
338 66
338 205
338 215
338 342
338 345
338 445
339 341
339 346
339 413
339 427
339 429
339 432
339 452
340 7
340 280
340 283
340 285
340 396
340 474
341 180
341 311
341 335
341 339
341 346
341 362
341 427
342 201
342 215
342 338
342 345
342 489
343 1
343 4
343 113
343 369
343 419
343 467
343 469
344 162
344 253
344 333
344 336
344 345
344 408
345 106
345 338
345 342
345 344
345 359
346 59
346 219
346 246
346 339
346 341
346 350
346 427
347 8
347 12
347 13
347 103
347 140
347 289
347 466
348 22
348 86
348 128
348 306
348 352
348 450
348 479
349 36
349 120
349 127
349 248
349 286
349 430
349 436
350 268
350 346
350 353
350 360
350 413
350 427
350 489
351 22
351 23
351 128
351 265
351 352
352 76
352 160
352 178
352 284
352 348
352 351
352 359
353 151
353 227
353 241
353 350
353 354
353 413
353 468
354 130
354 196
354 353
354 403
354 413
354 450
354 494
355 146
355 326
355 389
355 437
355 486
355 488
356 19
356 20
356 21
356 60
356 68
356 269
356 318
357 3
357 358
357 360
357 429
357 450
357 452
357 469
358 7
358 61
358 190
358 196
358 357
358 360
358 442
358 450
359 203
359 345
359 352
359 365
359 375
360 319
360 350
360 357
360 358
360 362
360 425
360 469
360 489
361 177
361 265
361 371
361 404
361 423
361 438
361 453
361 484
362 160
362 178
362 311
362 341
362 360
362 451
362 469
362 480
363 45
363 72
363 179
363 233
363 385
363 393
363 474
363 490
364 61
364 143
364 215
364 272
364 314
364 368
364 371
364 402
365 337
365 359
365 375
365 377
365 388
366 69
366 225
366 253
366 255
366 258
366 317
366 376
366 431
367 93
367 213
367 225
367 258
367 263
367 317
367 373
367 433
368 61
368 143
368 149
368 278
368 282
368 364
368 371
368 402
369 2
369 225
369 273
369 343
369 373
369 374
369 467
369 478
370 74
370 84
370 139
370 303
370 392
370 416
370 460
370 472
371 61
371 143
371 361
371 364
371 368
371 402
371 423
371 476
372 178
372 193
372 232
372 437
372 442
372 455
372 460
372 465
372 466
372 467
373 2
373 188
373 235
373 367
373 369
373 374
373 399
373 431
374 2
374 369
374 373
374 387
374 451
374 456
374 480
374 495
375 91
375 359
375 365
375 377
375 462
375 499
376 69
376 153
376 193
376 255
376 366
376 420
376 431
376 449
376 458
377 129
377 282
377 365
377 375
377 382
377 457
377 477
378 134
378 386
378 404
378 405
378 469
378 480
378 491
378 495
379 180
379 182
379 183
379 187
379 428
379 445
379 448
380 120
380 295
380 324
380 382
380 384
380 386
380 465
380 476
381 2
381 93
381 224
381 263
381 387
381 388
381 389
381 415
382 259
382 281
382 377
382 380
382 384
383 49
383 50
383 52
383 226
383 249
383 269
383 421
383 427
384 142
384 380
384 382
384 390
384 499
385 316
385 363
385 398
385 416
385 443
385 469
385 490
385 497
386 104
386 138
386 267
386 324
386 378
386 380
386 398
386 405
387 141
387 243
387 374
387 381
387 388
387 389
387 394
387 414
388 56
388 201
388 262
388 337
388 365
388 381
388 387
388 389
389 146
389 201
389 355
389 381
389 387
389 388
389 411
389 432
390 384
390 391
390 396
390 490
390 497
391 299
391 302
391 308
391 390
391 396
391 401
392 13
392 80
392 82
392 303
392 326
392 370
392 439
392 487
393 10
393 72
393 77
393 179
393 316
393 363
393 454
393 473
394 68
394 244
394 387
394 395
394 397
394 407
394 461
394 470
395 37
395 201
395 331
395 394
395 397
395 423
395 463
395 484
396 340
396 390
396 391
396 401
396 474
397 30
397 93
397 263
397 266
397 331
397 394
397 395
397 408
398 254
398 305
398 316
398 324
398 385
398 386
398 419
398 477
399 42
399 235
399 257
399 279
399 291
399 292
399 293
399 373
399 431
400 17
400 25
400 328
400 423
400 478
400 484
400 494
400 500
401 277
401 300
401 391
401 396
401 403
402 63
402 206
402 297
402 364
402 368
402 371
402 406
402 411
402 441
403 79
403 354
403 401
403 424
403 436
404 65
404 167
404 209
404 361
404 378
404 412
404 453
404 495
405 11
405 99
405 128
405 152
405 234
405 241
405 267
405 378
405 386
406 104
406 295
406 323
406 324
406 402
406 411
406 414
406 417
406 422
407 208
407 211
407 221
407 231
407 243
407 244
407 394
407 453
407 463
408 198
408 220
408 288
408 344
408 397
408 448
408 456
408 468
408 470
408 478
409 98
409 105
409 131
409 262
409 297
409 316
409 443
409 446
409 494
410 46
410 136
410 163
410 164
410 166
410 168
410 274
410 452
410 492
411 6
411 389
411 402
411 406
411 414
411 417
411 422
411 486
411 488
412 204
412 209
412 332
412 404
412 419
412 422
412 425
412 440
412 489
413 196
413 339
413 350
413 353
413 354
413 427
413 429
413 492
413 496
414 141
414 243
414 387
414 406
414 411
414 422
414 425
414 426
414 453
415 224
415 240
415 263
415 381
415 425
415 426
415 431
415 439
415 484
416 215
416 239
416 316
416 370
416 385
416 419
416 428
416 460
416 472
417 248
417 286
417 406
417 411
417 422
417 425
417 426
417 436
417 453
418 115
418 122
418 123
418 270
418 309
419 143
419 230
419 343
419 398
419 412
419 416
419 428
419 464
419 467
420 15
420 154
420 193
420 205
420 334
420 376
420 449
420 463
420 484
421 27
421 39
421 252
421 383
421 434
421 435
421 441
421 457
421 461
421 480
422 319
422 332
422 406
422 411
422 412
422 414
422 417
422 425
422 426
422 489
423 89
423 126
423 223
423 229
423 361
423 371
423 395
423 400
423 463
423 484
424 61
424 110
424 403
424 436
424 447
425 294
425 332
425 360
425 412
425 414
425 415
425 417
425 422
425 426
425 484
426 126
426 212
426 414
426 415
426 417
426 422
426 425
426 435
426 466
426 471
427 161
427 226
427 249
427 315
427 339
427 341
427 346
427 350
427 383
427 413
428 66
428 149
428 205
428 379
428 416
428 419
428 443
428 445
428 448
428 459
429 3
429 5
429 6
429 34
429 42
429 339
429 357
429 413
429 452
429 458
430 18
430 36
430 121
430 127
430 222
430 228
430 349
430 451
430 468
430 495
431 60
431 366
431 373
431 376
431 399
431 415
431 439
431 444
431 446
431 484
432 6
432 109
432 115
432 231
432 332
432 334
432 335
432 339
432 389
432 476
433 146
433 213
433 242
433 243
433 244
433 263
433 367
434 39
434 56
434 63
434 171
434 185
434 252
434 291
434 293
434 421
434 498
435 8
435 140
435 238
435 421
435 426
435 441
435 461
435 471
435 478
435 480
436 141
436 349
436 403
436 417
436 424
436 447
437 70
437 232
437 355
437 372
437 438
438 48
438 166
438 193
438 205
438 265
438 321
438 361
438 437
438 455
438 493
439 9
439 13
439 326
439 392
439 415
439 431
439 444
439 446
439 484
439 487
440 219
440 246
440 260
440 303
440 309
440 337
440 412
440 448
440 455
440 467
441 63
441 145
441 200
441 233
441 402
441 421
441 435
441 445
441 461
441 480
442 7
442 61
442 178
442 190
442 358
442 372
442 460
442 465
442 466
442 467
443 62
443 90
443 172
443 187
443 262
443 297
443 385
443 409
443 428
443 458
444 2
444 138
444 229
444 271
444 275
444 431
444 439
444 446
444 457
444 484
445 46
445 47
445 66
445 102
445 178
445 184
445 205
445 210
445 251
445 324
445 338
445 379
445 428
445 441
445 448
445 477
445 488
445 489
445 492
446 216
446 331
446 409
446 431
446 439
446 444
446 457
446 484
446 498
447 333
447 335
447 424
447 436
447 454
448 66
448 205
448 379
448 408
448 428
448 440
448 445
448 456
448 470
448 478
448 480
449 29
449 81
449 155
449 205
449 217
449 222
449 298
449 376
449 420
449 474
449 493
450 82
450 97
450 144
450 196
450 306
450 307
450 348
450 354
450 357
450 358
450 469
451 35
451 251
451 253
451 317
451 362
451 374
451 430
451 456
451 461
451 469
451 495
452 296
452 309
452 310
452 312
452 327
452 339
452 357
452 410
452 429
452 455
452 492
453 141
453 180
453 206
453 209
453 265
453 274
453 361
453 404
453 407
453 414
453 417
454 280
454 393
454 447
454 473
454 475
454 479
455 174
455 193
455 296
455 304
455 321
455 372
455 438
455 440
455 452
455 456
455 488
456 10
456 374
456 408
456 448
456 451
456 455
456 461
456 468
456 470
456 474
456 495
457 22
457 115
457 122
457 282
457 377
457 421
457 444
457 446
457 461
457 477
457 480
458 42
458 62
458 135
458 193
458 214
458 376
458 429
458 443
459 11
459 76
459 78
459 81
459 85
459 92
459 128
459 152
459 234
459 330
459 428
460 370
460 372
460 416
460 442
460 465
460 466
460 467
460 470
460 472
460 476
460 500
461 289
461 394
461 421
461 435
461 441
461 451
461 456
461 457
461 468
461 478
461 495
462 62
462 66
462 90
462 91
462 375
462 472
462 473
462 486
462 487
462 490
462 498
462 499
463 25
463 197
463 198
463 208
463 334
463 395
463 407
463 420
463 423
463 464
463 471
463 476
464 3
464 143
464 228
464 229
464 232
464 257
464 268
464 333
464 419
464 463
464 467
464 478
465 157
465 204
465 323
465 324
465 331
465 372
465 380
465 442
465 460
465 466
465 467
465 476
466 276
466 283
466 328
466 347
466 372
466 426
466 442
466 460
466 465
466 467
466 471
466 476
467 343
467 369
467 372
467 419
467 440
467 442
467 460
467 464
467 465
467 466
467 476
467 478
468 201
468 282
468 289
468 353
468 408
468 430
468 456
468 461
468 470
468 474
468 478
468 480
469 343
469 357
469 360
469 362
469 378
469 385
469 450
469 451
469 490
469 497
470 123
470 168
470 192
470 327
470 394
470 408
470 448
470 456
470 460
470 468
470 472
470 478
471 26
471 119
471 190
471 197
471 198
471 211
471 276
471 328
471 426
471 435
471 463
471 466
472 150
472 296
472 336
472 370
472 416
472 460
472 462
472 470
472 473
472 482
472 486
472 487
472 490
473 10
473 150
473 280
473 316
473 393
473 454
473 462
473 472
473 482
473 483
473 486
473 487
473 490
474 10
474 17
474 20
474 29
474 81
474 217
474 281
474 320
474 340
474 363
474 396
474 449
474 456
474 468
475 173
475 254
475 454
475 479
475 481
476 37
476 61
476 72
476 143
476 230
476 371
476 380
476 432
476 460
476 463
476 465
476 466
476 467
476 484
477 22
477 46
477 122
477 125
477 129
477 324
477 377
477 398
477 445
477 457
477 488
477 489
477 490
477 492
478 143
478 257
478 333
478 335
478 369
478 400
478 408
478 435
478 448
478 461
478 464
478 467
478 468
478 470
478 480
479 86
479 306
479 348
479 454
479 475
479 481
480 176
480 222
480 228
480 289
480 362
480 374
480 378
480 421
480 435
480 441
480 448
480 457
480 468
480 478
480 495
481 223
481 300
481 475
481 479
481 483
482 5
482 24
482 36
482 89
482 185
482 194
482 245
482 472
482 473
482 486
482 488
482 489
482 490
482 492
482 493
483 10
483 473
483 481
483 485
483 491
484 111
484 132
484 173
484 334
484 361
484 395
484 400
484 415
484 420
484 423
484 425
484 431
484 439
484 444
484 446
484 476
485 116
485 267
485 309
485 483
485 491
486 66
486 111
486 146
486 150
486 165
486 189
486 322
486 355
486 411
486 462
486 472
486 473
486 482
486 487
486 488
486 490
487 24
487 66
487 118
487 148
487 150
487 256
487 292
487 317
487 326
487 392
487 439
487 462
487 472
487 473
487 486
487 490
487 498
488 6
488 46
488 67
488 109
488 146
488 209
488 309
488 324
488 355
488 411
488 445
488 455
488 477
488 482
488 486
488 489
488 492
489 21
489 46
489 164
489 201
489 268
489 294
489 303
489 324
489 342
489 350
489 360
489 412
489 422
489 445
489 477
489 482
489 488
489 492
490 12
490 34
490 45
490 50
490 150
490 197
490 233
490 363
490 385
490 390
490 462
490 469
490 472
490 473
490 477
490 482
490 486
490 487
491 65
491 267
491 378
491 483
491 485
492 46
492 136
492 171
492 172
492 178
492 181
492 202
492 281
492 324
492 410
492 413
492 445
492 452
492 477
492 482
492 488
492 489
492 496
493 5
493 36
493 185
493 194
493 205
493 265
493 438
493 449
493 482
494 130
494 202
494 262
494 328
494 354
494 400
494 409
495 18
495 66
495 79
495 98
495 249
495 263
495 282
495 374
495 378
495 404
495 430
495 451
495 456
495 461
495 480
495 497
495 498
495 499
495 500
496 3
496 44
496 46
496 108
496 118
496 136
496 249
496 282
496 285
496 304
496 306
496 413
496 492
496 497
496 499
496 500
497 34
497 45
497 50
497 57
497 78
497 139
497 197
497 233
497 249
497 263
497 282
497 306
497 385
497 390
497 469
497 495
497 496
497 499
497 500
498 49
498 66
498 87
498 98
498 101
498 105
498 131
498 150
498 162
498 242
498 249
498 258
498 263
498 282
498 331
498 434
498 446
498 462
498 487
498 495
499 90
499 119
499 142
499 150
499 172
499 184
499 187
499 207
499 249
499 263
499 282
499 306
499 310
499 375
499 384
499 462
499 495
499 496
499 497
499 500
500 98
500 158
500 167
500 168
500 192
500 239
500 249
500 263
500 282
500 296
500 306
500 327
500 336
500 400
500 460
500 495
500 496
500 497
500 499
