1 35
2 28
3 29
4 38
5 32
6 40
7 18
8 15
9 33
10 2
11 14
12 26
13 31
14 26
15 7
16 29
17 41
18 39
19 16
20 45
21 22
22 2
23 38
24 42
25 28
26 38
27 1
28 34
29 31
30 31
31 10
32 27
33 15
34 27
35 9
36 41
37 39
38 5
39 38
40 32
41 23
42 24
43 41
44 46
45 1
46 39
47 45
48 13
49 35
50 14
51 11
52 28
53 44
54 16
55 23
56 30
57 34
58 36
59 16
60 25
61 10
62 21
63 29
64 18
65 1
66 42
67 40
68 33
69 3
70 1
71 31
72 38
73 46
74 24
75 15
76 33
77 30
78 23
79 10
80 29
81 42
82 34
83 23
84 34
85 26
86 23
87 41
88 14
89 25
90 7
91 11
92 12
93 29
94 28
95 9
96 13
97 26
98 23
99 38
100 41
101 37
102 4
103 35
104 19
105 39
106 30
107 19
108 14
109 11
110 45
111 1
112 26
113 19
114 41
115 27
116 12
117 7
118 29
119 5
120 20
121 30
122 19
123 29
124 44
125 6
126 32
127 19
128 30
129 43
130 32
131 24
132 16
133 25
134 31
135 22
136 35
137 41
138 30
139 5
140 24
141 43
142 34
143 13
144 45
145 19
146 13
147 32
148 38
149 12
150 4
151 24
152 25
153 9
154 22
155 25
156 24
157 24
158 21
159 40
160 42
161 7
162 14
163 8
164 9
165 42
166 6
167 39
168 36
169 5
170 34
171 16
172 18
173 15
174 32
175 29
176 14
177 3
178 16
179 18
180 23
181 28
182 29
183 16
184 30
185 35
186 17
187 15
188 13
189 18
190 5
191 22
192 10
193 38
194 14
195 7
196 25
197 8
198 33
199 30
200 22
201 1
202 32
203 43
204 44
205 33
206 44
207 29
208 39
209 19
210 16
211 26
212 25
213 44
214 43
215 18
216 21
217 46
218 29
219 21
220 27
221 17
222 26
223 23
224 27
225 14
226 11
227 7
228 32
229 45
230 1
231 40
232 31
233 27
234 31
235 11
236 8
237 6
238 34
239 37
240 42
241 35
242 18
243 6
244 29
245 3
246 30
247 12
248 23
249 29
250 37
251 2
252 8
253 36
254 16
255 41
256 36
257 25
258 23
259 18
260 26
261 38
262 20
263 44
264 35
265 38
266 42
267 16
268 22
269 39
270 35
271 26
272 40
273 14
274 35
275 16
276 14
277 40
278 14
279 19
280 18
281 18
282 33
283 6
284 10
285 22
286 13
287 41
288 25
289 12
290 18
291 35
292 43
293 4
294 12
295 4
296 29
297 34
298 8
299 11
300 13
301 26
302 43
303 26
304 38
305 12
306 21
307 16
308 18
309 38
310 3
311 32
312 1
313 18
314 26
315 25
316 22
317 27
318 46
319 1
320 22
321 44
322 31
323 28
324 22
325 3
326 26
327 19
328 35
329 24
330 35
331 26
332 2
333 27
334 27
335 32
336 22
337 23
338 1
339 17
340 28
341 31
342 46
343 22
344 38
345 30
346 29
347 6
348 23
349 18
350 3
351 11
352 42
353 1
354 22
355 18
356 27
357 19
358 41
359 14
360 20
361 26
362 12
363 20
364 14
365 12
366 13
367 29
368 44
369 11
370 4
371 24
372 44
373 17
374 6
375 31
376 20
377 41
378 7
379 36
380 22
381 22
382 20
383 1
384 31
385 41
386 17
387 31
388 8
389 23
390 4
391 35
392 31
393 24
394 42
395 18
396 46
397 22
398 14
399 30
400 26
401 14
402 41
403 4
404 26
405 37
406 24
407 21
408 29
409 21
410 26
411 15
412 41
413 29
414 15
415 3
416 2
417 9
418 38
419 13
420 32
421 44
422 12
423 4
424 37
425 37
426 44
427 18
428 35
429 35
430 26
431 1
432 31
433 1
434 46
435 31
436 1
437 6
438 27
439 8
440 31
441 37
442 34
443 15
444 24
445 14
446 19
447 31
448 37
449 11
450 38
451 12
452 14
453 23
454 30
455 31
456 24
457 4
458 24
459 14
460 38
461 15
462 39
463 46
464 44
465 12
466 15
467 35
468 41
469 46
470 25
471 26
472 41
473 32
474 11
475 14
476 16
477 29
478 14
479 18
480 14
481 18
482 29
483 24
484 23
485 19
486 18
487 39
488 41
489 16
490 23
491 19
492 29
493 18
494 29
495 23
496 35
497 23
498 22
499 31
500 31
