1 154
1 408
1 442
1 457
1 499
2 33
2 105
2 139
2 207
2 238
2 265
2 404
3 26
3 29
3 102
3 249
3 334
4 66
4 286
4 320
4 358
4 405
4 440
5 75
5 121
5 173
5 325
6 7
6 149
6 178
6 382
6 413
7 6
7 114
7 119
7 147
7 234
7 267
7 385
7 416
7 422
7 426
7 449
7 451
7 452
7 467
7 482
8 10
8 97
8 117
8 164
8 362
8 495
9 36
9 202
9 264
9 360
9 445
10 8
10 23
10 65
10 312
10 399
11 13
11 222
11 362
11 423
11 470
12 46
12 157
12 199
12 217
13 11
13 72
13 116
13 225
13 263
13 340
13 343
13 371
13 380
13 381
13 387
13 397
13 437
13 450
13 459
13 478
13 500
14 15
14 130
14 141
14 276
14 305
14 306
14 317
14 407
14 434
14 447
14 472
14 489
15 14
15 48
15 121
15 173
15 218
16 212
16 275
16 370
16 391
16 424
17 19
17 38
17 55
17 161
17 193
17 201
17 277
17 361
18 276
18 317
18 407
18 439
18 489
19 17
19 58
19 182
19 239
19 287
20 23
20 90
20 284
20 395
20 414
21 149
21 178
21 227
21 355
21 382
21 413
22 51
22 89
22 187
22 384
22 410
23 10
23 20
23 65
23 312
23 399
24 26
24 48
24 121
24 142
24 173
24 325
25 184
25 204
25 245
25 278
25 293
26 3
26 24
26 101
26 102
26 166
27 79
27 86
27 174
27 220
27 329
27 332
27 356
27 357
27 390
27 431
27 441
27 471
27 491
27 494
28 31
28 92
28 310
28 346
28 428
29 3
29 204
29 245
29 278
29 293
30 138
30 318
30 363
30 409
30 412
31 28
31 40
31 41
31 53
31 92
31 176
31 310
31 314
31 315
31 346
31 428
32 260
32 364
32 466
32 477
32 480
33 2
33 139
33 207
33 265
34 167
34 198
34 408
34 442
34 457
35 49
35 77
35 261
35 270
35 338
36 9
36 69
36 170
36 202
36 445
37 74
37 160
37 203
37 307
37 309
37 341
37 365
38 17
38 83
38 161
38 193
38 201
38 277
39 57
39 137
39 185
39 186
39 191
39 194
39 237
39 243
39 321
39 443
39 473
39 492
40 31
40 124
40 132
40 216
40 258
40 328
40 335
40 468
41 31
41 43
41 92
41 111
41 346
41 428
42 100
42 118
42 181
42 268
42 488
43 41
43 171
43 232
43 354
43 498
44 45
44 157
44 199
44 217
44 425
44 446
45 44
45 152
45 229
45 349
45 419
46 12
46 157
46 199
46 425
46 446
47 48
47 350
47 400
47 418
47 456
47 458
47 474
47 481
48 15
48 24
48 47
48 75
48 121
48 142
48 173
48 218
48 325
49 35
49 77
49 148
49 261
49 270
49 352
49 420
50 131
50 257
50 377
50 401
50 421
50 444
50 461
50 463
50 487
50 496
51 22
51 53
51 89
51 103
51 187
51 266
51 298
51 301
51 384
52 269
52 305
52 407
52 447
52 489
53 31
53 51
53 92
53 111
53 176
53 314
53 346
53 428
54 231
54 235
54 256
54 274
54 295
54 322
55 17
55 161
55 193
55 361
56 251
56 364
56 466
56 477
56 480
57 39
57 443
57 473
57 484
57 492
58 19
58 59
58 182
58 239
58 287
59 58
59 68
59 158
59 308
59 339
60 61
60 93
60 229
60 281
60 349
60 419
61 60
61 122
61 169
61 376
61 403
61 476
62 64
62 127
62 273
62 329
62 368
62 378
63 128
63 136
63 302
63 336
63 337
63 366
64 62
64 196
64 395
64 414
64 486
65 10
65 23
65 68
65 312
65 399
66 4
66 87
66 126
66 195
66 286
66 320
66 358
66 405
67 108
67 273
67 329
67 368
67 378
68 59
68 65
68 158
68 308
68 339
68 417
69 36
69 106
69 172
69 189
69 331
70 107
70 115
70 221
70 223
70 252
70 255
70 282
70 304
70 341
70 393
71 169
71 290
71 367
71 403
71 476
72 13
72 116
72 263
72 478
72 500
73 117
73 164
73 362
73 423
73 495
74 37
74 75
74 160
74 341
74 365
75 5
75 48
75 74
75 121
75 142
76 79
76 120
76 246
76 351
76 406
77 35
77 49
77 98
77 261
77 420
78 418
78 456
78 458
78 474
78 481
79 27
79 76
79 431
79 441
79 471
80 401
80 461
80 463
80 487
80 496
81 82
81 136
81 248
81 302
81 336
81 337
81 366
82 81
82 145
82 151
82 342
82 432
83 38
83 87
83 161
83 277
83 361
84 171
84 232
84 242
84 247
84 498
85 129
85 192
85 231
85 235
85 236
86 27
86 220
86 228
86 332
86 356
86 357
86 390
86 431
86 441
86 471
87 66
87 83
87 126
87 195
87 200
87 286
87 358
87 389
87 405
88 93
88 244
88 387
88 478
88 500
89 22
89 51
89 103
89 187
89 292
89 301
89 384
90 20
90 155
90 159
90 162
90 196
90 284
90 379
90 395
90 414
90 486
90 493
91 225
91 450
91 459
91 478
91 500
92 28
92 31
92 41
92 53
92 314
92 346
93 60
93 88
93 152
93 229
93 281
93 349
93 419
94 134
94 163
94 175
94 246
94 351
94 406
95 101
95 180
95 260
95 313
95 326
95 333
95 364
95 477
95 480
96 275
96 323
96 391
96 424
97 8
97 117
97 164
97 222
97 362
98 77
98 102
98 261
98 352
98 420
99 104
99 109
99 279
99 283
99 299
100 42
100 250
100 272
100 316
100 488
101 26
101 95
101 102
101 104
101 334
102 3
102 26
102 98
102 101
102 104
102 166
102 214
102 249
102 334
102 427
103 51
103 89
103 292
103 301
103 384
103 410
104 99
104 101
104 102
104 214
104 334
105 2
105 139
105 207
105 238
105 404
106 69
106 189
106 264
106 331
106 451
107 70
107 115
107 255
107 282
107 304
107 393
108 67
108 273
108 329
108 368
108 378
109 99
109 135
109 279
109 283
109 299
109 324
109 348
110 111
110 158
110 224
110 303
110 339
111 41
111 53
111 110
111 176
111 428
112 400
112 418
112 456
112 458
112 474
112 481
113 114
113 204
113 245
113 278
113 345
114 7
114 113
114 147
114 467
114 482
115 70
115 107
115 304
115 393
115 411
116 13
116 72
116 340
116 381
116 459
116 478
116 500
117 8
117 73
117 97
117 119
117 164
117 210
117 213
117 219
117 222
117 330
117 362
117 374
117 383
117 423
117 438
117 470
117 495
118 42
118 181
118 250
118 272
118 296
118 316
118 327
118 435
118 448
118 464
118 469
118 488
119 7
119 117
119 385
119 416
119 449
119 451
119 482
120 76
120 121
120 163
120 246
120 351
121 5
121 15
121 24
121 48
121 75
121 120
121 142
121 218
122 61
122 169
122 367
122 376
122 403
122 476
123 364
123 455
123 466
123 477
123 480
124 40
124 125
124 132
124 216
124 335
125 124
125 132
125 216
125 328
125 335
125 468
126 66
126 87
126 200
126 358
126 405
126 440
127 62
127 329
127 368
127 378
127 453
128 63
128 129
128 288
128 336
128 337
128 366
129 85
129 128
129 192
129 236
129 295
130 14
130 132
130 317
130 434
130 447
130 472
130 489
131 50
131 257
131 300
131 377
131 401
131 421
131 436
131 444
131 461
131 463
131 487
131 490
132 40
132 124
132 125
132 130
132 258
132 328
132 335
132 468
133 136
133 289
133 435
133 448
133 469
133 488
134 94
134 246
134 351
134 372
134 460
135 109
135 279
135 299
135 324
135 348
136 63
136 81
136 133
136 288
136 302
136 336
136 337
136 366
137 39
137 185
137 191
137 194
137 237
137 285
137 321
137 392
137 394
137 429
137 443
137 454
137 473
137 484
137 492
138 30
138 150
138 230
138 318
138 347
138 363
138 398
138 415
138 433
139 2
139 33
139 105
139 140
139 207
139 238
139 265
140 139
140 215
140 364
140 477
140 480
141 14
141 143
141 254
141 306
141 317
141 434
141 472
142 24
142 48
142 75
142 121
142 216
143 141
143 146
143 179
143 208
143 297
143 396
143 462
144 145
144 253
144 401
144 487
144 496
145 82
145 144
145 151
145 342
145 432
146 143
146 183
146 208
146 297
146 353
146 396
146 462
147 7
147 114
147 385
147 416
147 449
147 451
147 452
147 467
147 479
147 482
148 49
148 261
148 291
148 352
148 420
149 6
149 21
149 151
149 178
149 382
149 413
150 138
150 318
150 347
150 363
150 412
151 82
151 145
151 149
151 342
151 432
152 45
152 93
152 229
152 281
152 349
153 154
153 275
153 323
153 370
153 391
153 424
154 1
154 153
154 167
154 205
154 408
154 442
154 457
154 499
155 90
155 159
155 196
155 284
155 486
156 157
156 240
156 262
156 294
156 353
157 12
157 44
157 46
157 156
157 199
157 217
157 425
158 59
158 68
158 110
158 339
158 417
159 90
159 155
159 284
159 414
159 486
160 37
160 74
160 203
160 307
160 309
160 341
160 365
161 17
161 38
161 55
161 83
161 201
161 361
162 90
162 166
162 284
162 395
162 414
162 486
163 94
163 120
163 246
163 351
163 372
163 460
164 8
164 73
164 97
164 117
164 168
164 210
164 213
164 219
164 222
164 290
164 293
164 330
164 362
164 374
164 383
164 423
164 438
164 470
164 483
164 495
165 231
165 235
165 236
165 256
165 295
165 322
166 26
166 102
166 162
166 214
166 249
166 427
167 34
167 154
167 168
167 205
167 226
167 388
167 408
167 442
167 457
168 164
168 167
168 362
168 438
168 470
168 483
169 61
169 71
169 122
169 171
169 290
169 367
169 373
169 376
169 403
169 476
170 36
170 172
170 189
170 202
170 314
170 331
171 43
171 84
171 169
171 242
171 247
171 498
172 69
172 170
172 175
172 189
172 202
172 259
172 264
172 360
172 445
173 5
173 15
173 24
173 48
173 218
173 325
174 27
174 220
174 356
174 390
174 431
174 494
175 94
175 172
175 246
175 351
175 372
175 460
176 31
176 53
176 111
176 177
176 314
176 315
176 428
177 176
177 418
177 456
177 458
177 474
177 481
178 6
178 21
178 149
178 197
178 227
178 241
178 355
178 382
178 413
179 143
179 208
179 294
179 297
179 353
179 462
180 95
180 181
180 333
180 364
180 477
180 480
181 42
181 118
181 180
181 268
181 316
181 435
181 448
181 488
182 19
182 58
182 184
182 239
182 287
183 146
183 240
183 262
183 294
183 396
183 462
184 25
184 182
184 245
184 278
184 345
184 375
185 39
185 137
185 191
185 194
185 429
185 443
185 473
185 484
186 39
186 400
186 418
186 456
186 474
186 481
187 22
187 51
187 89
187 266
187 292
187 301
188 190
188 220
188 356
188 390
188 431
188 471
188 494
189 69
189 106
189 170
189 172
189 259
189 445
190 188
190 386
190 392
190 484
190 492
191 39
191 137
191 185
191 194
191 213
191 237
191 321
191 394
191 429
191 443
191 473
191 484
191 492
192 85
192 129
192 193
192 235
192 274
193 17
193 38
193 55
193 192
193 277
194 39
194 137
194 185
194 191
194 237
194 285
194 321
194 392
194 394
194 443
194 454
194 473
194 484
194 492
195 66
195 87
195 200
195 389
195 405
195 440
196 64
196 90
196 155
196 284
196 486
196 493
197 178
197 199
197 241
197 355
197 382
197 413
198 34
198 408
198 442
198 457
199 12
199 44
199 46
199 157
199 197
199 217
199 425
199 446
200 87
200 126
200 195
200 358
200 405
201 17
201 38
201 161
201 277
201 361
202 9
202 36
202 170
202 172
202 360
202 445
203 37
203 160
203 307
203 309
203 341
203 365
204 25
204 29
204 113
204 345
204 375
204 379
205 154
205 167
205 206
205 226
205 388
205 442
206 205
206 418
206 456
206 458
206 474
206 481
207 2
207 33
207 105
207 139
207 208
207 404
208 143
208 146
208 179
208 207
208 297
208 396
209 257
209 377
209 401
209 430
209 461
209 463
210 117
210 164
210 330
210 362
210 438
210 470
211 212
211 214
211 323
211 370
211 391
211 424
212 16
212 211
212 275
212 323
212 391
212 424
213 117
213 164
213 191
213 237
213 362
213 374
213 383
213 438
213 470
213 483
214 102
214 104
214 166
214 211
214 334
215 140
215 326
215 364
215 466
215 477
215 480
216 40
216 124
216 125
216 142
216 311
216 468
217 12
217 44
217 157
217 199
217 425
217 446
218 15
218 48
218 121
218 173
218 220
219 117
219 164
219 362
219 374
219 383
219 438
220 27
220 86
220 174
220 188
220 218
220 228
220 332
220 356
220 357
220 359
220 390
220 431
220 441
220 453
220 471
220 475
220 491
220 494
221 70
221 223
221 226
221 255
221 282
221 304
222 11
222 97
222 117
222 164
222 362
222 438
222 470
223 70
223 221
223 255
223 304
223 393
224 110
224 303
224 308
224 339
224 417
225 13
225 91
225 343
225 450
225 478
225 500
226 167
226 205
226 221
226 388
226 442
226 457
227 21
227 178
227 233
227 241
227 355
227 382
227 413
228 86
228 220
228 356
228 357
228 390
228 471
229 45
229 60
229 93
229 152
229 281
229 349
230 138
230 318
230 398
230 409
230 412
231 54
231 85
231 165
231 235
231 295
231 322
232 43
232 84
232 247
232 354
232 498
233 227
233 257
233 377
233 401
233 421
233 461
233 463
233 487
233 496
234 7
234 402
234 424
234 451
234 452
234 482
235 54
235 85
235 165
235 192
235 231
235 322
236 85
236 129
236 165
236 239
236 256
236 274
237 39
237 137
237 191
237 194
237 213
237 321
237 392
237 443
237 454
237 473
237 484
237 492
238 2
238 105
238 139
238 265
238 404
239 19
239 58
239 182
239 236
239 287
240 156
240 183
240 241
240 353
240 396
240 462
241 178
241 197
241 227
241 240
241 382
241 413
242 84
242 171
242 247
242 319
242 340
242 354
242 498
243 39
243 246
243 285
243 473
243 484
243 492
244 88
244 340
244 380
244 478
244 500
245 25
245 29
245 113
245 184
245 293
245 345
245 375
245 379
246 76
246 94
246 120
246 134
246 163
246 175
246 243
246 372
246 406
246 460
247 84
247 171
247 232
247 242
247 248
247 498
248 81
248 247
248 336
248 337
248 366
249 3
249 102
249 166
249 250
249 334
249 427
250 100
250 118
250 249
250 316
250 327
250 435
250 448
250 469
250 488
251 56
251 326
251 364
251 466
251 477
251 480
252 70
252 253
252 255
252 304
252 393
253 144
253 252
253 377
253 401
253 487
253 496
254 141
254 305
254 306
254 472
254 489
255 70
255 107
255 221
255 223
255 252
255 304
256 54
256 165
256 236
256 274
256 295
257 50
257 131
257 209
257 233
257 259
257 300
257 319
257 377
257 401
257 421
257 430
257 444
257 461
257 463
257 485
257 487
257 490
257 496
257 497
258 40
258 132
258 264
258 311
258 328
258 335
258 468
259 172
259 189
259 257
259 264
259 331
259 360
260 32
260 95
260 326
260 333
260 364
260 477
260 480
261 35
261 49
261 77
261 98
261 148
261 270
261 291
261 338
261 352
262 156
262 183
262 294
262 396
262 462
263 13
263 72
263 340
263 381
263 397
263 500
264 9
264 106
264 172
264 258
264 259
264 360
264 445
265 2
265 33
265 139
265 238
265 266
266 51
266 187
266 265
266 292
266 298
266 301
266 384
267 7
267 268
267 426
267 449
267 451
267 452
267 482
268 42
268 181
268 267
268 316
268 448
268 469
268 488
269 52
269 274
269 439
269 472
269 489
270 35
270 49
270 261
270 291
270 338
270 352
270 420
271 280
271 350
271 400
271 456
271 458
271 474
271 481
272 100
272 118
272 296
272 316
272 435
272 448
272 488
273 62
273 67
273 108
273 329
273 345
273 368
273 378
274 54
274 192
274 236
274 256
274 269
274 322
275 16
275 96
275 153
275 212
275 277
275 391
275 424
276 14
276 18
276 317
276 344
276 406
276 472
276 489
277 17
277 38
277 83
277 193
277 201
277 275
278 25
278 29
278 113
278 184
278 345
278 375
278 379
279 99
279 109
279 135
279 283
279 299
279 324
279 348
280 271
280 281
280 350
280 400
280 418
280 456
280 458
280 474
280 481
281 60
281 93
281 152
281 229
281 280
281 349
281 419
282 70
282 107
282 221
282 283
282 304
282 393
282 411
283 99
283 109
283 279
283 282
283 299
283 324
283 348
284 20
284 90
284 155
284 159
284 162
284 196
284 285
284 395
284 414
284 486
284 493
285 137
285 194
285 243
285 284
285 443
285 473
285 484
285 492
286 4
286 66
286 87
286 287
286 320
286 358
286 389
287 19
287 58
287 182
287 239
287 286
288 128
288 136
288 289
288 302
288 336
288 337
288 366
289 133
289 288
289 316
289 435
289 448
289 469
289 488
290 71
290 164
290 169
290 367
290 373
290 376
290 476
291 148
291 261
291 270
291 352
291 420
292 89
292 103
292 187
292 266
292 298
292 301
292 410
293 25
293 29
293 164
293 245
293 345
293 375
293 379
294 156
294 179
294 183
294 262
294 295
295 54
295 129
295 165
295 231
295 256
295 294
295 322
296 118
296 272
296 297
296 316
296 435
296 464
296 488
297 143
297 146
297 179
297 208
297 296
298 51
298 266
298 292
298 301
298 384
298 447
299 99
299 109
299 135
299 279
299 283
299 303
299 324
299 348
300 131
300 257
300 377
300 401
300 444
300 463
300 496
301 51
301 89
301 103
301 187
301 266
301 292
301 298
301 308
301 384
301 410
302 63
302 81
302 136
302 288
302 337
302 366
303 110
303 224
303 299
303 308
303 339
303 417
304 70
304 107
304 115
304 221
304 223
304 252
304 255
304 282
304 393
304 411
305 14
305 52
305 254
305 317
305 344
305 472
305 489
306 14
306 141
306 254
306 317
306 407
306 447
306 472
306 489
307 37
307 160
307 203
307 341
307 365
308 59
308 68
308 224
308 301
308 303
308 339
308 417
309 37
309 160
309 203
309 341
309 365
310 28
310 31
310 311
310 315
310 428
311 216
311 258
311 310
311 328
311 335
311 468
312 10
312 23
312 65
312 315
312 399
313 95
313 333
313 364
313 477
313 480
314 31
314 53
314 92
314 170
314 176
314 346
314 428
315 31
315 176
315 310
315 312
315 428
316 100
316 118
316 181
316 250
316 268
316 272
316 289
316 296
316 317
316 435
316 448
316 464
316 469
316 488
317 14
317 18
317 130
317 141
317 276
317 305
317 306
317 316
317 344
317 407
317 489
318 30
318 138
318 150
318 230
318 320
318 347
318 363
318 398
318 415
318 433
319 242
319 257
319 340
319 377
319 401
319 421
319 461
319 463
319 487
319 496
320 4
320 66
320 286
320 318
320 358
320 389
320 405
321 39
321 137
321 191
321 194
321 237
321 323
321 394
321 443
321 473
321 484
321 492
322 54
322 165
322 231
322 235
322 274
322 295
323 96
323 153
323 211
323 212
323 321
323 370
323 424
324 109
324 135
324 279
324 283
324 299
325 5
325 24
325 48
325 173
326 95
326 215
326 251
326 260
326 333
326 364
326 466
327 118
327 250
327 328
327 448
327 464
327 488
328 40
328 125
328 132
328 258
328 311
328 327
328 335
328 468
329 27
329 62
329 67
329 108
329 127
329 273
329 368
329 378
330 117
330 164
330 210
330 362
330 374
330 383
330 470
330 495
331 69
331 106
331 170
331 259
331 332
332 27
332 86
332 220
332 331
332 356
332 357
332 390
332 494
333 95
333 180
333 260
333 313
333 326
333 336
333 466
333 480
334 3
334 101
334 102
334 104
334 214
334 249
334 337
334 427
335 40
335 124
335 125
335 132
335 258
335 311
335 328
335 468
336 63
336 81
336 128
336 136
336 248
336 288
336 333
336 366
337 63
337 81
337 128
337 136
337 248
337 288
337 302
337 334
338 35
338 261
338 270
338 352
338 420
339 59
339 68
339 110
339 158
339 224
339 303
339 308
339 417
340 13
340 116
340 242
340 244
340 263
340 319
340 343
340 371
340 380
340 381
340 387
340 397
340 437
340 450
340 459
340 478
340 500
341 37
341 70
341 74
341 160
341 203
341 307
341 309
341 365
342 82
342 145
342 151
342 344
342 432
343 13
343 225
343 340
343 371
343 380
343 381
343 387
343 397
343 450
343 459
343 465
343 478
343 500
344 276
344 305
344 317
344 342
344 472
344 489
345 113
345 184
345 204
345 245
345 273
345 278
345 293
345 379
346 28
346 31
346 41
346 53
346 92
346 314
346 347
347 138
347 150
347 318
347 346
347 363
347 412
347 415
347 433
348 109
348 135
348 279
348 283
348 299
348 349
349 45
349 60
349 93
349 152
349 229
349 281
349 348
349 419
350 47
350 271
350 280
350 352
350 400
350 456
350 474
350 481
351 76
351 94
351 120
351 134
351 163
351 175
351 372
351 460
352 49
352 98
352 148
352 261
352 270
352 291
352 338
352 350
353 146
353 156
353 179
353 240
353 356
353 396
353 462
354 43
354 232
354 242
355 21
355 178
355 197
355 227
355 382
355 413
356 27
356 86
356 174
356 188
356 220
356 228
356 332
356 353
356 357
356 359
356 390
356 431
356 441
356 471
356 494
357 27
357 86
357 220
357 228
357 332
357 356
357 471
357 475
358 4
358 66
358 87
358 126
358 200
358 286
358 320
358 361
359 220
359 356
359 441
359 471
359 494
360 9
360 172
360 202
360 259
360 264
360 445
361 17
361 55
361 83
361 161
361 201
361 358
362 8
362 11
362 73
362 97
362 117
362 164
362 168
362 210
362 213
362 219
362 222
362 330
362 363
362 423
362 470
362 483
363 30
363 138
363 150
363 318
363 347
363 362
363 409
363 412
363 415
363 433
364 32
364 56
364 95
364 123
364 140
364 180
364 215
364 251
364 260
364 313
364 326
364 455
364 477
365 37
365 74
365 160
365 203
365 307
365 309
365 341
365 367
366 63
366 81
366 128
366 136
366 248
366 288
366 302
366 336
367 71
367 122
367 169
367 290
367 365
367 369
367 376
367 476
368 62
368 67
368 108
368 127
368 273
368 329
368 369
368 378
369 367
369 368
369 373
369 376
369 403
370 16
370 153
370 211
370 323
370 381
370 385
370 391
370 424
371 13
371 340
371 343
371 373
371 381
371 437
371 459
371 500
372 134
372 163
372 175
372 246
372 351
372 406
373 169
373 290
373 369
373 371
373 403
373 476
374 117
374 164
374 213
374 219
374 330
374 375
374 383
374 423
375 184
375 204
375 245
375 278
375 293
375 374
375 379
376 61
376 122
376 169
376 290
376 367
376 369
376 403
376 476
377 50
377 131
377 209
377 233
377 253
377 257
377 300
377 319
377 378
377 401
377 421
377 430
377 436
377 444
377 461
377 485
377 496
377 497
378 62
378 67
378 108
378 127
378 273
378 329
378 368
378 377
379 90
379 204
379 245
379 278
379 293
379 345
379 375
380 13
380 244
380 340
380 343
380 381
380 382
380 387
380 450
380 500
381 13
381 116
381 263
381 340
381 343
381 370
381 371
381 380
381 385
381 387
381 397
381 437
381 450
381 459
381 478
381 500
382 6
382 21
382 149
382 178
382 197
382 227
382 241
382 355
382 380
382 413
383 117
383 164
383 213
383 219
383 330
383 374
383 384
383 423
383 438
383 470
383 495
384 22
384 51
384 89
384 103
384 266
384 298
384 301
384 383
384 410
385 7
385 119
385 147
385 370
385 381
385 402
385 416
385 422
385 449
385 451
385 452
385 467
385 482
386 190
386 415
386 454
386 458
386 484
386 492
387 13
387 88
387 340
387 343
387 380
387 381
387 450
387 478
387 500
388 167
388 205
388 226
388 408
388 442
388 457
389 87
389 195
389 286
389 320
389 405
390 27
390 86
390 174
390 188
390 220
390 228
390 332
390 356
390 453
391 16
391 96
391 153
391 211
391 212
391 275
391 370
391 393
391 424
392 137
392 190
392 194
392 237
392 484
392 492
393 70
393 107
393 115
393 223
393 252
393 282
393 304
393 391
393 411
394 137
394 191
394 194
394 321
394 395
394 484
394 492
395 20
395 64
395 90
395 162
395 284
395 394
395 414
395 486
395 493
396 143
396 146
396 183
396 208
396 240
396 262
396 353
396 397
396 462
397 13
397 263
397 340
397 343
397 381
397 396
397 459
397 465
397 500
398 138
398 230
398 318
398 412
398 415
399 10
399 23
399 65
399 312
399 401
400 47
400 112
400 186
400 271
400 280
400 350
400 458
400 474
400 481
401 50
401 80
401 131
401 144
401 209
401 233
401 253
401 257
401 300
401 319
401 377
401 399
401 436
401 444
401 485
401 490
401 496
402 234
402 385
402 403
402 449
402 451
402 482
403 61
403 71
403 122
403 169
403 369
403 373
403 376
403 402
403 476
404 2
404 105
404 207
404 238
404 405
405 4
405 66
405 87
405 126
405 195
405 200
405 320
405 389
405 404
405 440
406 76
406 94
406 246
406 276
406 372
406 460
407 14
407 18
407 52
407 306
407 317
407 408
407 434
407 447
407 472
407 489
408 1
408 34
408 154
408 167
408 198
408 388
408 407
408 442
408 457
408 499
409 30
409 230
409 363
409 410
409 412
409 415
410 22
410 103
410 292
410 301
410 384
410 409
411 115
411 282
411 304
411 393
411 412
412 30
412 150
412 230
412 347
412 363
412 398
412 409
412 411
412 415
412 433
413 6
413 21
413 149
413 178
413 197
413 227
413 241
413 355
413 382
413 414
414 20
414 64
414 90
414 159
414 162
414 284
414 395
414 413
414 486
414 493
415 138
415 318
415 347
415 363
415 386
415 398
415 409
415 412
415 458
416 7
416 119
416 147
416 385
416 419
416 422
416 449
416 452
416 467
416 482
417 68
417 158
417 224
417 303
417 308
417 339
418 47
418 78
418 112
418 177
418 186
418 206
418 280
418 456
418 474
418 481
419 45
419 60
419 93
419 281
419 349
419 416
420 49
420 77
420 98
420 148
420 270
420 291
420 338
420 421
421 50
421 131
421 233
421 257
421 319
421 377
421 420
421 461
421 485
421 496
422 7
422 385
422 416
422 423
422 449
422 451
422 452
422 467
422 482
423 11
423 73
423 117
423 164
423 362
423 374
423 383
423 422
423 438
423 470
424 16
424 96
424 153
424 211
424 212
424 234
424 275
424 323
424 370
424 391
425 44
425 46
425 157
425 199
425 217
426 7
426 267
426 449
426 451
426 452
426 482
427 102
427 166
427 249
427 334
427 428
428 28
428 31
428 41
428 53
428 111
428 176
428 310
428 314
428 315
428 427
429 137
429 185
429 191
429 430
429 473
429 484
429 492
430 209
430 257
430 377
430 429
430 487
430 496
431 27
431 79
431 86
431 174
431 188
431 220
431 356
431 432
431 441
431 453
431 491
431 494
432 82
432 145
432 151
432 342
432 431
433 138
433 318
433 347
433 363
433 412
433 457
433 474
434 14
434 130
434 141
434 407
434 435
434 447
434 489
435 118
435 133
435 181
435 250
435 272
435 289
435 296
435 316
435 434
435 448
435 464
436 131
436 377
436 401
436 437
436 444
436 487
437 13
437 340
437 371
437 381
437 436
437 459
437 478
437 500
438 117
438 164
438 168
438 210
438 213
438 219
438 222
438 383
438 423
438 439
438 470
439 18
439 269
439 438
439 472
439 489
440 4
440 126
440 195
440 405
440 441
441 27
441 79
441 86
441 220
441 356
441 359
441 431
441 440
441 471
441 491
441 494
442 1
442 34
442 154
442 167
442 198
442 205
442 226
442 388
442 408
442 457
442 499
443 39
443 57
443 137
443 185
443 191
443 194
443 237
443 285
443 321
443 444
443 492
444 50
444 131
444 257
444 300
444 377
444 401
444 436
444 443
444 461
444 487
444 497
445 9
445 36
445 172
445 189
445 202
445 264
445 360
445 446
446 44
446 46
446 199
446 217
446 445
447 14
447 52
447 130
447 298
447 306
447 407
447 434
447 472
448 118
448 133
448 181
448 250
448 268
448 272
448 289
448 316
448 327
448 435
448 449
448 469
449 7
449 119
449 147
449 267
449 385
449 402
449 416
449 422
449 426
449 448
449 452
449 467
450 13
450 91
450 225
450 340
450 343
450 380
450 381
450 387
450 452
450 459
450 465
450 500
451 7
451 106
451 119
451 147
451 234
451 267
451 385
451 402
451 422
451 426
451 452
451 467
451 479
452 7
452 147
452 234
452 267
452 385
452 416
452 422
452 426
452 449
452 450
452 451
452 467
453 127
453 220
453 390
453 431
453 471
453 475
454 137
454 194
454 237
454 386
454 455
454 484
454 492
455 123
455 364
455 454
455 477
455 480
456 47
456 78
456 112
456 177
456 186
456 206
456 271
456 280
456 350
456 418
456 458
456 459
457 1
457 34
457 154
457 167
457 198
457 226
457 388
457 408
457 433
457 442
457 474
457 499
458 47
458 78
458 112
458 177
458 206
458 271
458 280
458 386
458 400
458 415
458 456
458 474
458 481
459 13
459 91
459 116
459 340
459 343
459 371
459 381
459 397
459 437
459 450
459 456
459 478
459 500
460 134
460 163
460 175
460 246
460 351
460 406
461 50
461 80
461 131
461 209
461 233
461 257
461 319
461 377
461 421
461 444
461 462
461 485
461 497
462 143
462 146
462 179
462 183
462 240
462 262
462 353
462 396
462 461
463 50
463 80
463 131
463 209
463 233
463 257
463 300
463 319
463 464
463 485
463 496
464 118
464 296
464 316
464 327
464 435
464 463
464 488
465 343
465 397
465 450
465 466
465 478
465 500
466 32
466 56
466 123
466 215
466 251
466 326
466 333
466 465
466 480
467 7
467 114
467 147
467 385
467 416
467 422
467 449
467 451
467 452
467 468
467 479
467 482
468 40
468 125
468 132
468 216
468 258
468 311
468 328
468 335
468 467
469 118
469 133
469 250
469 268
469 289
469 316
469 448
469 470
469 488
470 11
470 117
470 164
470 168
470 210
470 213
470 222
470 330
470 362
470 383
470 423
470 438
470 469
470 495
471 27
471 79
471 86
471 188
471 220
471 228
471 356
471 357
471 359
471 441
471 453
471 472
471 475
471 491
472 14
472 130
472 141
472 254
472 269
472 276
472 305
472 306
472 344
472 407
472 439
472 447
472 471
472 489
473 39
473 57
473 137
473 185
473 191
473 194
473 237
473 243
473 285
473 321
473 429
473 476
474 47
474 78
474 112
474 177
474 186
474 206
474 271
474 280
474 350
474 400
474 418
474 433
474 457
474 458
474 481
475 220
475 357
475 453
475 471
475 477
475 481
476 61
476 71
476 122
476 169
476 290
476 367
476 373
476 376
476 403
476 473
477 32
477 56
477 95
477 123
477 140
477 180
477 215
477 251
477 260
477 313
477 364
477 455
477 475
477 480
477 481
478 13
478 72
478 88
478 91
478 116
478 225
478 244
478 340
478 343
478 381
478 387
478 437
478 459
478 465
478 479
479 147
479 451
479 467
479 478
479 482
480 32
480 56
480 95
480 123
480 140
480 180
480 215
480 251
480 260
480 313
480 333
480 455
480 466
480 477
480 483
481 47
481 78
481 112
481 177
481 186
481 206
481 271
481 280
481 350
481 400
481 418
481 458
481 474
481 475
481 477
482 7
482 114
482 119
482 147
482 234
482 267
482 385
482 402
482 416
482 422
482 426
482 467
482 479
482 488
482 492
483 164
483 168
483 213
483 362
483 480
484 57
484 137
484 185
484 190
484 191
484 194
484 237
484 243
484 285
484 321
484 386
484 392
484 394
484 429
484 454
484 485
485 257
485 377
485 401
485 421
485 461
485 463
485 484
485 487
485 496
486 64
486 90
486 155
486 159
486 162
486 196
486 284
486 395
486 414
486 487
486 493
487 50
487 80
487 131
487 144
487 233
487 253
487 257
487 319
487 430
487 436
487 444
487 485
487 486
487 490
487 496
487 497
488 42
488 100
488 118
488 133
488 181
488 250
488 268
488 272
488 289
488 296
488 316
488 327
488 464
488 469
488 482
488 492
489 14
489 18
489 52
489 130
489 254
489 269
489 276
489 305
489 306
489 317
489 344
489 407
489 434
489 439
489 472
489 490
490 131
490 257
490 401
490 487
490 489
490 496
491 27
491 220
491 431
491 441
491 471
491 493
492 39
492 57
492 137
492 190
492 191
492 194
492 237
492 243
492 285
492 321
492 386
492 392
492 394
492 429
492 443
492 454
492 482
492 488
493 90
493 196
493 284
493 395
493 414
493 486
493 491
494 27
494 174
494 188
494 220
494 332
494 356
494 359
494 431
494 441
494 497
495 8
495 73
495 117
495 164
495 330
495 383
495 470
495 496
495 500
496 50
496 80
496 144
496 233
496 253
496 257
496 300
496 319
496 377
496 401
496 421
496 430
496 463
496 485
496 487
496 490
496 495
496 497
496 500
497 257
497 377
497 444
497 461
497 487
497 494
497 496
498 43
498 84
498 171
498 232
498 242
498 247
498 499
499 1
499 154
499 408
499 442
499 457
499 498
500 13
500 72
500 88
500 91
500 116
500 225
500 244
500 263
500 340
500 343
500 371
500 380
500 381
500 387
500 397
500 437
500 450
500 459
500 465
500 495
500 496
