1 1
2 33
3 20
4 36
5 43
6 40
7 2
8 9
9 43
10 46
11 33
12 9
13 41
14 27
15 2
16 4
17 8
18 13
19 43
20 22
21 2
22 28
23 17
24 13
25 26
26 35
27 45
28 4
29 13
30 10
31 24
32 21
33 35
34 39
35 27
36 46
37 45
38 37
39 10
40 23
41 11
42 10
43 21
44 18
45 21
46 46
47 46
48 45
49 39
50 11
51 30
52 30
53 8
54 9
55 17
56 28
57 33
58 5
59 28
60 42
61 43
62 27
63 16
64 7
65 32
66 15
67 34
68 43
69 26
70 43
71 7
72 12
73 2
74 16
75 27
76 38
77 23
78 41
79 43
80 16
81 24
82 30
83 32
84 38
85 22
86 19
87 36
88 44
89 40
90 29
91 34
92 21
93 46
94 38
95 45
96 2
97 30
98 19
99 11
100 39
101 32
102 8
103 41
104 36
105 44
106 22
107 8
108 31
109 23
110 23
111 17
112 3
113 46
114 38
115 37
116 20
117 43
118 13
119 45
120 1
121 39
122 1
123 18
124 24
125 3
126 41
127 24
128 31
129 2
130 3
131 24
132 24
133 22
134 45
135 2
136 32
137 29
138 12
139 2
140 15
141 38
142 27
143 27
144 3
145 18
146 33
147 11
148 20
149 4
150 25
151 6
152 17
153 45
154 27
155 25
156 25
157 25
158 29
159 11
160 22
161 32
162 34
163 3
164 40
165 46
166 26
167 21
168 3
169 38
170 29
171 33
172 22
173 36
174 46
175 45
176 14
177 28
178 2
179 44
180 15
181 37
182 4
183 26
184 9
185 11
186 34
187 42
188 1
189 46
190 38
191 7
192 1
193 7
194 1
195 45
196 10
197 42
198 37
199 42
200 3
201 29
202 35
203 15
204 13
205 12
206 42
207 23
208 14
209 35
210 10
211 15
212 1
213 19
214 2
215 27
216 21
217 40
218 18
219 6
220 34
221 24
222 44
223 46
224 44
225 33
226 2
227 46
228 22
229 13
230 24
231 18
232 9
233 1
234 38
235 14
236 9
237 13
238 27
239 26
240 18
241 43
242 24
243 7
244 21
245 33
246 41
247 6
248 41
249 20
250 33
251 12
252 14
253 4
254 32
255 7
256 31
257 46
258 4
259 14
260 6
261 35
262 25
263 13
264 21
265 24
266 24
267 11
268 7
269 33
270 25
271 36
272 5
273 6
274 1
275 44
276 19
277 23
278 6
279 16
280 16
281 45
282 37
283 2
284 33
285 10
286 17
287 21
288 8
289 6
290 5
291 46
292 31
293 13
294 4
295 29
296 29
297 40
298 16
299 2
300 43
301 2
302 2
303 7
304 9
305 46
306 4
307 20
308 22
309 14
310 19
311 38
312 9
313 44
314 7
315 38
316 40
317 19
318 1
319 19
320 45
321 26
322 32
323 24
324 27
325 37
326 22
327 19
328 4
329 24
330 31
331 26
332 10
333 2
334 10
335 9
336 46
337 42
338 24
339 19
340 38
341 15
342 3
343 8
344 24
345 4
346 10
347 21
348 4
349 4
350 27
351 17
352 8
353 43
354 1
355 45
356 1
357 1
358 28
359 25
360 23
361 1
362 5
363 22
364 25
365 38
366 4
367 41
368 2
369 42
370 19
371 19
372 10
373 45
374 11
375 18
376 3
377 32
378 23
379 19
380 33
381 30
382 33
383 42
384 45
385 17
386 37
387 18
388 19
389 21
390 8
391 43
392 29
393 23
394 26
395 25
396 24
397 45
398 19
399 17
400 23
401 13
402 1
403 8
404 3
405 23
406 33
407 37
408 4
409 2
410 10
411 2
412 9
413 24
414 1
415 27
416 4
417 31
418 23
419 46
420 2
421 8
422 17
423 18
424 8
425 2
426 39
427 29
428 18
429 24
430 29
431 12
432 5
433 4
434 13
435 33
436 10
437 27
438 46
439 24
440 4
441 10
442 21
443 8
444 37
445 13
446 19
447 41
448 1
449 4
450 22
451 13
452 38
453 16
454 22
455 27
456 19
457 10
458 38
459 5
460 45
461 27
462 24
463 1
464 22
465 46
466 15
467 21
468 1
469 2
470 33
471 22
472 45
473 21
474 46
475 2
476 33
477 1
478 45
479 38
480 12
481 21
482 23
483 24
484 19
485 45
486 38
487 38
488 9
489 10
490 23
491 46
492 10
493 35
494 34
495 38
496 45
497 19
498 25
499 24
500 46
