1 8
1 14
1 199
1 292
1 481
2 3
2 228
2 300
2 317
2 364
2 395
3 2
3 4
3 10
3 303
3 369
4 3
4 10
4 303
4 369
4 408
5 8
5 55
5 66
5 380
5 450
6 21
6 28
6 29
6 332
6 378
6 400
7 12
7 37
7 59
7 359
7 428
7 451
7 455
8 1
8 5
8 55
8 66
8 479
9 10
9 13
9 15
9 18
9 294
10 3
10 4
10 9
10 18
10 369
11 79
11 117
11 119
11 121
11 151
12 7
12 37
12 59
12 238
12 359
12 428
12 451
12 455
13 9
13 15
13 18
13 428
13 434
14 1
14 324
14 328
14 334
14 348
14 370
14 374
14 413
15 9
15 13
15 17
15 18
15 487
16 144
16 147
16 243
16 315
16 341
17 15
17 96
17 149
17 150
17 164
17 294
17 331
17 437
17 471
17 482
17 483
17 488
17 492
17 493
17 500
18 9
18 10
18 13
18 15
18 20
19 20
19 22
19 447
19 469
19 498
20 18
20 19
20 22
20 242
20 426
21 6
21 28
21 29
21 332
21 378
21 400
22 19
22 20
22 23
22 24
22 242
23 22
23 24
23 26
23 27
23 242
24 22
24 23
24 26
24 27
24 242
25 83
25 253
25 366
25 478
25 486
26 23
26 24
26 27
26 30
26 237
27 23
27 24
27 26
27 237
27 242
28 6
28 21
28 29
28 77
28 332
28 400
29 6
29 21
29 28
29 74
29 77
29 332
30 26
30 237
30 305
30 427
30 488
31 33
31 204
31 237
31 440
31 470
32 118
32 124
32 126
32 477
32 482
33 31
33 34
33 204
33 237
33 364
34 33
34 40
34 125
34 204
34 482
35 38
35 40
35 42
35 125
35 356
36 185
36 188
36 190
36 192
36 457
37 7
37 12
37 59
37 86
37 111
37 428
37 455
38 35
38 40
38 42
38 125
38 204
39 136
39 194
39 410
39 453
39 474
40 34
40 35
40 38
40 42
40 125
41 68
41 78
41 172
41 377
41 437
42 35
42 38
42 40
42 43
42 125
43 42
43 44
43 47
43 228
43 269
44 43
44 45
44 47
44 269
44 442
45 44
45 46
45 47
45 50
45 269
46 45
46 48
46 49
46 50
46 51
47 43
47 44
47 45
47 51
47 269
48 46
48 49
48 50
48 269
48 453
49 46
49 48
49 50
49 51
49 479
50 45
50 46
50 48
50 49
50 51
51 46
51 47
51 49
51 50
51 52
52 51
52 54
52 56
52 58
52 411
53 177
53 181
53 207
53 257
53 444
54 52
54 56
54 58
54 395
54 442
55 5
55 8
55 66
55 117
55 172
56 52
56 54
56 58
56 60
56 63
57 172
57 292
57 377
57 393
57 442
58 52
58 54
58 56
58 60
58 63
59 7
59 12
59 37
59 86
59 111
59 146
59 165
59 296
60 56
60 58
60 63
60 300
60 378
61 89
61 107
61 187
61 250
61 399
61 444
61 452
61 474
62 64
62 341
62 373
62 468
62 500
63 56
63 58
63 60
63 64
63 395
64 62
64 63
64 65
64 67
64 89
65 64
65 67
65 69
65 75
65 76
66 5
66 8
66 55
66 119
66 377
67 64
67 65
67 69
67 75
67 76
68 41
68 70
68 78
68 377
68 431
69 65
69 67
69 75
69 76
69 275
70 68
70 78
70 172
70 381
70 455
71 107
71 187
71 250
71 260
71 338
71 339
71 385
71 399
71 401
72 83
72 186
72 248
72 432
72 436
72 441
72 457
72 459
72 475
72 498
73 82
73 84
73 275
73 433
73 434
74 29
74 77
74 88
74 104
74 110
74 196
75 65
75 67
75 69
75 76
75 275
76 65
76 67
76 69
76 75
76 275
77 28
77 29
77 74
77 88
77 104
77 110
77 455
78 41
78 68
78 70
78 121
78 447
79 11
79 117
79 121
79 329
79 481
80 119
80 148
80 151
80 471
80 493
81 82
81 90
81 91
81 275
81 495
82 73
82 81
82 84
82 90
82 91
83 25
83 72
83 87
83 186
83 248
83 427
83 432
83 436
83 438
83 457
83 459
84 73
84 82
84 90
84 275
84 493
85 100
85 195
85 236
85 251
85 291
86 37
86 59
86 111
86 146
86 165
86 189
86 193
87 83
87 128
87 208
87 248
87 427
87 432
87 438
87 449
87 459
87 463
87 479
88 74
88 77
88 104
88 110
88 196
88 200
89 61
89 64
89 107
89 396
89 407
89 415
89 419
89 444
89 452
89 474
89 476
90 81
90 82
90 84
90 91
90 92
91 81
91 82
91 90
91 92
91 483
92 90
92 91
92 97
92 289
92 418
93 113
93 114
93 120
93 122
93 308
94 270
94 272
94 276
94 278
94 281
94 375
95 145
95 397
95 425
95 429
95 433
95 439
95 440
95 443
95 468
95 499
96 17
96 149
96 161
96 331
96 437
96 471
96 482
96 483
96 488
96 492
96 493
96 495
96 497
97 92
97 98
97 197
97 234
97 442
98 97
98 99
98 197
98 234
98 291
99 98
99 197
99 234
99 291
99 364
100 85
100 102
100 175
100 251
100 485
101 116
101 127
101 175
101 213
101 289
101 396
101 404
101 412
101 484
102 100
102 103
102 105
102 106
102 291
103 102
103 105
103 106
103 251
103 318
104 74
104 77
104 88
104 110
104 196
104 200
104 258
105 102
105 103
105 106
105 195
105 236
106 102
106 103
106 105
106 108
106 109
107 61
107 71
107 89
107 187
107 250
107 399
107 444
107 452
108 106
108 109
108 112
108 113
108 472
109 106
109 108
109 112
109 113
109 295
110 74
110 77
110 88
110 104
110 196
110 200
111 37
111 59
111 86
111 146
111 165
111 189
111 193
112 108
112 109
112 113
112 114
112 380
113 93
113 108
113 109
113 112
113 114
114 93
114 112
114 113
114 115
114 455
115 114
115 120
115 122
115 123
115 124
116 101
116 175
116 181
116 213
116 386
116 404
116 412
116 450
116 484
117 11
117 55
117 79
117 199
117 402
118 32
118 126
118 129
118 130
118 337
119 11
119 66
119 80
119 151
119 469
120 93
120 115
120 122
120 123
120 124
121 11
121 78
121 79
121 485
121 493
122 93
122 115
122 120
122 123
122 124
123 115
123 120
123 122
123 124
123 420
124 32
124 115
124 120
124 122
124 123
125 34
125 35
125 38
125 40
125 42
125 204
126 32
126 118
126 318
126 440
126 443
127 101
127 129
127 130
127 131
127 391
128 87
128 308
128 389
128 390
128 424
128 427
128 445
128 447
128 449
128 460
128 463
128 479
129 118
129 127
129 130
129 131
129 157
130 118
130 127
130 129
130 131
130 157
131 127
131 129
131 130
131 134
131 157
132 133
132 157
132 352
132 358
132 460
133 132
133 134
133 157
133 208
133 273
133 352
134 131
134 133
134 157
134 208
134 352
135 194
135 227
135 402
135 410
135 438
136 39
136 137
136 227
136 235
136 410
137 136
137 235
137 410
137 424
137 429
138 139
138 235
138 267
138 439
138 463
139 138
139 235
139 267
139 404
139 410
140 142
140 144
140 267
140 318
140 425
141 142
141 144
141 267
141 443
141 449
142 140
142 141
142 144
142 235
142 243
143 159
143 160
143 163
143 166
143 168
144 16
144 140
144 141
144 142
144 243
145 95
145 207
145 363
145 397
145 414
145 425
145 429
145 433
145 439
145 443
145 468
146 59
146 86
146 111
146 165
146 189
146 193
146 226
146 495
147 16
147 153
147 155
147 243
147 315
148 80
148 154
148 296
148 465
148 498
149 17
149 96
149 161
149 331
149 437
149 471
149 482
149 483
149 488
149 492
149 493
149 495
149 497
150 17
150 247
150 294
150 351
150 437
150 446
150 458
150 470
150 471
150 482
150 485
150 488
150 493
150 500
151 11
151 80
151 119
151 154
151 256
152 153
152 155
152 158
152 315
152 485
153 147
153 152
153 155
153 158
153 315
154 148
154 151
154 156
154 405
154 461
155 147
155 152
155 153
155 158
155 315
156 154
156 179
156 182
156 287
156 405
157 129
157 130
157 131
157 132
157 133
157 134
158 152
158 153
158 155
158 160
158 445
159 143
159 160
159 163
159 166
159 487
160 143
160 158
160 159
160 163
160 166
161 96
161 149
161 280
161 327
161 331
161 343
161 400
161 416
161 437
161 462
161 483
161 491
161 492
161 495
161 497
161 499
162 272
162 330
162 344
162 363
162 376
162 418
162 422
162 442
163 143
163 159
163 160
163 169
163 325
164 17
164 213
164 259
164 320
164 448
165 59
165 86
165 111
165 146
165 189
165 193
165 226
166 143
166 159
166 160
166 169
166 171
167 203
167 214
167 219
167 413
167 479
168 143
168 169
168 170
168 171
168 433
169 163
169 166
169 168
169 170
169 171
170 168
170 169
170 171
170 173
170 421
171 166
171 168
171 169
171 170
171 421
172 41
172 55
172 57
172 70
172 377
173 170
173 176
173 421
173 474
173 498
174 176
174 177
174 207
174 257
174 421
175 100
175 101
175 116
175 289
175 396
175 404
175 411
175 412
175 434
176 173
176 174
176 177
176 421
176 428
177 53
177 174
177 176
177 207
177 257
178 307
178 356
178 368
178 373
178 376
178 380
178 391
178 420
178 442
179 156
179 182
179 394
179 405
179 443
180 183
180 184
180 207
180 369
180 479
181 53
181 116
181 183
181 184
181 198
182 156
182 179
182 258
182 405
182 471
183 180
183 181
183 184
183 198
183 257
184 180
184 181
184 183
184 192
184 198
185 36
185 188
185 190
185 202
185 476
186 72
186 83
186 248
186 432
186 436
186 438
186 441
186 457
186 459
186 498
187 61
187 71
187 107
187 250
187 260
187 399
187 401
187 452
188 36
188 185
188 190
188 192
188 202
189 86
189 111
189 146
189 165
189 193
189 226
189 274
190 36
190 185
190 188
190 202
190 432
191 258
191 287
191 405
191 422
191 496
192 36
192 184
192 188
192 198
192 202
193 86
193 111
193 146
193 165
193 189
193 226
193 274
194 39
194 135
194 208
194 227
194 302
194 352
195 85
195 105
195 197
195 234
195 251
195 499
196 74
196 88
196 104
196 110
196 200
196 359
197 97
197 98
197 99
197 195
197 234
197 291
198 181
198 183
198 184
198 192
198 202
199 1
199 117
199 292
199 296
199 481
199 496
200 88
200 104
200 110
200 196
200 209
200 480
201 206
201 209
201 210
201 212
201 332
201 485
202 185
202 188
202 190
202 192
202 198
203 167
203 205
203 214
203 219
203 233
204 31
204 33
204 34
204 38
204 125
204 317
205 203
205 214
205 219
205 233
205 391
205 436
206 201
206 209
206 210
206 211
206 212
206 466
207 53
207 145
207 174
207 177
207 180
207 257
208 87
208 133
208 134
208 194
208 352
208 468
209 200
209 201
209 206
209 210
209 211
209 212
210 201
210 206
210 209
210 211
210 212
210 220
211 206
211 209
211 210
211 212
211 220
211 425
212 201
212 206
212 209
212 210
212 211
212 220
213 101
213 116
213 164
213 365
213 382
213 386
213 404
213 450
213 484
214 167
214 203
214 205
214 219
214 233
214 422
215 216
215 218
215 221
215 283
215 479
215 490
216 215
216 218
216 221
216 283
216 379
216 445
217 224
217 230
217 238
217 240
217 261
217 268
217 271
218 215
218 216
218 221
218 283
218 451
218 490
219 167
219 203
219 205
219 214
219 233
219 359
220 210
220 211
220 212
220 359
220 490
220 500
221 215
221 216
221 218
221 283
221 447
221 490
222 223
222 229
222 239
222 449
222 451
222 474
223 222
223 225
223 229
223 239
223 400
223 490
224 217
224 230
224 238
224 240
224 261
225 223
225 229
225 231
225 239
225 490
225 499
226 146
226 165
226 189
226 193
226 274
226 285
226 288
227 135
227 136
227 194
227 275
227 352
227 410
228 2
228 43
228 300
228 317
228 318
228 341
228 395
229 222
229 223
229 225
229 231
229 239
229 283
230 217
230 224
230 238
230 240
230 261
231 225
231 229
231 239
231 241
231 244
231 246
232 300
232 311
232 381
232 441
232 456
232 464
232 466
232 469
232 475
232 477
232 480
232 487
233 203
233 205
233 214
233 219
233 381
233 475
234 97
234 98
234 99
234 195
234 197
234 291
235 136
235 137
235 138
235 139
235 142
235 267
236 85
236 105
236 251
236 426
236 437
236 474
237 26
237 27
237 30
237 31
237 33
237 497
238 12
238 217
238 224
238 230
238 240
238 261
239 222
239 223
239 225
239 229
239 231
239 244
240 217
240 224
240 230
240 238
240 261
241 231
241 244
241 246
241 249
241 475
241 488
242 20
242 22
242 23
242 24
242 27
242 303
243 16
243 142
243 144
243 147
243 315
243 375
244 231
244 239
244 241
244 246
244 249
244 254
245 303
245 305
245 317
245 364
245 369
245 408
246 231
246 241
246 244
246 249
246 254
246 297
247 150
247 251
247 294
247 311
247 446
247 458
247 464
247 465
247 470
247 485
247 487
247 488
247 500
248 72
248 83
248 87
248 186
248 432
248 436
248 438
248 457
248 459
248 498
249 241
249 244
249 246
249 254
249 297
249 470
250 61
250 71
250 107
250 187
250 260
250 399
250 444
250 452
251 85
251 100
251 103
251 195
251 236
251 247
252 256
252 262
252 263
252 266
252 344
252 375
253 25
253 264
253 296
253 473
253 492
253 494
254 244
254 246
254 249
254 255
254 256
254 297
255 254
255 256
255 262
255 297
255 376
255 500
256 151
256 252
256 254
256 255
256 262
256 263
256 297
257 53
257 174
257 177
257 183
257 207
257 421
258 104
258 182
258 191
258 287
258 307
259 164
259 304
259 448
259 467
259 487
260 71
260 187
260 250
260 339
260 342
260 385
260 399
260 401
261 217
261 224
261 230
261 238
261 240
262 252
262 255
262 256
262 263
262 297
262 378
263 252
263 256
263 262
263 266
263 297
263 476
264 253
264 366
264 430
264 431
264 435
264 454
265 314
265 316
265 321
265 340
265 354
265 379
265 383
265 387
266 252
266 263
266 270
266 272
266 422
266 498
267 138
267 139
267 140
267 141
267 235
267 388
268 217
268 271
268 273
268 277
268 290
268 409
269 43
269 44
269 45
269 47
269 48
269 488
270 94
270 266
270 272
270 330
270 375
270 498
271 217
271 268
271 277
271 290
271 315
271 396
272 94
272 162
272 266
272 270
272 375
272 489
273 133
273 268
273 277
273 290
273 293
273 418
274 189
274 193
274 226
274 284
274 285
274 288
274 299
275 69
275 73
275 75
275 76
275 81
275 84
275 227
276 94
276 278
276 279
276 281
276 282
276 375
277 268
277 271
277 273
277 293
277 298
278 94
278 276
278 282
278 400
278 403
278 468
279 276
279 281
279 282
279 304
279 363
279 375
280 161
280 327
280 331
280 343
280 456
280 462
280 483
280 491
280 492
280 495
280 497
280 499
281 94
281 276
281 279
281 282
281 304
281 359
282 276
282 278
282 279
282 281
282 286
282 304
283 215
283 216
283 218
283 221
283 229
283 490
283 498
284 274
284 285
284 288
284 299
284 301
284 419
284 428
285 226
285 274
285 284
285 288
285 299
285 301
285 306
286 282
286 304
286 310
286 329
286 333
286 439
286 481
287 156
287 191
287 258
287 307
287 416
288 226
288 274
288 284
288 285
288 299
288 301
288 306
289 92
289 101
289 175
289 396
289 406
289 411
289 412
289 426
289 434
290 268
290 271
290 273
290 293
290 298
291 85
291 98
291 99
291 102
291 197
291 234
291 435
292 1
292 57
292 199
292 296
292 481
292 496
293 273
293 277
293 290
293 298
293 309
294 9
294 17
294 150
294 247
294 446
294 458
294 465
294 466
294 470
294 471
294 482
294 485
294 488
294 493
294 500
295 109
295 308
295 318
295 325
295 337
295 458
295 472
296 59
296 148
296 199
296 253
296 292
296 481
296 496
297 246
297 249
297 254
297 255
297 256
297 262
297 263
298 277
298 290
298 293
298 309
298 312
299 274
299 284
299 285
299 288
299 301
299 306
299 475
300 2
300 60
300 228
300 232
300 364
300 395
300 497
301 284
301 285
301 288
301 299
301 306
301 314
301 493
302 194
302 323
302 325
302 337
302 358
302 388
302 461
303 3
303 4
303 242
303 245
303 305
303 369
303 408
304 259
304 279
304 281
304 282
304 286
304 329
304 333
305 30
305 245
305 303
305 317
305 369
305 408
305 451
306 285
306 288
306 299
306 301
306 314
306 387
306 476
307 178
307 258
307 287
307 416
307 467
308 93
308 128
308 295
308 318
308 406
308 411
308 472
309 293
309 298
309 312
309 319
309 320
310 286
310 329
310 333
310 371
310 398
310 418
310 453
311 232
311 247
311 314
311 381
311 446
311 458
311 464
311 465
311 470
311 480
311 485
311 487
311 500
312 298
312 309
312 319
312 320
312 335
313 314
313 316
313 340
313 387
313 440
313 464
313 497
314 265
314 301
314 306
314 311
314 313
314 316
314 340
315 16
315 147
315 152
315 153
315 155
315 243
315 271
316 265
316 313
316 314
316 340
316 354
316 379
316 387
317 2
317 204
317 228
317 245
317 305
317 364
317 408
318 103
318 126
318 140
318 228
318 295
318 308
318 341
318 395
318 472
319 309
319 312
319 320
319 335
319 345
320 164
320 309
320 312
320 319
320 335
320 345
321 265
321 322
321 336
321 354
321 379
321 383
321 409
322 321
322 326
322 336
322 354
322 379
322 383
322 409
323 302
323 325
323 358
323 371
323 388
323 398
323 461
324 14
324 326
324 334
324 336
324 374
324 383
324 409
325 163
325 295
325 302
325 323
325 337
325 358
325 388
326 322
326 324
326 336
326 354
326 379
326 383
326 409
327 161
327 280
327 343
327 462
327 491
327 492
327 495
327 497
327 499
328 14
328 334
328 348
328 370
328 383
328 451
328 487
329 79
329 286
329 304
329 310
329 333
329 371
329 398
330 162
330 270
330 356
330 363
330 376
330 378
330 418
330 442
331 17
331 96
331 149
331 161
331 280
331 437
331 471
331 482
331 483
331 488
331 492
331 493
331 495
331 497
332 6
332 21
332 28
332 29
332 201
332 344
332 378
332 400
333 286
333 304
333 310
333 329
333 371
333 398
334 14
334 324
334 328
334 336
334 348
334 370
334 374
335 312
335 319
335 320
335 345
335 346
336 321
336 322
336 324
336 326
336 334
336 348
336 409
337 118
337 295
337 302
337 325
337 358
337 388
337 472
338 71
338 339
338 342
338 350
338 351
338 385
338 399
338 452
339 71
339 260
339 338
339 342
339 350
339 351
339 385
339 401
340 265
340 313
340 314
340 316
340 354
340 383
340 387
340 455
341 16
341 62
341 228
341 318
341 395
341 442
341 472
341 477
342 260
342 338
342 339
342 350
342 355
342 385
342 401
342 452
343 161
343 280
343 327
343 462
343 491
343 495
343 497
343 499
344 162
344 252
344 332
344 363
344 378
344 400
344 422
344 500
345 319
345 320
345 335
345 346
345 347
346 335
346 345
346 347
346 349
346 353
347 345
347 346
347 349
347 353
347 357
348 14
348 328
348 334
348 336
348 370
348 374
348 413
349 346
349 347
349 353
349 357
349 362
350 338
350 339
350 342
350 351
350 355
350 360
350 385
350 401
351 150
351 338
351 339
351 350
351 355
351 360
351 382
351 385
352 132
352 133
352 134
352 194
352 208
352 227
353 346
353 347
353 349
353 357
353 362
354 265
354 316
354 321
354 322
354 326
354 340
354 379
354 387
354 467
355 342
355 350
355 351
355 360
355 365
355 382
355 386
355 450
356 35
356 178
356 330
356 368
356 376
356 418
356 442
356 495
357 347
357 349
357 353
357 362
357 367
358 132
358 302
358 323
358 325
358 337
358 388
358 461
359 7
359 12
359 196
359 219
359 220
359 281
359 361
359 403
359 428
359 451
359 455
359 489
360 350
360 351
360 355
360 365
360 382
360 386
360 444
360 450
361 359
361 403
361 406
361 411
361 426
361 451
361 455
361 489
362 349
362 353
362 357
362 367
362 372
363 145
363 162
363 279
363 330
363 344
363 422
363 442
363 452
364 2
364 33
364 99
364 245
364 300
364 317
364 408
364 426
365 213
365 355
365 360
365 382
365 386
365 450
365 474
365 484
366 25
366 264
366 431
366 435
366 454
367 357
367 362
367 372
367 384
367 393
368 178
368 356
368 369
368 373
368 380
368 391
368 420
368 444
369 3
369 4
369 10
369 180
369 245
369 303
369 305
369 368
370 14
370 328
370 334
370 348
370 374
370 402
370 409
370 413
371 310
371 323
371 329
371 333
371 398
371 461
372 362
372 367
372 384
372 393
372 394
373 62
373 178
373 368
373 380
373 391
373 402
373 414
373 420
374 14
374 324
374 334
374 348
374 370
374 413
374 468
374 480
375 94
375 243
375 252
375 270
375 272
375 276
375 279
375 383
376 162
376 178
376 255
376 330
376 356
376 418
376 422
376 442
376 469
377 41
377 57
377 66
377 68
377 172
378 6
378 21
378 60
378 262
378 330
378 332
378 344
378 400
378 422
379 216
379 265
379 316
379 321
379 322
379 326
379 354
379 387
379 466
380 5
380 112
380 178
380 368
380 373
380 391
380 402
380 413
380 420
381 70
381 232
381 233
381 311
381 441
381 456
381 464
381 466
381 469
381 475
381 477
381 480
381 487
382 213
382 351
382 355
382 360
382 365
382 386
382 450
382 484
382 492
383 265
383 321
383 322
383 324
383 326
383 328
383 340
383 375
383 409
384 367
384 372
384 393
384 394
384 417
385 71
385 260
385 338
385 339
385 342
385 350
385 351
385 399
385 401
386 116
386 213
386 355
386 360
386 365
386 382
386 434
386 450
386 484
387 265
387 306
387 313
387 316
387 340
387 354
387 379
387 402
387 409
388 267
388 302
388 323
388 325
388 337
388 358
388 461
389 128
389 390
389 392
389 424
389 445
389 447
389 449
389 460
389 479
390 128
390 389
390 392
390 424
390 445
390 447
390 457
390 460
390 479
391 127
391 178
391 205
391 368
391 373
391 380
391 402
391 413
391 420
392 389
392 390
392 397
392 424
392 429
392 433
392 445
392 447
392 460
393 57
393 367
393 372
393 384
393 394
393 417
394 179
394 372
394 384
394 393
394 417
394 423
395 2
395 54
395 63
395 228
395 300
395 318
395 341
395 472
396 89
396 101
396 175
396 271
396 289
396 404
396 412
396 426
396 434
397 95
397 145
397 392
397 414
397 424
397 425
397 429
397 433
397 439
398 310
398 323
398 329
398 333
398 371
398 461
399 61
399 71
399 107
399 187
399 250
399 260
399 338
399 385
399 401
400 6
400 21
400 28
400 161
400 223
400 278
400 332
400 344
400 378
401 71
401 187
401 260
401 339
401 342
401 350
401 385
401 399
401 500
402 117
402 135
402 370
402 373
402 380
402 387
402 391
402 412
402 420
403 278
403 359
403 361
403 406
403 411
403 426
403 434
403 451
403 489
404 101
404 116
404 139
404 175
404 213
404 396
404 412
404 484
404 487
405 154
405 156
405 179
405 182
405 191
406 289
406 308
406 361
406 403
406 411
406 426
406 434
406 476
406 489
407 89
407 415
407 419
407 440
407 444
407 452
407 453
407 474
407 476
408 4
408 245
408 303
408 305
408 317
408 364
409 268
409 321
409 322
409 324
409 326
409 336
409 370
409 383
409 387
410 39
410 135
410 136
410 137
410 139
410 227
411 52
411 175
411 289
411 308
411 361
411 403
411 406
411 426
411 434
411 489
412 101
412 116
412 175
412 289
412 396
412 402
412 404
412 426
412 434
412 460
413 14
413 167
413 348
413 370
413 374
413 380
413 391
413 420
413 477
414 145
414 373
414 397
414 425
414 429
414 433
414 439
414 443
414 453
414 468
415 89
415 407
415 419
415 428
415 440
415 444
415 453
415 468
415 474
415 476
416 161
416 287
416 307
416 448
416 467
417 384
417 393
417 394
417 423
417 430
418 92
418 162
418 273
418 310
418 330
418 356
418 376
418 442
418 460
418 500
419 89
419 284
419 407
419 415
419 440
419 443
419 453
419 474
419 476
419 498
420 123
420 178
420 368
420 373
420 380
420 391
420 402
420 413
421 170
421 171
421 173
421 174
421 176
421 257
422 162
422 191
422 214
422 266
422 344
422 363
422 376
422 378
422 456
422 477
423 394
423 417
423 430
423 431
423 435
424 128
424 137
424 389
424 390
424 392
424 397
424 425
424 429
424 433
424 445
424 447
425 95
425 140
425 145
425 211
425 397
425 414
425 424
425 429
425 439
425 443
425 468
426 20
426 236
426 289
426 361
426 364
426 396
426 403
426 406
426 411
426 412
426 434
427 30
427 83
427 87
427 128
427 432
427 436
427 438
427 449
427 460
427 463
427 479
428 7
428 12
428 13
428 37
428 176
428 284
428 359
428 415
428 451
428 455
428 489
429 95
429 137
429 145
429 392
429 397
429 414
429 424
429 425
429 433
429 439
429 483
430 264
430 417
430 423
430 431
430 435
431 68
431 264
431 366
431 423
431 430
431 435
432 72
432 83
432 87
432 186
432 190
432 248
432 427
432 436
432 438
432 459
432 463
433 73
433 95
433 145
433 168
433 392
433 397
433 414
433 424
433 429
433 439
433 498
434 13
434 73
434 175
434 289
434 386
434 396
434 403
434 406
434 411
434 412
434 426
435 264
435 291
435 366
435 423
435 430
435 431
436 72
436 83
436 186
436 205
436 248
436 427
436 432
436 438
436 457
436 459
436 463
437 17
437 41
437 96
437 149
437 150
437 161
437 236
437 331
437 471
437 482
437 483
437 488
437 492
437 493
437 495
438 83
438 87
438 135
438 186
438 248
438 427
438 432
438 436
438 449
438 459
438 463
439 95
439 138
439 145
439 286
439 397
439 414
439 425
439 429
439 433
439 443
439 468
440 31
440 95
440 126
440 313
440 407
440 415
440 419
440 441
440 443
440 453
440 468
440 476
441 72
441 186
441 232
441 381
441 440
441 456
441 457
441 466
441 469
441 475
441 477
441 498
442 44
442 54
442 57
442 97
442 162
442 178
442 330
442 341
442 356
442 363
442 376
442 418
443 95
443 126
443 141
443 145
443 179
443 414
443 419
443 425
443 439
443 440
443 453
443 468
444 53
444 61
444 89
444 107
444 250
444 360
444 368
444 407
444 415
444 452
444 474
444 476
445 128
445 158
445 216
445 389
445 390
445 392
445 424
445 447
445 449
445 460
445 463
445 479
446 150
446 247
446 294
446 311
446 458
446 465
446 470
446 471
446 485
446 488
446 493
446 500
447 19
447 78
447 128
447 221
447 389
447 390
447 392
447 424
447 445
447 449
447 460
447 463
447 479
448 164
448 259
448 416
448 467
448 476
449 87
449 128
449 141
449 222
449 389
449 427
449 438
449 445
449 447
449 460
449 463
449 479
449 488
450 5
450 116
450 213
450 355
450 360
450 365
450 382
450 386
450 484
451 7
451 12
451 218
451 222
451 305
451 328
451 359
451 361
451 403
451 428
451 455
451 489
452 61
452 89
452 107
452 187
452 250
452 338
452 342
452 363
452 407
452 444
452 474
452 476
453 39
453 48
453 310
453 407
453 414
453 415
453 419
453 440
453 443
453 463
453 468
453 474
453 476
454 264
454 366
454 473
454 478
454 486
455 7
455 12
455 37
455 70
455 77
455 114
455 340
455 359
455 361
455 428
455 451
455 489
456 232
456 280
456 381
456 422
456 441
456 464
456 466
456 469
456 475
456 477
456 480
456 487
457 36
457 72
457 83
457 186
457 248
457 390
457 436
457 441
457 459
457 466
457 469
457 475
457 498
458 150
458 247
458 294
458 295
458 311
458 446
458 464
458 465
458 470
458 480
458 485
458 487
458 500
459 72
459 83
459 87
459 186
459 248
459 432
459 436
459 438
459 457
459 498
460 128
460 132
460 389
460 390
460 392
460 412
460 418
460 427
460 445
460 447
460 449
460 463
460 479
461 154
461 302
461 323
461 358
461 371
461 388
461 398
462 161
462 280
462 327
462 343
462 491
462 492
462 495
462 497
462 499
463 87
463 128
463 138
463 427
463 432
463 436
463 438
463 445
463 447
463 449
463 453
463 460
463 479
464 232
464 247
464 311
464 313
464 381
464 456
464 458
464 465
464 470
464 477
464 480
464 485
464 487
465 148
465 247
465 294
465 311
465 446
465 458
465 464
465 470
465 471
465 485
465 487
465 493
465 500
466 206
466 232
466 294
466 379
466 381
466 441
466 456
466 457
466 469
466 475
466 477
466 498
466 500
467 259
467 307
467 354
467 416
467 448
468 62
468 95
468 145
468 208
468 278
468 374
468 414
468 415
468 425
468 439
468 440
468 443
468 453
469 19
469 119
469 232
469 376
469 381
469 441
469 456
469 457
469 466
469 475
469 477
469 480
469 492
469 498
470 31
470 150
470 247
470 249
470 294
470 311
470 446
470 458
470 464
470 465
470 480
470 485
470 487
470 500
471 17
471 80
471 96
471 149
471 150
471 182
471 294
471 331
471 437
471 446
471 465
471 482
471 488
471 493
471 500
472 108
472 295
472 308
472 318
472 337
472 341
472 395
473 253
473 454
473 478
473 486
473 494
474 39
474 61
474 89
474 173
474 222
474 236
474 365
474 407
474 415
474 419
474 444
474 452
474 453
474 476
475 72
475 232
475 233
475 241
475 299
475 381
475 441
475 456
475 457
475 466
475 469
475 477
475 480
475 498
476 89
476 185
476 263
476 306
476 406
476 407
476 415
476 419
476 440
476 444
476 448
476 452
476 453
476 474
477 32
477 232
477 341
477 381
477 413
477 422
477 441
477 456
477 464
477 466
477 469
477 475
477 480
477 487
477 498
478 25
478 454
478 473
478 486
478 494
479 8
479 49
479 87
479 128
479 167
479 180
479 215
479 389
479 390
479 427
479 445
479 447
479 449
479 460
479 463
480 200
480 232
480 311
480 374
480 381
480 456
480 458
480 464
480 469
480 470
480 475
480 477
480 485
480 487
480 498
481 1
481 79
481 199
481 286
481 292
481 296
481 496
482 17
482 32
482 34
482 96
482 149
482 150
482 294
482 331
482 437
482 471
482 483
482 488
482 492
482 493
482 497
483 17
483 91
483 96
483 149
483 161
483 280
483 331
483 429
483 437
483 482
483 491
483 492
483 493
483 495
483 497
483 499
484 101
484 116
484 213
484 365
484 382
484 386
484 404
484 450
485 100
485 121
485 150
485 152
485 201
485 247
485 294
485 311
485 446
485 458
485 464
485 465
485 470
485 480
485 487
485 500
486 25
486 454
486 473
486 478
486 494
487 15
487 159
487 232
487 247
487 259
487 311
487 328
487 381
487 404
487 456
487 458
487 464
487 465
487 470
487 477
487 480
487 485
488 17
488 30
488 96
488 149
488 150
488 241
488 247
488 269
488 294
488 331
488 437
488 446
488 449
488 471
488 482
488 493
488 500
489 272
489 359
489 361
489 403
489 406
489 411
489 428
489 451
489 455
490 215
490 218
490 220
490 221
490 223
490 225
490 283
491 161
491 280
491 327
491 343
491 462
491 483
491 492
491 495
491 497
491 499
492 17
492 96
492 149
492 161
492 253
492 280
492 327
492 331
492 382
492 437
492 462
492 469
492 482
492 483
492 491
492 495
492 497
492 499
493 17
493 80
493 84
493 96
493 121
493 149
493 150
493 294
493 301
493 331
493 437
493 446
493 465
493 471
493 482
493 483
493 488
493 500
494 253
494 473
494 478
494 486
494 496
495 81
495 96
495 146
495 149
495 161
495 280
495 327
495 331
495 343
495 356
495 437
495 462
495 483
495 491
495 492
495 497
495 499
496 191
496 199
496 292
496 296
496 481
496 494
497 96
497 149
497 161
497 237
497 280
497 300
497 313
497 327
497 331
497 343
497 462
497 482
497 483
497 491
497 492
497 495
497 499
498 19
498 72
498 148
498 173
498 186
498 248
498 266
498 270
498 283
498 419
498 433
498 441
498 457
498 459
498 466
498 469
498 475
498 477
498 480
499 95
499 161
499 195
499 225
499 280
499 327
499 343
499 462
499 483
499 491
499 492
499 495
499 497
500 17
500 62
500 150
500 220
500 247
500 255
500 294
500 311
500 344
500 401
500 418
500 446
500 458
500 465
500 466
500 470
500 471
500 485
500 488
500 493
