1 25
2 41
3 42
4 12
5 3
6 21
7 3
8 4
9 45
10 2
11 13
12 24
13 37
14 36
15 34
16 24
17 23
18 6
19 33
20 40
21 13
22 43
23 44
24 21
25 21
26 35
27 16
28 24
29 5
30 2
31 25
32 11
33 17
34 35
35 1
36 2
37 38
38 35
39 33
40 20
41 26
42 13
43 23
44 13
45 28
46 31
47 38
48 24
49 26
50 41
51 9
52 1
53 7
54 4
55 28
56 37
57 8
58 34
59 28
60 2
61 16
62 35
63 12
64 35
65 26
66 30
67 44
68 28
69 23
70 24
71 45
72 30
73 22
74 42
75 26
76 24
77 20
78 45
79 8
80 6
81 15
82 24
83 35
84 22
85 7
86 4
87 7
88 37
89 8
90 10
91 9
92 40
93 40
94 44
95 21
96 7
97 31
98 38
99 10
100 44
101 14
102 24
103 11
104 13
105 44
106 40
107 29
108 33
109 17
110 10
111 13
112 20
113 18
114 35
115 1
116 31
117 36
118 41
119 13
120 35
121 1
122 26
123 32
124 17
125 13
126 7
127 28
128 3
129 24
130 32
131 40
132 36
133 24
134 16
135 34
136 13
137 40
138 4
139 10
140 2
141 42
142 20
143 45
144 15
145 13
146 39
147 20
148 24
149 44
150 15
151 23
152 16
153 44
154 39
155 16
156 39
157 22
158 45
159 20
160 11
161 21
162 30
163 2
164 22
165 29
166 37
167 33
168 14
169 30
170 17
171 4
172 3
173 28
174 40
175 22
176 41
177 8
178 45
179 40
180 26
181 21
182 26
183 31
184 24
185 13
186 26
187 34
188 32
189 8
190 39
191 11
192 23
193 1
194 27
195 17
196 41
197 3
198 38
199 25
200 19
201 38
202 9
203 23
204 22
205 3
206 38
207 16
208 22
209 13
210 44
211 2
212 5
213 14
214 15
215 36
216 1
217 45
218 11
219 8
220 11
221 34
222 18
223 39
224 44
225 15
226 17
227 28
228 41
229 16
230 25
231 17
232 38
233 15
234 11
235 18
236 7
237 10
238 18
239 22
240 20
241 26
242 30
243 17
244 24
245 3
246 18
247 17
248 30
249 45
250 17
251 2
252 10
253 14
254 44
255 4
256 40
257 42
258 14
259 13
260 38
261 20
262 12
263 28
264 3
265 43
266 27
267 22
268 6
269 13
270 8
271 3
272 17
273 23
274 30
275 35
276 17
277 39
278 17
279 13
280 14
281 16
282 18
283 20
284 24
285 7
286 38
287 19
288 42
289 22
290 27
291 45
292 3
293 31
294 20
295 16
296 2
297 23
298 18
299 8
300 34
301 8
302 34
303 17
304 13
305 20
306 19
307 38
308 5
309 16
310 34
311 33
312 24
313 45
314 34
315 29
316 16
317 3
318 38
319 24
320 24
321 28
322 24
323 11
324 34
325 10
326 18
327 27
328 5
329 37
330 3
331 26
332 44
333 44
334 16
335 12
336 43
337 38
338 32
339 16
340 20
341 7
342 25
343 26
344 34
345 24
346 17
347 38
348 14
349 7
350 13
351 13
352 35
353 32
354 10
355 26
356 43
357 26
358 15
359 28
360 10
361 10
362 16
363 19
364 20
365 20
366 26
367 13
368 23
369 38
370 10
371 14
372 16
373 36
374 18
375 44
376 34
377 26
378 29
379 35
380 9
381 24
382 45
383 20
384 34
385 44
386 5
387 33
388 4
389 24
390 2
391 45
392 33
393 18
394 18
395 34
396 33
397 21
398 18
399 38
400 6
401 20
402 24
403 43
404 1
405 14
406 17
407 7
408 12
409 45
410 34
411 23
412 2
413 10
414 23
415 19
416 18
417 41
418 9
419 23
420 10
421 25
422 1
423 17
424 17
425 43
426 44
427 2
428 36
429 38
430 27
431 6
432 26
433 37
434 26
435 29
436 16
437 1
438 45
439 12
440 4
441 38
442 28
443 34
444 40
445 11
446 12
447 28
448 21
449 45
450 16
451 20
452 22
453 19
454 17
455 9
456 40
457 35
458 35
459 29
460 12
461 21
462 18
463 11
464 24
465 35
466 32
467 16
468 22
469 23
470 14
471 37
472 41
473 10
474 10
475 11
476 11
477 30
478 39
479 45
480 17
481 3
482 10
483 17
484 7
485 28
486 4
487 29
488 3
489 1
490 4
491 7
492 11
493 35
494 28
495 18
496 26
497 34
498 22
499 2
500 21
