1 294
1 301
1 321
1 431
1 500
2 161
2 166
2 410
2 475
2 480
3 4
3 6
3 184
3 206
3 237
4 3
4 6
4 263
4 401
4 490
5 107
5 108
5 119
5 121
5 222
6 3
6 4
6 206
6 207
6 233
7 13
7 15
7 18
7 181
7 459
8 9
8 208
8 273
8 304
8 498
9 8
9 207
9 208
9 324
9 498
10 11
10 12
10 14
10 68
10 368
11 10
11 368
11 405
11 458
11 498
12 10
12 21
12 87
12 298
12 368
13 7
13 15
13 18
13 181
13 448
14 10
14 42
14 207
14 368
14 498
15 7
15 13
15 18
15 20
15 181
16 149
16 290
16 316
16 405
16 463
17 19
17 403
17 422
17 428
17 499
18 7
18 13
18 15
18 20
18 181
19 17
19 341
19 419
19 428
19 452
20 15
20 18
20 181
20 301
20 385
21 12
21 25
21 27
21 255
21 336
22 23
22 28
22 49
22 373
22 482
23 22
23 28
23 45
23 49
23 50
24 165
24 215
24 220
24 253
24 284
24 425
24 466
24 468
25 21
25 27
25 29
25 41
25 255
26 62
26 80
26 117
26 127
26 136
26 293
27 21
27 25
27 150
27 255
27 368
28 22
28 23
28 45
28 49
28 50
29 25
29 170
29 220
29 255
29 275
30 51
30 91
30 272
30 273
30 391
30 395
30 399
30 408
30 417
30 433
31 227
31 228
31 267
31 274
31 495
32 71
32 128
32 324
32 327
32 335
32 465
32 471
32 477
32 480
32 487
33 36
33 80
33 255
33 448
33 472
34 78
34 262
34 263
34 264
34 265
35 57
35 58
35 210
35 411
35 416
36 33
36 188
36 332
36 348
36 479
37 38
37 39
37 67
37 69
37 489
38 37
38 39
38 109
38 301
38 482
39 37
39 38
39 46
39 61
39 67
40 168
40 202
40 211
40 212
40 478
41 25
41 328
41 346
41 362
41 437
41 439
41 446
41 447
41 451
41 454
41 456
41 478
42 14
42 89
42 287
42 354
42 388
42 406
42 407
43 47
43 88
43 194
43 350
43 421
44 134
44 271
44 273
44 313
44 372
44 389
44 417
44 433
44 434
44 452
44 458
45 23
45 28
45 49
45 50
45 181
46 39
46 48
46 67
46 137
46 378
47 43
47 84
47 91
47 182
47 366
48 46
48 51
48 67
48 378
48 423
49 22
49 23
49 28
49 45
49 50
49 88
50 23
50 28
50 45
50 49
50 52
51 30
51 48
51 59
51 378
51 454
52 50
52 54
52 55
52 57
52 210
53 104
53 355
53 417
53 445
53 494
54 52
54 55
54 57
54 210
54 294
55 52
55 54
55 57
55 210
55 321
56 62
56 80
56 134
56 135
56 466
57 35
57 52
57 54
57 55
57 210
58 35
58 60
58 75
58 76
58 183
59 51
59 61
59 65
59 217
59 378
60 58
60 76
60 183
60 437
60 497
61 39
61 59
61 65
61 379
61 446
62 26
62 56
62 238
62 293
62 497
63 175
63 178
63 180
63 182
63 185
63 190
64 245
64 248
64 251
64 254
64 313
65 59
65 61
65 68
65 74
65 85
66 137
66 143
66 148
66 151
66 222
67 37
67 39
67 46
67 48
67 485
68 10
68 65
68 74
68 372
68 378
69 37
69 74
69 277
69 415
69 488
70 115
70 149
70 269
70 280
70 304
71 32
71 81
71 277
71 448
71 461
72 155
72 394
72 403
72 428
72 429
73 346
73 391
73 395
73 442
73 447
73 451
73 456
73 478
74 65
74 68
74 69
74 132
74 277
75 58
75 76
75 183
75 199
75 447
76 58
76 60
76 75
76 86
76 183
77 94
77 144
77 158
77 179
77 196
77 266
77 303
77 361
77 392
77 450
77 485
77 491
77 493
77 495
77 496
77 500
78 34
78 264
78 265
78 466
78 487
79 82
79 83
79 86
79 416
79 450
80 26
80 33
80 56
80 136
80 238
80 293
81 71
81 85
81 277
81 424
81 471
82 79
82 83
82 86
82 183
82 446
83 79
83 82
83 86
83 90
83 266
84 47
84 91
84 92
84 98
84 421
85 65
85 81
85 88
85 277
85 288
86 76
86 79
86 82
86 83
86 90
87 12
87 97
87 356
87 362
87 370
87 371
87 377
87 404
87 414
88 43
88 49
88 85
88 337
88 421
89 42
89 101
89 354
89 388
89 406
89 407
90 83
90 86
90 93
90 95
90 96
91 30
91 47
91 84
91 99
91 421
92 84
92 98
92 121
92 421
92 498
93 90
93 95
93 96
93 352
93 369
94 77
94 144
94 158
94 179
94 188
94 196
94 266
94 289
94 303
94 392
94 485
94 491
94 493
94 495
94 496
94 500
95 90
95 93
95 96
95 352
95 472
96 90
96 93
96 95
96 105
96 352
97 87
97 98
97 99
97 212
97 478
98 84
98 92
98 97
98 99
98 144
99 91
99 97
99 98
99 100
99 102
100 99
100 102
100 103
100 119
100 242
101 89
101 144
101 176
101 189
101 354
101 382
101 406
102 99
102 100
102 103
102 119
102 171
103 100
103 102
103 119
103 177
103 424
104 53
104 359
104 403
104 432
104 445
105 96
105 106
105 295
105 352
105 477
106 105
106 112
106 116
106 295
106 352
107 5
107 108
107 110
107 222
107 345
108 5
108 107
108 177
108 190
108 222
109 38
109 163
109 288
109 330
109 345
109 374
109 379
109 489
110 107
110 113
110 117
110 177
110 480
111 135
111 215
111 299
111 305
111 309
111 357
111 444
111 461
112 106
112 116
112 118
112 295
112 499
113 110
113 117
113 173
113 222
113 493
114 229
114 350
114 372
114 481
114 494
115 70
115 179
115 280
115 281
115 316
116 106
116 112
116 118
116 295
116 499
117 26
117 110
117 113
117 121
117 122
118 112
118 116
118 125
118 268
118 499
119 5
119 100
119 102
119 103
119 122
119 177
120 125
120 133
120 138
120 268
120 497
121 5
121 92
121 117
121 122
121 408
122 117
122 119
122 121
122 123
122 124
123 122
123 124
123 126
123 317
123 348
124 122
124 123
124 126
124 238
124 399
125 118
125 120
125 138
125 268
125 499
126 123
126 124
126 136
126 238
126 401
127 26
127 132
127 134
127 248
127 278
128 32
128 327
128 335
128 463
128 465
128 471
128 477
128 480
128 487
129 217
129 221
129 226
129 227
129 461
130 145
130 146
130 147
130 152
130 153
131 297
131 300
131 312
131 322
131 329
131 331
131 338
131 404
132 74
132 127
132 134
132 278
132 293
133 120
133 138
133 200
133 439
133 491
134 44
134 56
134 127
134 132
134 278
135 56
135 111
135 278
135 293
135 409
136 26
136 80
136 126
136 143
136 238
137 46
137 66
137 143
137 148
137 278
138 120
138 125
138 133
138 139
138 499
139 138
139 140
139 282
139 456
139 460
140 139
140 141
140 282
140 302
140 315
141 140
141 165
141 199
141 375
141 393
141 412
141 413
141 432
141 443
142 145
142 282
142 302
142 315
142 481
143 66
143 136
143 137
143 148
143 445
144 77
144 94
144 98
144 101
144 158
144 179
144 196
144 266
144 303
144 392
144 485
144 491
144 493
144 495
144 496
144 500
145 130
145 142
145 147
145 282
145 302
146 130
146 147
146 152
146 302
146 468
147 130
147 145
147 146
147 152
147 153
148 66
148 137
148 143
148 157
148 213
149 16
149 70
149 280
149 281
149 413
150 27
150 151
150 157
150 160
150 452
151 66
151 150
151 157
151 160
151 311
152 130
152 146
152 147
152 153
152 384
153 130
153 147
153 152
153 156
153 159
154 159
154 163
154 172
154 173
154 416
155 72
155 160
155 328
155 333
155 334
155 363
155 396
155 397
156 153
156 158
156 387
156 441
156 463
156 464
156 470
156 473
156 479
156 481
156 482
156 485
156 486
156 492
156 497
157 148
157 150
157 151
157 160
157 279
158 77
158 94
158 144
158 156
158 179
158 392
158 464
158 473
158 481
158 485
158 486
158 488
158 491
158 496
158 500
159 153
159 154
159 163
159 172
159 173
159 178
160 150
160 151
160 155
160 157
160 410
161 2
161 211
161 410
161 452
161 475
162 166
162 167
162 224
162 234
162 410
163 109
163 154
163 159
163 172
163 173
163 175
164 200
164 221
164 349
164 369
164 373
164 385
164 411
164 416
165 24
165 141
165 220
165 253
165 284
165 425
165 466
165 468
166 2
166 162
166 224
166 234
166 475
167 162
167 198
167 224
167 234
167 475
168 40
168 212
168 214
168 215
168 217
169 170
169 184
169 275
169 298
169 490
170 29
170 169
170 275
170 336
170 348
170 402
171 102
171 192
171 332
171 337
171 479
171 492
172 154
172 159
172 163
172 173
172 175
172 179
173 113
173 154
173 159
173 163
173 172
173 175
174 209
174 299
174 305
174 376
174 405
174 409
175 63
175 163
175 172
175 173
175 180
175 478
176 101
176 186
176 189
176 354
176 382
176 406
177 103
177 108
177 110
177 119
177 222
178 63
178 159
178 180
178 182
178 185
178 411
179 77
179 94
179 115
179 144
179 158
179 172
179 266
179 303
179 304
179 307
179 392
179 485
179 488
179 491
179 493
179 495
179 496
179 500
180 63
180 175
180 178
180 182
180 185
181 7
181 13
181 15
181 18
181 20
181 45
182 47
182 63
182 178
182 180
182 185
182 190
183 58
183 60
183 75
183 76
183 82
183 210
184 3
184 169
184 205
184 298
184 401
184 490
185 63
185 178
185 180
185 182
185 190
185 457
186 176
186 189
186 353
186 382
186 388
186 406
187 200
187 314
187 358
187 360
187 369
187 411
188 36
188 94
188 192
188 193
188 237
188 249
188 348
189 101
189 176
189 186
189 197
189 353
189 382
190 63
190 108
190 182
190 185
190 191
190 194
191 190
191 194
191 195
191 198
191 342
191 488
192 171
192 188
192 193
192 243
192 330
192 337
193 188
193 192
193 237
193 249
193 336
193 348
194 43
194 190
194 191
194 195
194 465
194 482
195 191
195 194
195 198
195 201
195 202
195 342
196 77
196 94
196 144
196 266
196 303
196 493
196 495
196 497
196 500
197 189
197 216
197 218
197 219
197 353
197 382
198 167
198 191
198 195
198 201
198 342
198 424
199 75
199 141
199 384
199 393
199 412
199 413
199 432
199 443
200 133
200 164
200 187
200 349
200 360
200 366
200 369
200 411
201 195
201 198
201 202
201 211
201 342
202 40
202 195
202 201
202 211
202 212
202 342
203 204
203 291
203 292
203 306
203 310
203 380
204 203
204 285
204 286
204 291
204 292
204 380
205 184
205 206
205 355
205 401
205 424
205 490
206 3
206 6
206 205
206 208
206 401
206 449
207 6
207 9
207 14
207 208
207 339
207 498
208 8
208 9
208 206
208 207
208 282
208 398
209 174
209 330
209 374
209 376
209 405
209 409
210 35
210 52
210 54
210 55
210 57
210 183
211 40
211 161
211 201
211 202
211 212
211 491
212 40
212 97
212 168
212 202
212 211
212 214
213 148
213 340
213 341
213 347
213 351
213 356
213 362
213 371
213 394
214 168
214 212
214 215
214 221
214 373
214 415
215 24
215 111
215 168
215 214
215 221
215 496
216 197
216 218
216 219
216 353
216 382
216 471
217 59
217 129
217 168
217 221
217 226
217 497
218 197
218 216
218 219
218 225
218 239
218 353
219 197
219 216
219 218
219 225
219 235
219 239
220 24
220 29
220 165
220 253
220 284
220 425
220 466
220 468
221 129
221 164
221 214
221 215
221 217
221 226
222 5
222 66
222 107
222 108
222 113
222 177
223 231
223 244
223 274
223 299
223 431
223 496
224 162
224 166
224 167
224 234
224 262
225 218
225 219
225 230
225 235
225 239
225 487
226 129
226 217
226 221
226 227
226 267
226 432
227 31
227 129
227 226
227 228
227 256
227 267
228 31
228 227
228 267
228 274
228 351
228 382
229 114
229 233
229 355
229 448
229 454
229 494
230 225
230 235
230 239
230 241
230 353
230 425
231 223
231 232
231 236
231 240
231 244
231 271
232 231
232 236
232 240
232 242
232 244
233 6
233 229
233 332
233 350
233 355
233 372
234 162
234 166
234 167
234 224
234 247
235 219
235 225
235 230
235 239
235 241
235 246
235 376
236 231
236 232
236 240
236 242
236 244
237 3
237 188
237 193
237 243
237 249
237 279
238 62
238 80
238 124
238 126
238 136
238 491
239 218
239 219
239 225
239 230
239 235
239 241
240 231
240 232
240 236
240 242
240 255
240 274
241 230
241 235
241 239
241 246
241 247
241 250
242 100
242 232
242 236
242 240
242 244
242 313
243 192
243 237
243 279
243 332
243 337
243 355
244 223
244 231
244 232
244 236
244 242
244 274
245 64
245 248
245 251
245 313
245 457
245 479
246 235
246 241
246 247
246 250
246 252
246 478
247 234
247 241
247 246
247 250
247 252
247 257
247 258
248 64
248 127
248 245
248 251
248 313
248 450
249 188
249 193
249 237
249 310
249 336
249 348
250 241
250 246
250 247
250 252
250 257
250 258
251 64
251 245
251 248
251 254
251 281
251 313
252 246
252 247
252 250
252 257
252 258
252 260
253 24
253 165
253 220
253 284
253 297
253 343
253 466
253 468
254 64
254 251
254 256
254 259
254 265
254 427
255 21
255 25
255 27
255 29
255 33
255 240
256 227
256 254
256 259
256 366
256 412
256 427
257 247
257 250
257 252
257 260
257 261
257 458
257 465
258 247
258 250
258 252
258 260
258 261
258 276
258 465
259 254
259 256
259 262
259 323
259 366
259 427
260 252
260 257
260 258
260 261
260 276
260 283
261 257
261 258
261 260
261 276
261 283
261 285
261 319
262 34
262 224
262 259
262 263
262 366
262 427
263 4
263 34
263 262
263 264
263 366
263 427
264 34
264 78
264 263
264 290
264 316
265 34
265 78
265 254
265 290
265 316
265 487
266 77
266 83
266 94
266 144
266 179
266 196
266 298
266 303
266 460
266 479
266 491
266 493
266 495
266 500
267 31
267 226
267 227
267 228
267 274
267 342
267 491
268 118
268 120
268 125
268 295
268 497
268 499
269 70
269 287
269 289
269 290
269 304
269 458
270 287
270 330
270 383
270 400
270 419
270 431
270 448
270 450
271 44
271 231
271 319
271 389
271 425
271 434
271 452
271 458
271 466
271 468
272 30
272 273
272 320
272 399
272 408
272 417
272 433
272 434
272 452
273 8
273 30
273 44
273 272
273 280
273 389
273 408
273 417
273 433
273 434
274 31
274 223
274 228
274 240
274 244
274 267
275 29
275 169
275 170
275 336
275 402
275 462
276 258
276 260
276 261
276 283
276 285
276 497
277 69
277 71
277 74
277 81
277 85
277 493
278 127
278 132
278 134
278 135
278 137
278 295
279 157
279 237
279 243
279 359
279 480
279 489
280 70
280 115
280 149
280 273
280 281
280 289
281 115
281 149
281 251
281 280
281 289
281 290
282 139
282 140
282 142
282 145
282 208
282 302
282 315
283 260
283 261
283 276
283 285
283 325
283 380
283 463
284 24
284 165
284 220
284 253
284 297
284 300
284 312
285 204
285 261
285 276
285 283
285 286
285 350
285 380
286 204
286 285
286 291
286 340
286 380
286 473
286 478
287 42
287 269
287 270
287 323
287 383
287 388
287 400
287 407
287 419
288 85
288 109
288 345
288 379
288 396
288 477
288 489
289 94
289 269
289 280
289 281
289 304
289 311
290 16
290 264
290 265
290 269
290 281
290 316
290 461
291 203
291 204
291 286
291 380
291 406
291 425
291 497
292 203
292 204
292 306
292 310
292 318
292 320
292 357
293 26
293 62
293 80
293 132
293 135
294 1
294 54
294 301
294 321
294 373
294 385
294 416
295 105
295 106
295 112
295 116
295 268
295 278
295 352
296 308
296 336
296 339
296 343
296 344
297 131
297 253
297 284
297 300
297 312
297 313
297 322
297 329
298 12
298 169
298 184
298 266
298 402
298 451
298 490
299 111
299 174
299 223
299 305
299 357
299 405
299 461
300 131
300 284
300 297
300 312
300 322
300 329
300 331
300 365
301 1
301 20
301 38
301 294
301 321
301 373
301 385
302 140
302 142
302 145
302 146
302 282
302 315
303 77
303 94
303 144
303 179
303 196
303 266
303 362
303 398
303 425
303 480
303 493
303 495
303 500
304 8
304 70
304 179
304 269
304 289
304 311
304 415
305 111
305 174
305 299
305 358
305 376
305 461
305 487
306 203
306 292
306 310
306 318
306 319
306 320
306 326
307 179
307 326
307 387
307 433
307 438
307 455
307 457
307 467
307 470
307 472
307 482
307 492
307 497
308 296
308 339
308 343
308 344
308 479
309 111
309 342
309 357
309 358
309 415
309 424
309 485
310 203
310 249
310 292
310 306
310 318
310 319
310 320
311 151
311 289
311 304
311 361
311 367
311 390
312 131
312 284
312 297
312 300
312 322
312 329
312 331
313 44
313 64
313 242
313 245
313 248
313 251
313 297
314 187
314 358
314 360
314 411
314 415
314 424
314 444
315 140
315 142
315 282
315 302
315 328
315 352
315 385
316 16
316 115
316 264
316 265
316 290
316 466
316 500
317 123
317 334
317 345
317 363
317 379
317 396
317 397
318 292
318 306
318 310
318 319
318 320
318 380
318 464
319 261
319 271
319 306
319 310
319 318
319 320
319 325
320 272
320 292
320 306
320 310
320 318
320 319
320 325
321 1
321 55
321 294
321 301
321 360
321 385
321 460
322 131
322 297
322 300
322 312
322 329
322 331
322 338
322 407
323 259
323 287
323 325
323 328
323 389
323 407
323 470
324 9
324 32
324 327
324 335
324 423
324 429
324 465
324 477
324 480
324 487
325 283
325 319
325 320
325 323
325 328
325 434
325 486
326 306
326 307
326 387
326 438
326 457
326 467
326 469
326 470
326 472
326 482
326 492
326 497
327 32
327 128
327 324
327 335
327 423
327 429
327 435
327 436
327 477
327 484
328 41
328 155
328 315
328 323
328 325
328 334
328 363
329 131
329 297
329 300
329 312
329 322
329 331
329 338
330 109
330 192
330 209
330 270
330 374
330 409
330 489
331 131
331 300
331 312
331 322
331 329
331 338
331 394
332 36
332 171
332 233
332 243
332 375
332 393
332 487
333 155
333 334
333 363
333 369
333 397
333 419
333 458
334 155
334 317
334 328
334 333
334 363
334 397
335 32
335 128
335 324
335 327
335 423
335 429
335 435
335 436
335 440
336 21
336 170
336 193
336 249
336 275
336 296
336 402
337 88
337 171
337 192
337 243
337 350
337 354
337 404
338 131
338 322
338 329
338 331
338 340
338 347
338 394
338 409
339 207
339 296
339 308
339 343
339 344
340 213
340 286
340 338
340 341
340 347
340 351
340 394
340 496
341 19
341 213
341 340
341 347
341 351
341 356
341 394
341 442
342 191
342 195
342 198
342 201
342 202
342 267
342 309
342 385
343 253
343 296
343 308
343 339
343 344
344 296
344 308
344 339
344 343
344 468
345 107
345 109
345 288
345 317
345 379
345 396
345 489
346 41
346 73
346 386
346 391
346 395
346 399
346 442
346 447
347 213
347 338
347 340
347 341
347 351
347 356
347 394
348 36
348 123
348 170
348 188
348 193
348 249
348 402
349 164
349 200
349 383
349 385
349 390
349 411
349 416
349 485
350 43
350 114
350 233
350 285
350 337
350 355
350 359
350 372
351 213
351 228
351 340
351 341
351 347
351 356
351 362
351 486
352 93
352 95
352 96
352 105
352 106
352 295
352 315
352 395
353 186
353 189
353 197
353 216
353 218
353 230
353 364
353 382
354 42
354 89
354 101
354 176
354 337
354 388
354 406
354 407
355 53
355 205
355 229
355 233
355 243
355 350
355 372
355 435
356 87
356 213
356 341
356 347
356 351
356 362
356 394
356 446
357 111
357 292
357 299
357 309
357 376
357 424
357 461
357 492
358 187
358 305
358 309
358 314
358 415
358 424
358 444
358 449
359 104
359 279
359 350
359 363
359 403
359 433
359 445
359 494
360 187
360 200
360 314
360 321
360 368
360 369
360 416
360 450
361 77
361 311
361 367
361 390
361 430
361 453
362 41
362 87
362 213
362 303
362 351
362 356
362 370
362 414
363 155
363 317
363 328
363 333
363 334
363 359
363 397
364 353
364 365
364 381
364 418
364 420
365 300
365 364
365 381
365 418
365 420
366 47
366 200
366 256
366 259
366 262
366 263
366 427
366 450
367 311
367 361
367 390
367 430
367 453
367 482
368 10
368 11
368 12
368 14
368 27
368 360
369 93
369 164
369 187
369 200
369 333
369 360
369 444
369 477
370 87
370 362
370 371
370 398
370 414
370 445
370 465
370 478
371 87
371 213
371 370
371 377
371 398
371 414
371 426
371 487
372 44
372 68
372 114
372 233
372 350
372 355
372 374
372 470
373 22
373 164
373 214
373 294
373 301
373 385
373 416
373 456
374 109
374 209
374 330
374 372
374 409
374 459
374 478
374 489
375 141
375 332
375 377
375 384
375 404
375 413
375 414
375 468
376 174
376 209
376 235
376 305
376 357
376 409
376 461
376 488
377 87
377 371
377 375
377 379
377 398
377 404
377 414
377 468
378 46
378 48
378 51
378 59
378 68
379 61
379 109
379 288
379 317
379 345
379 377
379 396
379 488
380 203
380 204
380 283
380 285
380 286
380 291
380 318
380 438
381 364
381 365
381 413
381 418
381 420
382 101
382 176
382 186
382 189
382 197
382 216
382 228
382 353
382 477
383 270
383 287
383 349
383 400
383 405
383 419
383 431
383 448
383 450
384 152
384 199
384 375
384 393
384 412
384 413
384 432
384 443
384 492
385 20
385 164
385 294
385 301
385 315
385 321
385 342
385 349
385 373
386 346
386 389
386 391
386 395
386 399
386 408
386 442
386 447
386 482
387 156
387 307
387 326
387 455
387 458
387 464
387 467
387 470
387 472
387 479
387 482
387 486
387 492
387 497
388 42
388 89
388 186
388 287
388 354
388 400
388 406
388 407
388 493
389 44
389 271
389 273
389 323
389 386
389 417
389 433
389 434
389 452
389 458
390 311
390 349
390 361
390 367
390 430
390 453
391 30
391 73
391 346
391 386
391 395
391 399
391 408
391 442
391 472
392 77
392 94
392 144
392 158
392 179
392 395
392 420
392 423
392 464
392 472
392 473
392 481
392 485
392 486
392 488
392 491
392 496
392 500
393 141
393 199
393 332
393 384
393 412
393 413
393 443
393 477
393 486
394 72
394 213
394 331
394 338
394 340
394 341
394 347
394 356
394 481
395 30
395 73
395 346
395 352
395 386
395 391
395 392
395 399
395 442
396 155
396 288
396 317
396 345
396 379
396 397
397 155
397 317
397 333
397 334
397 363
397 396
397 427
398 208
398 303
398 370
398 371
398 377
398 404
398 414
398 466
398 492
399 30
399 124
399 272
399 346
399 386
399 391
399 395
399 408
399 417
400 270
400 287
400 383
400 388
400 407
400 419
400 450
400 487
400 492
401 4
401 126
401 184
401 205
401 206
401 416
401 490
402 170
402 275
402 298
402 336
402 348
403 17
403 72
403 104
403 359
403 430
403 445
403 453
404 87
404 131
404 337
404 375
404 377
404 398
404 414
404 466
404 500
405 11
405 16
405 174
405 209
405 299
405 383
405 409
405 455
405 461
406 42
406 89
406 101
406 176
406 186
406 291
406 354
406 388
406 480
407 42
407 89
407 287
407 322
407 323
407 354
407 388
407 400
407 480
408 30
408 121
408 272
408 273
408 386
408 391
408 399
408 433
408 477
409 135
409 174
409 209
409 330
409 338
409 374
409 376
409 405
409 489
410 2
410 160
410 161
410 162
410 475
411 35
411 164
411 178
411 187
411 200
411 314
411 349
411 416
411 434
412 141
412 199
412 256
412 384
412 393
412 413
412 432
412 443
412 451
413 141
413 149
413 199
413 375
413 381
413 384
413 393
413 412
413 451
414 87
414 362
414 370
414 371
414 375
414 377
414 398
414 404
414 500
415 69
415 214
415 304
415 309
415 314
415 358
415 424
415 444
415 452
416 35
416 79
416 154
416 164
416 294
416 349
416 360
416 373
416 401
416 411
417 30
417 44
417 53
417 272
417 273
417 389
417 399
417 433
417 434
417 436
418 364
418 365
418 381
418 420
418 462
419 19
419 270
419 287
419 333
419 383
419 400
419 431
419 448
419 450
419 495
420 364
420 365
420 381
420 392
420 418
421 43
421 84
421 88
421 91
421 92
422 17
422 423
422 429
422 435
422 436
422 439
422 440
422 441
422 446
422 454
423 48
423 324
423 327
423 335
423 392
423 422
423 429
423 435
423 436
423 440
424 81
424 103
424 198
424 205
424 309
424 314
424 357
424 358
424 415
424 444
425 24
425 165
425 220
425 230
425 271
425 291
425 303
425 458
425 466
425 468
426 371
426 474
426 476
426 483
426 484
427 254
427 256
427 259
427 262
427 263
427 366
427 397
428 17
428 19
428 72
428 454
428 494
429 72
429 324
429 327
429 335
429 422
429 423
429 435
429 436
429 440
429 441
430 361
430 367
430 390
430 403
430 440
430 453
431 1
431 223
431 270
431 383
431 419
431 432
431 443
431 448
431 450
431 496
432 104
432 141
432 199
432 226
432 384
432 412
432 431
432 443
432 448
432 450
433 30
433 44
433 272
433 273
433 307
433 359
433 389
433 408
433 417
433 434
434 44
434 271
434 272
434 273
434 325
434 389
434 411
434 417
434 433
434 452
435 327
435 335
435 355
435 422
435 423
435 429
435 436
435 440
435 441
435 454
436 327
436 335
436 417
436 422
436 423
436 429
436 435
436 440
436 441
436 454
437 41
437 60
437 439
437 441
437 446
437 447
437 451
437 454
437 456
437 478
437 500
438 307
438 326
438 380
438 449
438 455
438 457
438 462
438 467
438 469
438 472
438 482
439 41
439 133
439 422
439 437
439 441
439 446
439 447
439 451
439 454
439 456
439 495
440 335
440 422
440 423
440 429
440 430
440 435
440 436
440 441
440 446
440 454
440 483
441 156
441 422
441 429
441 435
441 436
441 437
441 439
441 440
441 446
441 454
441 488
442 73
442 341
442 346
442 386
442 391
442 395
442 447
442 451
442 452
442 456
442 478
443 141
443 199
443 384
443 393
443 412
443 431
443 432
443 448
443 496
444 111
444 314
444 358
444 369
444 415
444 424
445 53
445 104
445 143
445 359
445 370
445 403
445 494
446 41
446 61
446 82
446 356
446 422
446 437
446 439
446 440
446 441
446 451
446 454
446 456
447 41
447 73
447 75
447 346
447 386
447 437
447 439
447 442
447 451
447 456
447 459
447 478
448 13
448 33
448 71
448 229
448 270
448 383
448 419
448 431
448 432
448 443
448 450
448 456
449 206
449 358
449 438
449 455
449 457
449 459
449 460
449 462
449 463
449 467
449 469
449 472
450 77
450 79
450 248
450 270
450 360
450 366
450 383
450 400
450 419
450 431
450 432
450 448
451 41
451 73
451 298
451 412
451 413
451 437
451 439
451 442
451 446
451 447
451 456
451 478
452 19
452 44
452 150
452 161
452 271
452 272
452 389
452 415
452 434
452 442
452 458
452 487
453 361
453 367
453 390
453 403
453 430
454 41
454 51
454 229
454 422
454 428
454 435
454 436
454 437
454 439
454 440
454 441
454 446
455 307
455 387
455 405
455 438
455 449
455 457
455 462
455 467
455 469
455 472
455 482
455 492
456 41
456 73
456 139
456 373
456 437
456 439
456 442
456 446
456 447
456 448
456 451
456 478
457 185
457 245
457 307
457 326
457 438
457 449
457 455
457 460
457 462
457 467
457 469
457 472
458 11
458 44
458 257
458 269
458 271
458 333
458 387
458 389
458 425
458 452
458 466
458 468
459 7
459 374
459 447
459 449
459 460
459 462
459 463
459 465
459 469
459 471
459 477
459 480
459 487
460 139
460 266
460 321
460 449
460 457
460 459
460 462
460 463
460 465
460 469
460 471
460 480
460 487
461 71
461 111
461 129
461 290
461 299
461 305
461 357
461 376
461 405
462 275
462 418
462 438
462 449
462 455
462 457
462 459
462 460
462 463
462 467
462 469
462 471
462 472
463 16
463 128
463 156
463 283
463 449
463 459
463 460
463 462
463 465
463 471
463 477
463 480
463 487
464 156
464 158
464 318
464 387
464 392
464 473
464 479
464 481
464 485
464 486
464 488
464 492
464 497
465 32
465 128
465 194
465 257
465 258
465 324
465 370
465 459
465 460
465 463
465 471
465 477
465 480
465 487
466 24
466 56
466 78
466 165
466 220
466 253
466 271
466 316
466 398
466 404
466 425
466 458
466 468
467 307
467 326
467 387
467 438
467 449
467 455
467 457
467 462
467 469
467 472
467 478
467 482
467 492
468 24
468 146
468 165
468 220
468 253
468 271
468 344
468 375
468 377
468 425
468 458
468 466
468 471
469 326
469 438
469 449
469 455
469 457
469 459
469 460
469 462
469 467
469 472
469 476
470 156
470 307
470 323
470 326
470 372
470 387
470 473
470 479
470 481
470 482
470 486
470 488
470 492
470 497
471 32
471 81
471 128
471 216
471 459
471 460
471 462
471 463
471 465
471 468
471 477
471 480
471 487
472 33
472 95
472 307
472 326
472 387
472 391
472 392
472 438
472 449
472 455
472 457
472 462
472 467
472 469
472 482
473 156
473 158
473 286
473 392
473 464
473 470
473 479
473 481
473 485
473 486
473 488
473 489
473 491
473 496
473 497
474 426
474 476
474 481
474 483
474 484
475 2
475 161
475 166
475 167
475 410
476 426
476 469
476 474
476 483
476 484
477 32
477 105
477 128
477 288
477 324
477 327
477 369
477 382
477 393
477 408
477 459
477 463
477 465
477 471
477 480
477 487
478 40
478 41
478 73
478 97
478 175
478 246
478 286
478 370
478 374
478 437
478 442
478 447
478 451
478 456
478 467
478 496
479 36
479 156
479 171
479 245
479 266
479 308
479 387
479 464
479 470
479 473
479 481
479 482
479 486
479 488
479 492
479 497
480 2
480 32
480 110
480 128
480 279
480 303
480 324
480 406
480 407
480 459
480 460
480 463
480 465
480 471
480 477
480 487
481 114
481 142
481 156
481 158
481 392
481 394
481 464
481 470
481 473
481 474
481 479
481 485
481 486
481 488
481 492
481 496
481 497
482 22
482 38
482 156
482 194
482 307
482 326
482 367
482 386
482 387
482 438
482 455
482 467
482 470
482 472
482 479
482 492
482 497
483 426
483 440
483 474
483 476
483 484
484 327
484 426
484 474
484 476
484 483
485 67
485 77
485 94
485 144
485 156
485 158
485 179
485 309
485 349
485 392
485 464
485 473
485 481
485 488
485 491
485 496
485 500
486 156
486 158
486 325
486 351
486 387
486 392
486 393
486 464
486 470
486 473
486 479
486 481
486 488
486 491
486 492
486 496
486 497
487 32
487 78
487 128
487 225
487 265
487 305
487 324
487 332
487 371
487 400
487 452
487 459
487 460
487 463
487 465
487 471
487 477
487 480
488 69
488 158
488 179
488 191
488 376
488 379
488 392
488 441
488 464
488 470
488 473
488 479
488 481
488 485
488 486
488 491
488 496
488 497
489 37
489 109
489 279
489 288
489 330
489 345
489 374
489 409
489 473
490 4
490 169
490 184
490 205
490 298
490 401
491 77
491 94
491 133
491 144
491 158
491 179
491 211
491 238
491 266
491 267
491 392
491 473
491 485
491 486
491 488
491 493
491 496
491 500
492 156
492 171
492 307
492 326
492 357
492 384
492 387
492 398
492 400
492 455
492 464
492 467
492 470
492 479
492 481
492 482
492 486
492 497
493 77
493 94
493 113
493 144
493 179
493 196
493 266
493 277
493 303
493 388
493 491
493 495
493 496
494 53
494 114
494 229
494 359
494 428
494 445
495 31
495 77
495 94
495 144
495 179
495 196
495 266
495 303
495 419
495 439
495 493
495 500
496 77
496 94
496 144
496 158
496 179
496 215
496 223
496 340
496 392
496 431
496 443
496 473
496 478
496 481
496 485
496 486
496 488
496 491
496 493
496 500
497 60
497 62
497 120
497 156
497 196
497 217
497 268
497 276
497 291
497 307
497 326
497 387
497 464
497 470
497 473
497 479
497 481
497 482
497 486
497 488
497 492
498 8
498 9
498 11
498 14
498 92
498 207
499 17
499 112
499 116
499 118
499 125
499 138
499 268
500 1
500 77
500 94
500 144
500 158
500 179
500 196
500 266
500 303
500 316
500 392
500 404
500 414
500 437
500 485
500 491
500 495
500 496
