1 26
1 48
1 58
1 146
1 185
1 203
2 10
2 62
2 130
2 306
2 388
3 69
3 142
3 147
3 200
3 291
4 115
4 134
4 159
4 163
4 166
4 245
4 248
4 358
4 406
5 67
5 83
5 152
5 190
5 311
5 315
5 383
5 397
5 419
5 445
5 464
5 497
6 124
6 168
6 215
6 234
6 477
7 46
7 129
7 160
7 192
7 387
8 37
8 41
8 60
8 401
8 496
9 86
9 175
9 235
9 240
9 384
9 398
10 2
10 130
10 261
10 272
10 388
10 413
10 421
10 456
11 297
11 318
11 350
11 367
11 389
11 390
11 404
11 405
12 44
12 264
12 284
12 376
12 473
13 34
13 43
13 52
13 80
13 102
13 379
14 33
14 94
14 116
14 237
14 295
14 349
14 369
14 377
15 31
15 230
15 375
15 394
15 422
15 483
16 193
16 286
16 340
16 347
17 38
17 113
17 128
17 263
17 288
18 32
18 51
18 74
18 101
18 323
19 193
19 286
19 293
19 340
19 346
19 347
20 169
20 367
20 389
20 390
20 404
21 156
21 243
21 374
21 443
21 449
21 489
22 38
22 91
22 354
22 355
23 221
23 276
23 301
23 332
23 339
23 410
23 463
24 57
24 150
24 162
24 180
24 249
24 302
24 320
24 352
25 396
25 417
25 427
25 461
25 468
26 1
26 58
26 170
26 203
26 259
27 182
27 204
27 303
27 392
27 418
27 435
27 467
27 481
28 131
28 165
28 213
28 262
28 307
29 61
29 83
29 397
29 445
29 453
30 210
30 283
30 290
30 359
30 491
31 15
31 217
31 316
31 394
31 440
31 452
31 483
31 486
32 18
32 51
32 74
32 101
32 323
33 14
33 282
33 295
33 377
33 381
34 13
34 52
34 80
34 102
34 379
35 72
35 213
35 262
35 307
35 479
36 50
36 148
36 212
36 292
36 319
37 8
37 41
37 60
37 401
37 496
38 17
38 22
38 91
38 113
38 128
38 263
38 288
38 354
38 355
39 46
39 160
39 176
39 192
39 247
40 119
40 233
40 278
40 403
40 459
40 491
41 8
41 37
41 60
41 401
41 496
42 49
42 108
42 179
42 209
42 451
43 13
43 52
43 80
43 102
43 379
44 12
44 144
44 154
44 264
44 279
44 284
44 376
44 385
45 54
45 78
45 125
45 250
45 254
45 296
45 407
45 420
45 430
45 431
45 434
46 7
46 39
46 160
46 192
46 247
47 70
47 106
47 253
47 270
47 309
47 335
47 344
48 1
48 58
48 136
48 146
48 170
48 171
48 185
48 203
48 259
48 380
49 42
49 108
49 179
49 209
49 451
50 36
50 92
50 199
50 212
50 292
50 319
51 18
51 32
51 74
51 79
51 101
51 323
51 353
52 13
52 34
52 43
52 80
52 102
53 178
53 241
53 273
53 281
53 429
54 45
54 78
54 125
54 250
54 296
54 407
54 420
54 430
54 431
54 434
55 183
55 188
55 333
55 334
55 345
55 348
55 364
56 123
56 132
56 196
56 207
56 373
56 470
56 482
57 24
57 162
57 249
57 352
57 360
58 1
58 26
58 48
58 136
58 171
58 203
59 83
59 88
59 211
59 285
59 287
59 378
59 457
60 8
60 37
60 41
60 401
60 496
61 29
61 83
61 397
61 453
61 497
62 2
62 109
62 198
62 306
63 77
63 117
63 220
63 238
63 436
63 462
64 83
64 85
64 218
64 277
64 311
64 464
65 78
65 250
65 407
65 420
65 434
66 143
66 172
66 226
66 269
66 372
67 5
67 83
67 145
67 152
67 311
67 397
67 414
67 419
67 445
67 464
67 497
68 139
68 177
68 181
68 219
68 417
68 461
68 468
68 484
68 485
69 3
69 147
69 200
69 214
69 256
70 47
70 76
70 201
70 224
70 270
70 335
71 104
71 186
71 194
71 206
71 492
72 35
72 165
72 262
72 307
72 479
73 86
73 331
73 384
73 398
73 402
74 18
74 32
74 51
74 79
74 101
74 323
74 353
75 139
75 181
75 314
75 321
75 325
75 427
75 458
75 461
75 474
75 484
75 485
76 70
76 201
76 253
76 270
76 309
77 63
77 117
77 220
77 238
77 436
77 462
78 45
78 54
78 65
78 125
78 250
78 254
78 296
78 317
78 420
78 430
78 431
79 51
79 74
79 353
80 13
80 34
80 43
80 52
80 379
81 96
81 120
81 174
81 189
81 239
82 374
82 423
82 446
82 449
82 489
83 5
83 29
83 59
83 61
83 64
83 67
83 145
83 152
83 190
83 218
83 257
83 277
83 311
83 315
83 383
83 397
83 419
83 445
83 464
83 497
84 228
84 278
84 290
84 326
84 403
84 428
84 433
84 491
85 64
85 218
85 277
85 311
85 464
86 9
86 73
86 235
86 240
86 242
86 252
86 331
86 384
86 398
86 402
87 114
87 211
87 285
87 294
87 378
87 457
88 59
88 285
88 294
88 362
88 378
89 161
89 187
89 189
89 208
89 299
90 342
90 351
90 368
90 447
90 465
91 22
91 38
91 113
91 128
91 263
91 354
91 355
92 50
92 199
92 212
92 292
92 319
93 198
93 261
93 366
93 388
93 421
94 14
94 282
94 295
94 377
94 381
95 223
95 371
95 412
95 437
95 494
96 81
96 120
96 187
96 189
96 239
96 299
97 142
97 147
97 197
97 200
97 214
97 256
97 291
98 178
98 241
98 273
98 281
98 429
99 104
99 110
99 138
99 206
99 466
100 122
100 123
100 133
100 207
100 313
100 373
100 448
100 470
100 472
100 482
100 495
100 499
101 18
101 32
101 51
101 74
101 353
102 13
102 34
102 43
102 52
102 379
103 112
103 232
103 298
103 300
103 310
103 324
103 336
103 409
103 411
103 424
103 444
103 455
103 469
103 475
103 478
103 487
103 493
104 71
104 99
104 110
104 121
104 138
104 194
104 466
105 141
105 416
105 441
105 489
106 47
106 253
106 270
106 309
106 335
106 344
107 182
107 303
107 418
107 435
107 438
108 42
108 49
108 179
108 209
108 451
109 62
109 173
109 261
109 388
109 413
109 421
109 456
110 99
110 104
110 121
110 206
110 466
111 195
111 265
111 342
111 351
111 447
111 465
112 103
112 409
112 411
112 469
112 471
112 475
112 493
113 17
113 38
113 91
113 128
113 263
113 288
113 354
113 355
114 87
114 211
114 285
114 287
114 294
115 4
115 166
115 245
115 248
115 391
116 14
116 282
116 295
116 377
116 381
117 63
117 77
117 220
117 238
117 462
118 258
118 371
118 412
118 437
118 500
119 40
119 290
119 326
119 415
119 459
120 81
120 96
120 189
120 208
120 299
121 104
121 110
121 186
121 194
121 466
122 100
122 123
122 133
122 196
122 207
122 274
122 313
122 373
122 382
122 425
122 448
122 470
122 472
122 482
123 56
123 100
123 122
123 132
123 133
123 191
123 196
123 207
123 216
123 274
123 313
123 373
123 382
123 425
123 448
123 460
123 470
123 472
123 482
123 495
123 499
124 6
124 135
124 168
124 215
124 477
125 45
125 54
125 78
125 250
125 407
125 420
125 431
125 434
126 223
126 225
126 312
126 371
126 412
126 437
127 151
127 162
127 320
127 352
127 360
128 17
128 38
128 91
128 113
128 263
128 288
129 7
129 160
129 176
129 192
129 387
130 2
130 10
130 198
130 272
130 413
131 28
131 213
131 262
131 307
131 479
132 56
132 123
132 191
132 207
132 373
132 470
132 482
133 100
133 122
133 123
133 196
133 313
133 373
133 448
133 460
133 470
133 472
133 482
133 495
133 499
134 4
134 166
134 245
134 391
134 406
135 124
135 168
135 215
135 234
135 477
136 48
136 58
136 259
136 380
136 399
137 225
137 258
137 312
137 371
137 500
138 99
138 104
138 186
138 194
138 466
139 68
139 75
139 177
139 181
139 219
139 325
139 396
139 417
139 461
139 468
139 474
139 484
139 485
140 155
140 157
140 205
140 260
140 341
140 488
141 105
141 374
141 408
141 416
141 489
142 3
142 97
142 197
142 214
142 291
143 66
143 172
143 226
143 269
143 372
144 44
144 264
144 284
144 376
144 473
145 67
145 83
145 190
145 257
145 311
145 397
145 414
145 445
145 464
145 497
146 1
146 48
146 171
146 203
146 399
147 3
147 69
147 97
147 200
147 214
147 256
147 291
148 36
148 199
148 212
148 292
148 319
149 246
149 374
149 408
149 441
149 489
150 24
150 151
150 180
150 249
150 320
151 127
151 150
151 162
151 320
151 352
152 5
152 67
152 83
152 190
152 311
152 397
152 414
152 419
152 445
152 464
152 497
153 297
153 350
153 361
153 390
153 404
153 405
154 44
154 236
154 264
154 279
154 376
155 140
155 251
155 289
155 363
155 393
156 21
156 243
156 275
156 374
156 443
156 446
156 449
156 454
156 489
157 140
157 205
157 251
157 260
157 289
157 363
157 393
158 300
158 444
158 471
158 487
158 493
159 4
159 166
159 245
159 358
159 406
160 7
160 39
160 46
160 129
160 192
160 247
161 89
161 174
161 208
161 239
161 299
162 24
162 57
162 127
162 151
162 302
162 320
162 352
162 360
163 4
163 166
163 248
163 358
163 391
163 406
164 230
164 422
164 426
164 452
164 483
165 28
165 72
165 213
165 262
165 479
166 4
166 115
166 134
166 159
166 163
166 245
166 248
166 358
166 406
167 202
167 229
167 308
167 330
167 338
168 6
168 124
168 135
168 174
168 215
168 234
168 477
169 20
169 297
169 389
169 390
169 404
170 26
170 48
170 171
170 203
170 399
171 48
171 58
171 146
171 170
171 203
172 66
172 143
172 226
172 269
172 372
173 109
173 261
173 306
173 413
173 421
174 81
174 161
174 168
174 187
174 208
175 9
175 240
175 331
175 384
175 398
176 39
176 129
176 192
176 247
176 387
177 68
177 139
177 219
177 256
177 417
177 468
178 53
178 98
178 241
178 273
178 476
179 42
179 49
179 108
179 209
179 451
180 24
180 150
180 302
180 320
180 352
181 68
181 75
181 139
181 219
181 271
181 314
181 321
181 325
181 396
181 417
181 461
181 468
181 474
181 484
181 485
182 27
182 107
182 204
182 244
182 255
182 267
182 280
182 303
182 392
182 400
182 418
182 438
182 467
182 481
183 55
183 188
183 333
183 334
183 348
183 395
184 343
184 374
184 423
184 439
184 454
184 489
185 1
185 48
185 203
185 259
185 380
186 71
186 121
186 138
186 466
186 492
187 89
187 96
187 174
187 189
187 239
187 299
188 55
188 183
188 333
188 334
188 345
188 348
189 81
189 89
189 96
189 120
189 187
189 239
189 299
190 5
190 83
190 145
190 152
190 311
190 315
190 383
190 397
190 419
190 445
190 464
190 497
191 123
191 132
191 196
191 373
191 470
191 482
192 7
192 39
192 46
192 129
192 160
192 176
192 247
192 387
193 16
193 19
193 286
193 293
193 340
193 346
193 347
193 386
194 71
194 104
194 121
194 138
194 466
194 492
195 111
195 265
195 342
195 351
195 368
195 447
195 465
196 56
196 122
196 123
196 133
196 191
196 207
196 313
196 373
196 460
196 470
196 472
196 482
196 495
196 499
197 97
197 142
197 200
197 256
197 291
198 62
198 93
198 130
198 261
198 432
198 456
199 50
199 92
199 148
199 212
199 292
199 319
200 3
200 69
200 97
200 147
200 197
200 291
201 70
201 76
201 224
201 309
201 344
202 167
202 266
202 268
202 308
202 330
202 338
203 1
203 26
203 48
203 58
203 146
203 170
203 171
203 185
203 399
204 27
204 182
204 280
204 303
204 418
205 140
205 157
205 251
205 260
205 393
205 488
206 71
206 99
206 110
206 466
206 492
207 56
207 100
207 122
207 123
207 132
207 196
207 274
207 313
207 373
207 382
207 425
207 442
207 448
207 460
207 470
207 472
207 480
207 482
207 495
207 499
208 89
208 120
208 161
208 174
208 299
209 42
209 49
209 108
209 179
209 451
210 30
210 278
210 283
210 290
210 322
210 326
210 403
210 428
210 459
210 491
211 59
211 87
211 114
211 285
211 287
211 294
211 362
211 378
211 457
212 36
212 50
212 92
212 148
212 199
212 292
212 319
213 28
213 35
213 131
213 165
213 262
213 479
214 69
214 97
214 142
214 147
214 256
214 291
215 6
215 124
215 135
215 168
215 234
215 477
216 123
216 373
216 382
216 460
216 470
216 482
217 31
217 230
217 316
217 394
217 426
217 483
218 64
218 83
218 85
218 277
218 311
218 397
219 68
219 139
219 177
219 181
219 325
219 396
219 474
219 484
219 485
220 63
220 77
220 117
220 238
220 436
220 462
221 23
221 276
221 301
221 332
221 339
221 357
221 410
221 463
222 227
222 342
222 351
222 368
222 465
223 95
223 126
223 225
223 312
223 412
223 494
224 70
224 201
224 253
224 270
224 335
225 126
225 137
225 223
225 312
225 412
225 494
226 66
226 143
226 172
226 269
226 372
227 222
227 265
227 342
227 351
227 368
228 84
228 278
228 322
228 450
228 459
228 491
229 167
229 266
229 268
229 308
229 330
229 338
230 15
230 164
230 217
230 305
230 316
230 328
230 356
230 375
230 394
230 422
230 426
230 483
231 241
231 273
231 429
231 476
232 103
232 298
232 409
232 411
232 469
232 471
232 475
232 487
232 493
233 40
233 278
233 403
233 433
233 459
233 491
234 6
234 135
234 168
234 215
235 9
235 86
235 331
235 384
235 398
235 402
236 154
236 264
236 279
236 284
236 385
237 14
237 349
237 377
237 381
238 63
238 77
238 117
238 220
238 436
239 81
239 96
239 161
239 187
239 189
239 299
240 9
240 86
240 175
240 252
240 331
240 384
241 53
241 98
241 178
241 231
241 273
241 281
241 476
242 86
242 331
242 384
242 398
242 402
243 21
243 156
243 275
243 374
243 408
243 416
243 439
243 443
243 446
243 449
243 454
243 489
244 182
244 267
244 303
244 392
244 467
244 481
245 4
245 115
245 134
245 159
245 166
245 248
245 406
246 149
246 374
246 408
246 441
246 454
246 489
247 39
247 46
247 160
247 176
247 192
247 387
248 4
248 115
248 163
248 166
248 245
248 358
248 391
248 406
249 24
249 57
249 150
249 302
249 320
250 45
250 54
250 65
250 78
250 125
250 254
250 296
250 317
250 431
250 434
251 155
251 157
251 205
251 260
251 289
251 341
251 363
251 393
252 86
252 240
252 331
252 384
252 398
252 402
253 47
253 76
253 106
253 224
253 309
253 335
253 344
254 45
254 78
254 250
254 420
254 434
255 182
255 303
255 392
255 400
255 435
255 481
256 69
256 97
256 147
256 177
256 197
256 214
257 83
257 145
257 311
257 315
257 383
257 397
257 419
257 445
257 464
257 497
258 118
258 137
258 371
258 412
258 437
259 26
259 48
259 136
259 185
259 380
260 140
260 157
260 205
260 251
260 289
260 341
260 363
260 393
260 488
261 10
261 93
261 109
261 173
261 198
261 272
261 366
261 413
261 421
261 432
261 456
262 28
262 35
262 72
262 131
262 165
262 213
262 479
263 17
263 38
263 91
263 113
263 128
263 288
263 355
264 12
264 44
264 144
264 154
264 236
264 279
264 284
264 376
264 385
265 111
265 195
265 227
265 342
265 351
265 368
266 202
266 229
266 304
266 308
266 330
266 338
267 182
267 244
267 280
267 392
267 481
268 202
268 229
268 304
268 308
268 324
268 338
269 66
269 143
269 172
269 226
269 372
270 47
270 70
270 76
270 106
270 224
270 335
271 181
271 458
271 461
271 468
271 474
271 484
272 10
272 130
272 261
272 413
272 432
272 456
273 53
273 98
273 178
273 231
273 241
273 281
273 429
273 476
274 122
274 123
274 207
274 373
274 442
274 470
274 499
275 156
275 243
275 343
275 374
275 408
275 416
275 423
275 439
275 446
275 449
275 454
275 489
276 23
276 221
276 301
276 332
276 357
276 410
276 463
277 64
277 83
277 85
277 218
277 311
277 397
277 464
278 40
278 84
278 210
278 228
278 233
278 283
278 290
278 326
278 329
278 337
278 359
278 370
278 403
278 415
278 428
278 433
278 450
278 459
278 491
279 44
279 154
279 236
279 264
279 284
279 385
279 473
280 182
280 204
280 267
280 392
280 481
281 53
281 98
281 241
281 273
281 476
282 33
282 94
282 116
282 295
282 349
282 369
282 381
283 30
283 210
283 278
283 290
283 322
283 326
283 370
283 428
283 459
283 491
284 12
284 44
284 144
284 236
284 264
284 279
284 385
285 59
285 87
285 88
285 114
285 211
285 287
285 362
285 457
286 16
286 19
286 193
286 293
286 340
286 347
286 386
287 59
287 114
287 211
287 285
287 294
287 378
287 457
288 17
288 38
288 113
288 128
288 263
289 155
289 157
289 251
289 260
289 341
289 363
289 488
290 30
290 84
290 119
290 210
290 278
290 283
290 326
290 329
290 359
290 403
290 415
290 428
290 450
290 459
290 491
291 3
291 97
291 142
291 147
291 197
291 200
291 214
292 36
292 50
292 92
292 148
292 199
292 212
292 319
293 19
293 193
293 286
293 340
293 346
293 347
294 87
294 88
294 114
294 211
294 287
294 362
294 378
295 14
295 33
295 94
295 116
295 282
295 377
295 381
296 45
296 54
296 78
296 250
296 407
296 420
296 431
297 11
297 153
297 169
297 318
297 367
297 389
297 390
297 405
297 490
298 103
298 232
298 300
298 324
298 336
298 409
298 411
298 424
298 455
298 469
298 471
298 475
298 493
299 89
299 96
299 120
299 161
299 187
299 189
299 208
299 239
300 103
300 158
300 298
300 411
300 444
300 475
300 493
301 23
301 221
301 276
301 332
301 339
301 357
301 410
301 463
302 24
302 162
302 180
302 249
302 320
303 27
303 107
303 182
303 204
303 244
303 255
303 392
303 400
303 418
303 435
303 438
303 467
303 481
304 266
304 268
304 308
304 330
304 338
305 230
305 394
305 426
305 452
305 483
306 2
306 62
306 173
306 421
306 456
307 28
307 35
307 72
307 131
307 479
308 167
308 202
308 229
308 266
308 268
308 304
308 330
308 338
309 47
309 76
309 106
309 201
309 253
309 335
309 344
310 103
310 409
310 411
310 469
310 471
310 493
311 5
311 64
311 67
311 83
311 85
311 145
311 152
311 190
311 218
311 257
311 277
311 315
311 383
311 397
311 414
311 419
311 445
311 453
311 464
311 497
312 126
312 137
312 223
312 225
312 371
312 412
312 437
313 100
313 122
313 123
313 133
313 196
313 207
313 373
313 382
313 425
313 442
313 448
313 460
313 470
313 472
313 482
313 499
314 75
314 181
314 321
314 325
314 396
314 485
315 5
315 83
315 190
315 257
315 311
315 383
315 397
315 419
315 445
315 464
315 497
316 31
316 217
316 230
316 356
316 375
316 394
316 426
316 440
316 452
317 78
317 250
317 407
317 420
317 434
318 11
318 297
318 390
318 404
318 490
319 36
319 50
319 92
319 148
319 199
319 212
319 292
320 24
320 127
320 150
320 151
320 162
320 180
320 249
320 302
320 352
320 360
321 75
321 181
321 314
321 325
321 427
321 468
321 484
321 485
322 210
322 228
322 283
322 403
322 491
323 18
323 32
323 51
323 74
323 353
324 103
324 268
324 298
324 411
324 444
324 455
324 469
324 471
324 475
324 487
324 493
325 75
325 139
325 181
325 219
325 314
325 321
325 417
325 427
325 461
325 468
325 474
325 484
325 485
326 84
326 119
326 210
326 278
326 283
326 290
326 329
326 359
326 403
326 415
326 428
326 450
326 459
326 491
327 394
327 422
327 426
327 452
327 483
328 230
328 356
328 394
328 422
328 426
328 452
328 483
329 278
329 290
329 326
329 370
329 403
329 450
329 491
330 167
330 202
330 229
330 266
330 304
330 308
330 338
331 73
331 86
331 175
331 235
331 240
331 242
331 252
331 398
332 23
332 221
332 276
332 301
332 339
332 357
332 410
332 463
333 55
333 183
333 188
333 334
333 345
333 348
333 364
333 395
334 55
334 183
334 188
334 333
334 348
334 364
334 395
335 47
335 70
335 106
335 224
335 253
335 270
335 309
335 344
336 103
336 298
336 411
336 455
336 469
336 471
336 475
336 487
336 493
337 278
337 359
337 428
337 450
337 491
338 167
338 202
338 229
338 266
338 268
338 304
338 308
338 330
339 23
339 221
339 301
339 332
339 357
340 16
340 19
340 193
340 286
340 293
340 346
340 347
340 386
341 140
341 251
341 260
341 289
341 363
342 90
342 111
342 195
342 222
342 227
342 265
342 447
342 465
343 184
343 275
343 374
343 408
343 423
343 439
343 446
343 449
343 454
343 489
344 47
344 106
344 201
344 253
344 309
344 335
345 55
345 188
345 333
345 348
345 364
346 19
346 193
346 293
346 340
346 347
346 386
347 16
347 19
347 193
347 286
347 293
347 340
347 346
347 386
348 55
348 183
348 188
348 333
348 334
348 345
348 364
348 395
349 14
349 237
349 282
349 377
349 381
350 11
350 153
350 389
350 390
350 404
350 405
351 90
351 111
351 195
351 222
351 227
351 265
351 368
351 447
351 465
352 24
352 57
352 127
352 151
352 162
352 180
352 320
352 360
353 51
353 74
353 79
353 101
353 323
354 22
354 38
354 91
354 113
354 355
355 22
355 38
355 91
355 113
355 263
355 354
356 230
356 316
356 328
356 375
356 394
356 422
356 426
356 483
357 221
357 276
357 301
357 332
357 339
357 410
358 4
358 159
358 163
358 166
358 248
358 406
359 30
359 278
359 290
359 326
359 337
359 370
359 403
359 491
360 57
360 127
360 162
360 320
360 352
361 153
361 367
361 390
361 404
361 405
362 88
362 211
362 285
362 294
362 378
363 155
363 157
363 251
363 260
363 289
363 341
363 393
363 488
364 55
364 333
364 334
364 345
364 348
364 369
364 395
365 394
365 422
365 426
365 452
365 483
366 93
366 261
366 388
366 413
366 421
366 456
367 11
367 20
367 297
367 361
367 389
367 390
367 405
367 490
368 90
368 195
368 222
368 227
368 265
368 351
368 447
368 465
369 14
369 282
369 364
369 377
369 381
370 278
370 283
370 329
370 359
370 491
371 95
371 118
371 126
371 137
371 258
371 312
371 412
371 437
371 494
371 500
372 66
372 143
372 172
372 226
372 269
373 56
373 100
373 122
373 123
373 132
373 133
373 191
373 196
373 207
373 216
373 274
373 313
373 382
373 425
373 448
373 460
373 470
373 472
373 482
373 495
373 499
374 21
374 82
374 141
374 149
374 156
374 184
374 243
374 246
374 275
374 343
374 408
374 423
374 439
374 441
374 443
374 446
374 449
374 454
375 15
375 230
375 316
375 356
375 394
375 452
375 483
376 12
376 44
376 144
376 154
376 264
376 385
377 14
377 33
377 94
377 116
377 237
377 295
377 349
377 369
377 381
378 59
378 87
378 88
378 211
378 287
378 294
378 362
379 13
379 34
379 43
379 80
379 102
380 48
380 136
380 185
380 259
380 399
381 33
381 94
381 116
381 237
381 282
381 295
381 349
381 369
381 377
382 122
382 123
382 207
382 216
382 313
382 373
382 460
382 495
382 499
383 5
383 83
383 190
383 257
383 311
383 315
383 397
383 419
383 445
384 9
384 73
384 86
384 175
384 235
384 240
384 242
384 252
384 398
384 402
385 44
385 236
385 264
385 279
385 284
385 376
385 473
386 193
386 286
386 340
386 346
386 347
387 7
387 129
387 176
387 192
387 247
388 2
388 10
388 93
388 109
388 366
388 413
388 421
388 432
388 456
389 11
389 20
389 169
389 297
389 350
389 367
389 390
389 404
389 405
389 490
390 11
390 20
390 153
390 169
390 297
390 318
390 350
390 361
390 367
390 389
390 405
390 490
391 115
391 134
391 163
391 248
391 406
392 27
392 182
392 244
392 255
392 267
392 280
392 303
392 400
392 418
392 435
392 481
393 155
393 157
393 205
393 251
393 260
393 363
394 15
394 31
394 217
394 230
394 305
394 316
394 327
394 328
394 356
394 365
394 375
394 422
394 426
394 440
394 452
394 483
394 486
395 183
395 333
395 334
395 348
395 364
396 25
396 139
396 181
396 219
396 314
396 461
396 468
396 474
396 484
396 485
397 5
397 29
397 61
397 67
397 83
397 145
397 152
397 190
397 218
397 257
397 277
397 311
397 315
397 383
397 419
397 445
397 497
398 9
398 73
398 86
398 175
398 235
398 242
398 252
398 331
398 384
399 136
399 146
399 170
399 203
399 380
400 182
400 255
400 303
400 392
400 418
400 435
400 481
401 8
401 37
401 41
401 60
401 496
402 73
402 86
402 235
402 242
402 252
402 384
403 40
403 84
403 210
403 233
403 278
403 290
403 322
403 326
403 329
403 359
403 428
403 450
403 491
404 11
404 20
404 153
404 169
404 318
404 350
404 361
404 389
404 405
404 490
405 11
405 153
405 297
405 350
405 361
405 367
405 389
405 390
405 404
405 490
406 4
406 134
406 159
406 163
406 166
406 245
406 248
406 358
406 391
407 45
407 54
407 65
407 125
407 296
407 317
407 420
407 430
407 431
407 434
408 141
408 149
408 243
408 246
408 275
408 343
408 374
408 446
408 449
408 454
409 103
409 112
409 232
409 298
409 310
409 411
409 475
409 478
409 487
409 493
410 23
410 221
410 276
410 301
410 332
410 357
410 463
411 103
411 112
411 232
411 298
411 300
411 310
411 324
411 336
411 409
411 424
411 444
411 455
411 469
411 471
411 475
411 487
411 493
412 95
412 118
412 126
412 223
412 225
412 258
412 312
412 371
412 437
412 494
412 500
413 10
413 109
413 130
413 173
413 261
413 272
413 366
413 388
413 421
413 432
413 456
414 67
414 145
414 152
414 311
414 497
415 119
415 278
415 290
415 326
415 450
415 459
415 491
416 105
416 141
416 243
416 275
416 423
416 446
416 454
416 489
417 25
417 68
417 139
417 177
417 181
417 325
417 461
417 468
417 474
417 484
417 485
418 27
418 107
418 182
418 204
418 303
418 392
418 400
418 435
418 438
418 467
418 481
419 5
419 67
419 83
419 152
419 190
419 257
419 311
419 315
419 383
419 397
419 497
420 45
420 54
420 65
420 78
420 125
420 254
420 296
420 317
420 407
420 430
420 434
421 10
421 93
421 109
421 173
421 261
421 306
421 366
421 388
421 413
421 456
422 15
422 164
422 230
422 327
422 328
422 356
422 365
422 394
422 440
422 452
422 483
423 82
423 184
423 275
423 343
423 374
423 416
423 439
423 446
423 449
423 454
423 489
424 103
424 298
424 411
424 455
424 475
424 487
424 493
425 122
425 123
425 207
425 313
425 373
425 460
425 470
425 472
425 482
425 495
425 499
426 164
426 217
426 230
426 305
426 316
426 327
426 328
426 356
426 365
426 394
426 486
427 25
427 75
427 321
427 325
427 468
428 84
428 210
428 278
428 283
428 290
428 326
428 337
428 403
428 433
428 450
428 459
429 53
429 98
429 231
429 273
429 476
430 45
430 54
430 78
430 407
430 420
430 434
431 45
431 54
431 78
431 125
431 250
431 296
431 407
431 434
432 198
432 261
432 272
432 388
432 413
432 456
433 84
433 233
433 278
433 428
433 459
434 45
434 54
434 65
434 125
434 250
434 254
434 317
434 407
434 420
434 430
434 431
435 27
435 107
435 255
435 303
435 392
435 400
435 418
435 438
435 481
436 63
436 77
436 220
436 238
436 462
437 95
437 118
437 126
437 258
437 312
437 371
437 412
437 494
437 500
438 107
438 182
438 303
438 418
438 435
438 481
439 184
439 243
439 275
439 343
439 374
439 423
439 449
439 454
439 489
440 31
440 316
440 394
440 422
440 452
440 483
441 105
441 149
441 246
441 374
441 489
442 207
442 274
442 313
442 470
442 495
443 21
443 156
443 243
443 374
443 454
443 489
444 103
444 158
444 300
444 324
444 411
444 455
444 469
444 471
444 475
444 487
444 493
444 498
445 5
445 29
445 67
445 83
445 145
445 152
445 190
445 257
445 311
445 315
445 383
445 397
445 464
446 82
446 156
446 243
446 275
446 343
446 374
446 408
446 416
446 423
446 449
446 454
446 489
447 90
447 111
447 195
447 342
447 351
447 368
448 100
448 122
448 123
448 133
448 207
448 313
448 373
448 470
448 472
448 482
448 495
448 499
449 21
449 82
449 156
449 243
449 275
449 343
449 374
449 408
449 423
449 439
449 446
449 454
450 228
450 278
450 290
450 326
450 329
450 337
450 403
450 415
450 428
450 480
450 491
451 42
451 49
451 108
451 179
451 209
452 31
452 164
452 305
452 316
452 327
452 328
452 365
452 375
452 394
452 422
452 440
452 483
452 486
453 29
453 61
453 311
453 464
453 497
454 156
454 184
454 243
454 246
454 275
454 343
454 374
454 408
454 416
454 423
454 439
454 443
454 446
454 449
454 489
455 103
455 298
455 324
455 336
455 411
455 424
455 444
455 469
455 471
455 475
455 478
455 487
455 493
456 10
456 109
456 198
456 261
456 272
456 306
456 366
456 388
456 413
456 421
456 432
457 59
457 87
457 211
457 285
457 287
458 75
458 271
458 461
458 474
458 484
458 485
459 40
459 119
459 210
459 228
459 233
459 278
459 283
459 290
459 326
459 415
459 428
459 433
460 123
460 133
460 196
460 207
460 216
460 313
460 373
460 382
460 425
460 470
460 472
460 495
460 499
461 25
461 68
461 75
461 139
461 181
461 271
461 325
461 396
461 417
461 458
461 474
461 484
461 485
462 63
462 77
462 117
462 220
462 436
463 23
463 221
463 276
463 301
463 332
463 410
464 5
464 64
464 67
464 83
464 85
464 145
464 152
464 190
464 257
464 277
464 311
464 315
464 445
464 453
465 90
465 111
465 195
465 222
465 342
465 351
465 368
466 99
466 104
466 110
466 121
466 138
466 186
466 194
466 206
466 492
467 27
467 182
467 244
467 303
467 418
467 481
468 25
468 68
468 139
468 177
468 181
468 271
468 321
468 325
468 396
468 417
468 427
468 474
468 484
468 485
469 103
469 112
469 232
469 298
469 310
469 324
469 336
469 411
469 444
469 455
469 475
469 487
469 493
469 498
470 56
470 100
470 122
470 123
470 132
470 133
470 191
470 196
470 207
470 216
470 274
470 313
470 373
470 425
470 442
470 448
470 460
470 472
470 480
470 495
470 499
471 112
471 158
471 232
471 298
471 310
471 324
471 336
471 411
471 444
471 455
471 475
471 487
471 493
471 498
472 100
472 122
472 123
472 133
472 196
472 207
472 313
472 373
472 425
472 448
472 460
472 470
472 480
472 495
473 12
473 144
473 279
473 385
474 75
474 139
474 181
474 219
474 271
474 325
474 396
474 417
474 458
474 461
474 468
474 484
474 485
475 103
475 112
475 232
475 298
475 300
475 324
475 336
475 409
475 411
475 424
475 444
475 455
475 469
475 471
475 478
475 487
475 493
476 178
476 231
476 241
476 273
476 281
476 429
477 6
477 124
477 135
477 168
477 215
478 103
478 409
478 455
478 475
478 487
478 493
479 35
479 72
479 131
479 165
479 213
479 262
479 307
480 207
480 450
480 470
480 472
480 482
480 495
481 27
481 182
481 244
481 255
481 267
481 280
481 303
481 392
481 400
481 418
481 435
481 438
481 467
482 56
482 100
482 122
482 123
482 132
482 133
482 191
482 196
482 207
482 216
482 313
482 373
482 425
482 448
482 480
483 15
483 31
483 164
483 217
483 230
483 305
483 327
483 328
483 356
483 365
483 375
483 394
483 422
483 440
483 452
483 486
484 68
484 75
484 139
484 181
484 219
484 271
484 321
484 325
484 396
484 417
484 458
484 461
484 468
484 474
484 485
485 68
485 75
485 139
485 181
485 219
485 314
485 321
485 325
485 396
485 417
485 458
485 461
485 468
485 474
485 484
486 31
486 394
486 426
486 452
486 483
487 103
487 158
487 232
487 324
487 336
487 409
487 411
487 424
487 444
487 455
487 469
487 471
487 475
487 478
487 498
488 140
488 205
488 260
488 289
488 363
489 21
489 82
489 105
489 141
489 149
489 156
489 184
489 243
489 246
489 275
489 343
489 416
489 423
489 439
489 441
489 443
489 446
489 454
490 297
490 318
490 367
490 389
490 390
490 404
490 405
491 30
491 40
491 84
491 210
491 228
491 233
491 278
491 283
491 290
491 322
491 326
491 329
491 337
491 359
491 370
491 403
491 415
491 450
492 71
492 186
492 194
492 206
492 466
493 103
493 112
493 158
493 232
493 298
493 300
493 310
493 324
493 336
493 409
493 411
493 424
493 444
493 455
493 469
493 471
493 475
493 478
493 498
494 95
494 223
494 225
494 371
494 412
494 437
495 100
495 123
495 133
495 196
495 207
495 373
495 382
495 425
495 442
495 448
495 460
495 470
495 472
495 480
495 499
496 8
496 37
496 41
496 60
496 401
497 5
497 61
497 67
497 83
497 145
497 152
497 190
497 257
497 311
497 315
497 397
497 414
497 419
497 453
498 444
498 469
498 471
498 487
498 493
499 100
499 123
499 133
499 196
499 207
499 274
499 313
499 373
499 382
499 425
499 448
499 460
499 470
499 495
500 118
500 137
500 371
500 412
500 437
