1 5
1 9
1 128
1 206
1 304
2 17
2 20
2 31
2 54
2 370
2 397
3 25
3 200
3 262
3 269
3 443
3 457
4 66
4 129
4 148
4 149
4 154
5 1
5 9
5 11
5 271
5 426
6 82
6 102
6 110
6 263
6 298
6 317
7 9
7 10
7 206
7 304
8 342
8 399
8 417
8 424
8 429
8 432
8 447
8 462
8 471
8 487
8 488
9 1
9 5
9 7
9 10
9 17
10 7
10 9
10 11
10 16
10 28
11 5
11 10
11 14
11 21
11 463
12 14
12 21
12 380
12 398
13 18
13 86
13 285
13 344
13 409
13 458
14 11
14 12
14 21
14 25
14 215
15 91
15 101
15 103
15 104
15 384
16 10
16 123
16 124
16 126
16 130
17 2
17 9
17 82
17 258
17 362
17 370
17 392
17 434
17 491
18 13
18 23
18 285
18 344
18 458
19 39
19 122
19 150
19 173
19 271
19 275
19 326
19 425
19 442
19 449
19 477
20 2
20 31
20 54
20 112
20 139
20 193
20 370
21 11
21 12
21 14
21 25
21 124
22 23
22 34
22 38
22 51
22 53
23 18
23 22
23 34
23 38
23 53
24 90
24 137
24 215
24 280
24 362
24 426
24 437
24 481
24 490
24 492
24 494
24 497
25 3
25 14
25 21
25 27
25 412
26 27
26 128
26 195
26 210
26 346
26 356
26 386
26 430
26 436
26 444
26 446
27 25
27 26
27 29
27 350
27 409
28 10
28 134
28 240
28 260
28 336
28 438
28 452
28 456
28 461
28 466
28 480
28 482
28 483
28 485
28 493
28 498
29 27
29 30
29 43
29 136
29 276
30 29
30 32
30 78
30 266
30 367
31 2
31 20
31 54
31 112
31 139
31 242
31 370
32 30
32 45
32 78
32 406
32 463
33 35
33 40
33 58
33 78
33 349
34 22
34 23
34 38
34 51
34 53
35 33
35 40
35 41
35 78
35 187
36 360
36 378
36 495
36 496
36 500
37 189
37 191
37 201
37 203
37 440
38 22
38 23
38 34
38 51
38 53
39 19
39 44
39 45
39 48
39 138
40 33
40 35
40 41
40 176
40 477
41 35
41 40
41 43
41 47
41 469
42 43
42 251
42 333
42 391
42 479
43 29
43 41
43 42
43 138
43 391
44 39
44 45
44 52
44 391
44 443
45 32
45 39
45 44
45 138
45 391
46 47
46 48
46 49
46 196
46 338
47 41
47 46
47 49
47 138
47 487
48 39
48 46
48 49
48 104
48 337
49 46
49 47
49 48
49 50
49 402
50 49
50 52
50 55
50 231
50 464
51 22
51 34
51 38
51 53
51 498
52 44
52 50
52 55
52 269
52 434
53 22
53 23
53 34
53 38
53 51
54 2
54 20
54 31
54 82
54 112
54 139
54 166
55 50
55 52
55 57
55 58
55 455
56 77
56 109
56 117
56 367
56 407
56 451
56 470
56 486
57 55
57 58
57 59
57 103
57 146
58 33
58 55
58 57
58 59
58 179
59 57
59 58
59 61
59 131
59 183
60 167
60 168
60 171
60 175
60 178
60 186
61 59
61 74
61 77
61 152
61 183
62 161
62 182
62 286
62 314
62 393
63 64
63 67
63 79
63 344
63 455
64 63
64 67
64 79
64 81
64 83
64 129
65 73
65 112
65 183
65 302
65 401
66 4
66 92
66 129
66 151
66 153
67 63
67 64
67 79
67 81
67 83
67 96
68 240
68 261
68 324
68 337
68 372
68 378
68 454
69 164
69 202
69 256
69 275
69 307
69 405
69 413
69 420
69 425
69 439
69 449
69 460
69 463
70 213
70 216
70 218
70 222
70 228
71 106
71 209
71 212
71 455
71 484
72 248
72 342
72 387
72 462
72 469
72 471
72 483
72 487
72 488
72 489
72 493
72 498
73 65
73 74
73 302
73 379
73 481
74 61
74 73
74 152
74 183
74 302
75 76
75 96
75 123
75 200
75 474
76 75
76 96
76 111
76 302
76 384
77 56
77 61
77 109
77 367
77 407
77 451
77 470
77 486
78 30
78 32
78 33
78 35
78 436
79 63
79 64
79 67
79 81
79 83
80 180
80 237
80 239
80 418
80 459
81 64
81 67
81 79
81 83
81 85
82 6
82 17
82 54
82 89
82 277
82 362
82 397
82 434
82 491
83 64
83 67
83 79
83 81
83 85
84 87
84 96
84 97
84 100
84 149
85 81
85 83
85 88
85 93
85 94
86 13
86 261
86 319
86 324
86 333
86 350
86 454
87 84
87 97
87 159
87 195
87 399
88 85
88 93
88 94
88 377
88 434
89 82
89 194
89 277
89 362
89 392
89 404
89 491
90 24
90 137
90 215
90 258
90 280
90 348
90 368
90 426
90 481
90 490
90 492
90 494
90 497
91 15
91 107
91 110
91 111
91 468
92 66
92 164
92 202
92 256
92 341
92 441
92 455
92 459
92 465
92 466
92 474
92 479
93 85
93 88
93 94
93 303
93 377
94 85
94 88
94 93
94 238
94 303
94 377
95 213
95 216
95 218
95 268
95 280
96 67
96 75
96 76
96 84
96 152
97 84
97 87
97 100
97 103
97 153
98 263
98 292
98 303
98 317
98 445
99 102
99 263
99 292
99 317
99 409
100 84
100 97
100 101
100 247
100 320
101 15
101 100
101 103
101 104
101 271
102 6
102 99
102 108
102 298
102 366
103 15
103 57
103 97
103 101
103 104
104 15
104 48
104 101
104 103
104 475
105 108
105 113
105 118
105 298
105 479
106 71
106 223
106 224
106 247
106 484
107 91
107 110
107 115
107 120
107 341
108 102
108 105
108 113
108 118
108 298
109 56
109 77
109 140
109 259
109 294
109 309
109 367
109 462
109 495
110 6
110 91
110 107
110 111
110 115
111 76
111 91
111 110
111 121
111 364
112 20
112 31
112 54
112 65
112 139
112 166
112 176
113 105
113 108
113 114
113 118
113 298
114 113
114 118
114 122
114 127
114 298
115 107
115 110
115 120
115 121
115 430
116 122
116 127
116 334
116 372
116 442
117 56
117 119
117 219
117 358
117 410
118 105
118 108
118 113
118 114
118 470
119 117
119 120
119 138
119 200
119 358
120 107
120 115
120 119
120 121
120 358
121 111
121 115
121 120
121 252
121 358
122 19
122 114
122 116
122 127
122 133
123 16
123 75
123 124
123 126
123 246
124 16
124 21
124 123
124 126
124 374
125 130
125 131
125 136
125 270
125 470
126 16
126 123
126 124
126 218
126 358
127 114
127 116
127 122
127 133
127 141
128 1
128 26
128 210
128 346
128 356
128 411
128 436
128 444
128 455
129 4
129 64
129 66
129 153
129 158
130 16
130 125
130 131
130 208
130 383
131 59
131 125
131 130
131 208
131 463
132 138
132 214
132 232
132 233
132 234
132 250
133 122
133 127
133 141
133 143
133 145
133 207
134 28
134 142
134 146
134 248
134 330
135 266
135 269
135 328
135 443
135 457
136 29
136 125
136 172
136 261
136 335
136 337
136 353
136 372
136 378
137 24
137 90
137 215
137 240
137 280
137 426
137 451
137 452
137 481
137 488
137 490
137 492
137 494
137 497
138 39
138 43
138 45
138 47
138 119
138 132
138 391
139 20
139 31
139 54
139 112
139 166
139 190
140 109
140 223
140 253
140 259
140 274
140 294
140 309
140 367
141 127
141 133
141 143
141 145
141 362
142 134
142 144
142 186
142 220
142 248
143 133
143 141
143 145
143 156
143 157
144 142
144 147
144 183
144 248
144 493
145 133
145 141
145 143
145 156
145 157
145 182
145 242
145 449
146 57
146 134
146 179
146 270
146 347
146 364
146 371
146 376
146 380
147 144
147 148
147 151
147 170
147 438
148 4
148 147
148 149
148 150
148 151
149 4
149 84
149 148
149 151
149 453
150 19
150 148
150 173
150 271
150 326
150 372
150 425
150 440
150 442
150 449
150 477
151 66
151 147
151 148
151 149
151 172
152 61
152 74
152 96
152 183
152 302
153 66
153 97
153 129
153 154
153 158
154 4
154 153
154 155
154 158
154 498
155 154
155 159
155 190
155 382
155 477
156 143
156 145
156 157
156 182
156 393
157 143
157 145
157 156
157 393
157 491
158 129
158 153
158 154
158 159
158 470
159 87
159 155
159 158
159 160
159 163
160 159
160 162
160 163
160 168
160 198
161 62
161 169
161 286
161 352
161 464
162 160
162 163
162 168
162 171
162 472
163 159
163 160
163 162
163 168
163 336
164 69
164 92
164 202
164 256
164 307
164 405
164 448
164 459
164 474
164 479
165 194
165 212
165 218
165 373
165 399
165 400
165 403
165 404
165 478
166 54
166 112
166 139
166 176
166 190
166 217
166 500
167 60
167 171
167 178
167 352
167 487
168 60
168 160
168 162
168 163
168 181
169 161
169 171
169 286
169 314
169 352
170 147
170 181
170 192
170 475
170 478
171 60
171 162
171 167
171 169
171 178
171 352
172 136
172 151
172 175
172 186
172 194
172 404
173 19
173 150
173 174
173 203
173 271
173 275
173 326
173 420
173 442
173 449
173 463
174 173
174 199
174 283
174 291
174 293
174 296
174 297
175 60
175 172
175 178
175 186
175 266
175 442
176 40
176 112
176 166
176 190
176 217
176 328
176 370
177 179
177 218
177 268
177 271
177 328
177 465
178 60
178 167
178 171
178 175
178 186
178 192
179 58
179 146
179 177
179 347
179 364
179 371
179 376
179 380
179 412
180 80
180 188
180 235
180 237
180 250
180 328
181 168
181 170
181 192
181 193
181 442
182 62
182 145
182 156
182 286
182 393
182 434
183 59
183 61
183 65
183 74
183 144
183 152
184 207
184 211
184 268
184 337
184 490
184 493
185 193
185 197
185 359
185 409
185 433
185 467
186 60
186 142
186 172
186 175
186 178
186 189
187 35
187 258
187 265
187 267
187 272
187 282
187 293
188 180
188 235
188 236
188 319
188 418
188 497
189 37
189 186
189 191
189 198
189 215
189 454
190 139
190 155
190 166
190 176
190 217
190 252
190 328
191 37
191 189
191 198
191 426
191 471
191 491
192 170
192 178
192 181
192 193
192 197
193 20
193 181
193 185
193 192
193 197
194 89
194 165
194 172
194 236
194 277
194 373
194 392
194 403
194 404
195 26
195 87
195 341
195 351
195 374
195 430
195 436
195 438
195 440
195 446
195 450
195 455
195 467
195 497
196 46
196 204
196 206
196 276
196 304
196 467
197 185
197 192
197 193
197 243
197 484
198 160
198 189
198 191
198 201
198 203
198 205
199 174
199 258
199 282
199 283
199 291
199 293
199 297
200 3
200 75
200 119
200 262
200 443
200 457
200 475
201 37
201 198
201 204
201 205
201 378
201 492
202 69
202 92
202 164
202 256
202 307
202 405
202 459
202 465
202 474
202 479
203 37
203 173
203 198
203 205
203 269
203 403
204 196
204 201
204 266
204 269
204 276
204 443
205 198
205 201
205 203
205 207
205 211
206 1
206 7
206 196
206 276
206 304
206 458
207 133
207 184
207 205
207 211
207 215
207 268
208 130
208 131
208 376
208 444
208 449
208 464
209 71
209 212
209 223
209 416
209 484
210 26
210 128
210 245
210 288
210 356
210 411
210 436
210 444
210 455
211 184
211 205
211 207
211 261
211 268
211 312
212 71
212 165
212 209
212 223
212 484
213 70
213 95
213 216
213 228
213 234
213 485
214 132
214 232
214 233
214 234
214 250
214 336
214 384
215 14
215 24
215 90
215 137
215 189
215 207
215 280
215 426
215 456
215 481
215 490
215 492
215 494
215 497
216 70
216 95
216 213
216 228
216 232
216 449
217 166
217 176
217 190
217 252
217 254
217 328
217 331
218 70
218 95
218 126
218 165
218 177
218 268
219 117
219 246
219 382
219 433
219 460
219 475
220 142
220 270
220 347
220 359
220 364
220 376
220 453
220 499
221 222
221 225
221 227
221 235
221 318
221 497
222 70
222 221
222 225
222 227
222 272
222 488
223 106
223 140
223 209
223 212
223 224
224 106
224 223
224 226
224 231
224 490
225 221
225 222
225 227
225 228
225 234
225 399
226 224
226 231
226 247
226 249
226 318
227 221
227 222
227 225
227 249
227 324
227 373
228 70
228 213
228 216
228 225
228 257
228 427
229 230
229 254
229 255
229 257
229 467
229 480
230 229
230 252
230 254
230 255
230 257
230 328
231 50
231 224
231 226
231 247
231 249
232 132
232 214
232 216
232 233
232 234
232 408
233 132
233 214
233 232
233 234
233 304
233 478
234 132
234 213
234 214
234 225
234 232
234 233
235 180
235 188
235 221
235 250
235 384
235 446
236 188
236 194
236 237
236 250
236 317
236 384
237 80
237 180
237 236
237 238
237 292
237 384
238 94
238 237
238 239
238 241
238 243
238 384
239 80
239 238
239 241
239 412
239 470
239 485
240 28
240 68
240 137
240 260
240 336
240 452
240 456
240 461
240 480
240 481
240 485
240 490
240 492
241 238
241 239
241 242
241 243
241 244
242 31
242 145
242 241
242 243
242 244
242 384
243 197
243 238
243 241
243 242
243 244
243 371
244 241
244 242
244 243
244 245
244 279
244 299
245 210
245 244
245 251
245 279
245 281
245 290
246 123
246 219
246 342
246 374
246 382
246 475
247 100
247 106
247 226
247 231
247 249
247 446
248 72
248 134
248 142
248 144
248 289
248 338
249 226
249 227
249 231
249 247
249 273
250 132
250 180
250 214
250 235
250 236
250 357
251 42
251 245
251 279
251 281
251 290
251 450
252 121
252 190
252 217
252 230
252 254
252 255
252 328
253 140
253 259
253 274
253 294
253 309
253 315
253 492
254 217
254 229
254 230
254 252
254 255
254 328
254 365
255 229
255 230
255 252
255 254
255 257
255 265
255 267
256 69
256 92
256 164
256 202
256 307
256 405
256 413
256 474
256 479
256 490
257 228
257 229
257 230
257 255
257 265
257 328
257 450
258 17
258 90
258 187
258 199
258 267
258 272
258 470
259 109
259 140
259 253
259 274
259 294
259 309
259 367
260 28
260 240
260 336
260 438
260 452
260 456
260 459
260 461
260 480
260 482
260 485
260 490
260 491
260 492
261 68
261 86
261 136
261 211
261 337
261 378
261 454
262 3
262 200
262 266
262 275
262 443
262 457
262 482
263 6
263 98
263 99
263 292
263 311
263 317
263 341
264 278
264 289
264 295
264 335
264 340
264 392
264 437
265 187
265 255
265 257
265 267
265 272
265 287
265 493
266 30
266 135
266 175
266 204
266 262
266 269
266 276
267 187
267 255
267 258
267 265
267 272
267 282
267 451
268 95
268 177
268 184
268 207
268 211
268 218
268 308
269 3
269 52
269 135
269 203
269 204
269 266
269 443
270 125
270 146
270 220
270 347
270 359
270 364
270 376
270 397
270 436
270 453
271 5
271 19
271 101
271 150
271 173
271 177
271 275
271 413
271 420
271 442
271 449
271 463
272 187
272 222
272 258
272 265
272 267
272 282
272 471
273 249
273 287
273 300
273 306
273 376
274 140
274 253
274 259
274 294
274 309
274 315
274 367
275 19
275 69
275 173
275 262
275 271
275 307
275 405
275 413
275 420
275 463
276 29
276 196
276 204
276 206
276 266
276 304
277 82
277 89
277 194
277 354
277 392
277 397
277 404
277 491
278 264
278 297
278 334
278 340
278 366
278 437
278 441
279 244
279 245
279 251
279 281
279 290
280 24
280 90
280 95
280 137
280 215
280 286
280 426
280 481
280 492
280 494
280 497
281 245
281 251
281 279
281 295
281 316
281 481
282 187
282 199
282 267
282 272
282 297
282 374
282 393
283 174
283 199
283 284
283 291
283 296
283 320
283 419
284 283
284 291
284 296
284 397
284 419
284 474
284 485
285 13
285 18
285 334
285 344
285 409
285 458
285 492
286 62
286 161
286 169
286 182
286 280
286 352
286 393
287 265
287 273
287 300
287 306
287 308
288 210
288 346
288 356
288 361
288 369
288 386
288 410
288 411
288 445
289 248
289 264
289 334
289 340
289 366
289 409
289 437
290 245
290 251
290 279
290 295
290 316
291 174
291 199
291 283
291 284
291 296
291 419
292 98
292 99
292 237
292 263
292 303
292 377
292 458
293 174
293 187
293 199
293 297
293 299
293 419
293 486
294 109
294 140
294 253
294 259
294 274
294 309
294 315
295 264
295 281
295 290
295 316
295 339
295 355
296 174
296 283
296 284
296 291
296 419
296 477
296 490
297 174
297 199
297 278
297 282
297 293
297 419
297 440
298 6
298 102
298 105
298 108
298 113
298 114
298 300
299 244
299 293
299 305
299 310
299 313
299 323
299 332
300 273
300 287
300 298
300 306
300 308
301 315
301 321
301 322
301 329
301 331
301 343
301 482
302 65
302 73
302 74
302 76
302 152
302 317
303 93
303 94
303 98
303 292
303 317
303 377
303 477
304 1
304 7
304 196
304 206
304 233
304 276
304 352
305 299
305 309
305 310
305 313
305 323
305 332
305 419
306 273
306 287
306 300
306 308
306 427
307 69
307 164
307 202
307 256
307 275
307 335
307 405
307 413
307 420
307 463
308 268
308 287
308 300
308 306
308 311
309 109
309 140
309 253
309 259
309 274
309 294
309 305
309 315
310 299
310 305
310 313
310 332
310 363
310 372
310 445
311 263
311 308
311 312
311 325
311 327
312 211
312 311
312 325
312 327
312 360
313 299
313 305
313 310
313 323
313 332
313 363
313 394
314 62
314 169
314 352
314 388
314 393
314 431
314 479
315 253
315 274
315 294
315 301
315 309
315 321
315 322
315 337
316 281
316 290
316 295
316 339
316 355
317 6
317 98
317 99
317 236
317 263
317 302
317 303
317 377
318 221
318 226
318 349
318 365
318 381
318 398
318 406
318 408
318 427
318 464
319 86
319 188
319 333
319 338
319 350
319 425
319 454
319 465
320 100
320 283
320 330
320 333
320 338
320 379
320 415
320 468
321 301
321 315
321 322
321 329
321 331
321 339
321 343
321 345
322 301
322 315
322 321
322 326
322 329
322 331
322 343
322 345
323 299
323 305
323 313
323 332
323 363
323 375
324 68
324 86
324 227
324 326
324 337
324 451
324 454
324 482
325 311
325 312
325 327
325 360
325 492
326 19
326 150
326 173
326 322
326 324
326 374
326 425
326 440
326 442
326 450
326 477
327 311
327 312
327 325
327 355
327 360
328 135
328 176
328 177
328 180
328 190
328 217
328 230
328 252
328 254
328 257
329 301
329 321
329 322
329 331
329 333
329 343
329 345
329 348
330 134
330 320
330 353
330 415
330 416
330 468
330 472
330 473
331 217
331 301
331 321
331 322
331 329
331 343
331 345
331 348
332 299
332 305
332 310
332 313
332 323
332 345
332 375
333 42
333 86
333 319
333 320
333 329
333 338
333 350
333 379
334 116
334 278
334 285
334 289
334 409
334 412
334 437
334 458
335 136
335 264
335 307
335 340
335 353
335 366
335 368
335 372
336 28
336 163
336 214
336 240
336 260
336 438
336 452
336 456
336 461
336 480
336 482
336 485
336 490
336 492
337 48
337 68
337 136
337 184
337 261
337 315
337 324
337 378
337 454
338 46
338 248
338 319
338 320
338 333
338 350
338 379
338 415
339 295
339 316
339 321
339 355
339 383
339 390
340 264
340 278
340 289
340 335
340 366
340 437
341 92
341 107
341 195
341 263
341 424
341 429
341 432
341 438
341 441
341 447
341 459
341 465
341 466
341 474
342 8
342 72
342 246
342 356
342 387
342 417
342 424
342 434
342 462
342 469
342 471
342 483
342 487
342 488
343 301
343 321
343 322
343 329
343 331
343 348
343 361
343 474
344 13
344 18
344 63
344 285
344 353
344 368
344 405
344 458
345 321
345 322
345 329
345 331
345 332
345 348
345 354
345 459
346 26
346 128
346 288
346 356
346 361
346 369
346 411
346 436
346 444
346 498
347 146
347 179
347 220
347 270
347 364
347 371
347 376
347 380
348 90
348 329
348 331
348 343
348 345
348 351
348 354
348 385
349 33
349 318
349 357
349 365
349 408
349 427
349 445
349 451
349 464
349 470
349 496
350 27
350 86
350 319
350 333
350 338
350 366
350 379
350 415
351 195
351 348
351 354
351 385
351 396
351 419
351 423
351 462
352 161
352 167
352 169
352 171
352 286
352 304
352 314
352 452
353 136
353 330
353 335
353 344
353 366
353 368
353 466
353 483
354 277
354 345
354 348
354 351
354 385
354 396
354 423
354 499
355 295
355 316
355 327
355 339
355 383
355 390
356 26
356 128
356 210
356 288
356 342
356 346
356 411
356 444
356 455
357 250
357 349
357 371
357 380
357 399
357 400
357 412
357 418
357 478
358 117
358 119
358 120
358 121
358 126
358 374
359 185
359 220
359 270
359 385
359 396
359 404
359 423
359 453
359 499
360 36
360 312
360 325
360 327
360 388
361 288
361 343
361 346
361 369
361 386
361 401
361 410
361 411
361 431
362 17
362 24
362 82
362 89
362 141
362 397
362 434
362 491
362 498
363 310
363 313
363 323
363 364
363 375
363 402
363 414
364 111
364 146
364 179
364 220
364 270
364 347
364 363
364 376
364 486
365 254
365 318
365 349
365 381
365 406
365 408
365 427
365 464
365 479
366 102
366 278
366 289
366 335
366 340
366 350
366 353
366 368
366 437
367 30
367 56
367 77
367 109
367 140
367 259
367 274
367 407
367 486
368 90
368 335
368 344
368 353
368 366
368 372
368 378
368 413
368 464
369 288
369 346
369 361
369 378
369 386
369 401
369 410
369 411
369 431
370 2
370 17
370 20
370 31
370 176
370 371
370 397
370 430
370 434
371 146
371 179
371 243
371 347
371 357
371 370
371 380
371 412
371 418
372 68
372 116
372 136
372 150
372 310
372 335
372 368
372 378
372 454
373 165
373 194
373 227
373 399
373 400
373 403
373 404
373 407
373 478
374 124
374 195
374 246
374 282
374 326
374 358
374 425
374 430
374 440
374 446
374 450
374 467
374 477
375 323
375 332
375 363
375 379
375 402
375 414
375 416
376 146
376 179
376 208
376 220
376 270
376 273
376 347
376 364
376 453
377 88
377 93
377 94
377 292
377 303
377 317
378 36
378 68
378 136
378 201
378 261
378 337
378 368
378 369
378 372
379 73
379 320
379 333
379 338
379 350
379 375
379 415
379 468
380 12
380 146
380 179
380 347
380 357
380 371
380 412
380 418
380 464
381 318
381 365
381 395
381 398
381 406
381 408
381 422
381 427
381 444
382 155
382 219
382 246
382 433
382 460
382 475
383 130
383 339
383 355
383 390
383 421
383 422
384 15
384 76
384 214
384 235
384 236
384 237
384 238
384 242
384 494
385 348
385 351
385 354
385 359
385 396
385 423
385 432
385 486
385 499
386 26
386 288
386 361
386 369
386 395
386 398
386 401
386 426
386 431
387 72
387 342
387 462
387 467
387 469
387 471
387 480
387 483
387 487
387 488
387 489
387 493
387 498
388 314
388 360
388 389
388 394
388 439
389 388
389 394
389 403
389 439
389 448
390 339
390 355
390 383
390 421
390 422
391 42
391 43
391 44
391 45
391 138
392 17
392 89
392 194
392 264
392 277
392 398
392 403
392 404
392 491
393 62
393 156
393 157
393 182
393 282
393 286
393 314
394 313
394 388
394 389
394 439
394 448
395 381
395 386
395 398
395 401
395 406
395 408
395 410
395 431
395 438
395 461
396 351
396 354
396 359
396 385
396 423
396 453
396 475
396 499
397 2
397 82
397 270
397 277
397 284
397 362
397 370
397 407
397 434
397 469
398 12
398 318
398 381
398 386
398 392
398 395
398 401
398 406
398 410
398 431
399 8
399 87
399 165
399 225
399 357
399 373
399 400
399 403
399 418
399 478
400 165
400 357
400 373
400 399
400 403
400 412
400 418
400 478
401 65
401 361
401 369
401 386
401 395
401 398
401 406
401 408
401 410
401 431
402 49
402 363
402 375
402 414
402 416
402 472
402 473
403 165
403 194
403 203
403 373
403 389
403 392
403 399
403 400
403 404
403 423
404 89
404 165
404 172
404 194
404 277
404 359
404 373
404 392
404 403
404 425
405 69
405 164
405 202
405 256
405 275
405 307
405 344
405 413
405 420
405 463
406 32
406 318
406 365
406 381
406 395
406 398
406 401
406 408
406 431
406 494
407 56
407 77
407 367
407 373
407 397
407 445
407 451
407 464
407 470
407 486
408 232
408 318
408 349
408 365
408 381
408 395
408 401
408 406
408 427
408 473
409 13
409 27
409 99
409 185
409 285
409 289
409 334
409 437
409 458
409 480
410 117
410 288
410 361
410 369
410 395
410 398
410 401
410 411
410 426
410 431
411 128
411 210
411 288
411 346
411 356
411 361
411 369
411 410
411 436
411 474
412 25
412 179
412 239
412 334
412 357
412 371
412 380
412 400
412 418
412 478
413 69
413 256
413 271
413 275
413 307
413 368
413 405
413 420
413 449
413 463
414 363
414 375
414 402
414 416
414 472
414 473
415 320
415 330
415 338
415 350
415 379
415 447
415 468
416 209
416 330
416 375
416 402
416 414
416 472
416 473
417 8
417 342
417 424
417 432
417 447
417 462
417 469
417 471
417 487
417 488
418 80
418 188
418 357
418 371
418 380
418 399
418 400
418 412
418 433
418 478
419 283
419 284
419 291
419 293
419 296
419 297
419 305
419 351
420 69
420 173
420 271
420 275
420 307
420 405
420 413
420 449
420 463
420 471
421 383
421 390
421 422
421 428
421 435
422 381
422 383
422 390
422 421
422 428
422 435
423 351
423 354
423 359
423 385
423 396
423 403
423 453
423 499
424 8
424 341
424 342
424 417
424 429
424 432
424 447
424 453
424 462
424 487
424 488
425 19
425 69
425 150
425 319
425 326
425 374
425 404
425 440
425 442
425 450
425 477
426 5
426 24
426 90
426 137
426 191
426 215
426 280
426 386
426 410
426 452
426 481
426 490
426 492
426 494
426 497
427 228
427 306
427 318
427 349
427 365
427 381
427 408
427 445
427 446
427 458
427 464
428 421
428 422
428 433
428 435
428 440
428 460
429 8
429 341
429 424
429 432
429 441
429 447
429 454
429 465
429 466
429 493
429 494
430 26
430 115
430 195
430 370
430 374
430 436
430 444
430 446
430 450
430 455
430 467
431 314
431 361
431 369
431 386
431 395
431 398
431 401
431 406
431 410
431 447
431 498
432 8
432 341
432 385
432 417
432 424
432 429
432 441
432 447
432 465
432 466
432 483
433 185
433 219
433 382
433 418
433 428
433 435
433 460
434 17
434 52
434 82
434 88
434 182
434 342
434 362
434 370
434 397
434 445
434 491
435 421
435 422
435 428
435 433
435 460
436 26
436 78
436 128
436 195
436 210
436 270
436 346
436 411
436 430
436 444
436 455
436 467
436 469
437 24
437 264
437 278
437 289
437 334
437 340
437 366
437 409
438 28
438 147
438 195
438 260
438 336
438 341
438 395
438 456
438 461
438 480
438 482
438 483
438 485
438 489
438 493
438 498
439 69
439 388
439 389
439 394
439 448
440 37
440 150
440 195
440 297
440 326
440 374
440 425
440 428
440 446
440 450
440 467
440 477
441 92
441 278
441 341
441 429
441 432
441 447
441 459
441 465
441 466
441 474
441 479
441 498
442 19
442 116
442 150
442 173
442 175
442 181
442 271
442 326
442 425
442 449
442 477
442 488
443 3
443 44
443 135
443 200
443 204
443 262
443 269
444 26
444 128
444 208
444 210
444 346
444 356
444 381
444 430
444 436
444 455
444 467
444 487
445 98
445 288
445 310
445 349
445 407
445 427
445 434
445 451
445 452
445 464
445 470
445 486
446 26
446 195
446 235
446 247
446 374
446 427
446 430
446 440
446 450
446 455
446 467
446 477
447 8
447 341
447 415
447 417
447 424
447 429
447 431
447 432
447 441
447 459
447 465
447 466
448 164
448 389
448 394
448 439
448 476
449 19
449 69
449 145
449 150
449 173
449 208
449 216
449 271
449 413
449 420
449 442
449 463
450 195
450 251
450 257
450 326
450 374
450 425
450 430
450 440
450 446
450 467
450 477
450 494
451 56
451 77
451 137
451 267
451 324
451 349
451 407
451 445
451 464
451 470
451 486
451 488
452 28
452 137
452 240
452 260
452 336
452 352
452 426
452 445
452 456
452 461
452 470
452 481
452 482
452 485
452 490
452 492
452 494
453 149
453 220
453 270
453 359
453 376
453 396
453 423
453 424
453 499
454 68
454 86
454 189
454 261
454 319
454 324
454 337
454 372
454 429
455 55
455 63
455 71
455 92
455 128
455 195
455 210
455 356
455 430
455 436
455 444
455 446
455 467
456 28
456 215
456 240
456 260
456 336
456 438
456 452
456 461
456 480
456 482
456 485
456 493
456 498
457 3
457 135
457 200
457 262
457 475
458 13
458 18
458 206
458 285
458 292
458 334
458 344
458 409
458 427
459 80
459 92
459 164
459 202
459 260
459 341
459 345
459 441
459 447
459 465
459 466
459 474
459 479
460 69
460 219
460 382
460 428
460 433
460 435
461 28
461 240
461 260
461 336
461 395
461 438
461 452
461 456
461 480
461 482
461 485
461 493
461 498
462 8
462 72
462 109
462 342
462 351
462 387
462 417
462 424
462 469
462 471
462 487
462 488
462 489
463 11
463 32
463 69
463 131
463 173
463 271
463 275
463 307
463 405
463 413
463 420
463 449
463 476
464 50
464 161
464 208
464 318
464 349
464 365
464 368
464 380
464 407
464 427
464 445
464 451
464 486
465 92
465 177
465 202
465 319
465 341
465 429
465 432
465 441
465 447
465 459
465 466
465 474
465 487
466 28
466 92
466 341
466 353
466 429
466 432
466 441
466 447
466 459
466 465
466 474
466 479
466 493
467 185
467 195
467 196
467 229
467 374
467 387
467 430
467 436
467 440
467 444
467 446
467 450
467 455
468 91
468 320
468 330
468 379
468 415
468 472
468 473
469 41
469 72
469 342
469 387
469 397
469 417
469 436
469 462
469 471
469 483
469 487
469 488
469 489
469 493
470 56
470 77
470 118
470 125
470 158
470 239
470 258
470 349
470 407
470 445
470 451
470 452
470 478
470 486
471 8
471 72
471 191
471 272
471 342
471 387
471 417
471 420
471 462
471 469
471 483
471 487
471 488
471 489
472 162
472 330
472 402
472 414
472 416
472 468
472 473
472 487
473 330
473 402
473 408
473 414
473 416
473 468
473 472
474 75
474 92
474 164
474 202
474 256
474 284
474 341
474 343
474 411
474 441
474 459
474 465
474 466
474 479
475 104
475 170
475 200
475 219
475 246
475 382
475 396
475 457
476 448
476 463
476 495
476 496
476 500
477 19
477 40
477 150
477 155
477 296
477 303
477 326
477 374
477 425
477 440
477 442
477 446
477 450
477 483
478 165
478 170
478 233
478 357
478 373
478 399
478 400
478 412
478 418
478 470
479 42
479 92
479 105
479 164
479 202
479 256
479 314
479 365
479 441
479 459
479 466
479 474
479 488
479 497
479 498
480 28
480 229
480 240
480 260
480 336
480 387
480 409
480 438
480 456
480 461
480 482
480 483
480 485
480 493
480 498
481 24
481 73
481 90
481 137
481 215
481 240
481 280
481 281
481 426
481 452
481 490
481 492
481 494
481 497
482 28
482 260
482 262
482 301
482 324
482 336
482 438
482 452
482 456
482 461
482 480
482 483
482 485
482 489
482 493
482 498
483 28
483 72
483 342
483 353
483 387
483 432
483 438
483 469
483 471
483 477
483 480
483 482
483 485
483 489
483 493
483 498
484 71
484 106
484 197
484 209
484 212
485 28
485 213
485 239
485 240
485 260
485 284
485 336
485 438
485 452
485 456
485 461
485 480
485 482
485 483
485 493
485 498
486 56
486 77
486 293
486 364
486 367
486 385
486 407
486 445
486 451
486 464
486 470
487 8
487 47
487 72
487 167
487 342
487 387
487 417
487 424
487 444
487 462
487 465
487 469
487 471
487 472
487 488
487 489
488 8
488 72
488 137
488 222
488 342
488 387
488 417
488 424
488 442
488 451
488 462
488 469
488 471
488 479
488 487
488 489
489 72
489 387
489 438
489 462
489 469
489 471
489 482
489 483
489 487
489 488
489 493
489 498
489 499
490 24
490 90
490 137
490 184
490 215
490 224
490 240
490 256
490 260
490 296
490 336
490 426
490 452
490 481
490 492
490 494
490 497
491 17
491 82
491 89
491 157
491 191
491 260
491 277
491 362
491 392
491 434
492 24
492 90
492 137
492 201
492 215
492 240
492 253
492 260
492 280
492 285
492 325
492 336
492 426
492 452
492 481
492 490
492 494
492 497
493 28
493 72
493 144
493 184
493 265
493 387
493 429
493 438
493 456
493 461
493 466
493 469
493 480
493 482
493 483
493 485
493 489
493 498
494 24
494 90
494 137
494 215
494 280
494 384
494 406
494 426
494 429
494 450
494 452
494 481
494 490
494 492
494 497
495 36
495 109
495 476
495 496
495 500
496 36
496 349
496 476
496 495
496 500
497 24
497 90
497 137
497 188
497 195
497 215
497 221
497 280
497 426
497 479
497 481
497 490
497 492
497 494
498 28
498 51
498 72
498 154
498 346
498 362
498 387
498 431
498 438
498 441
498 456
498 461
498 479
498 480
498 482
498 483
498 485
498 489
498 493
499 220
499 354
499 359
499 385
499 396
499 423
499 453
499 489
500 36
500 166
500 476
500 495
500 496
