1 38
2 38
3 35
4 3
5 36
6 4
7 15
8 38
9 3
10 30
11 13
12 3
13 3
14 39
15 27
16 22
17 27
18 24
19 40
20 29
21 29
22 33
23 23
24 3
25 27
26 38
27 28
28 38
29 8
30 14
31 18
32 31
33 34
34 1
35 7
36 36
37 27
38 30
39 28
40 5
41 39
42 7
43 10
44 35
45 1
46 35
47 17
48 34
49 41
50 1
51 10
52 10
53 31
54 18
55 40
56 37
57 18
58 31
59 25
60 7
61 15
62 16
63 19
64 33
65 24
66 17
67 4
68 40
69 7
70 9
71 14
72 27
73 10
74 4
75 22
76 11
77 8
78 1
79 26
80 7
81 8
82 18
83 10
84 15
85 23
86 18
87 23
88 39
89 36
90 16
91 16
92 29
93 14
94 35
95 2
96 23
97 35
98 41
99 13
100 14
101 41
102 17
103 10
104 6
105 41
106 3
107 31
108 35
109 4
110 15
111 4
112 35
113 14
114 18
115 33
116 25
117 35
118 8
119 16
120 6
121 18
122 33
123 39
124 10
125 33
126 10
127 10
128 13
129 33
130 26
131 41
132 18
133 10
134 10
135 39
136 35
137 6
138 38
139 39
140 10
141 40
142 16
143 2
144 18
145 19
146 4
147 5
148 3
149 33
150 16
151 31
152 13
153 33
154 31
155 38
156 2
157 6
158 39
159 33
160 11
161 22
162 32
163 6
164 20
165 4
166 9
167 39
168 39
169 38
170 13
171 35
172 16
173 6
174 34
175 33
176 7
177 15
178 11
179 28
180 11
181 35
182 38
183 9
184 22
185 36
186 9
187 16
188 7
189 4
190 15
191 27
192 39
193 34
194 36
195 22
196 23
197 1
198 32
199 16
200 19
201 20
202 26
203 3
204 6
205 17
206 19
207 22
208 22
209 8
210 17
211 9
212 10
213 14
214 16
215 21
216 41
217 8
218 38
219 25
220 32
221 35
222 24
223 12
224 14
225 4
226 22
227 31
228 24
229 38
230 27
231 4
232 34
233 1
234 13
235 7
236 33
237 6
238 10
239 39
240 14
241 31
242 41
243 40
244 40
245 36
246 25
247 8
248 40
249 22
250 2
251 6
252 28
253 32
254 6
255 7
256 3
257 2
258 41
259 4
260 25
261 22
262 37
263 14
264 27
265 23
266 14
267 15
268 20
269 29
270 25
271 38
272 21
273 2
274 40
275 38
276 10
277 12
278 33
279 21
280 30
281 4
282 33
283 10
284 11
285 35
286 40
287 33
288 32
289 24
290 15
291 28
292 3
293 28
294 20
295 6
296 39
297 19
298 8
299 5
300 12
301 9
302 5
303 25
304 35
305 22
306 18
307 18
308 5
309 25
310 16
311 11
312 2
313 35
314 21
315 22
316 30
317 3
318 34
319 20
320 8
321 34
322 4
323 6
324 6
325 9
326 3
327 39
328 10
329 31
330 13
331 41
332 20
333 2
334 27
335 2
336 39
337 37
338 17
339 35
340 8
341 11
342 20
343 2
344 32
345 3
346 25
347 10
348 18
349 40
350 20
351 23
352 11
353 31
354 26
355 4
356 29
357 35
358 15
359 3
360 20
361 27
362 11
363 1
364 21
365 37
366 7
367 14
368 33
369 2
370 39
371 27
372 34
373 7
374 24
375 16
376 7
377 33
378 24
379 17
380 6
381 14
382 4
383 22
384 16
385 1
386 6
387 40
388 37
389 4
390 1
391 5
392 3
393 30
394 40
395 27
396 8
397 14
398 6
399 7
400 27
401 12
402 19
403 26
404 24
405 13
406 6
407 40
408 32
409 41
410 35
411 4
412 20
413 35
414 40
415 14
416 39
417 40
418 25
419 2
420 27
421 28
422 20
423 27
424 15
425 20
426 10
427 22
428 17
429 35
430 24
431 7
432 4
433 14
434 28
435 10
436 40
437 34
438 34
439 3
440 25
441 19
442 15
443 16
444 38
445 17
446 41
447 2
448 17
449 8
450 18
451 24
452 35
453 40
454 30
455 34
456 24
457 33
458 16
459 13
460 39
461 24
462 16
463 27
464 2
465 6
466 10
467 2
468 24
469 1
470 39
471 10
472 39
473 30
474 8
475 6
476 27
477 33
478 2
479 18
480 24
481 12
482 36
483 30
484 27
485 25
486 4
487 3
488 4
489 20
490 1
491 24
492 35
493 36
494 26
495 24
496 35
497 1
498 41
499 16
500 39
