1 34
2 13
3 31
4 22
5 8
6 26
7 43
8 29
9 32
10 16
11 22
12 37
13 23
14 2
15 29
16 10
17 24
18 6
19 40
20 42
21 18
22 21
23 34
24 32
25 5
26 22
27 20
28 10
29 40
30 36
31 32
32 22
33 16
34 17
35 20
36 19
37 12
38 38
39 32
40 14
41 40
42 13
43 1
44 2
45 21
46 20
47 42
48 39
49 24
50 26
51 17
52 31
53 26
54 44
55 7
56 38
57 22
58 5
59 38
60 32
61 10
62 35
63 24
64 28
65 6
66 27
67 20
68 34
69 35
70 28
71 6
72 2
73 23
74 6
75 48
76 33
77 48
78 4
79 4
80 48
81 47
82 38
83 17
84 29
85 19
86 23
87 32
88 48
89 4
90 46
91 6
92 7
93 2
94 2
95 10
96 31
97 23
98 14
99 34
100 35
101 9
102 11
103 48
104 27
105 26
106 23
107 40
108 35
109 24
110 21
111 39
112 1
113 16
114 43
115 41
116 23
117 6
118 39
119 11
120 4
121 7
122 40
123 3
124 3
125 30
126 17
127 44
128 18
129 20
130 45
131 31
132 17
133 29
134 45
135 38
136 13
137 42
138 31
139 48
140 3
141 17
142 40
143 38
144 8
145 23
146 22
147 22
148 30
149 42
150 16
151 9
152 38
153 48
154 33
155 38
156 29
157 47
158 39
159 13
160 42
161 44
162 3
163 23
164 26
165 41
166 33
167 9
168 6
169 38
170 23
171 25
172 3
173 42
174 8
175 12
176 16
177 31
178 4
179 33
180 48
181 7
182 6
183 11
184 25
185 1
186 33
187 48
188 17
189 1
190 28
191 40
192 28
193 40
194 24
195 35
196 11
197 39
198 43
199 35
200 9
201 30
202 35
203 40
204 2
205 17
206 11
207 41
208 27
209 30
210 7
211 17
212 32
213 45
214 18
215 11
216 17
217 18
218 8
219 18
220 13
221 10
222 38
223 31
224 31
225 34
226 22
227 1
228 38
229 19
230 31
231 18
232 38
233 41
234 43
235 16
236 32
237 32
238 43
239 16
240 19
241 38
242 33
243 20
244 37
245 13
246 8
247 41
248 46
249 20
250 6
251 15
252 7
253 9
254 28
255 33
256 1
257 12
258 19
259 40
260 44
261 1
262 15
263 41
264 41
265 30
266 35
267 7
268 18
269 34
270 22
271 35
272 45
273 40
274 39
275 44
276 35
277 19
278 11
279 30
280 8
281 44
282 9
283 35
284 36
285 42
286 6
287 46
288 17
289 34
290 15
291 21
292 41
293 34
294 12
295 32
296 20
297 22
298 36
299 11
300 42
301 39
302 42
303 26
304 22
305 8
306 41
307 31
308 33
309 15
310 33
311 5
312 9
313 11
314 39
315 2
316 48
317 8
318 18
319 35
320 27
321 25
322 32
323 31
324 46
325 29
326 6
327 40
328 36
329 32
330 1
331 48
332 13
333 32
334 20
335 24
336 25
337 6
338 6
339 11
340 26
341 17
342 27
343 37
344 39
345 33
346 47
347 6
348 14
349 24
350 44
351 41
352 48
353 18
354 38
355 18
356 16
357 9
358 38
359 6
360 31
361 20
362 31
363 25
364 47
365 31
366 20
367 17
368 23
369 22
370 42
371 32
372 48
373 38
374 29
375 20
376 36
377 31
378 5
379 48
380 39
381 37
382 15
383 47
384 4
385 35
386 32
387 36
388 11
389 42
390 48
391 20
392 11
393 6
394 15
395 1
396 38
397 28
398 39
399 22
400 44
401 8
402 46
403 9
404 22
405 40
406 43
407 48
408 24
409 48
410 9
411 6
412 44
413 48
414 42
415 42
416 33
417 20
418 22
419 17
420 31
421 45
422 8
423 33
424 47
425 33
426 10
427 24
428 2
429 29
430 1
431 41
432 4
433 34
434 21
435 20
436 5
437 9
438 8
439 24
440 1
441 40
442 48
443 48
444 48
445 34
446 42
447 31
448 38
449 24
450 40
451 34
452 32
453 16
454 48
455 9
456 38
457 40
458 20
459 14
460 38
461 39
462 20
463 11
464 11
465 47
466 32
467 37
468 17
469 2
470 48
471 31
472 38
473 9
474 1
475 14
476 44
477 11
478 6
479 12
480 22
481 32
482 1
483 6
484 47
485 11
486 33
487 20
488 6
489 40
490 20
491 8
492 1
493 31
494 31
495 42
496 11
497 20
498 31
499 17
500 32
