1 2
1 3
1 179
1 294
1 341
2 1
2 3
2 48
2 136
2 179
3 1
3 2
3 185
3 195
3 405
4 6
4 7
4 8
4 91
4 266
5 39
5 93
5 150
5 151
5 194
5 216
5 389
5 397
5 422
6 4
6 7
6 8
6 114
6 149
7 4
7 6
7 8
7 19
7 98
8 4
8 6
8 7
8 63
8 78
9 331
9 380
9 420
9 426
9 460
10 22
10 23
10 32
10 56
10 428
11 12
11 230
11 329
11 398
11 462
12 11
12 15
12 71
12 230
12 329
13 237
13 239
13 240
13 248
13 422
14 212
14 249
14 344
14 353
14 378
14 388
14 431
15 12
15 19
15 69
15 230
15 418
16 199
16 257
16 258
16 260
16 455
17 41
17 58
17 75
17 432
17 439
17 440
17 449
17 452
17 456
18 50
18 85
18 89
18 112
18 307
19 7
19 15
19 20
19 85
19 329
20 19
20 21
20 24
20 80
20 125
21 20
21 24
21 124
21 194
21 299
22 10
22 32
22 291
22 406
22 420
23 10
23 43
23 412
23 420
23 480
24 20
24 21
24 26
24 38
24 203
25 26
25 27
25 29
25 33
25 453
26 24
26 25
26 217
26 378
26 453
27 25
27 28
27 40
27 453
27 500
28 27
28 34
28 130
28 444
28 453
29 25
29 67
29 100
29 101
29 348
30 150
30 176
30 208
30 212
30 228
30 230
30 280
30 403
30 428
30 479
30 499
31 33
31 35
31 45
31 261
31 458
32 10
32 22
32 43
32 62
32 363
33 25
33 31
33 34
33 35
33 67
34 28
34 33
34 35
34 180
34 495
35 31
35 33
35 34
35 427
35 440
36 37
36 44
36 61
36 433
36 472
37 36
37 38
37 39
37 353
37 426
38 24
38 37
38 44
38 48
38 148
39 5
39 37
39 93
39 259
39 365
39 367
39 384
39 418
40 27
40 241
40 288
40 448
40 457
40 462
40 469
40 472
40 482
40 500
41 17
41 111
41 213
41 223
41 275
41 384
41 429
41 439
41 449
41 452
41 456
41 460
42 138
42 255
42 301
42 360
42 497
43 23
43 32
43 62
43 81
43 428
43 447
43 488
44 36
44 38
44 48
44 68
44 94
45 31
45 128
45 129
45 132
45 281
45 340
46 49
46 310
46 461
46 475
46 496
47 171
47 220
47 229
47 258
47 399
47 431
47 432
47 440
47 442
47 492
47 495
48 2
48 38
48 44
48 49
48 57
49 46
49 48
49 50
49 58
49 75
50 18
50 49
50 51
50 52
50 73
51 50
51 52
51 156
51 367
51 481
52 50
52 51
52 54
52 122
52 133
53 257
53 258
53 291
53 355
53 468
54 52
54 55
54 56
54 282
54 435
55 54
55 56
55 64
55 468
55 492
56 10
56 54
56 55
56 57
56 401
57 48
57 56
57 61
57 389
57 432
58 17
58 49
58 59
58 63
58 292
59 58
59 63
59 177
59 361
59 480
60 87
60 89
60 90
60 310
60 461
61 36
61 57
61 63
61 460
61 472
62 32
62 43
62 81
62 88
62 158
62 303
62 448
63 8
63 58
63 59
63 61
63 96
64 55
64 67
64 358
64 489
64 492
65 126
65 171
65 220
65 313
65 428
65 467
65 477
65 488
65 489
66 191
66 192
66 263
66 343
66 446
67 29
67 33
67 64
67 68
67 358
68 44
68 67
68 69
68 86
68 358
69 15
69 68
69 154
69 207
69 358
70 71
70 244
70 279
70 438
70 444
71 12
71 70
71 154
71 207
71 244
72 101
72 208
72 317
72 393
72 395
72 398
72 401
72 483
73 50
73 74
73 75
73 134
73 244
74 73
74 75
74 315
74 359
74 482
75 17
75 49
75 73
75 74
75 315
76 77
76 148
76 172
76 276
76 315
77 76
77 78
77 86
77 116
77 158
78 8
78 77
78 86
78 96
78 315
79 80
79 86
79 370
79 409
79 498
80 20
80 79
80 84
80 195
80 307
81 43
81 62
81 88
81 92
81 255
81 360
81 477
82 102
82 138
82 393
82 421
82 427
82 435
82 481
82 494
83 159
83 261
83 295
83 374
83 430
83 470
83 472
83 473
83 484
83 486
83 492
83 493
84 80
84 86
84 307
84 322
84 443
85 18
85 19
85 87
85 307
85 351
86 68
86 77
86 78
86 79
86 84
86 162
87 60
87 85
87 89
87 90
87 290
88 62
88 81
88 92
88 105
88 494
89 18
89 60
89 87
89 170
89 469
90 60
90 87
90 91
90 94
90 290
91 4
91 90
91 94
91 266
91 396
92 81
92 88
92 105
92 106
92 493
93 5
93 39
93 356
93 434
93 445
93 446
93 466
93 468
93 498
94 44
94 90
94 91
94 96
94 162
95 108
95 283
95 310
95 357
95 401
95 404
95 413
95 429
95 439
95 450
95 456
95 498
96 63
96 78
96 94
96 409
96 498
97 98
97 99
97 100
97 304
97 484
98 7
98 97
98 99
98 100
98 351
99 97
99 98
99 100
99 212
99 354
100 29
100 97
100 98
100 99
100 165
101 29
101 72
101 104
101 211
101 432
102 82
102 103
102 224
102 349
102 427
102 494
102 495
103 102
103 144
103 173
103 182
103 224
103 397
103 475
103 489
104 101
104 107
104 211
104 299
104 394
105 88
105 92
105 106
105 115
105 139
106 92
106 105
106 115
106 117
106 361
107 104
107 109
107 110
107 225
107 444
108 95
108 151
108 278
108 429
108 434
108 449
108 450
108 466
108 494
108 498
109 107
109 110
109 188
109 211
109 461
110 107
110 109
110 111
110 214
110 333
111 41
111 110
111 112
111 469
111 476
112 18
112 111
112 113
112 134
112 343
113 112
113 114
113 196
113 334
113 343
114 6
114 113
114 116
114 131
114 343
115 105
115 106
115 117
115 135
115 204
115 262
115 403
116 77
116 114
116 119
116 158
116 343
117 106
117 115
117 135
117 146
117 153
118 246
118 357
118 360
118 364
118 368
118 372
118 387
118 430
118 478
119 116
119 120
119 121
119 129
119 466
120 119
120 121
120 388
120 452
120 493
121 119
121 120
121 122
121 168
121 186
122 52
122 121
122 123
122 133
122 238
123 122
123 183
123 215
123 238
123 405
124 21
124 125
124 215
124 378
124 394
125 20
125 124
125 127
125 195
125 385
126 65
126 137
126 171
126 220
126 326
126 423
126 477
126 489
126 495
127 125
127 179
127 238
127 293
127 385
128 45
128 355
128 385
128 480
128 498
129 45
129 119
129 353
129 385
129 466
130 28
130 131
130 132
130 133
130 484
131 114
131 130
131 133
131 149
131 365
132 45
132 130
132 133
132 418
132 474
133 52
133 122
133 130
133 131
133 132
134 73
134 112
134 136
134 256
134 275
135 115
135 117
135 153
135 154
135 210
135 495
136 2
136 134
136 256
136 275
136 483
137 126
137 139
137 140
137 256
137 423
138 42
138 82
138 234
138 319
138 497
139 105
139 137
139 140
139 208
139 275
140 137
140 139
140 141
140 359
140 482
141 140
141 143
141 159
141 346
141 441
141 475
142 151
142 197
142 253
142 327
142 376
143 141
143 145
143 280
143 346
143 499
144 103
144 173
144 182
144 197
144 206
144 224
144 227
144 367
144 491
145 143
145 146
145 270
145 346
146 117
146 145
146 147
146 183
146 496
147 146
147 148
147 183
147 398
147 462
148 38
148 76
148 147
148 149
148 183
149 6
149 131
149 148
149 152
149 344
150 5
150 30
150 152
150 155
150 230
151 5
151 108
151 142
151 397
151 401
151 408
151 416
151 449
151 494
152 149
152 150
152 155
152 326
152 423
153 117
153 135
153 154
153 167
153 232
153 499
154 69
154 71
154 135
154 153
154 167
154 168
155 150
155 152
155 306
155 344
155 363
156 51
156 157
156 160
156 333
156 481
157 156
157 160
157 265
157 272
157 476
158 62
158 77
158 116
158 197
158 469
159 83
159 141
159 341
159 397
159 441
159 445
159 470
159 475
159 486
159 489
159 493
159 496
159 499
159 500
160 156
160 157
160 272
160 305
160 398
161 162
161 174
161 293
161 459
161 499
162 86
162 94
162 161
162 293
162 491
163 165
163 182
163 276
163 293
163 494
164 165
164 215
164 442
164 485
164 491
165 100
165 163
165 164
165 174
165 454
166 189
166 213
166 216
166 284
166 494
167 153
167 154
167 168
167 170
167 176
167 383
168 121
168 154
168 167
168 170
168 181
168 186
169 252
169 281
169 292
169 405
169 457
169 491
170 89
170 167
170 168
170 172
170 181
170 469
171 47
171 65
171 126
171 182
171 220
171 228
171 309
171 399
171 495
172 76
172 170
172 175
172 181
172 203
172 380
173 103
173 144
173 182
173 224
173 227
173 273
173 390
173 406
173 429
174 161
174 165
174 193
174 272
174 287
174 293
175 172
175 177
175 181
175 187
175 373
175 378
176 30
176 167
176 208
176 212
176 228
176 236
176 330
176 345
176 383
176 403
176 414
176 428
177 59
177 175
177 184
177 187
177 190
177 480
178 198
178 205
178 206
178 221
178 400
178 438
179 1
179 2
179 127
179 191
179 195
179 481
180 34
180 186
180 188
180 349
180 489
180 495
181 168
181 170
181 172
181 175
181 190
181 429
182 103
182 144
182 163
182 171
182 173
182 224
182 227
182 228
183 123
183 146
183 147
183 148
183 346
183 405
184 177
184 187
184 189
184 190
184 439
184 481
184 482
185 3
185 218
185 222
185 225
185 231
185 405
186 121
186 168
186 180
186 188
186 202
187 175
187 177
187 184
187 189
187 190
187 415
188 109
188 180
188 186
188 202
188 461
189 166
189 184
189 187
189 190
189 263
189 284
190 177
190 181
190 184
190 187
190 189
190 263
191 66
191 179
191 192
191 196
191 363
191 373
192 66
192 191
192 196
192 373
192 424
192 486
193 174
193 252
193 283
193 285
193 351
193 362
194 5
194 21
194 222
194 261
194 312
194 346
194 389
194 422
194 433
195 3
195 80
195 125
195 179
195 384
195 499
196 113
196 191
196 192
196 208
196 334
196 373
197 142
197 144
197 158
197 206
197 367
197 491
198 178
198 201
198 203
198 205
198 384
198 460
199 16
199 257
199 258
199 260
199 356
199 395
200 313
200 318
200 320
200 321
200 335
200 339
200 451
201 198
201 203
201 207
201 374
201 438
201 465
202 186
202 188
202 208
202 209
202 402
202 483
203 24
203 172
203 198
203 201
203 205
203 375
204 115
204 209
204 213
204 253
204 307
204 403
205 178
205 198
205 203
205 207
205 221
205 226
206 144
206 178
206 197
206 210
206 219
206 328
207 69
207 71
207 201
207 205
207 244
207 483
208 30
208 72
208 139
208 176
208 196
208 202
208 212
208 228
208 402
208 403
208 428
208 430
208 432
208 479
208 483
208 489
209 202
209 204
209 213
209 273
209 406
209 429
210 135
210 206
210 219
210 221
210 328
210 495
211 101
211 104
211 109
211 301
211 439
211 477
212 14
212 30
212 99
212 176
212 208
212 228
212 249
212 354
212 403
212 414
212 431
212 464
213 41
213 166
213 204
213 209
213 223
214 110
214 217
214 247
214 263
214 386
214 433
215 123
215 124
215 164
215 229
215 238
215 422
216 5
216 166
216 218
216 285
216 395
216 488
217 26
217 214
217 262
217 266
217 373
217 386
218 185
218 216
218 222
218 388
218 390
218 415
219 206
219 210
219 223
219 264
219 328
220 47
220 65
220 126
220 171
220 284
220 306
220 344
220 399
220 495
221 178
221 205
221 210
221 223
221 464
221 500
222 185
222 194
222 218
222 312
222 382
222 388
223 41
223 213
223 219
223 221
223 226
223 328
224 102
224 103
224 144
224 173
224 182
224 297
224 372
224 433
225 107
225 185
225 231
225 444
225 456
225 495
226 205
226 223
226 229
226 233
226 235
226 295
227 144
227 173
227 182
227 242
227 243
227 274
227 372
227 417
228 30
228 171
228 176
228 182
228 208
228 212
228 370
228 403
228 409
228 414
228 464
229 47
229 215
229 226
229 233
229 235
229 236
230 11
230 12
230 15
230 30
230 150
230 329
231 185
231 225
231 243
231 247
231 464
231 500
232 153
232 234
232 319
232 324
232 326
232 341
232 499
233 226
233 229
233 235
233 236
233 341
233 342
234 138
234 232
234 326
234 340
234 341
234 360
234 393
234 421
234 450
235 226
235 229
235 233
235 236
235 377
235 385
236 176
236 229
236 233
236 235
236 330
236 499
237 13
237 239
237 240
237 457
237 467
237 494
238 122
238 123
238 127
238 215
238 244
238 271
239 13
239 237
239 240
239 266
239 466
239 473
240 13
240 237
240 239
240 245
240 364
240 497
241 40
241 246
241 267
241 277
241 380
241 446
241 448
241 457
241 462
241 465
241 469
241 472
241 482
242 227
242 274
242 280
242 282
242 406
242 440
242 468
243 227
243 231
243 247
243 372
243 417
243 480
244 70
244 71
244 73
244 207
244 238
244 271
245 240
245 248
245 259
245 352
245 445
245 466
246 118
246 241
246 357
246 360
246 364
246 368
246 371
246 380
246 446
247 214
247 231
247 243
247 308
247 386
247 464
248 13
248 245
248 259
248 425
248 482
248 493
249 14
249 212
249 342
249 394
249 431
250 273
250 277
250 284
250 375
250 422
251 254
251 355
251 430
251 460
251 463
251 484
252 169
252 193
252 285
252 420
252 452
252 476
253 142
253 204
253 260
253 264
253 265
253 269
253 279
253 318
253 389
253 416
254 251
254 259
254 289
254 355
254 473
254 476
255 42
255 81
255 262
255 354
255 386
255 477
256 134
256 136
256 137
256 275
256 314
256 479
257 16
257 53
257 199
257 385
257 419
257 495
258 16
258 47
258 53
258 199
258 355
258 442
259 39
259 245
259 248
259 254
259 285
259 355
260 16
260 199
260 253
260 264
260 329
260 456
261 31
261 83
261 194
261 351
261 400
261 426
261 433
261 436
261 472
262 115
262 217
262 255
262 266
262 307
262 403
263 66
263 189
263 190
263 214
263 333
263 373
263 375
263 479
264 219
264 253
264 260
264 265
264 472
264 500
265 157
265 253
265 264
265 269
265 278
266 4
266 91
266 217
266 239
266 262
266 268
267 241
267 268
267 270
267 336
267 485
267 498
268 266
268 267
268 270
268 283
268 401
268 413
269 253
269 265
269 278
269 279
269 298
269 492
270 145
270 267
270 268
270 461
270 487
271 238
271 244
271 300
271 301
271 305
271 308
271 309
272 157
272 160
272 174
272 276
272 322
272 404
273 173
273 209
273 250
273 284
273 335
273 343
274 227
274 242
274 280
274 282
274 406
274 495
275 41
275 134
275 136
275 139
275 256
275 384
275 460
276 76
276 163
276 272
276 309
276 348
276 361
276 382
276 396
277 241
277 250
277 302
277 453
277 465
277 483
278 108
278 265
278 269
278 279
278 427
278 440
278 468
279 70
279 253
279 269
279 278
279 411
279 438
279 491
280 30
280 143
280 242
280 274
280 282
280 289
280 406
281 45
281 169
281 320
281 340
281 405
281 460
281 491
282 54
282 242
282 274
282 280
282 289
282 406
282 435
283 95
283 193
283 268
283 285
283 286
283 413
283 491
284 166
284 189
284 220
284 250
284 273
284 302
284 344
285 193
285 216
285 252
285 259
285 283
285 286
285 435
286 283
286 285
286 291
286 331
286 361
286 379
286 405
287 174
287 357
287 362
287 368
287 370
287 371
287 372
288 40
288 290
288 291
288 295
288 332
288 358
288 449
289 254
289 280
289 282
289 294
289 303
289 406
289 473
290 87
290 90
290 288
290 291
290 295
290 405
290 434
291 22
291 53
291 286
291 288
291 290
291 295
291 487
292 58
292 169
292 361
292 382
292 396
292 442
292 467
293 127
293 161
293 162
293 163
293 174
293 369
294 1
294 289
294 303
294 306
294 342
294 406
294 483
295 83
295 226
295 288
295 290
295 291
295 296
295 436
296 295
296 297
296 298
296 299
296 396
296 473
296 486
297 224
297 296
297 298
297 299
297 300
297 417
297 433
298 269
298 296
298 297
298 299
298 300
298 492
299 21
299 104
299 296
299 297
299 298
299 300
299 394
300 271
300 297
300 298
300 299
300 440
300 468
301 42
301 211
301 271
301 305
301 308
301 360
301 420
302 277
302 284
302 304
302 358
302 449
302 494
303 62
303 289
303 294
303 306
303 314
303 448
303 467
304 97
304 302
304 316
304 339
304 454
305 160
305 271
305 301
305 308
305 309
305 321
305 462
306 155
306 220
306 294
306 303
306 314
306 319
306 324
307 18
307 80
307 84
307 85
307 204
307 262
307 403
308 247
308 271
308 301
308 305
308 309
308 337
308 410
309 171
309 271
309 276
309 305
309 308
309 311
309 409
310 46
310 60
310 95
310 311
310 312
310 328
310 336
311 309
311 310
311 312
311 336
311 347
311 499
312 194
312 222
312 310
312 311
312 336
312 382
312 450
313 65
313 200
313 318
313 320
313 336
313 428
313 488
314 256
314 303
314 306
314 319
314 324
314 479
314 494
315 74
315 75
315 76
315 78
315 323
315 477
315 490
316 304
316 339
316 349
316 375
316 422
317 72
317 350
317 398
317 401
317 408
317 416
317 448
318 200
318 253
318 313
318 320
318 389
318 416
318 462
319 138
319 232
319 306
319 314
319 324
319 326
319 450
320 200
320 281
320 313
320 318
320 321
321 200
321 305
321 320
321 336
321 398
321 462
321 463
322 84
322 272
322 323
322 332
322 335
322 356
323 315
323 322
323 332
323 335
323 356
323 477
323 490
324 232
324 306
324 314
324 319
324 326
324 371
324 485
325 331
325 334
325 337
325 338
325 345
325 366
326 126
326 152
326 232
326 234
326 319
326 324
326 340
327 142
327 374
327 376
327 383
327 390
327 410
327 494
328 206
328 210
328 219
328 223
328 310
328 461
328 475
329 11
329 12
329 19
329 230
329 260
329 456
329 498
330 176
330 236
330 331
330 332
330 345
330 444
330 461
331 9
331 286
331 325
331 330
331 345
331 368
331 461
332 288
332 322
332 323
332 330
332 358
332 444
332 461
332 494
333 110
333 156
333 263
333 344
333 354
333 363
333 454
334 113
334 196
334 325
334 337
334 345
334 416
334 461
335 200
335 273
335 322
335 323
335 390
335 438
335 444
336 267
336 310
336 311
336 312
336 313
336 321
336 354
336 485
336 498
337 308
337 325
337 334
337 345
337 410
337 464
337 492
338 325
338 347
338 352
338 359
338 362
338 366
339 200
339 304
339 316
339 349
339 451
340 45
340 234
340 281
340 326
340 341
340 360
340 364
340 458
341 1
341 159
341 232
341 233
341 234
341 340
341 342
341 364
342 233
342 249
342 294
342 341
342 394
343 66
343 112
343 113
343 114
343 116
343 273
343 434
343 480
344 14
344 149
344 155
344 220
344 284
344 333
344 363
344 378
345 176
345 325
345 330
345 331
345 334
345 337
345 383
345 413
346 141
346 143
346 145
346 183
346 194
346 353
346 377
347 311
347 338
347 352
347 362
347 413
347 499
348 29
348 276
348 382
348 400
348 409
348 430
348 470
348 471
349 102
349 180
349 316
349 339
349 350
349 495
350 317
350 349
350 366
350 379
350 448
351 85
351 98
351 193
351 261
351 400
351 421
351 426
351 442
351 465
352 245
352 338
352 347
352 362
352 413
352 428
353 14
353 37
353 129
353 346
353 378
353 382
353 388
353 498
354 99
354 212
354 255
354 333
354 336
354 363
354 431
354 456
355 53
355 128
355 251
355 254
355 258
355 259
355 434
355 480
356 93
356 199
356 322
356 323
356 395
356 444
356 492
356 500
357 95
357 118
357 246
357 287
357 368
357 372
357 404
357 443
358 64
358 67
358 68
358 69
358 288
358 302
358 332
358 494
359 74
359 140
359 338
359 362
359 413
359 439
359 481
359 495
360 42
360 81
360 118
360 234
360 246
360 301
360 340
360 364
361 59
361 106
361 276
361 286
361 292
361 365
361 368
361 396
362 193
362 287
362 338
362 347
362 352
362 359
363 32
363 155
363 191
363 333
363 344
363 354
363 369
363 461
364 118
364 240
364 246
364 340
364 341
364 360
364 474
364 497
365 39
365 131
365 361
365 367
365 375
365 384
365 418
365 422
366 325
366 338
366 350
366 379
366 381
367 39
367 51
367 144
367 197
367 365
367 384
367 418
367 491
368 118
368 246
368 287
368 331
368 357
368 361
368 369
368 379
369 293
369 363
369 368
369 370
369 371
369 372
369 377
369 412
370 79
370 228
370 287
370 369
370 371
370 377
370 409
370 427
371 246
371 287
371 324
371 369
371 370
371 377
371 485
371 498
372 118
372 224
372 227
372 243
372 287
372 357
372 369
372 377
373 175
373 191
373 192
373 196
373 217
373 263
373 375
373 500
374 83
374 201
374 327
374 383
374 390
374 398
374 410
374 472
375 203
375 250
375 263
375 316
375 365
375 373
375 438
375 465
376 142
376 327
376 391
376 392
376 411
376 412
377 235
377 346
377 369
377 370
377 371
377 372
377 382
377 383
378 14
378 26
378 124
378 175
378 344
378 353
378 388
378 500
379 286
379 350
379 366
379 368
379 381
380 9
380 172
380 241
380 246
380 420
380 421
380 426
380 446
380 460
380 465
381 366
381 379
381 387
381 437
381 479
382 222
382 276
382 292
382 312
382 348
382 353
382 377
382 409
382 442
383 167
383 176
383 327
383 345
383 374
383 377
383 395
383 410
383 435
384 39
384 41
384 195
384 198
384 275
384 365
384 367
384 418
384 460
385 125
385 127
385 128
385 129
385 235
385 257
386 214
386 217
386 247
386 255
386 392
386 486
387 118
387 381
387 402
387 404
387 478
388 14
388 120
388 218
388 222
388 353
388 378
388 390
388 406
388 409
389 5
389 57
389 194
389 253
389 318
389 397
389 416
389 422
389 433
390 173
390 218
390 327
390 335
390 374
390 388
390 393
390 395
390 410
391 376
391 392
391 411
391 412
391 445
391 489
391 496
392 376
392 386
392 391
392 411
392 412
392 486
393 72
393 82
393 234
393 390
393 395
393 398
393 410
393 421
393 450
394 104
394 124
394 249
394 299
394 342
395 72
395 199
395 216
395 356
395 383
395 390
395 393
395 398
395 435
396 91
396 276
396 292
396 296
396 361
396 409
396 473
396 486
397 5
397 103
397 151
397 159
397 389
397 408
397 416
397 475
397 489
398 11
398 72
398 147
398 160
398 317
398 321
398 374
398 393
398 395
399 47
399 171
399 220
399 400
399 419
399 426
399 431
399 432
399 495
400 178
400 261
400 348
400 351
400 399
400 421
400 426
400 433
400 495
401 56
401 72
401 95
401 151
401 268
401 317
401 408
401 413
401 416
402 202
402 208
402 387
402 404
402 407
403 30
403 115
403 176
403 204
403 208
403 212
403 228
403 262
403 307
403 414
403 464
404 95
404 272
404 357
404 387
404 402
404 407
405 3
405 123
405 169
405 183
405 185
405 281
405 286
405 290
405 491
406 22
406 173
406 209
406 242
406 274
406 280
406 282
406 289
406 294
406 388
407 402
407 404
407 414
407 415
407 452
407 493
408 151
408 317
408 397
408 401
408 416
409 79
409 96
409 228
409 309
409 348
409 370
409 382
409 388
409 396
410 308
410 327
410 337
410 374
410 383
410 390
410 393
410 464
410 493
411 279
411 376
411 391
411 392
411 412
411 438
411 469
411 476
412 23
412 369
412 376
412 391
412 392
412 411
413 95
413 268
413 283
413 345
413 347
413 352
413 359
413 401
413 429
414 176
414 212
414 228
414 403
414 407
414 420
414 448
414 452
414 457
414 464
414 493
415 187
415 218
415 407
415 419
415 424
416 151
416 253
416 317
416 318
416 334
416 389
416 397
416 401
416 408
417 227
417 243
417 297
417 418
417 421
417 425
417 455
417 474
417 487
418 15
418 39
418 132
418 365
418 367
418 384
418 417
418 474
419 257
419 399
419 415
419 424
419 426
419 436
420 9
420 22
420 23
420 252
420 301
420 380
420 414
420 452
420 460
420 493
421 82
421 234
421 351
421 380
421 393
421 400
421 417
421 426
421 442
421 450
422 5
422 13
422 194
422 215
422 250
422 316
422 365
422 389
422 433
422 478
423 126
423 137
423 152
423 428
423 438
423 445
423 465
423 475
423 483
423 498
424 192
424 415
424 419
424 436
424 486
425 248
425 417
425 454
425 455
425 487
425 493
426 9
426 37
426 261
426 351
426 380
426 399
426 400
426 419
426 421
426 442
427 35
427 82
427 102
427 278
427 370
427 435
427 441
427 468
427 481
427 494
428 10
428 30
428 43
428 65
428 176
428 208
428 313
428 352
428 423
428 430
428 466
428 473
428 479
428 484
428 488
428 492
429 41
429 95
429 108
429 173
429 181
429 209
429 413
429 439
429 450
429 456
430 83
430 118
430 208
430 251
430 348
430 428
430 457
430 467
430 470
430 473
430 478
430 479
430 484
430 492
430 493
431 14
431 47
431 212
431 249
431 354
431 399
431 432
431 440
431 449
431 495
432 17
432 47
432 57
432 101
432 208
432 399
432 431
432 440
432 449
432 483
433 36
433 194
433 214
433 224
433 261
433 297
433 389
433 400
433 422
433 474
434 93
434 108
434 290
434 343
434 355
434 446
434 450
434 466
434 480
434 498
435 54
435 82
435 282
435 285
435 383
435 395
435 427
435 441
435 480
435 481
435 494
436 261
436 295
436 419
436 424
436 437
437 381
437 436
437 443
437 447
437 479
438 70
438 178
438 201
438 279
438 335
438 375
438 411
438 423
438 476
438 479
438 488
439 17
439 41
439 95
439 184
439 211
439 359
439 429
439 452
439 456
439 481
439 482
440 17
440 35
440 47
440 242
440 278
440 300
440 431
440 432
440 449
440 452
440 468
441 141
441 159
441 427
441 435
441 460
441 475
441 480
441 481
441 483
441 494
441 496
442 47
442 164
442 258
442 292
442 351
442 382
442 421
442 426
442 485
442 492
442 498
443 84
443 357
443 437
443 447
443 451
444 28
444 70
444 107
444 225
444 330
444 332
444 335
444 356
444 461
444 485
444 498
445 93
445 159
445 245
445 391
445 423
445 465
445 466
445 468
445 483
445 489
445 496
446 66
446 93
446 241
446 246
446 380
446 434
446 465
446 466
446 468
446 475
446 480
447 43
447 437
447 443
447 451
447 488
448 40
448 62
448 241
448 303
448 317
448 350
448 414
448 457
448 462
448 464
448 469
449 17
449 41
449 108
449 151
449 288
449 302
449 431
449 432
449 440
449 452
449 494
450 95
450 108
450 234
450 312
450 319
450 393
450 421
450 429
450 434
450 466
450 498
451 200
451 339
451 443
451 447
451 458
452 17
452 41
452 120
452 252
452 407
452 414
452 420
452 439
452 440
452 449
452 456
453 25
453 26
453 27
453 28
453 277
454 165
454 304
454 333
454 425
454 455
454 487
455 16
455 417
455 425
455 454
455 487
456 17
456 41
456 95
456 225
456 260
456 329
456 354
456 429
456 439
456 452
456 463
456 484
457 40
457 169
457 237
457 241
457 414
457 430
457 448
457 462
457 464
457 469
457 470
457 478
458 31
458 340
458 451
458 459
458 471
459 161
459 458
459 471
459 490
459 499
460 9
460 41
460 61
460 198
460 251
460 275
460 281
460 380
460 384
460 420
460 441
460 481
461 46
461 60
461 109
461 188
461 270
461 328
461 330
461 331
461 332
461 334
461 363
461 444
462 11
462 40
462 147
462 241
462 305
462 318
462 321
462 448
462 457
462 469
462 472
462 482
463 251
463 321
463 456
463 467
463 472
463 474
463 476
463 478
463 482
463 484
463 488
463 498
464 212
464 221
464 228
464 231
464 247
464 337
464 403
464 410
464 414
464 448
464 457
464 469
465 201
465 241
465 277
465 351
465 375
465 380
465 423
465 445
465 446
465 468
465 475
465 480
465 483
466 93
466 108
466 119
466 129
466 239
466 245
466 428
466 434
466 445
466 446
466 450
466 488
466 498
467 65
467 237
467 292
467 303
467 430
467 463
467 470
467 474
467 477
467 478
467 485
467 488
467 489
468 53
468 55
468 93
468 242
468 278
468 300
468 427
468 440
468 445
468 446
468 465
468 475
468 483
469 40
469 89
469 111
469 158
469 170
469 241
469 411
469 448
469 457
469 462
469 464
469 476
469 482
470 83
470 159
470 348
470 430
470 457
470 467
470 471
470 473
470 479
470 484
470 486
470 492
470 493
471 348
471 458
471 459
471 470
471 478
471 490
472 36
472 40
472 61
472 83
472 241
472 261
472 264
472 374
472 462
472 463
472 476
472 482
472 488
473 83
473 239
473 254
473 289
473 296
473 396
473 428
473 430
473 470
473 479
473 484
473 492
473 493
474 132
474 364
474 417
474 418
474 433
474 463
474 467
474 476
474 477
474 478
474 482
474 485
474 488
475 46
475 103
475 141
475 159
475 328
475 397
475 423
475 441
475 446
475 465
475 468
475 477
475 483
475 496
476 111
476 157
476 252
476 254
476 411
476 438
476 463
476 469
476 472
476 474
476 478
476 482
476 485
476 488
477 65
477 81
477 126
477 211
477 255
477 315
477 323
477 467
477 474
477 475
477 478
477 485
477 489
477 490
478 118
478 387
478 422
478 430
478 457
478 463
478 467
478 471
478 474
478 476
478 477
478 485
478 488
478 489
479 30
479 208
479 256
479 263
479 314
479 381
479 428
479 430
479 437
479 438
479 470
479 473
479 484
479 492
480 23
480 59
480 128
480 177
480 243
480 343
480 355
480 434
480 435
480 441
480 446
480 465
480 481
480 483
481 51
481 82
481 156
481 179
481 184
481 359
481 427
481 435
481 439
481 441
481 460
481 480
481 482
481 494
482 40
482 74
482 140
482 184
482 241
482 248
482 439
482 462
482 463
482 469
482 472
482 474
482 476
482 481
483 72
483 136
483 202
483 207
483 208
483 277
483 294
483 423
483 432
483 441
483 445
483 465
483 468
483 475
483 480
484 83
484 97
484 130
484 251
484 428
484 430
484 456
484 463
484 470
484 473
484 479
484 485
484 492
484 493
484 498
485 164
485 267
485 324
485 336
485 371
485 442
485 444
485 467
485 474
485 476
485 477
485 478
485 484
485 488
485 489
486 83
486 159
486 192
486 296
486 386
486 392
486 396
486 424
486 470
486 493
486 496
486 499
486 500
487 270
487 291
487 417
487 425
487 454
487 455
488 43
488 65
488 216
488 313
488 428
488 438
488 447
488 463
488 466
488 467
488 472
488 474
488 476
488 478
488 485
489 64
489 65
489 103
489 126
489 159
489 180
489 208
489 391
489 397
489 445
489 467
489 477
489 478
489 485
489 495
489 496
490 315
490 323
490 459
490 471
490 477
490 497
491 144
491 162
491 164
491 169
491 197
491 279
491 281
491 283
491 367
491 405
492 47
492 55
492 64
492 83
492 269
492 298
492 337
492 356
492 428
492 430
492 442
492 470
492 473
492 479
492 484
492 493
493 83
493 92
493 120
493 159
493 248
493 407
493 410
493 414
493 420
493 425
493 430
493 470
493 473
493 484
493 486
493 492
493 500
494 82
494 88
494 102
494 108
494 151
494 163
494 166
494 237
494 302
494 314
494 327
494 332
494 358
494 427
494 435
494 441
494 449
494 481
495 34
495 47
495 102
495 126
495 135
495 171
495 180
495 210
495 220
495 225
495 257
495 274
495 349
495 359
495 399
495 400
495 431
495 489
496 46
496 146
496 159
496 391
496 441
496 445
496 475
496 486
496 489
496 499
496 500
497 42
497 138
497 240
497 364
497 490
498 79
498 93
498 95
498 96
498 108
498 128
498 267
498 329
498 336
498 353
498 371
498 423
498 434
498 442
498 444
498 450
498 463
498 466
498 484
499 30
499 143
499 153
499 159
499 161
499 195
499 232
499 236
499 311
499 347
499 459
499 486
499 496
499 500
500 27
500 40
500 159
500 221
500 231
500 264
500 356
500 373
500 378
500 486
500 493
500 496
500 499
