1 84
1 119
1 237
1 256
1 313
1 355
1 380
1 393
1 394
1 401
2 96
2 172
2 244
2 255
2 354
2 374
2 422
2 448
2 472
2 476
2 477
2 480
2 482
2 491
3 4
3 10
3 275
3 345
3 466
4 3
4 5
4 6
4 72
4 466
5 4
5 6
5 328
5 477
5 499
6 4
6 5
6 7
6 27
6 498
7 6
7 8
7 9
7 37
7 127
8 7
8 9
8 169
8 370
8 466
9 7
9 8
9 82
9 127
9 297
10 3
10 36
10 94
10 320
10 345
10 349
10 466
11 13
11 18
11 66
11 297
11 412
12 26
12 142
12 147
12 382
12 486
13 11
13 18
13 119
13 166
13 297
14 15
14 16
14 17
14 399
14 442
15 14
15 58
15 59
15 61
15 170
16 14
16 17
16 57
16 432
16 442
17 14
17 16
17 234
17 435
17 442
18 11
18 13
18 123
18 345
18 442
19 21
19 22
19 107
19 237
19 461
20 98
20 99
20 121
20 272
20 312
21 19
21 22
21 60
21 330
21 442
22 19
22 21
22 23
22 24
22 86
23 22
23 24
23 25
23 237
23 322
24 22
24 23
24 31
24 52
24 491
25 23
25 28
25 34
25 380
25 401
26 12
26 136
26 147
26 358
26 486
27 6
27 32
27 33
27 69
27 260
27 371
28 25
28 29
28 31
28 34
28 38
29 28
29 31
29 34
29 117
29 401
30 90
30 177
30 284
30 304
30 317
30 400
30 465
30 474
30 475
30 478
30 492
30 499
31 24
31 28
31 29
31 34
31 93
32 27
32 33
32 35
32 53
32 260
32 400
33 27
33 32
33 53
33 260
33 498
34 25
34 28
34 29
34 31
34 75
35 32
35 53
35 67
35 77
35 260
36 10
36 37
36 38
36 424
36 455
37 7
37 36
37 38
37 40
37 340
38 28
38 36
38 37
38 40
38 418
39 224
39 284
39 448
39 454
39 458
39 464
39 472
39 476
39 477
39 480
39 481
39 484
39 487
39 491
40 37
40 38
40 41
40 42
40 54
41 40
41 42
41 83
41 342
41 476
42 40
42 41
42 74
42 83
42 498
43 44
43 46
43 47
43 83
44 43
44 46
44 47
44 83
44 91
45 63
45 64
45 201
45 244
45 458
46 43
46 44
46 47
46 83
46 478
47 43
47 44
47 46
47 49
47 482
48 49
48 246
48 336
48 404
48 437
49 47
49 48
49 64
49 246
49 320
50 86
50 87
50 88
50 95
50 213
51 54
51 183
51 246
51 454
51 459
52 24
52 54
52 183
52 246
52 349
53 32
53 33
53 35
53 67
53 77
53 342
54 40
54 51
54 52
54 56
54 183
55 91
55 116
55 167
55 283
55 368
55 397
55 423
56 54
56 57
56 79
56 183
56 479
57 16
57 56
57 59
57 183
57 452
58 15
58 59
58 328
58 393
58 496
59 15
59 57
59 58
59 61
59 63
60 21
60 265
60 275
60 322
60 324
60 336
60 341
60 397
60 432
61 15
61 59
61 62
61 70
61 169
62 61
62 73
62 169
62 170
62 244
63 45
63 59
63 64
63 65
63 169
64 45
64 49
64 63
64 65
64 244
65 63
65 64
65 66
65 108
65 201
66 11
66 65
66 70
66 201
66 483
67 35
67 53
67 77
67 78
67 81
68 224
68 240
68 242
68 245
68 468
69 27
69 99
69 176
69 260
69 270
69 279
69 371
69 377
70 61
70 66
70 72
70 201
70 345
71 92
71 184
71 202
71 226
71 230
71 316
71 324
71 405
71 417
71 460
71 473
71 479
71 483
71 490
71 494
71 496
71 500
72 4
72 70
72 75
72 76
72 405
73 62
73 97
73 98
73 163
73 446
74 42
74 75
74 76
74 334
74 371
75 34
75 72
75 74
75 76
75 80
76 72
76 74
76 75
76 80
76 461
77 35
77 53
77 67
77 78
77 81
78 67
78 77
78 81
78 92
78 109
79 56
79 80
79 82
79 96
79 360
80 75
80 76
80 79
80 82
80 325
81 67
81 77
81 78
81 109
81 137
82 9
82 79
82 80
82 85
82 193
83 41
83 42
83 43
83 44
83 46
83 188
84 1
84 119
84 127
84 225
84 256
84 337
84 383
84 384
84 388
84 401
84 447
85 82
85 193
85 364
85 458
86 22
86 50
86 87
86 364
86 387
87 50
87 86
87 94
87 175
87 193
88 50
88 94
88 148
88 421
88 484
89 243
89 254
89 333
89 367
89 381
89 387
89 402
89 411
89 418
89 429
89 440
90 30
90 96
90 172
90 212
90 223
90 232
90 284
90 305
90 423
90 451
90 455
90 465
90 478
90 482
90 492
91 44
91 55
91 116
91 120
91 129
91 283
91 368
92 71
92 78
92 184
92 202
92 226
92 230
92 282
92 316
92 363
92 370
92 371
92 464
92 473
92 479
92 483
92 485
92 490
92 494
92 500
93 31
93 170
93 286
93 328
93 331
93 385
93 403
94 10
94 87
94 88
94 95
94 163
95 50
95 94
95 163
95 195
95 385
96 2
96 79
96 90
96 164
96 172
96 255
96 385
96 422
96 448
96 451
96 455
96 482
96 491
97 73
97 113
97 163
97 443
97 500
98 20
98 73
98 174
98 312
98 498
99 20
99 69
99 121
99 198
99 477
100 101
100 103
100 121
100 209
100 412
101 100
101 102
101 103
101 198
101 216
102 101
102 103
102 198
102 312
102 479
103 100
103 101
103 102
103 104
103 119
104 103
104 105
104 152
104 256
104 490
105 104
105 152
105 293
105 392
105 460
106 107
106 152
106 157
106 394
106 499
107 19
107 106
107 112
107 157
107 219
108 65
108 194
108 305
108 307
108 319
108 417
108 433
108 445
109 78
109 81
109 110
109 137
109 141
109 439
110 109
110 137
110 141
110 172
110 492
111 157
111 303
111 460
111 474
111 492
112 107
112 149
112 157
112 219
112 303
113 97
113 114
113 303
113 407
113 414
114 113
114 160
114 303
114 434
114 490
115 117
115 118
115 121
115 406
115 447
116 55
116 91
116 120
116 129
116 133
116 160
116 368
117 29
117 115
117 118
117 124
117 332
118 115
118 117
118 123
118 124
118 129
119 1
119 13
119 84
119 103
119 256
119 380
119 383
119 401
119 447
120 91
120 116
120 129
120 160
120 164
120 195
120 311
121 20
121 99
121 100
121 115
121 198
121 312
122 123
122 125
122 135
122 386
122 475
123 18
123 118
123 122
123 124
123 125
124 117
124 118
124 123
124 125
124 478
125 122
125 123
125 124
125 128
125 390
126 128
126 130
126 199
126 243
126 354
127 7
127 9
127 84
127 275
127 297
128 125
128 126
128 130
128 145
128 243
129 91
129 116
129 118
129 120
129 160
129 164
129 195
130 126
130 128
130 131
130 143
130 243
131 130
131 133
131 135
131 138
131 304
132 393
132 414
132 470
132 489
132 497
133 116
133 131
133 135
133 138
133 407
134 294
134 299
134 315
134 332
134 364
134 428
134 459
134 481
135 122
135 131
135 133
135 138
135 140
136 26
136 139
136 147
136 486
136 496
137 81
137 109
137 110
137 141
137 144
137 482
138 131
138 133
138 135
138 140
138 142
139 136
139 143
139 147
139 446
139 486
140 135
140 138
140 142
140 382
140 464
141 109
141 110
141 137
141 144
141 165
142 12
142 138
142 140
142 382
142 482
143 130
143 139
143 145
143 382
143 384
144 137
144 141
144 165
144 166
144 167
144 186
145 128
145 143
145 146
145 147
145 471
146 145
146 233
146 423
146 471
146 487
147 12
147 26
147 136
147 139
147 145
148 88
148 150
148 197
148 385
148 462
149 112
149 176
149 177
149 178
149 180
149 182
150 148
150 156
150 197
150 255
150 475
151 170
151 192
151 197
151 235
151 324
152 104
152 105
152 106
152 309
152 355
153 197
153 220
153 223
153 235
153 471
154 156
154 189
154 294
154 299
154 494
155 156
155 158
155 197
155 211
155 440
156 150
156 154
156 155
156 158
156 211
157 106
157 107
157 111
157 112
157 219
157 250
158 155
158 156
158 162
158 198
158 211
158 349
159 181
159 185
159 211
159 308
159 315
160 114
160 116
160 120
160 129
160 164
160 195
160 204
161 267
161 306
161 340
161 391
161 399
161 410
161 426
161 435
161 439
161 443
161 452
161 461
162 158
162 174
162 211
162 306
162 362
162 399
163 73
163 94
163 95
163 97
163 176
163 331
164 96
164 120
164 129
164 160
164 195
164 200
164 204
165 141
165 144
165 166
165 167
165 171
165 274
166 13
166 144
166 165
166 167
166 168
166 171
167 55
167 144
167 165
167 166
167 168
167 171
168 166
168 167
168 171
168 175
168 371
168 492
169 8
169 61
169 62
169 63
169 170
169 244
170 15
170 62
170 93
170 151
170 169
170 244
171 165
171 166
171 167
171 168
171 175
171 179
172 2
172 90
172 96
172 110
172 255
172 374
172 422
172 448
172 451
172 455
172 465
172 482
172 492
173 250
173 253
173 258
173 259
173 265
173 302
174 98
174 162
174 181
174 185
174 203
175 87
175 168
175 171
175 177
175 178
175 456
176 69
176 149
176 163
176 177
176 178
176 202
177 30
177 149
177 175
177 176
177 178
177 180
178 149
178 175
178 176
178 177
178 180
178 193
179 171
179 218
179 220
179 228
179 377
179 478
180 149
180 177
180 178
180 182
180 186
180 295
181 159
181 174
181 185
181 203
181 207
181 335
182 149
182 180
182 186
182 188
182 189
182 444
183 51
183 52
183 54
183 56
183 57
183 185
184 71
184 92
184 230
184 254
184 282
184 316
184 395
184 433
184 473
184 479
184 481
184 484
184 490
184 494
184 500
185 159
185 174
185 181
185 183
185 203
186 144
186 180
186 182
186 187
186 188
186 189
187 186
187 188
187 189
187 190
187 336
187 425
188 83
188 182
188 186
188 187
188 189
188 190
189 154
189 182
189 186
189 187
189 188
189 190
190 187
190 188
190 189
190 191
190 199
190 477
190 491
191 190
191 196
191 199
191 205
191 291
191 499
192 151
192 270
192 278
192 287
192 339
192 362
192 392
192 405
193 82
193 85
193 87
193 178
193 339
193 404
194 108
194 223
194 305
194 307
194 319
194 417
194 433
194 445
195 95
195 120
195 129
195 160
195 164
195 200
195 204
196 191
196 199
196 205
196 291
196 359
196 492
197 148
197 150
197 151
197 153
197 155
197 202
198 99
198 101
198 102
198 121
198 158
198 312
199 126
199 190
199 191
199 196
199 205
199 291
200 164
200 195
200 204
200 216
200 225
200 241
200 352
201 45
201 65
201 66
201 70
201 395
201 462
202 71
202 92
202 176
202 197
202 207
202 226
202 230
202 271
202 282
202 316
202 341
202 436
202 483
202 494
202 496
203 174
203 181
203 185
203 207
203 312
204 160
204 164
204 195
204 200
204 211
204 216
204 225
205 191
205 196
205 199
205 213
205 291
205 402
206 208
206 209
206 210
206 217
206 382
206 460
207 181
207 202
207 203
207 212
207 263
207 436
208 206
208 209
208 210
208 217
208 280
208 456
209 100
209 206
209 208
209 210
209 217
209 363
210 206
210 208
210 209
210 213
210 217
210 348
211 155
211 156
211 158
211 159
211 162
211 204
212 90
212 207
212 222
212 227
212 238
213 50
213 205
213 210
213 217
213 291
213 437
214 247
214 355
214 380
214 391
214 393
214 394
214 406
214 414
214 434
215 232
215 233
215 234
215 236
215 262
215 445
216 101
216 200
216 204
216 225
216 241
216 261
216 262
216 394
217 206
217 208
217 209
217 210
217 213
217 427
218 179
218 220
218 221
218 228
218 476
219 107
219 112
219 157
219 303
219 441
219 490
220 153
220 179
220 218
220 221
220 228
220 459
221 218
221 220
221 228
221 229
221 231
221 461
222 212
222 227
222 238
222 298
222 478
222 496
223 90
223 153
223 194
223 235
223 471
223 486
224 39
224 68
224 240
224 242
224 335
224 409
225 84
225 200
225 204
225 216
225 241
225 261
225 262
226 71
226 92
226 202
226 230
226 271
226 316
226 424
226 437
226 480
226 483
226 494
226 496
227 212
227 222
227 238
227 245
227 298
228 179
228 218
228 220
228 221
228 231
228 362
229 221
229 231
229 362
229 439
229 455
229 468
230 71
230 92
230 184
230 202
230 226
230 282
230 316
230 359
230 367
230 448
230 473
230 479
230 483
230 490
230 493
230 494
230 500
231 221
231 228
231 229
231 239
231 388
231 394
232 90
232 215
232 233
232 234
232 236
232 370
233 146
233 215
233 232
233 234
233 236
233 239
234 17
234 215
234 232
234 233
234 236
234 239
235 151
235 153
235 223
235 274
235 460
235 471
236 215
236 232
236 233
236 234
236 239
236 240
237 1
237 19
237 23
237 243
237 460
237 467
238 212
238 222
238 227
238 298
238 321
239 231
239 233
239 234
239 236
239 240
239 499
240 68
240 224
240 236
240 239
240 248
240 499
241 200
241 216
241 225
241 251
241 257
241 261
241 262
242 68
242 224
242 245
242 250
242 314
242 499
243 89
243 126
243 128
243 130
243 237
243 492
244 2
244 45
244 62
244 64
244 169
244 170
245 68
245 227
245 242
245 250
245 253
245 416
246 48
246 49
246 51
246 52
246 252
246 456
247 214
247 268
247 308
247 310
247 311
247 323
247 327
247 475
248 240
248 250
248 253
248 321
248 465
248 480
249 252
249 266
249 298
249 479
249 493
249 500
250 157
250 173
250 242
250 245
250 248
250 253
251 241
251 294
251 302
251 315
251 493
251 495
252 246
252 249
252 254
252 266
252 276
253 173
253 245
253 248
253 250
253 258
253 309
254 89
254 184
254 252
254 266
254 276
254 416
255 2
255 96
255 150
255 172
255 327
255 388
255 422
255 448
255 451
255 455
255 476
255 482
255 491
256 1
256 84
256 104
256 119
256 309
256 383
256 388
256 390
256 447
257 241
257 261
257 262
257 264
257 316
257 368
257 477
258 173
258 253
258 259
258 265
258 273
258 292
258 468
259 173
259 258
259 265
259 273
259 421
259 456
259 474
260 27
260 32
260 33
260 35
260 69
260 277
260 371
260 468
261 216
261 225
261 241
261 257
261 262
261 264
261 402
262 215
262 216
262 225
262 241
262 257
262 261
262 264
263 207
263 372
263 392
263 399
263 415
263 441
263 444
264 257
264 261
264 262
264 266
264 288
264 292
264 295
265 60
265 173
265 258
265 259
265 273
265 397
265 472
266 249
266 252
266 254
266 264
266 276
267 161
267 310
267 320
267 424
267 435
267 438
267 439
267 447
267 452
267 459
267 461
267 498
268 247
268 308
268 310
268 311
268 323
268 425
268 491
269 288
269 292
269 293
269 295
269 296
269 430
269 472
270 69
270 192
270 279
270 370
270 371
270 377
270 499
271 202
271 226
271 368
271 434
271 472
271 483
271 496
272 20
272 286
272 309
272 331
272 332
272 364
272 494
273 258
273 259
273 265
273 281
273 290
273 331
273 484
274 165
274 235
274 356
274 424
274 437
274 440
274 446
274 449
274 452
274 455
274 462
275 3
275 60
275 127
275 321
275 324
275 341
275 412
275 432
275 439
276 252
276 254
276 266
276 277
276 358
277 260
277 276
277 280
277 285
277 337
277 468
278 192
278 339
278 362
278 372
278 405
278 434
278 499
279 69
279 270
279 335
279 370
279 371
279 373
279 377
280 208
280 277
280 285
280 337
280 338
281 273
281 289
281 290
281 300
281 301
281 499
282 92
282 184
282 202
282 230
282 316
282 328
282 353
282 473
282 479
282 483
282 484
282 490
282 494
282 500
283 55
283 91
283 289
283 360
283 368
283 397
283 400
283 423
283 427
283 456
284 30
284 39
284 90
284 317
284 448
284 465
284 474
284 475
284 478
284 492
284 499
285 277
285 280
285 290
285 337
285 338
286 93
286 272
286 309
286 328
286 329
286 331
286 479
287 192
287 297
287 317
287 334
287 339
287 360
287 384
287 405
287 407
288 264
288 269
288 292
288 293
288 295
288 296
288 412
288 426
289 281
289 283
289 290
289 300
289 301
289 445
289 450
290 273
290 281
290 285
290 289
290 300
290 301
291 191
291 196
291 199
291 205
291 213
291 372
291 400
292 258
292 264
292 269
292 288
292 293
292 295
292 296
293 105
293 269
293 288
293 292
293 295
293 427
293 498
294 134
294 154
294 251
294 299
294 315
294 332
294 338
295 180
295 264
295 269
295 288
295 292
295 293
295 296
296 269
296 288
296 292
296 295
296 307
296 316
296 323
297 9
297 11
297 13
297 127
297 287
297 317
297 341
298 222
298 227
298 238
298 249
298 360
298 392
298 448
299 134
299 154
299 294
299 302
299 323
299 332
299 364
300 281
300 289
300 290
300 301
300 304
300 324
301 281
301 289
301 290
301 300
301 304
301 316
302 173
302 251
302 299
302 315
302 378
302 493
302 495
303 111
303 112
303 113
303 114
303 219
303 479
303 500
304 30
304 131
304 300
304 301
304 306
304 313
304 425
305 90
305 108
305 194
305 307
305 319
305 417
305 433
306 161
306 162
306 304
306 313
306 314
306 329
306 343
307 108
307 194
307 296
307 305
307 318
307 319
307 387
307 421
307 433
308 159
308 247
308 268
308 311
308 323
308 436
308 492
309 152
309 253
309 256
309 272
309 286
309 331
309 467
310 247
310 267
310 268
310 311
310 319
310 327
310 358
311 120
311 247
311 268
311 308
311 310
311 323
311 358
312 20
312 98
312 102
312 121
312 198
312 203
313 1
313 304
313 306
313 314
313 343
313 344
313 425
314 242
314 306
314 313
314 343
314 344
314 346
315 134
315 159
315 251
315 294
315 302
315 381
315 493
316 71
316 92
316 184
316 202
316 226
316 230
316 257
316 282
316 296
316 301
316 463
316 473
316 479
316 483
316 490
316 494
316 500
317 30
317 284
317 287
317 297
317 428
317 465
317 474
317 475
317 478
317 492
317 499
318 307
318 319
318 325
318 326
318 351
318 377
318 421
318 433
318 490
319 108
319 194
319 305
319 307
319 310
319 318
319 325
319 421
320 10
320 49
320 267
320 328
320 349
320 403
320 447
320 466
321 238
321 248
321 275
321 324
321 341
321 370
321 412
321 494
322 23
322 60
322 336
322 351
322 404
322 425
322 431
322 432
323 247
323 268
323 296
323 299
323 308
323 311
323 358
324 60
324 71
324 151
324 275
324 300
324 321
324 336
324 341
325 80
325 318
325 319
325 326
325 351
325 421
325 433
325 478
326 318
326 325
326 351
326 357
326 359
326 375
326 395
326 421
326 433
326 483
327 247
327 255
327 310
327 330
327 353
327 358
327 389
327 451
328 5
328 58
328 93
328 282
328 286
328 320
328 349
328 403
329 286
329 306
329 335
329 354
329 370
329 378
329 412
329 498
330 21
330 327
330 333
330 342
330 353
330 358
330 491
330 500
331 93
331 163
331 272
331 273
331 286
331 309
331 364
331 404
332 117
332 134
332 272
332 294
332 299
332 364
332 386
333 89
333 330
333 342
333 348
333 353
333 358
333 432
333 436
334 74
334 287
334 340
334 360
334 395
334 404
334 449
334 498
335 181
335 224
335 279
335 329
335 354
335 370
335 378
335 412
336 48
336 60
336 187
336 322
336 324
336 341
336 429
336 432
337 84
337 277
337 280
337 285
337 338
338 280
338 285
338 294
338 337
338 350
339 192
339 193
339 278
339 287
339 384
339 405
339 407
339 429
340 37
340 161
340 334
340 356
340 395
340 404
340 425
340 432
341 60
341 202
341 275
341 297
341 321
341 324
341 336
341 411
342 41
342 53
342 330
342 333
342 348
342 353
342 366
342 373
343 306
343 313
343 314
343 344
343 346
344 313
344 314
344 343
344 346
344 347
344 445
345 3
345 10
345 18
345 70
345 348
345 354
345 383
345 466
346 314
346 343
346 344
346 347
346 369
346 413
347 344
347 346
347 369
347 408
347 419
347 452
348 210
348 333
348 342
348 345
348 366
348 373
348 398
348 491
349 10
349 52
349 158
349 320
349 328
349 403
349 412
349 454
350 338
350 352
350 361
350 365
350 500
351 318
351 322
351 325
351 326
351 357
351 359
351 374
351 462
352 200
352 350
352 361
352 365
352 379
353 282
353 327
353 330
353 333
353 342
353 358
353 385
353 467
353 482
354 2
354 126
354 329
354 335
354 345
354 378
354 412
354 423
354 500
355 1
355 152
355 214
355 357
355 380
355 393
355 394
355 401
355 406
356 274
356 340
356 367
356 424
356 437
356 440
356 446
356 449
356 462
357 326
357 351
357 355
357 359
357 374
357 375
357 376
357 433
357 435
358 26
358 276
358 310
358 311
358 323
358 327
358 330
358 333
358 353
359 196
359 230
359 326
359 351
359 357
359 374
359 375
359 376
359 473
360 79
360 283
360 287
360 298
360 334
360 376
360 384
360 395
360 405
361 350
361 352
361 365
361 379
361 461
362 162
362 192
362 228
362 229
362 278
362 372
362 392
362 434
362 481
363 92
363 209
363 389
363 390
363 400
363 423
363 427
363 456
363 460
364 85
364 86
364 134
364 272
364 299
364 331
364 332
364 382
364 385
365 350
365 352
365 361
365 379
365 443
366 342
366 348
366 373
366 398
366 399
366 413
366 465
367 89
367 230
367 356
367 381
367 387
367 402
367 411
367 437
367 440
368 55
368 91
368 116
368 257
368 271
368 283
368 397
368 423
368 456
369 346
369 347
369 401
369 408
369 419
369 485
370 8
370 92
370 232
370 270
370 279
370 321
370 329
370 335
370 377
371 27
371 69
371 74
371 92
371 168
371 260
371 270
371 279
371 377
372 263
372 278
372 291
372 362
372 392
372 415
372 441
373 279
373 342
373 348
373 366
373 398
373 399
373 413
374 2
374 172
374 351
374 357
374 359
374 375
374 376
374 386
374 414
375 326
375 357
375 359
375 374
375 376
375 385
375 386
375 405
375 421
376 357
376 359
376 360
376 374
376 375
376 386
376 392
376 414
376 434
377 69
377 179
377 270
377 279
377 318
377 370
377 371
377 433
377 490
378 302
378 329
378 335
378 354
378 412
378 470
378 474
378 480
378 498
379 352
379 361
379 365
379 396
379 422
380 1
380 25
380 119
380 214
380 355
380 401
380 414
380 434
380 452
381 89
381 315
381 367
381 387
381 402
381 411
381 416
381 437
381 440
382 12
382 140
382 142
382 143
382 206
382 364
382 486
383 84
383 119
383 256
383 345
383 388
383 390
383 447
383 472
383 484
384 84
384 143
384 287
384 339
384 360
384 395
384 405
384 407
384 425
385 93
385 95
385 96
385 148
385 353
385 364
385 375
385 403
385 480
386 122
386 332
386 374
386 375
386 376
386 393
386 406
386 414
386 420
386 434
387 86
387 89
387 307
387 367
387 381
387 402
387 411
387 416
387 418
387 429
388 84
388 231
388 255
388 256
388 383
388 390
388 409
388 427
388 447
388 487
389 327
389 363
389 390
389 397
389 400
389 409
389 427
389 447
389 460
389 487
390 125
390 256
390 363
390 383
390 388
390 389
390 409
390 427
390 447
390 495
391 161
391 214
391 410
391 426
391 428
391 439
391 443
391 459
391 474
391 475
391 499
392 105
392 192
392 263
392 298
392 362
392 372
392 376
392 407
392 440
392 441
393 1
393 58
393 132
393 214
393 355
393 386
393 394
393 406
393 434
393 467
394 1
394 106
394 214
394 216
394 231
394 355
394 393
394 401
394 406
394 434
395 184
395 201
395 326
395 334
395 340
395 360
395 384
395 404
395 425
396 379
396 420
396 450
396 453
396 494
397 55
397 60
397 265
397 283
397 368
397 389
397 423
397 425
397 427
397 456
398 348
398 366
398 373
398 399
398 413
398 415
398 462
399 14
399 161
399 162
399 263
399 366
399 373
399 398
399 413
399 415
399 441
400 30
400 32
400 283
400 291
400 363
400 389
400 423
400 427
400 456
400 460
401 1
401 25
401 29
401 84
401 119
401 355
401 369
401 380
401 394
401 406
402 89
402 205
402 261
402 367
402 381
402 387
402 411
402 416
402 418
402 429
403 93
403 320
403 328
403 349
403 385
404 48
404 193
404 322
404 331
404 334
404 340
404 395
404 425
404 432
404 473
405 71
405 72
405 192
405 278
405 287
405 339
405 360
405 375
405 384
405 407
406 115
406 214
406 355
406 386
406 393
406 394
406 401
406 430
406 434
406 498
407 113
407 133
407 287
407 339
407 384
407 392
407 405
407 431
407 488
407 490
408 347
408 369
408 419
408 485
408 488
409 224
409 388
409 389
409 390
409 427
409 431
409 438
409 447
409 460
410 161
410 391
410 426
410 428
410 439
410 443
410 449
410 456
410 459
410 474
410 499
411 89
411 341
411 367
411 381
411 387
411 402
411 416
411 418
411 424
411 437
411 468
412 11
412 100
412 275
412 288
412 321
412 329
412 335
412 349
412 354
412 378
412 440
413 346
413 366
413 373
413 398
413 399
413 415
413 441
414 113
414 132
414 214
414 374
414 376
414 380
414 386
414 417
414 434
414 467
414 499
415 263
415 372
415 398
415 399
415 413
415 435
415 441
416 245
416 254
416 381
416 387
416 402
416 411
416 418
416 424
416 429
416 432
416 440
417 71
417 108
417 194
417 305
417 414
417 430
417 436
417 444
417 445
417 460
417 467
418 38
418 89
418 387
418 402
418 411
418 416
418 429
418 431
418 468
418 469
418 492
419 347
419 369
419 408
419 485
419 488
420 386
420 396
420 450
420 453
420 457
421 88
421 259
421 307
421 318
421 319
421 325
421 326
421 375
421 433
421 445
421 474
422 2
422 96
422 172
422 255
422 379
422 448
422 455
422 472
422 476
422 482
422 491
423 55
423 90
423 146
423 283
423 354
423 363
423 368
423 397
423 400
423 456
424 36
424 226
424 267
424 274
424 356
424 411
424 416
424 438
424 446
424 449
424 452
424 462
424 498
425 187
425 268
425 304
425 313
425 322
425 340
425 384
425 395
425 397
425 404
425 468
426 161
426 288
426 391
426 410
426 428
426 443
426 458
426 459
426 474
426 475
426 499
427 217
427 283
427 293
427 363
427 388
427 389
427 390
427 397
427 400
427 409
427 460
428 134
428 317
428 391
428 410
428 426
428 435
428 459
428 474
428 475
428 491
428 499
429 89
429 336
429 339
429 387
429 402
429 416
429 418
429 431
429 436
429 468
429 480
430 269
430 406
430 417
430 431
430 436
430 444
430 445
430 446
430 467
430 468
430 498
431 322
431 407
431 409
431 418
431 429
431 430
431 436
431 444
431 445
431 467
431 468
431 494
432 16
432 60
432 275
432 322
432 333
432 336
432 340
432 404
432 416
433 108
433 184
433 194
433 305
433 307
433 318
433 325
433 326
433 357
433 377
433 421
433 483
434 114
434 214
434 271
434 278
434 362
434 376
434 380
434 386
434 393
434 394
434 406
434 414
435 17
435 161
435 267
435 357
435 415
435 428
435 438
435 439
435 443
435 459
435 461
435 498
436 202
436 207
436 308
436 333
436 417
436 429
436 430
436 431
436 444
436 445
436 467
436 468
437 48
437 213
437 226
437 274
437 356
437 367
437 381
437 411
437 440
437 446
437 449
437 462
438 267
438 409
438 424
438 435
438 439
438 446
438 449
438 452
438 459
438 461
438 481
438 498
439 109
439 161
439 229
439 267
439 275
439 391
439 410
439 435
439 438
439 443
439 459
439 461
440 89
440 155
440 274
440 356
440 367
440 381
440 392
440 412
440 416
440 437
440 462
440 476
441 219
441 263
441 372
441 392
441 399
441 413
441 415
442 14
442 16
442 17
442 18
442 21
443 97
443 161
443 365
443 391
443 410
443 426
443 435
443 439
443 459
443 461
443 471
443 474
444 182
444 263
444 417
444 430
444 431
444 436
444 445
444 456
444 465
444 467
444 468
444 497
445 108
445 194
445 215
445 289
445 344
445 417
445 421
445 430
445 431
445 436
445 444
445 467
445 500
446 73
446 139
446 274
446 356
446 424
446 430
446 437
446 438
446 449
446 452
446 462
446 467
446 498
447 84
447 115
447 119
447 256
447 267
447 320
447 383
447 388
447 389
447 390
447 409
448 2
448 39
448 96
448 172
448 230
448 255
448 284
448 298
448 422
448 451
448 455
448 482
448 496
449 274
449 334
449 356
449 410
449 424
449 437
449 438
449 446
449 452
449 456
449 462
449 467
449 498
450 289
450 396
450 420
450 453
450 457
451 90
451 96
451 172
451 255
451 327
451 448
451 455
451 465
451 466
451 478
451 480
451 482
451 492
452 57
452 161
452 267
452 274
452 347
452 380
452 424
452 438
452 446
452 449
452 462
452 475
452 498
453 396
453 420
453 450
453 457
453 462
454 39
454 51
454 349
454 458
454 464
454 472
454 476
454 477
454 480
454 481
454 484
454 487
454 491
455 36
455 90
455 96
455 172
455 229
455 255
455 274
455 422
455 448
455 451
455 465
455 482
455 487
456 175
456 208
456 246
456 259
456 283
456 363
456 368
456 397
456 400
456 410
456 423
456 444
456 449
457 420
457 450
457 453
457 463
457 489
458 39
458 45
458 85
458 426
458 454
458 464
458 472
458 476
458 477
458 480
458 481
458 484
458 487
458 491
459 51
459 134
459 220
459 267
459 391
459 410
459 426
459 428
459 435
459 438
459 439
459 443
459 461
459 475
460 71
460 105
460 111
460 206
460 235
460 237
460 363
460 389
460 400
460 409
460 417
460 427
460 474
460 500
461 19
461 76
461 161
461 221
461 267
461 361
461 435
461 438
461 439
461 443
461 459
461 476
461 484
461 498
462 148
462 201
462 274
462 351
462 356
462 398
462 424
462 437
462 440
462 446
462 449
462 452
462 453
462 478
463 316
463 457
463 469
463 489
463 497
464 39
464 92
464 140
464 454
464 458
464 472
464 476
464 477
464 480
464 481
464 484
464 486
464 487
464 491
465 30
465 90
465 172
465 248
465 284
465 317
465 366
465 444
465 451
465 455
465 478
465 482
465 483
465 492
466 3
466 4
466 8
466 10
466 320
466 345
466 451
467 237
467 309
467 353
467 393
467 414
467 417
467 430
467 431
467 436
467 444
467 445
467 446
467 449
467 500
468 68
468 229
468 258
468 260
468 277
468 411
468 418
468 425
468 429
468 430
468 431
468 436
468 444
468 492
469 418
469 463
469 470
469 489
469 497
470 132
470 378
470 469
470 489
470 497
471 145
471 146
471 153
471 223
471 235
471 443
472 2
472 39
472 265
472 269
472 271
472 383
472 422
472 454
472 458
472 464
472 476
472 477
472 480
472 487
472 491
473 71
473 92
473 184
473 230
473 282
473 316
473 359
473 404
473 479
473 481
473 484
473 487
473 490
473 494
473 500
474 30
474 111
474 259
474 284
474 317
474 378
474 391
474 410
474 421
474 426
474 428
474 443
474 460
474 475
474 499
475 30
475 122
475 150
475 247
475 284
475 317
475 391
475 426
475 428
475 452
475 459
475 474
475 478
475 492
475 499
476 2
476 39
476 41
476 218
476 255
476 422
476 440
476 454
476 458
476 461
476 464
476 472
476 477
476 480
476 491
477 2
477 5
477 39
477 99
477 190
477 257
477 454
477 458
477 464
477 472
477 476
477 480
477 481
477 484
477 487
477 491
478 30
478 46
478 90
478 124
478 179
478 222
478 284
478 317
478 325
478 451
478 462
478 465
478 475
478 481
478 492
478 499
479 56
479 71
479 92
479 102
479 184
479 230
479 249
479 282
479 286
479 303
479 316
479 473
479 481
479 484
479 487
479 490
479 494
480 2
480 39
480 226
480 248
480 378
480 385
480 429
480 451
480 454
480 458
480 464
480 472
480 476
480 477
480 481
480 487
480 491
481 39
481 134
481 184
481 362
481 438
481 454
481 458
481 464
481 473
481 477
481 478
481 479
481 480
481 484
481 487
481 490
481 500
482 2
482 47
482 90
482 96
482 137
482 142
482 172
482 255
482 353
482 422
482 448
482 451
482 455
482 465
482 492
482 498
483 66
483 71
483 92
483 202
483 226
483 230
483 271
483 282
483 316
483 326
483 433
483 465
483 494
483 496
484 39
484 88
484 184
484 273
484 282
484 383
484 454
484 458
484 461
484 464
484 473
484 477
484 479
484 481
484 487
484 490
484 500
485 92
485 369
485 408
485 419
485 488
485 495
486 12
486 26
486 136
486 139
486 223
486 382
486 464
487 39
487 146
487 388
487 389
487 454
487 455
487 458
487 464
487 472
487 473
487 477
487 479
487 480
487 481
487 484
487 498
487 500
488 407
488 408
488 419
488 485
488 493
488 495
489 132
489 457
489 463
489 469
489 470
490 71
490 92
490 104
490 114
490 184
490 219
490 230
490 282
490 316
490 318
490 377
490 407
490 473
490 479
490 481
490 484
490 494
490 500
491 2
491 24
491 39
491 96
491 190
491 255
491 268
491 330
491 348
491 422
491 428
491 454
491 458
491 464
491 472
491 476
491 477
491 480
492 30
492 90
492 110
492 111
492 168
492 172
492 196
492 243
492 284
492 308
492 317
492 418
492 451
492 465
492 468
492 475
492 478
492 482
493 230
493 249
493 251
493 302
493 315
493 488
493 495
494 71
494 92
494 154
494 184
494 202
494 226
494 230
494 272
494 282
494 316
494 321
494 396
494 431
494 473
494 479
494 483
494 490
494 500
495 251
495 302
495 390
495 485
495 488
495 493
496 58
496 71
496 136
496 202
496 222
496 226
496 271
496 448
496 483
497 132
497 444
497 463
497 469
497 470
498 6
498 33
498 42
498 98
498 267
498 293
498 329
498 334
498 378
498 406
498 424
498 430
498 435
498 438
498 446
498 449
498 452
498 461
498 482
498 487
499 5
499 30
499 106
499 191
499 239
499 240
499 242
499 270
499 278
499 281
499 284
499 317
499 391
499 410
499 414
499 426
499 428
499 474
499 475
499 478
500 71
500 92
500 97
500 184
500 230
500 249
500 282
500 303
500 316
500 330
500 350
500 354
500 445
500 460
500 467
500 473
500 481
500 484
500 487
500 490
500 494
