1 68
1 158
1 253
1 319
1 370
2 12
2 19
2 161
2 402
2 498
3 63
3 205
3 273
3 497
3 499
4 115
4 143
4 225
4 306
4 493
5 163
5 164
5 236
5 352
5 420
6 54
6 110
6 212
6 235
6 381
7 129
7 319
7 342
7 479
7 500
8 14
8 60
8 347
8 489
9 403
9 430
9 445
9 454
9 488
10 138
10 368
10 465
10 470
10 493
11 221
11 274
11 403
11 480
11 497
12 2
12 357
12 367
12 385
12 480
13 163
13 236
13 321
13 420
13 432
14 8
14 363
14 377
14 442
14 482
15 19
15 237
15 301
15 481
15 482
16 232
16 342
16 389
16 446
16 466
17 252
17 255
17 447
17 451
17 472
18 137
18 138
18 361
18 466
18 498
19 2
19 15
19 408
19 456
19 487
20 69
20 214
20 363
20 390
20 448
21 154
21 298
21 308
21 462
21 483
22 40
22 59
22 70
22 431
22 485
23 308
23 359
23 400
23 465
23 490
24 66
24 206
24 208
24 259
24 458
25 38
25 203
25 230
25 338
25 495
26 185
26 226
26 409
26 433
26 472
27 394
27 429
27 440
27 444
27 496
28 213
28 293
28 311
28 344
28 411
29 192
29 322
29 430
29 441
29 492
30 308
30 349
30 448
30 455
30 467
31 142
31 416
31 461
31 468
31 478
32 228
32 273
32 408
32 456
32 490
33 341
33 438
33 458
33 473
33 489
34 243
34 365
34 427
34 439
34 453
35 43
35 45
35 354
35 364
35 500
36 130
36 165
36 426
36 481
36 487
37 162
37 409
37 465
37 484
37 487
38 25
38 88
38 365
38 399
38 491
39 314
39 411
39 415
39 482
39 483
40 22
40 186
40 284
40 362
40 473
41 337
41 404
41 422
41 427
41 460
42 103
42 342
42 360
42 430
42 440
43 35
43 101
43 367
43 412
43 462
44 158
44 276
44 442
44 451
44 471
45 35
45 207
45 294
45 301
45 487
46 355
46 371
46 403
46 491
46 500
47 58
47 190
47 191
47 222
47 262
48 87
48 158
48 420
48 422
48 487
49 245
49 340
49 396
49 431
49 498
50 88
50 286
50 422
50 440
50 497
51 65
51 187
51 234
51 434
51 438
52 80
52 122
52 351
52 474
52 481
53 72
53 109
53 379
53 471
53 472
54 6
54 210
54 304
54 359
54 428
55 206
55 381
55 410
55 491
55 496
56 69
56 166
56 231
56 270
56 478
57 157
57 415
57 477
57 480
57 481
58 47
58 194
58 447
58 463
58 492
59 22
59 72
59 201
59 439
59 467
60 8
60 321
60 424
60 490
60 496
61 99
61 150
61 210
61 372
61 476
62 227
62 309
62 390
62 412
62 464
63 3
63 348
63 385
63 404
63 467
64 96
64 247
64 337
64 476
64 483
65 51
65 213
65 377
65 465
65 492
66 24
66 363
66 378
66 380
66 451
67 289
67 313
67 316
67 461
67 492
68 1
68 120
68 402
68 483
68 490
69 20
69 56
69 177
69 184
69 350
70 22
70 136
70 171
70 383
70 432
71 119
71 202
71 471
71 480
71 488
72 53
72 59
72 198
72 335
72 424
73 211
73 295
73 454
73 456
73 469
74 88
74 200
74 262
74 448
74 478
75 93
75 339
75 429
75 443
75 469
76 383
76 418
76 423
76 445
76 461
77 244
77 279
77 327
77 366
77 457
78 165
78 168
78 320
78 384
78 487
79 299
79 326
79 327
79 419
79 497
80 52
80 307
80 354
80 421
80 425
81 367
81 423
81 453
81 466
81 471
82 124
82 389
82 392
82 406
82 414
83 155
83 416
83 433
83 485
83 488
84 110
84 258
84 298
84 318
84 416
85 115
85 385
85 416
85 418
85 470
86 99
86 240
86 360
86 429
86 479
87 48
87 189
87 410
87 421
87 477
88 38
88 50
88 74
88 100
88 492
89 104
89 170
89 182
89 439
89 472
90 230
90 398
90 402
90 464
90 500
91 242
91 283
91 454
91 476
91 499
92 314
92 378
92 429
92 438
92 500
93 75
93 206
93 220
93 444
93 480
94 121
94 225
94 284
94 417
94 479
95 232
95 432
95 486
95 488
95 500
96 64
96 196
96 328
96 478
96 484
97 167
97 386
97 462
97 468
97 473
98 131
98 272
98 388
98 461
98 487
99 61
99 86
99 158
99 302
99 339
100 88
100 230
100 402
100 431
100 485
101 43
101 267
101 290
101 309
101 434
102 197
102 305
102 345
102 413
102 464
103 42
103 362
103 390
103 407
103 483
104 89
104 140
104 203
104 253
104 461
105 220
105 384
105 408
105 418
105 487
106 169
106 289
106 406
106 457
106 497
107 163
107 314
107 359
107 388
107 435
108 156
108 194
108 399
108 487
108 494
109 53
109 220
109 275
109 493
109 494
110 6
110 84
110 192
110 291
110 381
111 128
111 137
111 403
111 421
111 442
112 362
112 375
112 407
112 428
112 487
113 271
113 447
113 457
113 468
113 485
114 174
114 352
114 415
114 447
114 457
115 4
115 85
115 355
115 369
115 413
116 167
116 218
116 364
116 446
116 492
117 241
117 340
117 385
117 483
117 484
118 125
118 386
118 468
118 486
118 498
119 71
119 296
119 305
119 418
119 435
120 68
120 122
120 140
120 191
120 248
121 94
121 176
121 369
121 411
121 480
122 52
122 120
122 157
122 295
122 475
123 194
123 311
123 323
123 358
123 476
124 82
124 160
124 198
124 279
124 413
125 118
125 350
125 411
125 443
125 467
126 272
126 280
126 365
126 491
126 499
127 345
127 373
127 401
127 418
127 429
128 111
128 145
128 345
128 369
128 492
129 7
129 240
129 320
129 368
129 469
130 36
130 176
130 350
130 360
130 480
131 98
131 221
131 247
131 477
131 494
132 146
132 176
132 405
132 453
132 481
133 224
133 227
133 293
133 302
133 459
134 286
134 445
134 474
134 478
134 499
135 241
135 312
135 373
135 374
135 437
136 70
136 294
136 450
136 483
136 485
137 18
137 111
137 300
137 434
137 463
138 10
138 18
138 245
138 470
138 492
139 199
139 226
139 302
139 437
139 499
140 104
140 120
140 295
140 321
140 488
141 212
141 237
141 251
141 433
141 474
142 31
142 147
142 307
142 489
142 497
143 4
143 329
143 344
143 347
143 398
144 206
144 251
144 400
144 405
144 460
145 128
145 186
145 277
145 452
145 491
146 132
146 238
146 250
146 455
146 480
147 142
147 294
147 442
147 468
147 491
148 255
148 280
148 331
148 393
148 469
149 170
149 409
149 433
149 489
149 500
150 61
150 250
150 354
150 418
150 476
151 182
151 227
151 381
151 457
151 481
152 406
152 427
152 459
152 482
152 493
153 205
153 344
153 435
153 443
153 482
154 21
154 243
154 300
154 349
154 450
155 83
155 201
155 231
155 236
155 484
156 108
156 399
156 425
156 458
156 487
157 57
157 122
157 235
157 426
157 430
158 1
158 44
158 48
158 99
158 367
159 180
159 297
159 405
159 445
159 475
160 124
160 194
160 291
160 367
160 482
161 2
161 170
161 180
161 254
161 470
162 37
162 202
162 205
162 440
162 452
163 5
163 13
163 107
163 244
163 356
164 5
164 207
164 320
164 332
164 383
164 477
165 36
165 78
165 185
165 252
165 466
165 487
166 56
166 418
166 446
166 464
166 484
166 492
167 97
167 116
167 168
167 251
167 358
167 461
168 78
168 167
168 191
168 340
168 360
168 412
169 106
169 240
169 304
169 340
169 430
169 475
170 89
170 149
170 161
170 282
170 304
170 370
171 70
171 423
171 463
171 468
171 469
171 491
172 350
172 359
172 370
172 416
172 457
172 496
173 184
173 265
173 341
173 399
173 498
173 499
174 114
174 183
174 211
174 322
174 357
174 494
175 216
175 274
175 387
175 408
175 450
175 478
176 121
176 130
176 132
176 189
176 401
176 456
177 69
177 219
177 308
177 341
177 414
177 463
178 267
178 277
178 289
178 393
178 420
178 486
179 231
179 336
179 347
179 358
179 400
179 474
180 159
180 161
180 245
180 248
180 460
180 469
181 185
181 200
181 261
181 396
181 402
181 436
182 89
182 151
182 379
182 457
182 464
182 479
183 174
183 278
183 286
183 389
183 478
183 488
184 69
184 173
184 234
184 248
184 280
184 293
185 26
185 165
185 181
185 207
185 432
185 476
186 40
186 145
186 242
186 257
186 259
186 305
187 51
187 269
187 358
187 382
187 396
187 400
188 238
188 334
188 356
188 396
188 465
188 498
189 87
189 176
189 227
189 300
189 400
189 463
190 47
190 274
190 298
190 379
190 494
190 500
191 47
191 120
191 168
191 278
191 309
191 349
192 29
192 110
192 203
192 215
192 470
192 482
193 199
193 366
193 384
193 453
193 498
193 500
194 58
194 108
194 123
194 160
194 239
194 498
195 197
195 232
195 377
195 385
195 388
195 403
196 96
196 223
196 266
196 420
196 425
196 461
197 102
197 195
197 334
197 371
197 479
197 494
198 72
198 124
198 286
198 312
198 331
198 389
199 139
199 193
199 275
199 446
199 488
199 491
200 74
200 181
200 207
200 209
200 244
200 284
201 59
201 155
201 391
201 445
201 483
201 497
202 71
202 162
202 212
202 347
202 422
202 494
203 25
203 104
203 192
203 339
203 395
203 493
204 261
204 301
204 305
204 423
204 429
204 439
205 3
205 153
205 162
205 369
205 410
205 452
206 24
206 55
206 93
206 144
206 301
206 413
207 45
207 164
207 185
207 200
207 226
207 252
208 24
208 394
208 419
208 450
208 478
208 479
209 200
209 402
209 442
209 466
209 493
209 499
210 54
210 61
210 229
210 268
210 281
210 355
211 73
211 174
211 235
211 321
211 348
211 384
212 6
212 141
212 202
212 281
212 283
212 490
213 28
213 65
213 254
213 381
213 476
213 490
214 20
214 275
214 364
214 465
214 477
214 497
215 192
215 293
215 382
215 442
215 448
215 460
216 175
216 245
216 346
216 361
216 394
216 477
217 332
217 349
217 367
217 446
217 473
217 484
218 116
218 268
218 394
218 412
218 458
218 493
219 177
219 228
219 377
219 387
219 410
219 437
220 93
220 105
220 109
220 373
220 439
220 496
221 11
221 131
221 287
221 428
221 447
221 470
222 47
222 343
222 382
222 443
222 491
222 494
223 196
223 296
223 317
223 463
223 491
223 495
224 133
224 317
224 365
224 383
224 409
224 435
225 4
225 94
225 404
225 436
225 440
225 467
226 26
226 139
226 207
226 227
226 234
226 387
227 62
227 133
227 151
227 189
227 226
227 492
228 32
228 219
228 280
228 457
228 472
228 499
229 210
229 292
229 312
229 321
229 465
229 496
230 25
230 90
230 100
230 235
230 283
230 482
231 56
231 155
231 179
231 296
231 332
231 409
232 16
232 95
232 195
232 317
232 387
232 500
233 268
233 287
233 365
233 386
233 402
233 454
234 51
234 184
234 226
234 237
234 433
234 456
235 6
235 157
235 211
235 230
235 424
235 472
236 5
236 13
236 155
236 271
236 285
236 299
237 15
237 141
237 234
237 352
237 487
237 498
238 146
238 188
238 240
238 330
238 446
238 500
239 194
239 334
239 405
239 466
239 468
239 486
240 86
240 129
240 169
240 238
240 481
240 485
241 117
241 135
241 248
241 276
241 366
241 436
242 91
242 186
242 318
242 384
242 389
242 426
243 34
243 154
243 281
243 347
243 434
243 448
244 77
244 163
244 200
244 278
244 358
244 466
245 49
245 138
245 180
245 216
245 257
245 400
246 324
246 331
246 339
246 415
246 422
246 495
247 64
247 131
247 276
247 357
247 389
247 474
248 120
248 180
248 184
248 241
248 439
248 488
249 264
249 275
249 396
249 483
249 495
249 500
250 146
250 150
250 258
250 271
250 465
250 499
251 141
251 144
251 167
251 254
251 305
251 486
252 17
252 165
252 207
252 454
252 481
252 485
253 1
253 104
253 319
253 395
253 429
253 486
254 161
254 213
254 251
254 300
254 372
254 476
255 17
255 148
255 397
255 399
255 411
255 465
256 304
256 341
256 368
256 395
256 421
256 483
257 186
257 245
257 315
257 382
257 462
257 498
258 84
258 250
258 443
258 453
258 489
258 500
259 24
259 186
259 292
259 345
259 374
259 446
260 264
260 298
260 353
260 372
260 404
260 455
261 181
261 204
261 280
261 290
261 477
261 497
262 47
262 74
262 272
262 373
262 419
262 434
263 338
263 395
263 407
263 440
263 482
263 485
264 249
264 260
264 338
264 451
264 463
264 490
265 173
265 281
265 319
265 400
265 414
265 445
266 196
266 352
266 395
266 404
266 482
266 486
267 101
267 178
267 303
267 327
267 441
267 469
268 210
268 218
268 233
268 335
268 374
268 473
269 187
269 299
269 323
269 482
269 495
269 497
270 56
270 326
270 355
270 364
270 444
270 475
271 113
271 236
271 250
271 288
271 426
271 488
272 98
272 126
272 262
272 428
272 473
272 476
272 481
273 3
273 32
273 351
273 394
273 424
273 477
273 485
274 11
274 175
274 190
274 368
274 437
274 458
274 460
275 109
275 199
275 214
275 249
275 394
275 396
275 450
276 44
276 241
276 247
276 288
276 371
276 377
276 445
277 145
277 178
277 404
277 417
277 477
277 491
277 498
278 183
278 191
278 244
278 307
278 320
278 371
278 388
279 77
279 124
279 373
279 389
279 411
279 424
279 489
280 126
280 148
280 184
280 228
280 261
280 460
280 495
281 210
281 212
281 243
281 265
281 346
281 389
281 488
282 170
282 285
282 300
282 422
282 449
282 452
282 464
283 91
283 212
283 230
283 311
283 372
283 464
283 488
284 40
284 94
284 200
284 287
284 390
284 423
284 458
285 236
285 282
285 291
285 356
285 427
285 430
285 494
286 50
286 134
286 183
286 198
286 355
286 378
286 469
287 221
287 233
287 284
287 300
287 448
287 485
287 487
288 271
288 276
288 301
288 329
288 388
288 440
288 498
289 67
289 106
289 178
289 343
289 441
289 476
289 498
290 101
290 261
290 349
290 392
290 425
290 440
290 494
291 110
291 160
291 285
291 293
291 357
291 379
291 454
292 229
292 259
292 303
292 362
292 392
292 447
292 470
293 28
293 133
293 184
293 215
293 291
293 401
293 497
294 45
294 136
294 147
294 295
294 367
294 401
294 405
295 73
295 122
295 140
295 294
295 415
295 476
295 493
296 119
296 223
296 231
296 379
296 449
296 469
296 490
297 159
297 328
297 333
297 369
297 455
297 473
297 495
298 21
298 84
298 190
298 260
298 302
298 397
298 435
299 79
299 236
299 269
299 379
299 429
299 433
299 496
300 137
300 154
300 189
300 254
300 282
300 287
300 499
301 15
301 45
301 204
301 206
301 288
301 392
301 484
302 99
302 133
302 139
302 298
302 344
302 351
302 436
303 267
303 292
303 306
303 317
303 400
303 406
303 481
304 54
304 169
304 170
304 256
304 334
304 343
304 372
305 102
305 119
305 186
305 204
305 251
305 450
305 465
306 4
306 303
306 431
306 439
306 461
306 474
306 499
307 80
307 142
307 278
307 330
307 363
307 471
307 479
308 21
308 23
308 30
308 177
308 316
308 456
308 492
309 62
309 101
309 191
309 397
309 473
309 474
309 479
310 423
310 425
310 455
310 478
310 493
310 494
310 496
311 28
311 123
311 283
311 454
311 471
311 485
311 493
312 135
312 198
312 229
312 435
312 443
312 463
312 474
313 67
313 322
313 331
313 428
313 448
313 449
313 499
314 39
314 92
314 107
314 334
314 443
314 499
314 500
315 257
315 328
315 378
315 427
315 435
315 461
315 473
316 67
316 308
316 322
316 411
316 439
316 473
316 475
316 488
317 223
317 224
317 232
317 303
317 343
317 394
317 417
318 84
318 242
318 356
318 410
318 461
318 463
318 488
319 1
319 7
319 253
319 265
319 459
319 482
319 497
320 78
320 129
320 164
320 278
320 342
320 453
320 479
321 13
321 60
321 140
321 211
321 229
321 489
321 492
322 29
322 174
322 313
322 316
322 399
322 436
322 484
323 123
323 269
323 325
323 422
323 437
323 459
323 472
324 246
324 335
324 398
324 401
324 464
324 466
324 499
325 323
325 329
325 348
325 383
325 486
325 488
325 497
326 79
326 270
326 330
326 352
326 396
326 408
326 452
327 77
327 79
327 267
327 342
327 346
327 417
327 458
328 96
328 297
328 315
328 417
328 459
328 468
328 471
329 143
329 288
329 325
329 378
329 406
329 407
329 467
330 238
330 307
330 326
330 354
330 453
330 481
330 483
331 148
331 198
331 246
331 313
331 463
331 481
331 494
332 164
332 217
332 231
332 386
332 417
332 439
332 472
332 479
333 297
333 393
333 401
333 409
333 448
333 452
333 475
334 188
334 197
334 239
334 304
334 314
334 335
334 466
335 72
335 268
335 324
335 334
335 337
335 353
335 444
336 179
336 405
336 439
336 464
336 486
336 496
336 500
337 41
337 64
337 335
337 382
337 442
337 476
337 491
338 25
338 263
338 264
338 379
338 406
338 408
338 441
339 75
339 99
339 203
339 246
339 425
339 452
339 473
339 476
340 49
340 117
340 168
340 169
340 345
340 401
340 404
340 411
341 33
341 173
341 177
341 256
341 386
341 391
341 425
341 470
342 7
342 16
342 42
342 320
342 327
342 357
342 424
342 500
343 222
343 289
343 304
343 317
343 398
343 414
343 442
343 449
344 28
344 143
344 153
344 302
344 348
344 356
344 414
344 472
345 102
345 127
345 128
345 259
345 340
345 346
345 362
345 453
346 216
346 281
346 327
346 345
346 420
346 485
346 490
346 495
347 8
347 143
347 179
347 202
347 243
347 459
347 481
347 496
348 63
348 211
348 325
348 344
348 360
348 417
348 465
348 486
349 30
349 154
349 191
349 217
349 290
349 355
349 407
349 464
350 69
350 125
350 130
350 172
350 353
350 376
350 466
350 491
351 52
351 273
351 302
351 361
351 375
351 380
351 437
351 462
352 5
352 114
352 237
352 266
352 326
352 388
352 400
352 479
353 260
353 335
353 350
353 435
353 452
353 457
353 462
353 478
354 35
354 80
354 150
354 330
354 420
354 488
354 492
354 493
355 46
355 115
355 210
355 270
355 286
355 349
355 427
355 489
356 163
356 188
356 285
356 318
356 344
356 370
356 456
356 469
357 12
357 174
357 247
357 291
357 342
357 362
357 364
357 412
358 123
358 167
358 179
358 187
358 244
358 431
358 454
358 462
359 23
359 54
359 107
359 172
359 419
359 441
359 462
359 496
360 42
360 86
360 130
360 168
360 348
360 434
360 438
360 445
361 18
361 216
361 351
361 378
361 379
361 445
361 479
361 495
362 40
362 103
362 112
362 292
362 345
362 357
362 432
362 434
363 14
363 20
363 66
363 307
363 370
363 406
363 410
363 436
364 35
364 116
364 214
364 270
364 357
364 390
364 473
364 494
365 34
365 38
365 126
365 224
365 233
365 419
365 430
365 470
366 77
366 193
366 241
366 371
366 388
366 415
366 475
366 496
367 12
367 43
367 81
367 158
367 160
367 217
367 294
367 495
368 10
368 129
368 256
368 274
368 450
368 462
368 481
368 483
369 115
369 121
369 128
369 205
369 297
369 476
369 489
369 499
370 1
370 170
370 172
370 356
370 363
370 378
370 477
370 497
371 46
371 197
371 276
371 278
371 366
371 426
371 473
371 474
372 61
372 254
372 260
372 283
372 304
372 377
372 457
372 489
373 127
373 135
373 220
373 262
373 279
373 402
373 462
373 463
374 135
374 259
374 268
374 380
374 387
374 398
374 427
374 446
375 112
375 351
375 390
375 393
375 436
375 442
375 453
375 459
376 350
376 408
376 430
376 432
376 468
376 485
376 489
376 500
377 14
377 65
377 195
377 219
377 276
377 372
377 467
377 474
378 66
378 92
378 286
378 315
378 329
378 361
378 370
378 386
378 443
379 53
379 182
379 190
379 291
379 296
379 299
379 338
379 361
379 421
380 66
380 351
380 374
380 391
380 396
380 446
380 449
380 454
380 488
381 6
381 55
381 110
381 151
381 213
381 385
381 387
381 452
381 471
382 187
382 215
382 222
382 257
382 337
382 433
382 469
382 486
382 497
383 70
383 76
383 164
383 224
383 325
383 403
383 441
383 452
383 486
384 78
384 105
384 193
384 211
384 242
384 392
384 415
384 451
384 479
385 12
385 63
385 85
385 117
385 195
385 381
385 416
385 493
385 498
386 97
386 118
386 233
386 332
386 341
386 378
386 447
386 466
386 477
387 175
387 219
387 226
387 232
387 374
387 381
387 419
387 433
387 484
388 98
388 107
388 195
388 278
388 288
388 352
388 366
388 397
388 456
389 16
389 82
389 183
389 198
389 242
389 247
389 279
389 281
389 421
390 20
390 62
390 103
390 284
390 364
390 375
390 427
390 493
390 498
391 201
391 341
391 380
391 416
391 426
391 432
391 440
391 486
391 498
392 82
392 290
392 292
392 301
392 384
392 412
392 419
392 460
392 475
393 148
393 178
393 333
393 375
393 398
393 428
393 453
393 455
393 471
394 27
394 208
394 216
394 218
394 273
394 275
394 317
394 453
394 483
395 203
395 253
395 256
395 263
395 266
395 412
395 447
395 474
395 477
396 49
396 181
396 187
396 188
396 249
396 275
396 326
396 380
396 451
397 255
397 298
397 309
397 388
397 405
397 410
397 437
397 441
397 496
398 90
398 143
398 324
398 343
398 374
398 393
398 448
398 465
398 466
399 38
399 108
399 156
399 173
399 255
399 322
399 401
399 467
399 493
400 23
400 144
400 179
400 187
400 189
400 245
400 265
400 303
400 352
400 437
401 127
401 176
401 293
401 294
401 324
401 333
401 340
401 399
401 408
401 430
402 2
402 68
402 90
402 100
402 181
402 209
402 233
402 373
402 486
402 487
403 9
403 11
403 46
403 111
403 195
403 383
403 407
403 431
403 475
403 483
404 41
404 63
404 225
404 260
404 266
404 277
404 340
404 448
404 451
404 465
405 132
405 144
405 159
405 239
405 294
405 336
405 397
405 406
405 407
405 435
406 82
406 106
406 152
406 303
406 329
406 338
406 363
406 405
406 417
406 426
407 103
407 112
407 263
407 329
407 349
407 403
407 405
407 456
407 465
407 467
408 19
408 32
408 105
408 175
408 326
408 338
408 376
408 401
408 447
408 497
409 26
409 37
409 149
409 224
409 231
409 333
409 472
409 483
409 495
409 498
410 55
410 87
410 205
410 219
410 318
410 363
410 397
410 424
410 426
410 460
411 28
411 39
411 121
411 125
411 255
411 279
411 316
411 340
411 484
411 494
412 43
412 62
412 168
412 218
412 357
412 392
412 395
412 413
412 483
412 484
413 102
413 115
413 124
413 206
413 412
413 443
413 451
413 455
413 496
413 499
414 82
414 177
414 265
414 343
414 344
414 420
414 433
414 457
414 480
414 492
415 39
415 57
415 114
415 246
415 295
415 366
415 384
415 420
415 485
415 499
416 31
416 83
416 84
416 85
416 172
416 385
416 391
416 458
416 485
416 490
417 94
417 277
417 317
417 327
417 328
417 332
417 348
417 406
417 433
417 490
418 76
418 85
418 105
418 119
418 127
418 150
418 166
418 430
418 449
418 495
419 79
419 208
419 262
419 359
419 365
419 387
419 392
419 425
419 462
419 483
420 5
420 13
420 48
420 178
420 196
420 346
420 354
420 414
420 415
420 468
421 80
421 87
421 111
421 256
421 379
421 389
421 425
421 442
421 469
421 475
422 41
422 48
422 50
422 202
422 246
422 282
422 323
422 446
422 447
422 484
423 76
423 81
423 171
423 204
423 284
423 310
423 459
423 473
423 477
423 487
424 60
424 72
424 235
424 273
424 279
424 342
424 410
424 439
424 441
424 474
425 80
425 156
425 196
425 290
425 310
425 339
425 341
425 419
425 421
425 493
426 36
426 157
426 242
426 271
426 371
426 391
426 406
426 410
426 449
426 452
427 34
427 41
427 152
427 285
427 315
427 355
427 374
427 390
427 444
427 447
427 496
428 54
428 112
428 221
428 272
428 313
428 393
428 444
428 459
428 481
428 486
428 490
429 27
429 75
429 86
429 92
429 127
429 204
429 253
429 299
429 452
429 470
429 489
430 9
430 29
430 42
430 157
430 169
430 285
430 365
430 376
430 401
430 418
430 432
431 22
431 49
431 100
431 306
431 358
431 403
431 449
431 450
431 460
431 492
431 497
432 13
432 70
432 95
432 185
432 362
432 376
432 391
432 430
432 438
432 445
432 489
433 26
433 83
433 141
433 149
433 234
433 299
433 382
433 387
433 414
433 417
433 440
434 51
434 101
434 137
434 243
434 262
434 360
434 362
434 441
434 446
434 454
434 490
435 107
435 119
435 153
435 224
435 298
435 312
435 315
435 353
435 405
435 449
435 470
436 181
436 225
436 241
436 302
436 322
436 363
436 375
436 437
436 467
436 484
436 493
437 135
437 139
437 219
437 274
437 323
437 351
437 397
437 400
437 436
437 455
437 499
438 33
438 51
438 92
438 360
438 432
438 446
438 472
438 480
438 486
438 498
438 499
439 34
439 59
439 89
439 204
439 220
439 248
439 306
439 316
439 332
439 336
439 424
440 27
440 42
440 50
440 162
440 225
440 263
440 288
440 290
440 391
440 433
440 490
441 29
441 267
441 289
441 338
441 359
441 383
441 397
441 424
441 434
441 453
441 462
442 14
442 44
442 111
442 147
442 209
442 215
442 337
442 343
442 375
442 421
442 470
442 497
443 75
443 125
443 153
443 222
443 258
443 312
443 314
443 378
443 413
443 455
443 464
443 478
443 482
444 27
444 93
444 270
444 335
444 427
444 428
444 449
444 472
444 473
444 486
444 496
444 498
445 9
445 76
445 134
445 159
445 201
445 265
445 276
445 360
445 361
445 432
445 474
445 482
446 16
446 116
446 166
446 199
446 217
446 238
446 259
446 374
446 380
446 422
446 434
446 438
447 17
447 58
447 113
447 114
447 221
447 292
447 386
447 395
447 408
447 422
447 427
447 456
448 20
448 30
448 74
448 215
448 243
448 287
448 313
448 333
448 398
448 404
448 461
448 488
449 282
449 296
449 313
449 343
449 380
449 418
449 426
449 431
449 435
449 444
449 450
449 471
450 136
450 154
450 175
450 208
450 275
450 305
450 368
450 431
450 449
450 456
450 483
450 498
451 17
451 44
451 66
451 264
451 384
451 396
451 404
451 413
451 472
451 480
451 484
451 495
452 145
452 162
452 205
452 282
452 326
452 333
452 339
452 353
452 381
452 383
452 426
452 429
453 34
453 81
453 132
453 193
453 258
453 320
453 330
453 345
453 375
453 393
453 394
453 441
454 9
454 73
454 91
454 233
454 252
454 291
454 311
454 358
454 380
454 434
454 457
454 489
455 30
455 146
455 260
455 297
455 310
455 393
455 413
455 437
455 443
455 463
455 479
455 500
456 19
456 32
456 73
456 176
456 234
456 308
456 356
456 388
456 407
456 447
456 450
456 472
456 480
457 77
457 106
457 113
457 114
457 151
457 172
457 182
457 228
457 353
457 372
457 414
457 454
457 468
458 24
458 33
458 156
458 218
458 274
458 284
458 327
458 416
458 475
458 480
458 482
458 485
458 495
459 133
459 152
459 319
459 323
459 328
459 347
459 375
459 423
459 428
459 460
459 475
459 491
459 492
460 41
460 144
460 180
460 215
460 274
460 280
460 392
460 410
460 431
460 459
460 479
460 480
460 494
461 31
461 67
461 76
461 98
461 104
461 167
461 196
461 306
461 315
461 318
461 448
461 470
461 491
462 21
462 43
462 97
462 257
462 351
462 353
462 358
462 359
462 368
462 373
462 419
462 441
462 474
462 496
463 58
463 137
463 171
463 177
463 189
463 223
463 264
463 312
463 318
463 331
463 373
463 455
463 478
463 481
464 62
464 90
464 102
464 166
464 182
464 282
464 283
464 324
464 336
464 349
464 443
464 487
464 493
464 495
465 10
465 23
465 37
465 65
465 188
465 214
465 229
465 250
465 255
465 305
465 348
465 398
465 404
465 407
466 16
466 18
466 81
466 165
466 209
466 239
466 244
466 324
466 334
466 350
466 386
466 398
466 490
466 495
467 30
467 59
467 63
467 125
467 225
467 329
467 377
467 399
467 407
467 436
467 475
467 478
467 480
467 484
468 31
468 97
468 113
468 118
468 147
468 171
468 239
468 328
468 376
468 420
468 457
468 489
468 491
468 494
469 73
469 75
469 129
469 148
469 171
469 180
469 267
469 286
469 296
469 356
469 382
469 421
469 475
469 477
469 496
470 10
470 85
470 138
470 161
470 192
470 221
470 292
470 341
470 365
470 429
470 435
470 442
470 461
470 479
470 485
471 44
471 53
471 71
471 81
471 307
471 311
471 328
471 381
471 393
471 449
471 484
471 485
471 493
471 495
471 499
472 17
472 26
472 53
472 89
472 228
472 235
472 323
472 332
472 344
472 409
472 438
472 444
472 451
472 456
472 492
473 33
473 40
473 97
473 217
473 268
473 272
473 297
473 309
473 315
473 316
473 339
473 364
473 371
473 423
473 444
474 52
474 134
474 141
474 179
474 247
474 306
474 309
474 312
474 371
474 377
474 395
474 424
474 445
474 462
474 490
474 494
475 122
475 159
475 169
475 270
475 316
475 333
475 366
475 392
475 403
475 421
475 458
475 459
475 467
475 469
475 489
475 490
476 61
476 64
476 91
476 123
476 150
476 185
476 213
476 254
476 272
476 289
476 295
476 337
476 339
476 369
476 488
476 496
477 57
477 87
477 131
477 164
477 214
477 216
477 261
477 273
477 277
477 370
477 386
477 395
477 423
477 469
477 489
477 496
478 31
478 56
478 74
478 96
478 134
478 175
478 183
478 208
478 310
478 353
478 443
478 463
478 467
478 482
478 484
478 494
479 7
479 86
479 94
479 182
479 197
479 208
479 307
479 309
479 320
479 332
479 352
479 361
479 384
479 455
479 460
479 470
479 486
480 11
480 12
480 57
480 71
480 93
480 121
480 130
480 146
480 414
480 438
480 451
480 456
480 458
480 460
480 467
480 497
480 500
481 15
481 36
481 52
481 57
481 132
481 151
481 240
481 252
481 272
481 303
481 330
481 331
481 347
481 368
481 428
481 463
481 494
482 14
482 15
482 39
482 152
482 153
482 160
482 192
482 230
482 263
482 266
482 269
482 319
482 443
482 445
482 458
482 478
482 500
483 21
483 39
483 64
483 68
483 103
483 117
483 136
483 201
483 249
483 256
483 330
483 368
483 394
483 403
483 409
483 412
483 419
483 450
484 37
484 96
484 117
484 155
484 166
484 217
484 301
484 322
484 387
484 411
484 412
484 422
484 436
484 451
484 467
484 471
484 478
484 491
485 22
485 83
485 100
485 113
485 136
485 240
485 252
485 263
485 273
485 287
485 311
485 346
485 376
485 415
485 416
485 458
485 470
485 471
486 95
486 118
486 178
486 239
486 251
486 253
486 266
486 325
486 336
486 348
486 382
486 383
486 391
486 402
486 428
486 438
486 444
486 479
487 19
487 36
487 37
487 45
487 48
487 78
487 98
487 105
487 108
487 112
487 156
487 165
487 237
487 287
487 402
487 423
487 464
487 490
488 9
488 71
488 83
488 95
488 140
488 183
488 199
488 248
488 271
488 281
488 283
488 316
488 318
488 325
488 354
488 380
488 448
488 476
489 8
489 33
489 142
489 149
489 258
489 279
489 321
489 355
489 369
489 372
489 376
489 429
489 432
489 454
489 468
489 475
489 477
489 495
490 23
490 32
490 60
490 68
490 212
490 213
490 264
490 296
490 346
490 416
490 417
490 428
490 434
490 440
490 466
490 474
490 475
490 487
491 38
491 46
491 55
491 126
491 145
491 147
491 171
491 199
491 222
491 223
491 277
491 337
491 350
491 459
491 461
491 468
491 484
491 499
492 29
492 58
492 65
492 67
492 88
492 116
492 128
492 138
492 166
492 227
492 308
492 321
492 354
492 414
492 431
492 459
492 472
492 497
493 4
493 10
493 109
493 152
493 203
493 209
493 218
493 295
493 310
493 311
493 354
493 385
493 390
493 399
493 425
493 436
493 464
493 471
493 498
494 108
494 109
494 131
494 174
494 190
494 197
494 202
494 222
494 285
494 290
494 310
494 331
494 364
494 411
494 460
494 468
494 474
494 478
494 481
495 25
495 223
495 246
495 249
495 269
495 280
495 297
495 346
495 361
495 367
495 409
495 418
495 451
495 458
495 464
495 466
495 471
495 489
495 500
496 27
496 55
496 60
496 172
496 220
496 229
496 299
496 310
496 336
496 347
496 359
496 366
496 397
496 413
496 427
496 444
496 462
496 469
496 476
496 477
497 3
497 11
497 50
497 79
497 106
497 142
497 201
497 214
497 261
497 269
497 293
497 319
497 325
497 370
497 382
497 408
497 431
497 442
497 480
497 492
498 2
498 18
498 49
498 118
498 173
498 188
498 193
498 194
498 237
498 257
498 277
498 288
498 289
498 385
498 390
498 391
498 409
498 438
498 444
498 450
498 493
499 3
499 91
499 126
499 134
499 139
499 173
499 209
499 228
499 250
499 300
499 306
499 313
499 314
499 324
499 369
499 413
499 415
499 437
499 438
499 471
499 491
500 7
500 35
500 46
500 90
500 92
500 95
500 149
500 190
500 193
500 232
500 238
500 249
500 258
500 314
500 336
500 342
500 376
500 455
500 480
500 482
500 495
