1 11
2 20
3 31
4 22
5 27
6 13
7 8
8 6
9 23
10 38
11 41
12 29
13 5
14 2
15 15
16 15
17 21
18 22
19 20
20 27
21 29
22 24
23 11
24 7
25 20
26 29
27 2
28 42
29 10
30 31
31 21
32 5
33 2
34 12
35 4
36 40
37 34
38 39
39 8
40 40
41 37
42 20
43 9
44 40
45 12
46 28
47 43
48 23
49 21
50 14
51 9
52 36
53 41
54 33
55 18
56 12
57 36
58 9
59 25
60 11
61 40
62 9
63 15
64 2
65 38
66 18
67 6
68 19
69 23
70 4
71 11
72 14
73 30
74 18
75 32
76 42
77 14
78 24
79 7
80 2
81 9
82 10
83 12
84 3
85 19
86 12
87 23
88 25
89 21
90 31
91 12
92 13
93 1
94 10
95 22
96 16
97 5
98 28
99 21
100 31
101 22
102 13
103 8
104 22
105 7
106 28
107 34
108 10
109 18
110 1
111 23
112 9
113 14
114 41
115 12
116 38
117 25
118 25
119 3
120 37
121 34
122 43
123 18
124 26
125 15
126 3
127 35
128 42
129 39
130 23
131 1
132 30
133 1
134 2
135 33
136 22
137 5
138 1
139 12
140 18
141 38
142 5
143 3
144 32
145 37
146 41
147 25
148 29
149 32
150 13
151 19
152 33
153 16
154 28
155 39
156 17
157 16
158 9
159 2
160 35
161 12
162 1
163 36
164 26
165 24
166 31
167 14
168 18
169 33
170 42
171 18
172 26
173 2
174 36
175 30
176 28
177 35
178 16
179 30
180 27
181 42
182 30
183 30
184 22
185 22
186 25
187 20
188 43
189 4
190 27
191 34
192 28
193 24
194 8
195 41
196 37
197 31
198 13
199 25
200 11
201 41
202 27
203 34
204 18
205 43
206 43
207 9
208 31
209 23
210 25
211 9
212 26
213 18
214 14
215 10
216 26
217 9
218 19
219 42
220 28
221 5
222 18
223 6
224 35
225 22
226 34
227 27
228 21
229 30
230 38
231 31
232 30
233 2
234 42
235 7
236 12
237 22
238 23
239 17
240 29
241 26
242 15
243 22
244 6
245 31
246 36
247 42
248 15
249 7
250 6
251 26
252 8
253 42
254 32
255 39
256 37
257 36
258 8
259 38
260 22
261 39
262 34
263 23
264 31
265 1
266 34
267 26
268 9
269 5
270 8
271 19
272 15
273 38
274 21
275 16
276 30
277 24
278 30
279 9
280 2
281 4
282 41
283 10
284 40
285 38
286 1
287 4
288 35
289 2
290 18
291 33
292 31
293 17
294 24
295 9
296 8
297 30
298 19
299 21
300 9
301 17
302 14
303 24
304 30
305 27
306 22
307 10
308 13
309 17
310 27
311 9
312 32
313 18
314 27
315 27
316 26
317 28
318 8
319 12
320 30
321 32
322 31
323 40
324 12
325 43
326 12
327 12
328 6
329 34
330 33
331 7
332 23
333 22
334 12
335 34
336 18
337 42
338 28
339 1
340 24
341 9
342 5
343 21
344 26
345 2
346 22
347 14
348 36
349 31
350 27
351 2
352 2
353 41
354 8
355 42
356 27
357 38
358 17
359 12
360 21
361 9
362 21
363 6
364 28
365 12
366 10
367 22
368 27
369 5
370 40
371 18
372 3
373 21
374 3
375 21
376 18
377 1
378 36
379 32
380 26
381 8
382 3
383 6
384 1
385 8
386 32
387 26
388 38
389 10
390 34
391 25
392 30
393 15
394 23
395 27
396 10
397 30
398 30
399 26
400 32
401 30
402 18
403 2
404 33
405 27
406 42
407 23
408 24
409 21
410 23
411 2
412 41
413 33
414 30
415 4
416 14
417 2
418 10
419 33
420 23
421 41
422 36
423 18
424 9
425 31
426 25
427 34
428 24
429 1
430 31
431 42
432 23
433 24
434 27
435 38
436 23
437 24
438 18
439 1
440 42
441 22
442 28
443 8
444 10
445 26
446 9
447 9
448 22
449 40
450 30
451 23
452 21
453 9
454 5
455 1
456 12
457 38
458 33
459 24
460 25
461 10
462 5
463 12
464 41
465 9
466 15
467 34
468 10
469 23
470 2
471 21
472 26
473 25
474 21
475 31
476 26
477 42
478 10
479 9
480 12
481 28
482 22
483 18
484 21
485 38
486 1
487 21
488 38
489 26
490 22
491 42
492 1
493 34
494 18
495 27
496 22
497 34
498 18
499 31
500 42
