1 165
1 228
1 239
1 446
1 496
2 198
2 272
2 448
2 495
2 497
3 171
3 326
3 450
3 490
3 491
4 126
4 221
4 272
4 331
4 388
5 346
5 378
5 399
5 464
5 470
6 43
6 114
6 304
6 374
6 460
7 68
7 354
7 371
7 459
7 465
8 57
8 134
8 216
8 226
8 388
9 36
9 213
9 287
9 317
9 450
10 264
10 399
10 414
10 440
10 481
11 15
11 119
11 346
11 366
11 491
12 155
12 248
12 328
12 342
12 499
13 29
13 347
13 349
13 479
13 496
14 173
14 337
14 362
14 382
14 444
15 11
15 388
15 480
15 489
15 496
16 96
16 101
16 115
16 137
16 407
17 195
17 358
17 394
17 449
17 498
18 182
18 320
18 348
18 361
18 436
19 169
19 186
19 369
19 372
19 452
20 351
20 371
20 387
20 400
20 485
21 131
21 241
21 396
21 398
21 446
22 262
22 300
22 427
22 447
22 480
23 101
23 181
23 281
23 410
23 499
24 138
24 312
24 363
24 408
24 468
25 88
25 365
25 419
25 421
25 463
26 57
26 203
26 242
26 409
26 496
27 32
27 94
27 102
27 340
27 379
28 323
28 343
28 453
28 475
28 493
29 13
29 67
29 308
29 359
29 425
30 252
30 312
30 347
30 400
30 434
31 82
31 111
31 303
31 341
31 414
32 27
32 145
32 255
32 269
32 471
33 321
33 385
33 387
33 489
33 491
34 138
34 376
34 424
34 429
34 494
35 311
35 361
35 393
35 427
35 457
36 9
36 55
36 292
36 332
36 390
37 221
37 444
37 472
37 489
37 494
38 184
38 307
38 342
38 439
38 452
39 106
39 216
39 256
39 471
39 483
40 82
40 284
40 383
40 423
40 458
41 127
41 191
41 259
41 398
41 430
42 97
42 314
42 408
42 411
42 413
43 6
43 171
43 227
43 436
43 444
44 75
44 284
44 420
44 476
44 485
45 158
45 204
45 353
45 389
45 488
46 414
46 426
46 454
46 488
46 498
47 53
47 147
47 290
47 466
47 479
48 91
48 159
48 298
48 377
48 468
49 225
49 307
49 349
49 394
49 456
50 229
50 344
50 386
50 471
50 484
51 157
51 243
51 280
51 358
51 434
52 121
52 201
52 204
52 416
52 497
53 47
53 285
53 315
53 485
53 500
54 94
54 224
54 372
54 391
54 436
55 36
55 99
55 232
55 392
55 469
56 133
56 191
56 217
56 424
56 448
57 8
57 26
57 324
57 433
57 462
58 193
58 422
58 435
58 479
58 487
59 183
59 204
59 240
59 259
59 473
60 283
60 370
60 402
60 459
60 468
61 217
61 345
61 412
61 490
61 494
62 115
62 129
62 167
62 479
62 491
63 106
63 185
63 204
63 438
63 477
64 66
64 131
64 173
64 412
64 460
65 189
65 256
65 447
65 462
65 496
66 64
66 273
66 361
66 449
66 469
67 29
67 233
67 436
67 442
67 473
68 7
68 200
68 233
68 297
68 466
69 113
69 136
69 190
69 416
69 469
70 81
70 298
70 323
70 413
70 463
71 144
71 339
71 475
71 479
71 499
72 333
72 437
72 470
72 477
72 498
73 164
73 264
73 413
73 470
73 485
74 265
74 355
74 376
74 384
74 491
75 44
75 215
75 358
75 376
75 499
76 157
76 160
76 378
76 495
76 500
77 253
77 325
77 411
77 426
77 478
78 374
78 422
78 446
78 469
78 474
79 270
79 284
79 319
79 342
79 387
80 261
80 318
80 329
80 414
80 440
81 70
81 215
81 319
81 355
81 376
82 31
82 40
82 402
82 434
82 471
83 150
83 186
83 390
83 433
83 462
84 191
84 210
84 299
84 457
84 473
85 190
85 311
85 441
85 455
85 481
86 199
86 310
86 369
86 403
86 495
87 163
87 292
87 341
87 351
87 500
88 25
88 207
88 246
88 456
88 495
89 237
89 409
89 463
89 465
89 491
90 119
90 196
90 350
90 411
90 438
91 48
91 178
91 267
91 292
91 485
92 218
92 435
92 451
92 482
92 487
93 164
93 255
93 280
93 441
93 469
94 27
94 54
94 95
94 339
94 413
95 94
95 171
95 223
95 422
95 463
96 16
96 162
96 436
96 442
96 486
97 42
97 346
97 432
97 449
97 460
98 117
98 225
98 286
98 375
98 458
99 55
99 357
99 399
99 481
99 498
100 252
100 427
100 459
100 475
100 484
101 16
101 23
101 109
101 321
101 322
102 27
102 176
102 177
102 330
102 433
103 276
103 333
103 356
103 358
103 492
104 205
104 362
104 421
104 443
104 465
105 349
105 359
105 432
105 488
105 499
106 39
106 63
106 452
106 464
106 497
107 293
107 356
107 371
107 373
107 495
108 164
108 316
108 370
108 437
108 492
109 101
109 266
109 333
109 414
109 494
110 399
110 404
110 438
110 452
110 467
111 31
111 140
111 200
111 283
111 424
112 254
112 274
112 288
112 427
112 468
113 69
113 153
113 254
113 394
113 405
114 6
114 302
114 429
114 434
114 499
115 16
115 62
115 174
115 351
115 441
116 194
116 335
116 467
116 479
116 489
117 98
117 287
117 315
117 383
117 391
118 122
118 434
118 489
118 493
118 498
119 11
119 90
119 212
119 330
119 496
120 201
120 236
120 239
120 459
120 473
121 52
121 243
121 311
121 474
121 477
122 118
122 124
122 286
122 291
122 373
123 130
123 187
123 237
123 277
123 465
124 122
124 144
124 381
124 463
124 493
125 308
125 332
125 363
125 479
125 484
126 4
126 251
126 375
126 422
126 433
127 41
127 327
127 476
127 477
127 485
128 180
128 199
128 294
128 368
128 384
129 62
129 223
129 335
129 441
129 479
130 123
130 194
130 248
130 430
130 465
131 21
131 64
131 195
131 208
131 488
132 208
132 210
132 378
132 451
132 499
133 56
133 220
133 266
133 320
133 485
134 8
134 330
134 420
134 434
134 493
135 278
135 427
135 431
135 438
135 442
136 69
136 287
136 291
136 455
136 496
137 16
137 470
137 476
137 482
137 500
138 24
138 34
138 261
138 486
138 492
139 143
139 343
139 397
139 449
139 454
140 111
140 179
140 355
140 371
140 465
141 230
141 259
141 264
141 322
141 344
142 218
142 406
142 426
142 481
142 495
143 139
143 242
143 260
143 490
143 494
144 71
144 124
144 328
144 400
144 439
145 32
145 238
145 253
145 350
145 448
146 176
146 322
146 412
146 462
146 472
147 47
147 318
147 324
147 385
147 492
148 166
148 248
148 256
148 467
148 485
149 152
149 161
149 350
149 361
149 445
150 83
150 201
150 401
150 452
150 495
151 441
151 445
151 451
151 484
151 490
152 149
152 243
152 379
152 459
152 472
153 113
153 395
153 446
153 466
153 496
154 216
154 292
154 318
154 334
154 489
155 12
155 345
155 473
155 490
155 491
156 212
156 350
156 365
156 419
156 485
157 51
157 76
157 427
157 469
157 479
158 45
158 273
158 355
158 364
158 437
159 48
159 261
159 452
159 479
159 485
160 76
160 162
160 268
160 454
160 479
161 149
161 200
161 317
161 442
161 443
162 96
162 160
162 182
162 421
162 472
163 87
163 187
163 216
163 396
163 484
164 73
164 93
164 108
164 340
164 424
165 1
165 315
165 453
165 480
165 487
166 148
166 282
166 397
166 436
166 457
167 62
167 187
167 329
167 432
167 481
168 176
168 285
168 482
168 486
168 487
169 19
169 299
169 354
169 366
169 447
170 241
170 418
170 423
170 439
170 466
171 3
171 43
171 95
171 411
171 418
172 180
172 263
172 301
172 475
172 482
173 14
173 64
173 209
173 493
173 496
174 115
174 231
174 334
174 341
174 448
175 290
175 322
175 402
175 461
175 473
176 102
176 146
176 168
176 258
176 342
177 102
177 366
177 472
177 495
177 497
178 91
178 194
178 291
178 400
178 441
179 140
179 180
179 223
179 263
179 500
180 128
180 172
180 179
180 223
180 482
181 23
181 244
181 301
181 312
181 500
182 18
182 162
182 386
182 424
182 472
183 59
183 216
183 249
183 279
183 419
184 38
184 276
184 400
184 418
184 461
185 63
185 214
185 288
185 334
185 375
186 19
186 83
186 277
186 422
186 487
187 123
187 163
187 167
187 293
187 491
188 226
188 368
188 460
188 474
188 477
189 65
189 313
189 336
189 382
189 391
189 437
190 69
190 85
190 248
190 287
190 396
190 456
191 41
191 56
191 84
191 232
191 329
191 404
192 213
192 442
192 447
192 458
192 474
192 482
193 58
193 225
193 243
193 349
193 394
193 454
194 116
194 130
194 178
194 373
194 398
194 500
195 17
195 131
195 354
195 361
195 415
195 458
196 90
196 368
196 419
196 421
196 456
196 462
197 371
197 441
197 447
197 470
197 476
197 477
198 2
198 309
198 331
198 455
198 492
198 493
199 86
199 128
199 331
199 403
199 466
199 486
200 68
200 111
200 161
200 233
200 240
200 456
201 52
201 120
201 150
201 267
201 423
201 454
202 216
202 234
202 267
202 288
202 293
202 431
203 26
203 207
203 326
203 370
203 447
203 476
204 45
204 52
204 59
204 63
204 211
204 391
205 104
205 398
205 404
205 439
205 458
205 492
206 218
206 284
206 347
206 397
206 450
206 481
207 88
207 203
207 247
207 393
207 449
207 486
208 131
208 132
208 468
208 472
208 480
208 484
209 173
209 247
209 360
209 368
209 428
209 471
210 84
210 132
210 279
210 428
210 474
210 482
211 204
211 262
211 342
211 347
211 430
211 451
212 119
212 156
212 389
212 448
212 465
212 496
213 9
213 192
213 233
213 416
213 444
213 472
214 185
214 225
214 236
214 372
214 410
214 443
215 75
215 81
215 280
215 320
215 455
215 487
216 8
216 39
216 154
216 163
216 183
216 202
217 56
217 61
217 224
217 336
217 438
217 483
218 92
218 142
218 206
218 245
218 290
218 481
219 262
219 301
219 425
219 443
219 457
219 500
220 133
220 224
220 239
220 320
220 462
220 478
221 4
221 37
221 281
221 334
221 417
221 438
222 283
222 383
222 402
222 421
222 465
222 498
223 95
223 129
223 179
223 180
223 232
223 457
224 54
224 217
224 220
224 225
224 323
224 449
225 49
225 98
225 193
225 214
225 224
225 487
226 8
226 188
226 283
226 286
226 407
226 473
227 43
227 268
227 352
227 358
227 471
227 488
228 1
228 263
228 352
228 377
228 380
228 396
229 50
229 254
229 324
229 355
229 398
229 498
230 141
230 257
230 343
230 393
230 445
230 497
231 174
231 260
231 285
231 375
231 427
231 432
232 55
232 191
232 223
232 310
232 438
232 447
233 67
233 68
233 200
233 213
233 361
233 486
234 202
234 414
234 428
234 463
234 469
234 500
235 290
235 336
235 362
235 458
235 470
235 494
236 120
236 214
236 281
236 372
236 449
236 490
237 89
237 123
237 272
237 317
237 318
237 463
238 145
238 274
238 299
238 300
238 304
238 462
239 1
239 120
239 220
239 406
239 426
239 493
240 59
240 200
240 246
240 442
240 464
240 483
241 21
241 170
241 249
241 415
241 418
241 479
242 26
242 143
242 250
242 450
242 458
242 490
243 51
243 121
243 152
243 193
243 353
243 480
244 181
244 316
244 324
244 423
244 446
244 474
245 218
245 253
245 390
245 470
245 487
245 489
246 88
246 240
246 335
246 406
246 445
246 483
247 207
247 209
247 354
247 478
247 488
247 498
248 12
248 130
248 148
248 190
248 403
248 447
249 183
249 241
249 253
249 313
249 344
249 488
250 242
250 293
250 310
250 335
250 422
250 493
251 126
251 302
251 353
251 409
251 441
251 443
252 30
252 100
252 337
252 380
252 450
252 456
253 77
253 145
253 245
253 249
253 341
253 395
254 112
254 113
254 229
254 277
254 319
254 351
255 32
255 93
255 340
255 406
255 437
255 490
256 39
256 65
256 148
256 296
256 369
256 457
257 230
257 295
257 336
257 421
257 467
257 482
258 176
258 313
258 337
258 477
258 478
258 497
259 41
259 59
259 141
259 391
259 428
259 429
260 143
260 231
260 324
260 394
260 417
260 489
261 80
261 138
261 159
261 355
261 410
261 489
262 22
262 211
262 219
262 286
262 416
262 453
263 172
263 179
263 228
263 273
263 344
263 403
264 10
264 73
264 141
264 308
264 399
264 464
265 74
265 316
265 338
265 387
265 403
265 492
266 109
266 133
266 372
266 439
266 476
266 486
267 91
267 201
267 202
267 386
267 440
267 448
268 160
268 227
268 304
268 319
268 467
268 469
269 32
269 336
269 391
269 428
269 466
269 472
270 79
270 359
270 398
270 418
270 430
270 474
271 275
271 329
271 340
271 356
271 386
271 436
271 486
272 2
272 4
272 237
272 347
272 354
272 414
272 484
273 66
273 158
273 263
273 297
273 424
273 460
273 494
274 112
274 238
274 286
274 307
274 340
274 457
274 483
275 271
275 286
275 306
275 322
275 358
275 391
275 440
276 103
276 184
276 303
276 308
276 367
276 435
276 461
277 123
277 186
277 254
277 359
277 427
277 443
277 494
278 135
278 312
278 428
278 464
278 480
278 492
278 495
279 183
279 210
279 285
279 465
279 483
279 492
279 495
280 51
280 93
280 215
280 405
280 424
280 483
280 497
281 23
281 221
281 236
281 400
281 466
281 496
281 500
282 166
282 310
282 342
282 362
282 396
282 400
282 494
283 60
283 111
283 222
283 226
283 341
283 440
283 456
284 40
284 44
284 79
284 206
284 298
284 420
284 478
285 53
285 168
285 231
285 279
285 468
285 470
285 498
286 98
286 122
286 226
286 262
286 274
286 275
286 490
287 9
287 117
287 136
287 190
287 379
287 488
287 496
288 112
288 185
288 202
288 364
288 368
288 400
288 442
289 295
289 321
289 334
289 417
289 446
289 468
289 487
290 47
290 175
290 218
290 235
290 321
290 357
290 464
291 122
291 136
291 178
291 357
291 397
291 487
291 500
292 36
292 87
292 91
292 154
292 314
292 393
292 495
293 107
293 187
293 202
293 250
293 305
293 351
293 407
294 128
294 322
294 348
294 433
294 454
294 462
294 473
295 257
295 289
295 300
295 303
295 412
295 478
295 494
296 256
296 312
296 360
296 363
296 405
296 430
296 444
297 68
297 273
297 371
297 378
297 421
297 487
297 500
298 48
298 70
298 284
298 347
298 457
298 487
298 491
299 84
299 169
299 238
299 380
299 396
299 458
299 478
300 22
300 238
300 295
300 335
300 412
300 417
300 493
301 172
301 181
301 219
301 329
301 373
301 474
301 476
302 114
302 251
302 370
302 409
302 411
302 467
302 494
303 31
303 276
303 295
303 358
303 442
303 468
303 471
304 6
304 238
304 268
304 348
304 372
304 393
304 397
305 293
305 345
305 357
305 366
305 440
305 483
305 497
306 275
306 324
306 369
306 425
306 430
306 483
306 485
307 38
307 49
307 274
307 334
307 383
307 427
307 478
308 29
308 125
308 264
308 276
308 403
308 411
308 442
309 198
309 317
309 399
309 406
309 413
309 435
309 483
310 86
310 232
310 250
310 282
310 319
310 343
310 469
311 35
311 85
311 121
311 313
311 460
311 472
311 497
312 24
312 30
312 181
312 278
312 296
312 436
312 455
313 189
313 249
313 258
313 311
313 350
313 484
313 489
314 42
314 292
314 338
314 375
314 408
314 419
314 475
315 53
315 117
315 165
315 357
315 402
315 476
315 500
316 108
316 244
316 265
316 440
316 454
316 476
316 477
317 9
317 161
317 237
317 309
317 434
317 446
317 478
318 80
318 147
318 154
318 237
318 360
318 385
318 432
319 79
319 81
319 254
319 268
319 310
319 422
319 493
320 18
320 133
320 215
320 220
320 352
320 445
320 494
321 33
321 101
321 289
321 290
321 344
321 396
321 417
322 101
322 141
322 146
322 175
322 275
322 294
322 423
323 28
323 70
323 224
323 325
323 445
323 481
323 486
324 57
324 147
324 229
324 244
324 260
324 306
324 353
325 77
325 323
325 370
325 420
325 427
325 456
325 480
326 3
326 203
326 327
326 419
326 452
326 485
326 498
327 127
327 326
327 373
327 381
327 453
327 459
327 480
328 12
328 144
328 365
328 378
328 452
328 480
328 500
329 80
329 167
329 191
329 271
329 301
329 386
329 456
330 102
330 119
330 134
330 332
330 381
330 490
330 498
331 4
331 198
331 199
331 338
331 344
331 352
331 484
332 36
332 125
332 330
332 346
332 378
332 385
332 392
333 72
333 103
333 109
333 384
333 420
333 451
333 467
334 154
334 174
334 185
334 221
334 289
334 307
334 398
335 116
335 129
335 246
335 250
335 300
335 448
335 484
336 189
336 217
336 235
336 257
336 269
336 443
336 477
337 14
337 252
337 258
337 381
337 413
337 454
337 471
337 493
338 265
338 314
338 331
338 390
338 423
338 450
338 491
338 496
339 71
339 94
339 347
339 406
339 417
339 449
339 451
339 476
340 27
340 164
340 255
340 271
340 274
340 394
340 457
340 490
341 31
341 87
341 174
341 253
341 283
341 393
341 406
341 458
342 12
342 38
342 79
342 176
342 211
342 282
342 417
342 433
343 28
343 139
343 230
343 310
343 388
343 425
343 437
343 448
344 50
344 141
344 249
344 263
344 321
344 331
344 351
344 435
345 61
345 155
345 305
345 378
345 399
345 460
345 461
345 500
346 5
346 11
346 97
346 332
346 434
346 454
346 483
346 490
347 13
347 30
347 206
347 211
347 272
347 298
347 339
347 348
348 18
348 294
348 304
348 347
348 356
348 445
348 456
348 484
349 13
349 49
349 105
349 193
349 357
349 377
349 475
349 497
350 90
350 145
350 149
350 156
350 313
350 464
350 488
350 500
351 20
351 87
351 115
351 254
351 293
351 344
351 395
351 465
352 227
352 228
352 320
352 331
352 468
352 481
352 495
352 499
353 45
353 243
353 251
353 324
353 377
353 383
353 459
353 488
354 7
354 169
354 195
354 247
354 272
354 375
354 406
354 453
355 74
355 81
355 140
355 158
355 229
355 261
355 388
355 429
356 103
356 107
356 271
356 348
356 395
356 402
356 416
356 500
357 99
357 290
357 291
357 305
357 315
357 349
357 467
357 494
358 17
358 51
358 75
358 103
358 227
358 275
358 303
358 407
359 29
359 105
359 270
359 277
359 402
359 403
359 443
359 450
360 209
360 296
360 318
360 405
360 464
360 466
360 467
360 487
361 18
361 35
361 66
361 149
361 195
361 233
361 443
361 499
362 14
362 104
362 235
362 282
362 366
362 383
362 388
362 409
363 24
363 125
363 296
363 376
363 461
363 464
363 470
363 475
364 158
364 288
364 423
364 435
364 438
364 451
364 482
364 491
365 25
365 156
365 328
365 368
365 373
365 393
365 482
365 492
366 11
366 169
366 177
366 305
366 362
366 384
366 385
366 459
367 276
367 369
367 389
367 471
367 491
367 493
367 494
367 496
368 128
368 188
368 196
368 209
368 288
368 365
368 409
368 420
369 19
369 86
369 256
369 306
369 367
369 478
369 494
369 497
370 60
370 108
370 203
370 302
370 325
370 392
370 410
370 486
371 7
371 20
371 107
371 140
371 197
371 297
371 382
371 404
372 19
372 54
372 214
372 236
372 266
372 304
372 385
372 482
373 107
373 122
373 194
373 301
373 327
373 365
373 414
373 476
374 6
374 78
374 379
374 382
374 385
374 389
374 400
374 491
375 98
375 126
375 185
375 231
375 314
375 354
375 383
375 448
376 34
376 74
376 75
376 81
376 363
376 481
376 486
376 488
377 48
377 228
377 349
377 353
377 391
377 401
377 490
377 495
378 5
378 76
378 132
378 297
378 328
378 332
378 345
378 408
379 27
379 152
379 287
379 374
379 429
379 432
379 457
379 492
380 228
380 252
380 299
380 389
380 393
380 440
380 464
380 483
381 124
381 327
381 330
381 337
381 430
381 451
381 482
381 486
382 14
382 189
382 371
382 374
382 441
382 465
382 473
382 482
383 40
383 117
383 222
383 307
383 353
383 362
383 375
383 412
384 74
384 128
384 333
384 366
384 388
384 430
384 439
384 453
385 33
385 147
385 318
385 332
385 366
385 372
385 374
385 456
386 50
386 182
386 267
386 271
386 329
386 473
386 495
386 499
387 20
387 33
387 79
387 265
387 428
387 429
387 462
387 486
388 4
388 8
388 15
388 343
388 355
388 362
388 384
388 402
388 426
389 45
389 212
389 367
389 374
389 380
389 414
389 416
389 439
389 445
390 36
390 83
390 245
390 338
390 408
390 410
390 475
390 489
390 492
391 54
391 117
391 189
391 204
391 259
391 269
391 275
391 377
391 396
392 55
392 332
392 370
392 407
392 416
392 444
392 468
392 469
392 481
393 35
393 207
393 230
393 292
393 304
393 341
393 365
393 380
393 414
394 17
394 49
394 113
394 193
394 260
394 340
394 420
394 426
394 446
395 153
395 253
395 351
395 356
395 405
395 426
395 450
395 463
395 488
396 21
396 163
396 190
396 228
396 282
396 299
396 321
396 391
396 474
397 139
397 166
397 206
397 291
397 304
397 424
397 430
397 432
397 439
398 21
398 41
398 194
398 205
398 229
398 270
398 334
398 490
398 500
399 5
399 10
399 99
399 110
399 264
399 309
399 345
399 405
399 470
400 20
400 30
400 144
400 178
400 184
400 281
400 282
400 288
400 374
401 150
401 377
401 426
401 428
401 431
401 445
401 451
401 480
401 484
402 60
402 82
402 175
402 222
402 315
402 356
402 359
402 388
402 419
403 86
403 199
403 248
403 263
403 265
403 308
403 359
403 459
403 473
404 110
404 191
404 205
404 371
404 441
404 450
404 466
404 472
404 485
405 113
405 280
405 296
405 360
405 395
405 399
405 408
405 443
405 468
406 142
406 239
406 246
406 255
406 309
406 339
406 341
406 354
406 486
407 16
407 226
407 293
407 358
407 392
407 417
407 429
407 484
407 485
408 24
408 42
408 314
408 378
408 390
408 405
408 418
408 434
408 458
409 26
409 89
409 251
409 302
409 362
409 368
409 412
409 436
409 463
410 23
410 214
410 261
410 370
410 390
410 431
410 474
410 489
410 499
411 42
411 77
411 90
411 171
411 302
411 308
411 452
411 455
411 456
412 61
412 64
412 146
412 295
412 300
412 383
412 409
412 415
412 461
412 489
413 42
413 70
413 73
413 94
413 309
413 337
413 429
413 432
413 476
413 477
414 10
414 31
414 46
414 80
414 109
414 234
414 272
414 373
414 389
414 393
415 195
415 241
415 412
415 432
415 448
415 461
415 473
415 488
415 491
415 496
416 52
416 69
416 213
416 262
416 356
416 389
416 392
416 462
416 477
416 479
417 221
417 260
417 289
417 300
417 321
417 339
417 342
417 407
417 428
417 443
418 170
418 171
418 184
418 241
418 270
418 408
418 423
418 445
418 474
418 478
419 25
419 156
419 183
419 196
419 314
419 326
419 402
419 437
419 485
419 490
420 44
420 134
420 284
420 325
420 333
420 368
420 394
420 452
420 486
420 488
421 25
421 104
421 162
421 196
421 222
421 257
421 297
421 450
421 451
421 454
422 58
422 78
422 95
422 126
422 186
422 250
422 319
422 440
422 480
422 493
423 40
423 170
423 201
423 244
423 322
423 338
423 364
423 418
423 447
423 466
424 34
424 56
424 111
424 164
424 182
424 273
424 280
424 397
424 444
424 462
425 29
425 219
425 306
425 343
425 437
425 439
425 447
425 454
425 497
425 499
426 46
426 77
426 142
426 239
426 388
426 394
426 395
426 401
426 468
426 479
426 482
427 22
427 35
427 100
427 112
427 135
427 157
427 231
427 277
427 307
427 325
427 449
428 209
428 210
428 234
428 259
428 269
428 278
428 387
428 401
428 417
428 431
428 494
429 34
429 114
429 259
429 355
429 379
429 387
429 407
429 413
429 442
429 444
429 480
430 41
430 130
430 211
430 270
430 296
430 306
430 381
430 384
430 397
430 452
430 463
431 135
431 202
431 401
431 410
431 428
431 435
431 444
431 456
431 462
431 475
431 488
432 97
432 105
432 167
432 231
432 318
432 379
432 397
432 413
432 415
432 461
432 491
433 57
433 83
433 102
433 126
433 294
433 342
433 439
433 440
433 457
433 461
433 462
434 30
434 51
434 82
434 114
434 118
434 134
434 317
434 346
434 408
434 477
434 483
435 58
435 92
435 276
435 309
435 344
435 364
435 431
435 438
435 449
435 492
435 496
436 18
436 43
436 54
436 67
436 96
436 166
436 271
436 312
436 409
436 460
436 484
437 72
437 108
437 158
437 189
437 255
437 343
437 419
437 425
437 455
437 481
437 498
438 63
438 90
438 110
438 135
438 217
438 221
438 232
438 364
438 435
438 453
438 470
439 38
439 144
439 170
439 205
439 266
439 384
439 389
439 397
439 425
439 433
439 478
440 10
440 80
440 267
440 275
440 283
440 305
440 316
440 380
440 422
440 433
440 489
441 85
441 93
441 115
441 129
441 151
441 178
441 197
441 251
441 382
441 404
441 460
442 67
442 96
442 135
442 161
442 192
442 240
442 288
442 303
442 308
442 429
442 459
443 104
443 161
443 214
443 219
443 251
443 277
443 336
443 359
443 361
443 405
443 417
444 14
444 37
444 43
444 213
444 296
444 392
444 424
444 429
444 431
444 472
444 492
445 149
445 151
445 230
445 246
445 320
445 323
445 348
445 389
445 401
445 418
445 454
445 491
446 1
446 21
446 78
446 153
446 244
446 289
446 317
446 394
446 471
446 473
446 474
446 483
447 22
447 65
447 169
447 192
447 197
447 203
447 232
447 248
447 423
447 425
447 451
447 461
448 2
448 56
448 145
448 174
448 212
448 267
448 335
448 343
448 375
448 415
448 458
448 485
449 17
449 66
449 97
449 139
449 207
449 224
449 236
449 339
449 427
449 435
449 455
449 468
450 3
450 9
450 206
450 242
450 252
450 338
450 359
450 395
450 404
450 421
450 467
450 493
451 92
451 132
451 151
451 211
451 333
451 339
451 364
451 381
451 401
451 421
451 447
451 496
452 19
452 38
452 106
452 110
452 150
452 159
452 326
452 328
452 411
452 420
452 430
452 465
453 28
453 165
453 262
453 327
453 354
453 384
453 438
453 460
453 462
453 471
453 493
453 497
454 46
454 139
454 160
454 193
454 201
454 294
454 316
454 337
454 346
454 421
454 425
454 445
454 476
455 85
455 136
455 198
455 215
455 312
455 411
455 437
455 449
455 480
455 483
455 486
455 497
455 499
456 49
456 88
456 190
456 196
456 200
456 252
456 283
456 325
456 329
456 348
456 385
456 411
456 431
457 35
457 84
457 166
457 219
457 223
457 256
457 274
457 298
457 340
457 379
457 433
457 458
457 460
458 40
458 98
458 192
458 195
458 205
458 235
458 242
458 299
458 341
458 408
458 448
458 457
458 469
459 7
459 60
459 100
459 120
459 152
459 327
459 353
459 366
459 403
459 442
459 473
459 490
459 498
460 6
460 64
460 97
460 188
460 273
460 311
460 345
460 436
460 441
460 453
460 457
460 465
460 471
460 497
461 175
461 184
461 276
461 345
461 363
461 412
461 415
461 432
461 433
461 447
461 463
461 475
461 484
461 489
462 57
462 65
462 83
462 146
462 196
462 220
462 238
462 294
462 387
462 416
462 424
462 431
462 433
462 453
463 25
463 70
463 89
463 95
463 124
463 234
463 237
463 395
463 409
463 430
463 461
463 471
463 475
463 488
464 5
464 106
464 240
464 264
464 278
464 290
464 350
464 360
464 363
464 380
464 466
464 487
464 498
465 7
465 89
465 104
465 123
465 130
465 140
465 212
465 222
465 279
465 351
465 382
465 452
465 460
465 497
466 47
466 68
466 153
466 170
466 199
466 269
466 281
466 360
466 404
466 423
466 464
466 487
466 498
467 110
467 116
467 148
467 257
467 268
467 302
467 333
467 357
467 360
467 450
467 469
467 482
467 492
467 497
468 24
468 48
468 60
468 112
468 208
468 285
468 289
468 303
468 352
468 392
468 405
468 426
468 449
468 493
469 55
469 66
469 69
469 78
469 93
469 157
469 234
469 268
469 310
469 392
469 458
469 467
469 484
469 495
470 5
470 72
470 73
470 137
470 197
470 235
470 245
470 285
470 363
470 399
470 438
470 471
470 487
470 490
471 32
471 39
471 50
471 82
471 209
471 227
471 303
471 337
471 367
471 446
471 453
471 460
471 463
471 470
471 474
472 37
472 146
472 152
472 162
472 177
472 182
472 208
472 213
472 269
472 311
472 404
472 444
472 475
472 488
472 491
473 59
473 67
473 84
473 120
473 155
473 175
473 226
473 294
473 382
473 386
473 403
473 415
473 446
473 459
473 476
474 78
474 121
474 188
474 192
474 210
474 244
474 270
474 301
474 396
474 410
474 418
474 446
474 471
474 475
474 479
475 28
475 71
475 100
475 172
475 314
475 349
475 363
475 390
475 431
475 461
475 463
475 472
475 474
475 487
475 492
476 44
476 127
476 137
476 197
476 203
476 266
476 301
476 315
476 316
476 339
476 373
476 413
476 454
476 473
476 477
476 489
477 63
477 72
477 121
477 127
477 188
477 197
477 258
477 316
477 336
477 413
477 416
477 434
477 476
477 481
477 490
477 498
478 77
478 220
478 247
478 258
478 284
478 295
478 299
478 307
478 317
478 369
478 418
478 439
478 493
478 494
478 495
478 498
479 13
479 47
479 58
479 62
479 71
479 116
479 125
479 129
479 157
479 159
479 160
479 241
479 416
479 426
479 474
479 492
480 15
480 22
480 165
480 208
480 243
480 278
480 325
480 327
480 328
480 401
480 422
480 429
480 455
480 489
480 497
480 500
481 10
481 85
481 99
481 142
481 167
481 206
481 218
481 323
481 352
481 376
481 392
481 437
481 477
481 491
481 495
481 499
482 92
482 137
482 168
482 172
482 180
482 192
482 210
482 257
482 364
482 365
482 372
482 381
482 382
482 426
482 467
482 486
482 497
483 39
483 217
483 240
483 246
483 274
483 279
483 280
483 305
483 306
483 309
483 346
483 380
483 434
483 446
483 455
483 495
483 498
484 50
484 100
484 125
484 151
484 163
484 208
484 272
484 313
484 331
484 335
484 348
484 401
484 407
484 436
484 461
484 469
484 485
485 20
485 44
485 53
485 73
485 91
485 127
485 133
485 148
485 156
485 159
485 306
485 326
485 404
485 407
485 419
485 448
485 484
486 96
486 138
486 168
486 199
486 207
486 233
486 266
486 271
486 323
486 370
486 376
486 381
486 387
486 406
486 420
486 455
486 482
487 58
487 92
487 165
487 168
487 186
487 215
487 225
487 245
487 289
487 291
487 297
487 298
487 360
487 464
487 466
487 470
487 475
488 45
488 46
488 105
488 131
488 227
488 247
488 249
488 287
488 350
488 353
488 376
488 395
488 415
488 420
488 431
488 463
488 472
488 496
489 15
489 33
489 37
489 116
489 118
489 154
489 245
489 260
489 261
489 313
489 390
489 410
489 412
489 440
489 461
489 476
489 480
489 499
490 3
490 61
490 143
490 151
490 155
490 236
490 242
490 255
490 286
490 330
490 340
490 346
490 377
490 398
490 419
490 459
490 470
490 477
491 3
491 11
491 33
491 62
491 74
491 89
491 155
491 187
491 298
491 338
491 364
491 367
491 374
491 415
491 432
491 445
491 472
491 481
492 103
492 108
492 138
492 147
492 198
492 205
492 265
492 278
492 279
492 365
492 379
492 390
492 435
492 444
492 467
492 475
492 479
492 499
493 28
493 118
493 124
493 134
493 173
493 198
493 239
493 250
493 300
493 319
493 337
493 367
493 422
493 450
493 453
493 468
493 478
493 500
494 34
494 37
494 61
494 109
494 143
494 235
494 273
494 277
494 282
494 295
494 302
494 320
494 357
494 367
494 369
494 428
494 478
494 496
494 499
495 2
495 76
495 86
495 88
495 107
495 142
495 150
495 177
495 278
495 279
495 292
495 352
495 377
495 386
495 469
495 478
495 481
495 483
495 499
496 1
496 13
496 15
496 26
496 65
496 119
496 136
496 153
496 173
496 212
496 281
496 287
496 338
496 367
496 415
496 435
496 451
496 488
496 494
497 2
497 52
497 106
497 177
497 230
497 258
497 280
497 305
497 311
497 349
497 369
497 425
497 453
497 455
497 460
497 465
497 467
497 480
497 482
498 17
498 46
498 72
498 99
498 118
498 222
498 229
498 247
498 285
498 326
498 330
498 437
498 459
498 464
498 466
498 477
498 478
498 483
498 499
499 12
499 23
499 71
499 75
499 105
499 114
499 132
499 352
499 361
499 386
499 410
499 425
499 455
499 481
499 489
499 492
499 494
499 495
499 498
500 53
500 76
500 87
500 137
500 179
500 181
500 194
500 219
500 234
500 281
500 291
500 297
500 315
500 328
500 345
500 350
500 356
500 398
500 480
500 493
