1 30
2 4
3 22
4 19
5 4
6 6
7 31
8 37
9 32
10 9
11 40
12 22
13 36
14 23
15 32
16 23
17 11
18 29
19 5
20 40
21 18
22 25
23 13
24 9
25 34
26 30
27 42
28 30
29 12
30 4
31 28
32 31
33 33
34 42
35 21
36 26
37 14
38 24
39 22
40 39
41 40
42 6
43 14
44 39
45 39
46 15
47 10
48 4
49 16
50 35
51 17
52 28
53 6
54 13
55 4
56 9
57 23
58 23
59 29
60 39
61 12
62 29
63 28
64 37
65 16
66 13
67 34
68 24
69 40
70 33
71 1
72 27
73 42
74 18
75 38
76 40
77 9
78 24
79 14
80 17
81 25
82 5
83 8
84 35
85 19
86 30
87 23
88 36
89 15
90 40
91 37
92 25
93 41
94 1
95 32
96 20
97 16
98 13
99 39
100 38
101 9
102 10
103 18
104 13
105 4
106 19
107 29
108 40
109 18
110 28
111 14
112 21
113 20
114 17
115 39
116 23
117 15
118 3
119 11
120 32
121 19
122 28
123 20
124 23
125 25
126 15
127 19
128 13
129 33
130 37
131 17
132 8
133 30
134 18
135 14
136 11
137 36
138 40
139 31
140 42
141 33
142 14
143 12
144 31
145 15
146 2
147 42
148 12
149 6
150 25
151 34
152 18
153 14
154 22
155 25
156 42
157 33
158 38
159 37
160 8
161 21
162 2
163 3
164 3
165 39
166 22
167 8
168 25
169 5
170 12
171 11
172 3
173 42
174 30
175 29
176 21
177 39
178 6
179 7
180 33
181 9
182 23
183 22
184 5
185 5
186 14
187 30
188 23
189 38
190 5
191 38
192 34
193 40
194 33
195 25
196 9
197 30
198 4
199 34
200 3
201 11
202 7
203 28
204 22
205 30
206 41
207 33
208 22
209 22
210 19
211 6
212 4
213 29
214 6
215 23
216 4
217 30
218 24
219 6
220 6
221 27
222 33
223 18
224 26
225 14
226 34
227 17
228 30
229 5
230 27
231 22
232 28
233 5
234 34
235 3
236 41
237 5
238 8
239 3
240 9
241 40
242 15
243 33
244 31
245 8
246 18
247 6
248 18
249 15
250 11
251 25
252 11
253 7
254 8
255 42
256 14
257 15
258 22
259 32
260 28
261 12
262 40
263 38
264 4
265 26
266 18
267 11
268 6
269 11
270 33
271 30
272 35
273 6
274 8
275 19
276 20
277 30
278 11
279 2
280 14
281 3
282 35
283 2
284 27
285 31
286 17
287 18
288 19
289 37
290 23
291 5
292 15
293 13
294 34
295 20
296 27
297 29
298 16
299 11
300 5
301 11
302 4
303 18
304 5
305 25
306 10
307 8
308 11
309 31
310 17
311 22
312 11
313 37
314 4
315 14
316 10
317 6
318 8
319 4
320 3
321 23
322 42
323 12
324 24
325 11
326 11
327 21
328 11
329 25
330 31
331 31
332 30
333 5
334 28
335 33
336 25
337 13
338 22
339 33
340 42
341 32
342 10
343 37
344 19
345 15
346 31
347 4
348 30
349 42
350 35
351 2
352 15
353 17
354 11
355 4
356 13
357 10
358 21
359 4
360 17
361 22
362 37
363 21
364 10
365 21
366 21
367 5
368 30
369 15
370 40
371 14
372 40
373 33
374 33
375 39
376 15
377 22
378 37
379 34
380 11
381 14
382 36
383 4
384 20
385 42
386 4
387 35
388 8
389 14
390 36
391 16
392 22
393 13
394 2
395 33
396 30
397 23
398 17
399 31
400 3
401 17
402 23
403 31
404 12
405 21
406 11
407 32
408 7
409 12
410 14
411 23
412 7
413 23
414 4
415 14
416 17
417 30
418 12
419 1
420 18
421 39
422 21
423 32
424 24
425 3
426 31
427 13
428 41
429 19
430 3
431 24
432 31
433 5
434 11
435 26
436 15
437 19
438 1
439 2
440 33
441 25
442 4
443 4
444 33
445 34
446 22
447 2
448 15
449 42
450 23
451 15
452 30
453 4
454 41
455 26
456 35
457 22
458 25
459 18
460 12
461 33
462 17
463 25
464 17
465 37
466 20
467 33
468 7
469 40
470 18
471 28
472 28
473 40
474 20
475 24
476 1
477 38
478 25
479 23
480 33
481 7
482 1
483 40
484 13
485 34
486 24
487 25
488 23
489 18
490 41
491 32
492 19
493 11
494 3
495 30
496 11
497 18
498 14
499 15
500 13
