1 2
1 3
1 237
1 279
1 440
2 1
2 3
2 469
3 1
3 2
3 385
3 406
3 440
4 5
4 7
4 58
4 121
4 497
5 4
5 7
5 335
5 383
5 407
6 29
6 37
6 56
6 122
6 372
6 378
6 453
7 4
7 5
7 22
7 46
7 383
8 10
8 11
8 14
8 122
8 373
8 391
9 174
9 251
9 286
9 290
9 343
10 8
10 14
10 108
10 167
10 383
11 8
11 23
11 270
11 383
11 440
12 121
12 234
12 263
12 379
12 480
13 23
13 140
13 205
13 236
13 492
14 8
14 10
14 15
14 72
14 128
15 14
15 335
15 407
15 416
15 418
16 18
16 42
16 416
16 418
16 486
17 18
17 276
17 416
17 418
17 494
18 16
18 17
18 19
18 95
18 200
19 18
19 20
19 22
19 129
19 441
20 19
20 22
20 24
20 47
20 80
21 65
21 71
21 150
21 193
21 213
22 7
22 19
22 20
22 24
22 32
23 11
23 13
23 25
23 350
23 361
24 20
24 22
24 26
24 262
24 401
25 23
25 27
25 205
25 377
25 492
26 24
26 33
26 38
26 106
26 125
27 25
27 28
27 152
27 303
27 419
28 27
28 131
28 190
28 202
28 460
29 6
29 36
29 37
29 42
29 88
29 89
29 444
30 43
30 140
30 161
30 351
30 391
31 76
31 89
31 296
31 329
31 337
31 341
31 343
31 459
31 476
31 478
31 497
32 22
32 50
32 61
32 63
32 308
33 26
33 35
33 63
33 184
33 444
34 62
34 78
34 127
34 190
34 210
34 268
34 376
34 431
34 433
34 484
34 485
34 486
34 494
35 33
35 38
35 39
35 139
35 500
36 29
36 89
36 353
36 396
36 444
37 6
37 29
37 42
37 88
37 238
37 437
37 476
38 26
38 35
38 39
38 152
38 287
38 478
39 35
39 38
39 41
39 335
39 407
40 41
40 44
40 45
40 93
40 469
41 39
41 40
41 45
41 66
41 212
42 16
42 29
42 37
42 88
42 95
42 327
42 415
42 486
43 30
43 87
43 90
43 396
43 491
44 40
44 46
44 132
44 141
44 476
45 40
45 41
45 46
45 320
45 464
46 7
46 44
46 45
46 47
46 50
47 20
47 46
47 48
47 49
47 80
48 47
48 49
48 79
48 93
48 309
49 47
49 48
49 93
49 293
49 362
50 32
50 46
50 51
50 54
50 93
51 50
51 54
51 93
51 444
51 480
52 86
52 138
52 194
52 395
52 397
52 410
52 471
52 493
53 56
53 96
53 216
53 396
53 463
54 50
54 51
54 58
54 59
54 480
55 116
55 117
55 120
55 123
55 385
55 406
55 438
56 6
56 53
56 65
56 372
56 378
57 277
57 278
57 361
57 410
57 440
58 4
58 54
58 59
58 60
58 121
59 54
59 58
59 60
59 187
59 188
60 58
60 59
60 308
60 367
60 458
61 32
61 63
61 251
61 308
61 394
62 34
62 71
62 114
62 127
62 171
62 190
62 210
62 321
62 328
62 438
62 485
62 494
63 32
63 33
63 61
63 146
63 332
64 308
64 332
64 397
64 433
64 470
65 21
65 56
65 69
65 379
65 480
66 41
66 131
66 267
66 330
66 466
67 126
67 128
67 230
67 366
67 423
68 69
68 153
68 403
68 409
68 433
69 65
69 68
69 74
69 227
69 379
69 480
70 89
70 146
70 148
70 151
70 209
71 21
71 62
71 76
71 114
71 171
71 321
72 14
72 73
72 160
72 227
72 319
73 72
73 160
73 182
73 232
73 341
74 69
74 160
74 227
74 312
74 410
74 440
75 77
75 78
75 156
75 313
75 497
76 31
76 71
76 221
76 222
76 296
76 329
77 75
77 78
77 160
77 460
77 461
78 34
78 75
78 77
78 80
78 433
78 494
79 48
79 81
79 82
79 319
79 416
80 20
80 47
80 78
80 82
80 470
81 79
81 85
81 311
81 342
81 432
82 79
82 80
82 85
82 172
82 259
83 94
83 194
83 221
83 395
83 470
84 94
84 133
84 221
84 294
84 400
85 81
85 82
85 87
85 298
85 417
86 52
86 113
86 138
86 149
86 301
86 305
86 306
86 315
86 416
86 493
87 43
87 85
87 92
87 376
87 467
88 29
88 37
88 42
88 95
88 154
88 158
88 398
89 29
89 31
89 36
89 70
89 209
89 337
89 444
89 459
89 476
89 478
89 497
90 43
90 398
90 414
90 443
90 467
91 97
91 249
91 317
91 367
91 443
92 87
92 97
92 402
92 443
92 497
93 40
93 48
93 49
93 50
93 51
93 372
93 378
94 83
94 84
94 95
94 112
94 187
95 18
95 42
95 88
95 94
95 102
95 130
95 200
96 53
96 108
96 360
96 463
96 464
97 91
97 92
97 98
97 367
97 497
98 97
98 99
98 100
98 142
98 215
98 277
99 98
99 100
99 255
99 290
99 367
100 98
100 99
100 103
100 212
100 267
101 212
101 215
101 217
101 386
101 445
102 95
102 130
102 163
102 164
102 252
102 336
102 390
102 404
103 100
103 104
103 284
103 295
103 485
103 499
104 103
104 106
104 284
104 320
104 464
105 107
105 203
105 284
105 318
105 463
106 26
106 104
106 107
106 125
106 284
107 105
107 106
107 109
107 158
107 182
108 10
108 96
108 167
108 254
108 464
109 107
109 111
109 218
109 340
109 391
109 465
110 124
110 393
110 412
110 464
110 486
111 109
111 112
111 149
111 391
111 444
112 94
112 111
112 114
112 200
112 296
112 299
113 86
113 138
113 149
113 165
113 193
113 228
113 316
113 322
114 62
114 71
114 112
114 115
114 296
115 114
115 296
115 307
115 388
115 442
116 55
116 117
116 256
116 477
116 480
117 55
117 116
117 123
117 156
117 313
118 120
118 125
118 339
118 405
118 486
119 124
119 266
119 408
119 439
119 497
120 55
120 118
120 125
120 293
120 369
121 4
121 12
121 58
121 263
121 329
122 6
122 8
122 210
122 289
122 319
122 334
122 373
122 432
122 469
122 489
122 500
123 55
123 117
123 125
123 183
123 497
124 110
124 119
124 155
124 272
124 284
125 26
125 106
125 118
125 120
125 123
126 67
126 128
126 155
126 272
126 366
127 34
127 62
127 147
127 166
127 190
127 210
127 231
127 378
127 438
127 475
127 483
127 494
128 14
128 67
128 126
128 319
128 366
129 19
129 132
129 133
129 205
129 441
130 95
130 102
130 163
130 164
130 356
130 448
130 493
131 28
131 66
131 236
131 267
131 300
131 301
131 330
131 344
131 460
131 482
132 44
132 129
132 133
132 317
132 366
133 84
133 129
133 132
133 375
133 400
134 135
134 298
134 355
134 375
134 382
135 134
135 137
135 139
135 425
135 432
136 147
136 150
136 409
136 448
136 484
137 135
137 139
137 246
137 298
137 410
138 52
138 86
138 113
138 149
138 165
138 196
138 211
138 219
138 374
138 445
139 35
139 135
139 137
139 141
139 500
140 13
140 30
140 143
140 231
140 353
140 437
140 477
141 44
141 139
141 142
141 143
141 170
142 98
142 141
142 143
142 144
142 220
142 240
143 140
143 141
143 142
143 144
143 411
144 142
144 143
144 145
144 263
144 372
144 469
145 144
145 148
145 271
145 359
145 497
146 63
146 70
146 352
146 359
146 434
147 127
147 136
147 150
147 349
147 402
148 70
148 145
148 208
148 359
148 454
149 86
149 111
149 113
149 138
149 165
149 193
150 21
150 136
150 147
150 175
150 191
151 70
151 153
151 154
151 414
151 422
152 27
152 38
152 287
152 302
152 419
152 425
152 427
152 428
152 429
152 439
152 453
152 478
153 68
153 151
153 154
153 157
153 403
154 88
154 151
154 153
154 157
154 398
155 124
155 126
155 176
155 253
155 272
156 75
156 117
156 158
156 253
156 368
157 153
157 154
157 169
157 338
157 428
158 88
158 107
158 156
158 168
158 182
159 161
159 162
159 166
159 276
159 494
160 72
160 73
160 74
160 77
160 359
160 448
160 484
160 493
161 30
161 159
161 166
161 167
161 489
162 159
162 167
162 168
162 211
162 489
163 102
163 130
163 164
163 165
163 175
163 389
164 102
164 130
164 163
164 175
164 366
164 457
164 468
164 472
165 113
165 138
165 149
165 163
165 193
165 282
165 362
165 389
166 127
166 159
166 161
166 167
166 231
166 475
167 10
167 108
167 161
167 162
167 166
167 254
168 158
168 162
168 170
168 351
168 391
169 157
169 171
169 338
169 347
169 489
170 141
170 168
170 173
170 249
170 443
171 62
171 71
171 169
171 172
171 347
172 82
172 171
172 180
172 197
172 347
173 170
173 187
173 234
173 414
173 422
174 9
174 179
174 180
174 185
174 394
175 150
175 163
175 164
175 177
175 178
175 191
175 374
176 155
176 205
176 223
176 316
176 357
176 412
176 439
176 487
176 492
176 496
177 175
177 178
177 217
177 410
177 453
177 482
178 175
178 177
178 183
178 197
178 253
178 353
178 403
179 174
179 185
179 283
179 334
179 347
179 455
180 172
180 174
180 185
180 283
180 334
180 455
181 186
181 188
181 191
181 282
181 307
181 389
182 73
182 107
182 158
182 311
182 342
182 376
182 398
182 409
183 123
183 178
183 197
183 204
183 406
183 497
184 33
184 311
184 352
184 355
184 376
184 409
185 174
185 179
185 180
185 201
185 286
186 181
186 188
186 370
186 381
186 383
186 453
187 59
187 94
187 173
187 196
187 442
188 59
188 181
188 186
188 191
188 299
188 442
189 241
189 243
189 250
189 411
189 467
189 481
190 28
190 34
190 62
190 127
190 202
190 210
190 229
190 304
190 378
190 438
190 460
190 494
191 150
191 175
191 181
191 188
191 192
191 374
192 191
192 307
192 360
192 425
192 428
192 432
193 21
193 113
193 149
193 165
193 196
193 362
193 374
193 379
194 52
194 83
194 195
194 202
194 360
194 470
195 194
195 202
195 360
195 399
195 451
195 471
196 138
196 187
196 193
196 198
196 219
197 172
197 178
197 183
197 204
197 289
197 406
198 196
198 200
198 427
198 450
198 485
198 499
199 211
199 243
199 260
199 298
199 318
199 360
199 372
199 374
199 392
199 448
199 463
199 467
199 468
199 481
199 492
199 500
200 18
200 95
200 112
200 198
200 268
200 442
201 185
201 258
201 286
201 304
201 310
201 313
202 28
202 190
202 194
202 195
202 304
202 307
203 105
203 205
203 346
203 380
203 398
203 402
203 414
203 490
204 183
204 197
204 214
204 257
204 406
204 467
204 481
204 491
205 13
205 25
205 129
205 176
205 203
205 398
205 402
205 414
205 492
206 207
206 208
206 209
206 375
206 405
206 483
207 206
207 208
207 209
207 224
208 148
208 206
208 207
208 209
208 420
208 454
209 70
209 89
209 206
209 207
209 208
209 444
210 34
210 62
210 122
210 127
210 190
210 351
210 378
210 438
210 452
210 453
210 459
210 489
210 500
211 138
211 162
211 199
211 219
211 247
211 261
211 372
211 374
211 384
211 386
211 445
211 448
211 467
211 469
211 481
211 491
211 492
211 499
211 500
212 41
212 100
212 101
212 213
212 215
212 344
213 21
213 212
213 215
213 219
213 386
213 460
214 204
214 218
214 226
214 272
214 284
214 406
215 98
215 101
215 212
215 213
215 220
215 310
216 53
216 260
216 263
216 329
216 331
216 463
217 101
217 177
217 220
217 305
217 354
217 482
218 109
218 214
218 226
218 235
218 479
218 490
219 138
219 196
219 211
219 213
219 372
219 374
219 386
219 445
219 481
219 491
219 492
219 499
220 142
220 215
220 217
220 240
220 305
220 479
221 76
221 83
221 84
221 429
221 450
222 76
222 223
222 232
222 305
222 343
222 479
223 176
223 222
223 224
223 357
223 439
223 479
224 207
224 223
224 228
224 229
224 307
224 388
225 292
225 295
225 299
225 367
225 430
225 458
226 214
226 218
226 235
226 237
226 285
226 481
227 69
227 72
227 74
227 275
227 332
227 387
228 113
228 224
228 229
228 230
228 449
229 190
229 224
229 228
229 230
229 460
230 67
230 228
230 229
230 339
230 498
231 127
231 140
231 166
231 253
231 353
231 475
231 495
232 73
232 222
232 353
232 488
232 495
233 238
233 364
233 462
233 475
233 490
233 498
234 12
234 173
234 263
234 414
234 422
234 437
235 218
235 226
235 237
235 239
235 294
235 400
236 13
236 131
236 301
236 377
236 460
236 482
237 1
237 226
237 235
237 239
237 245
237 345
238 37
238 233
238 240
238 476
238 477
238 498
239 235
239 237
239 244
239 245
239 421
239 425
240 142
240 220
240 238
240 247
240 324
240 468
241 189
241 243
241 250
241 337
241 418
241 478
242 246
242 248
242 381
242 383
242 447
242 489
243 189
243 199
243 241
243 260
243 298
243 342
243 411
244 239
244 245
244 252
244 253
244 256
244 353
244 403
245 237
245 239
245 244
245 252
245 420
245 454
246 137
246 242
246 248
246 324
246 410
246 440
247 211
247 240
247 248
247 261
247 324
247 384
248 242
248 246
248 247
248 394
248 456
249 91
249 170
249 255
249 257
249 354
249 443
250 189
250 241
250 393
250 411
250 433
250 458
251 9
251 61
251 254
251 318
251 322
251 327
252 102
252 244
252 245
252 256
252 264
252 404
253 155
253 156
253 178
253 231
253 244
253 353
254 108
254 167
254 251
254 274
254 288
254 300
254 381
254 442
254 445
254 458
254 471
254 477
254 480
255 99
255 249
255 257
255 354
255 372
255 434
256 116
256 244
256 252
256 264
256 480
256 500
257 204
257 249
257 255
257 354
257 467
257 491
258 201
258 280
258 302
258 304
258 310
258 323
259 82
259 260
259 261
259 289
259 354
259 418
260 199
260 216
260 243
260 259
260 261
260 474
261 211
261 247
261 259
261 260
261 384
261 474
262 24
262 270
262 271
262 275
262 401
262 403
263 12
263 121
263 144
263 216
263 234
263 434
264 252
264 256
264 265
264 399
264 403
264 466
265 264
265 270
265 403
265 493
266 119
266 267
266 325
266 333
266 408
266 474
267 66
267 100
267 131
267 266
267 269
267 297
268 34
268 200
268 287
268 433
268 494
269 267
269 297
269 411
269 446
269 474
269 477
270 11
270 262
270 265
270 350
270 403
270 483
271 145
271 262
271 275
271 377
271 403
271 497
272 124
272 126
272 155
272 214
272 284
272 407
272 413
272 415
272 420
272 421
272 422
273 274
273 276
273 278
273 297
273 481
273 491
274 254
274 273
274 276
274 288
274 300
274 375
275 227
275 262
275 271
275 279
275 377
275 387
276 17
276 159
276 273
276 274
276 277
276 494
277 57
277 98
277 276
277 308
277 326
277 361
278 57
278 273
278 282
278 283
278 481
278 491
279 1
279 275
279 280
279 345
279 377
279 478
280 258
280 279
280 281
280 288
280 323
280 377
281 280
281 285
281 288
281 401
281 426
281 430
282 165
282 181
282 278
282 283
282 361
282 389
283 179
283 180
283 278
283 282
283 343
284 103
284 104
284 105
284 106
284 124
284 214
284 272
285 226
285 281
285 288
285 377
285 430
285 481
285 491
286 9
286 185
286 201
286 290
286 343
287 38
287 152
287 268
287 293
287 478
288 254
288 274
288 280
288 281
288 285
288 424
288 430
289 122
289 197
289 259
289 294
289 319
289 337
289 418
289 427
289 432
289 469
290 9
290 99
290 286
290 343
290 372
290 378
290 469
291 307
291 309
291 315
291 321
291 388
292 225
292 295
292 299
292 331
292 363
292 420
292 445
293 49
293 120
293 287
293 303
293 362
294 84
294 235
294 289
294 393
294 400
294 440
294 444
295 103
295 225
295 292
295 299
295 300
295 485
295 499
296 31
296 76
296 112
296 114
296 115
296 343
296 391
297 267
297 269
297 273
297 347
297 425
297 427
297 473
298 85
298 134
298 137
298 199
298 243
298 375
298 390
299 112
299 188
299 225
299 292
299 295
299 300
299 442
300 131
300 254
300 274
300 295
300 299
300 324
300 430
301 86
301 131
301 236
301 315
301 416
301 460
301 482
302 152
302 258
302 304
302 427
302 460
302 485
302 499
303 27
303 293
303 373
303 419
303 478
304 190
304 201
304 202
304 258
304 302
304 460
304 482
305 86
305 217
305 220
305 222
305 479
306 86
306 315
306 349
306 352
306 356
306 363
306 416
307 115
307 181
307 192
307 202
307 224
307 291
307 360
308 32
308 60
308 61
308 64
308 277
308 310
308 326
309 48
309 291
309 315
309 321
309 342
310 201
310 215
310 258
310 308
310 312
310 314
310 326
311 81
311 182
311 184
311 355
311 376
311 429
311 450
311 499
312 74
312 310
312 313
312 314
312 408
312 410
312 440
313 75
313 117
313 201
313 312
313 314
313 368
313 408
314 310
314 312
314 313
314 367
314 408
314 458
314 495
315 86
315 291
315 301
315 306
315 309
315 321
315 416
316 113
316 176
316 322
316 412
316 419
316 449
316 496
317 91
317 132
317 318
317 320
317 408
317 443
317 477
318 105
318 199
318 251
318 317
318 320
318 322
318 463
319 72
319 79
319 122
319 128
319 289
319 350
319 361
319 427
319 432
319 469
320 45
320 104
320 317
320 318
320 322
320 408
320 464
321 62
321 71
321 291
321 309
321 315
321 328
322 113
322 251
322 316
322 318
322 320
322 327
323 258
323 280
323 326
323 328
323 437
324 240
324 246
324 247
324 300
324 424
324 471
324 498
325 266
325 390
325 405
325 419
325 431
325 433
325 434
326 277
326 308
326 310
326 323
326 328
326 437
327 42
327 251
327 322
327 330
327 333
327 412
327 415
328 62
328 321
328 323
328 326
328 437
329 31
329 76
329 121
329 216
329 331
329 341
330 66
330 131
330 327
330 333
330 334
330 336
330 344
331 216
331 292
331 329
331 335
331 358
331 363
331 420
332 63
332 64
332 227
332 348
332 365
332 433
332 472
333 266
333 327
333 330
333 334
333 336
333 408
333 497
334 122
334 179
334 180
334 330
334 333
334 336
334 455
335 5
335 15
335 39
335 331
335 338
335 345
335 407
336 102
336 330
336 333
336 334
336 339
336 390
336 404
337 31
337 89
337 241
337 289
337 418
337 431
337 441
337 450
337 459
338 157
338 169
338 335
338 345
338 350
339 118
339 230
339 336
339 340
339 341
339 344
339 486
340 109
340 339
340 341
340 344
340 346
340 465
340 479
341 31
341 73
341 329
341 339
341 340
341 344
341 346
342 81
342 182
342 243
342 309
342 393
342 409
342 444
343 9
343 31
343 222
343 283
343 286
343 290
343 296
344 131
344 212
344 330
344 339
344 340
344 341
344 346
345 237
345 279
345 335
345 338
345 350
346 203
346 340
346 341
346 344
346 348
346 380
346 452
347 169
347 171
347 172
347 179
347 297
347 473
348 332
348 346
348 349
348 356
348 365
348 472
348 494
349 147
349 306
349 348
349 356
349 381
349 402
349 475
350 23
350 270
350 319
350 338
350 345
350 351
350 488
351 30
351 168
351 210
351 350
351 358
351 364
351 373
352 146
352 184
352 306
352 357
352 363
352 478
352 480
353 36
353 140
353 178
353 231
353 232
353 244
353 253
354 217
354 249
354 255
354 257
354 259
354 482
354 487
355 134
355 184
355 311
355 376
355 382
355 409
355 452
356 130
356 306
356 348
356 349
356 357
356 448
356 484
357 176
357 223
357 352
357 356
357 363
357 382
357 439
357 492
358 331
358 351
358 363
358 364
358 365
358 454
359 145
359 146
359 148
359 160
359 409
359 480
359 493
360 96
360 192
360 194
360 195
360 199
360 307
360 392
361 23
361 57
361 277
361 282
361 319
361 371
361 469
361 488
362 49
362 165
362 193
362 293
362 369
362 379
362 380
362 484
363 292
363 306
363 331
363 352
363 357
363 358
363 382
363 454
364 233
364 351
364 358
364 365
364 462
365 332
365 348
365 358
365 364
365 368
366 67
366 126
366 128
366 132
366 164
366 457
366 468
366 472
367 60
367 91
367 97
367 99
367 225
367 314
367 443
367 458
368 156
368 313
368 365
368 369
368 370
369 120
369 362
369 368
369 370
369 371
370 186
370 368
370 369
370 371
370 381
371 361
371 369
371 370
371 387
371 488
372 6
372 56
372 93
372 144
372 199
372 211
372 219
372 255
372 290
372 378
372 434
372 444
372 448
372 469
372 481
372 491
372 492
372 499
372 500
373 8
373 122
373 303
373 351
373 392
374 138
374 175
374 191
374 193
374 199
374 211
374 219
374 448
374 467
374 468
374 483
374 484
374 489
374 490
374 500
375 133
375 134
375 206
375 274
375 298
375 405
375 419
375 483
376 34
376 87
376 182
376 184
376 311
376 355
376 431
376 433
376 494
377 25
377 236
377 271
377 275
377 279
377 280
377 285
377 492
378 6
378 56
378 93
378 127
378 190
378 210
378 290
378 372
378 434
378 438
378 452
378 463
378 469
378 473
378 475
379 12
379 65
379 69
379 193
379 362
379 380
379 384
379 448
380 203
380 346
380 362
380 379
380 384
380 388
380 400
380 452
380 490
381 186
381 242
381 254
381 349
381 370
381 383
381 410
381 445
381 447
381 471
381 477
381 480
382 134
382 355
382 357
382 363
382 385
382 452
382 490
382 493
383 5
383 7
383 10
383 11
383 186
383 242
383 381
383 447
384 211
384 247
384 261
384 379
384 380
384 388
384 400
384 401
385 3
385 55
385 382
385 386
385 395
385 406
385 438
385 492
386 101
386 211
386 213
386 219
386 385
386 389
386 394
386 395
387 227
387 275
387 371
387 399
387 426
388 115
388 224
388 291
388 380
388 384
388 400
388 401
388 404
389 163
389 165
389 181
389 282
389 386
389 394
389 395
389 397
390 102
390 298
390 325
390 336
390 404
390 405
390 419
390 434
391 8
391 30
391 109
391 111
391 168
391 296
391 433
391 500
392 199
392 360
392 373
392 417
392 455
393 110
393 250
393 294
393 342
393 411
393 415
393 423
393 440
394 61
394 174
394 248
394 386
394 389
394 395
394 397
394 456
395 52
395 83
395 385
395 386
395 389
395 394
395 397
395 470
396 36
396 43
396 53
396 436
396 490
397 52
397 64
397 389
397 394
397 395
397 417
397 423
397 470
398 88
398 90
398 154
398 182
398 203
398 205
398 402
398 414
399 195
399 264
399 387
399 426
399 435
400 84
400 133
400 235
400 294
400 380
400 384
400 388
400 401
400 404
401 24
401 262
401 281
401 384
401 388
401 400
401 404
401 407
401 426
402 92
402 147
402 203
402 205
402 349
402 398
402 414
402 475
402 483
403 68
403 153
403 178
403 244
403 262
403 264
403 265
403 270
403 271
404 102
404 252
404 336
404 388
404 390
404 400
404 401
404 407
404 413
405 118
405 206
405 325
405 375
405 390
405 419
405 434
405 483
406 3
406 55
406 183
406 197
406 204
406 214
406 385
406 438
406 477
407 5
407 15
407 39
407 272
407 335
407 401
407 404
407 413
407 486
408 119
408 266
408 312
408 313
408 314
408 317
408 320
408 333
408 497
409 68
409 136
409 182
409 184
409 342
409 355
409 359
409 448
409 484
410 52
410 57
410 74
410 137
410 177
410 246
410 312
410 381
410 440
410 445
410 471
410 477
410 493
411 143
411 189
411 243
411 250
411 269
411 393
411 444
411 446
411 476
412 110
412 176
412 316
412 327
412 415
412 457
412 486
412 487
412 496
413 272
413 404
413 407
413 420
413 421
413 437
413 474
413 476
413 477
414 90
414 151
414 173
414 203
414 205
414 234
414 398
414 402
414 422
415 42
415 272
415 327
415 393
415 412
415 420
415 421
415 422
415 425
416 15
416 16
416 17
416 79
416 86
416 301
416 306
416 315
416 418
417 85
417 392
417 397
417 423
417 424
417 447
418 15
418 16
418 17
418 241
418 259
418 289
418 337
418 416
419 27
419 152
419 303
419 316
419 325
419 375
419 390
419 405
419 478
420 208
420 245
420 272
420 292
420 331
420 413
420 415
420 421
420 425
421 239
421 272
421 413
421 415
421 420
421 425
421 428
421 473
421 493
422 151
422 173
422 234
422 272
422 414
422 415
422 425
422 428
422 429
423 67
423 393
423 397
423 417
423 424
423 447
423 486
424 288
424 324
424 417
424 423
424 447
424 457
424 471
425 135
425 152
425 192
425 239
425 297
425 415
425 420
425 421
425 422
425 429
426 281
426 387
426 399
426 401
426 435
427 152
427 198
427 289
427 297
427 302
427 319
427 430
427 432
427 453
427 499
428 152
428 157
428 192
428 421
428 422
428 429
428 432
428 439
428 453
428 473
429 152
429 221
429 311
429 422
429 425
429 428
429 430
429 439
429 485
429 499
430 225
430 281
430 285
430 288
430 300
430 427
430 429
430 450
430 485
430 499
431 34
431 325
431 337
431 376
431 441
431 442
431 450
431 458
431 459
431 494
432 81
432 122
432 135
432 192
432 289
432 319
432 427
432 428
432 469
432 473
433 34
433 64
433 68
433 78
433 250
433 268
433 325
433 332
433 376
433 391
434 146
434 255
434 263
434 325
434 372
434 378
434 390
434 405
434 469
434 493
435 399
435 426
435 436
435 493
435 498
436 396
436 435
436 446
436 449
436 490
437 37
437 140
437 234
437 323
437 326
437 328
437 413
437 474
437 476
437 477
438 55
438 62
438 127
438 190
438 210
438 378
438 385
438 406
438 452
438 500
439 119
439 152
439 176
439 223
439 357
439 428
439 429
439 453
439 471
439 492
440 1
440 3
440 11
440 57
440 74
440 246
440 294
440 312
440 393
440 410
441 19
441 129
441 337
441 431
441 442
441 448
441 450
441 458
441 459
441 493
442 115
442 187
442 188
442 200
442 254
442 299
442 431
442 441
442 450
442 458
442 480
443 90
443 91
443 92
443 170
443 249
443 317
443 367
444 29
444 33
444 36
444 51
444 89
444 111
444 209
444 294
444 342
444 372
444 411
445 101
445 138
445 211
445 219
445 254
445 292
445 381
445 410
445 471
445 477
445 493
446 269
446 411
446 436
446 449
446 451
447 242
447 381
447 383
447 417
447 423
447 424
447 457
448 130
448 136
448 160
448 199
448 211
448 356
448 372
448 374
448 379
448 409
448 441
448 467
448 468
448 483
448 484
448 486
448 492
448 493
448 500
449 228
449 316
449 436
449 446
449 451
450 198
450 221
450 311
450 337
450 430
450 431
450 441
450 442
450 458
450 480
450 499
451 195
451 446
451 449
451 456
451 466
451 471
452 210
452 346
452 355
452 378
452 380
452 382
452 438
452 454
452 463
452 473
452 475
452 490
453 6
453 152
453 177
453 186
453 210
453 427
453 428
453 439
453 459
453 489
453 496
453 500
454 148
454 208
454 245
454 358
454 363
454 452
454 463
454 470
454 472
454 473
454 475
454 494
455 179
455 180
455 334
455 392
455 466
456 248
456 394
456 451
456 461
456 462
457 164
457 366
457 412
457 424
457 447
457 468
457 472
457 487
458 60
458 225
458 250
458 254
458 314
458 367
458 431
458 441
458 442
458 450
458 480
458 495
459 31
459 89
459 210
459 337
459 431
459 441
459 453
459 478
459 489
459 496
459 497
459 500
460 28
460 77
460 131
460 190
460 213
460 229
460 236
460 301
460 302
460 304
460 461
460 482
461 77
461 456
461 460
461 462
461 465
462 233
462 364
462 456
462 461
462 465
462 490
463 53
463 96
463 105
463 199
463 216
463 318
463 378
463 452
463 454
463 470
463 472
463 473
463 475
464 45
464 96
464 104
464 108
464 110
464 320
465 109
465 340
465 461
465 462
465 488
466 66
466 264
466 451
466 455
466 471
467 87
467 90
467 189
467 199
467 204
467 211
467 257
467 374
467 448
467 468
467 483
467 489
467 500
468 164
468 199
468 240
468 366
468 374
468 448
468 457
468 467
468 472
468 483
468 489
468 490
468 500
469 2
469 40
469 122
469 144
469 211
469 289
469 290
469 319
469 361
469 372
469 378
469 432
469 434
470 64
470 80
470 83
470 194
470 395
470 397
470 454
470 463
470 472
470 473
470 475
470 476
470 497
471 52
471 195
471 254
471 324
471 381
471 410
471 424
471 439
471 445
471 451
471 466
471 477
471 493
472 164
472 332
472 348
472 366
472 454
472 457
472 463
472 468
472 470
472 473
472 475
472 476
472 478
472 497
473 297
473 347
473 378
473 421
473 428
473 432
473 452
473 454
473 463
473 470
473 472
473 475
473 476
474 260
474 261
474 266
474 269
474 413
474 437
474 476
474 477
475 127
475 166
475 231
475 233
475 349
475 378
475 402
475 452
475 454
475 463
475 470
475 472
475 473
475 483
476 31
476 37
476 44
476 89
476 238
476 411
476 413
476 437
476 470
476 472
476 473
476 474
476 478
476 497
477 116
477 140
477 238
477 254
477 269
477 317
477 381
477 406
477 410
477 413
477 437
477 445
477 471
477 474
477 493
478 31
478 38
478 89
478 152
478 241
478 279
478 287
478 303
478 352
478 419
478 459
478 472
478 476
478 485
478 497
479 218
479 220
479 222
479 223
479 305
479 340
480 12
480 51
480 54
480 65
480 69
480 116
480 254
480 256
480 352
480 359
480 381
480 442
480 450
480 458
480 497
481 189
481 199
481 204
481 211
481 219
481 226
481 273
481 278
481 285
481 372
481 492
481 499
481 500
482 131
482 177
482 217
482 236
482 301
482 304
482 354
482 460
482 487
483 127
483 206
483 270
483 374
483 375
483 402
483 405
483 448
483 467
483 468
483 475
483 485
483 486
483 489
483 490
484 34
484 136
484 160
484 356
484 362
484 374
484 409
484 448
484 485
484 486
484 489
484 490
484 493
484 494
484 499
485 34
485 62
485 103
485 198
485 295
485 302
485 429
485 430
485 478
485 483
485 484
485 486
485 489
485 490
485 494
486 16
486 34
486 42
486 110
486 118
486 339
486 407
486 412
486 423
486 448
486 483
486 484
486 485
486 489
486 490
486 494
487 176
487 354
487 412
487 457
487 482
487 496
488 232
488 350
488 361
488 371
488 465
488 495
489 122
489 161
489 162
489 169
489 210
489 242
489 374
489 453
489 459
489 467
489 468
489 483
489 484
489 485
489 486
489 490
489 500
490 203
490 218
490 233
490 374
490 380
490 382
490 396
490 436
490 452
490 462
490 468
490 483
490 484
490 485
490 486
490 489
490 494
491 43
491 204
491 211
491 219
491 257
491 273
491 278
491 285
491 372
491 492
491 494
491 499
492 13
492 25
492 176
492 199
492 205
492 211
492 219
492 357
492 372
492 377
492 385
492 439
492 448
492 481
492 491
492 499
492 500
493 52
493 86
493 130
493 160
493 265
493 359
493 382
493 410
493 421
493 434
493 435
493 441
493 445
493 448
493 471
493 477
493 484
493 498
494 17
494 34
494 62
494 78
494 127
494 159
494 190
494 268
494 276
494 348
494 376
494 431
494 454
494 484
494 485
494 486
494 490
494 491
495 231
495 232
495 314
495 458
495 488
496 176
496 316
496 412
496 453
496 459
496 487
496 500
497 4
497 31
497 75
497 89
497 92
497 97
497 119
497 123
497 145
497 183
497 271
497 333
497 408
497 459
497 470
497 472
497 476
497 478
497 480
498 230
498 233
498 238
498 324
498 435
498 493
499 103
499 198
499 211
499 219
499 295
499 302
499 311
499 372
499 427
499 429
499 430
499 450
499 481
499 484
499 491
499 492
500 35
500 122
500 139
500 199
500 210
500 211
500 256
500 372
500 374
500 391
500 438
500 448
500 453
500 459
500 467
500 468
500 481
500 489
500 492
500 496
