1 37
2 41
3 31
4 7
5 16
6 29
7 44
8 26
9 9
10 49
11 2
12 16
13 41
14 45
15 13
16 3
17 7
18 7
19 21
20 27
21 46
22 47
23 4
24 34
25 18
26 49
27 5
28 9
29 47
30 44
31 2
32 8
33 13
34 18
35 32
36 34
37 30
38 23
39 8
40 37
41 48
42 34
43 7
44 21
45 49
46 12
47 40
48 7
49 20
50 46
51 9
52 45
53 12
54 46
55 6
56 23
57 28
58 36
59 14
60 29
61 33
62 3
63 42
64 33
65 26
66 15
67 47
68 20
69 3
70 5
71 4
72 12
73 16
74 31
75 11
76 40
77 20
78 8
79 20
80 45
81 41
82 44
83 28
84 8
85 33
86 39
87 2
88 18
89 37
90 23
91 29
92 47
93 17
94 15
95 36
96 7
97 25
98 40
99 12
100 49
101 37
102 35
103 18
104 46
105 11
106 41
107 11
108 44
109 45
110 47
111 41
112 19
113 49
114 43
115 3
116 5
117 35
118 19
119 18
120 39
121 29
122 12
123 14
124 37
125 34
126 2
127 24
128 6
129 6
130 14
131 49
132 47
133 34
134 26
135 41
136 12
137 45
138 18
139 12
140 17
141 41
142 11
143 10
144 4
145 22
146 23
147 8
148 19
149 44
150 46
151 33
152 31
153 26
154 10
155 8
156 5
157 7
158 41
159 6
160 18
161 36
162 30
163 2
164 17
165 41
166 19
167 6
168 18
169 33
170 48
171 46
172 15
173 29
174 40
175 37
176 23
177 2
178 46
179 10
180 17
181 4
182 39
183 7
184 48
185 42
186 36
187 15
188 23
189 35
190 11
191 23
192 47
193 12
194 10
195 7
196 30
197 46
198 22
199 46
200 20
201 47
202 9
203 18
204 17
205 47
206 47
207 18
208 48
209 31
210 5
211 41
212 30
213 45
214 32
215 41
216 40
217 23
218 47
219 22
220 1
221 32
222 2
223 46
224 3
225 20
226 47
227 8
228 34
229 25
230 41
231 45
232 15
233 20
234 14
235 40
236 32
237 37
238 33
239 34
240 14
241 5
242 41
243 29
244 8
245 13
246 14
247 31
248 24
249 5
250 9
251 2
252 44
253 22
254 25
255 25
256 19
257 34
258 43
259 20
260 49
261 13
262 49
263 17
264 11
265 42
266 29
267 42
268 18
269 11
270 48
271 45
272 30
273 4
274 19
275 41
276 27
277 26
278 41
279 14
280 17
281 18
282 6
283 22
284 47
285 12
286 28
287 49
288 42
289 42
290 40
291 10
292 29
293 3
294 28
295 45
296 7
297 32
298 5
299 33
300 33
301 43
302 48
303 7
304 29
305 44
306 44
307 37
308 47
309 44
310 14
311 33
312 7
313 10
314 34
315 12
316 27
317 44
318 24
319 9
320 1
321 1
322 19
323 6
324 26
325 42
326 24
327 24
328 10
329 45
330 38
331 46
332 34
333 32
334 32
335 6
336 35
337 43
338 21
339 15
340 25
341 26
342 42
343 29
344 46
345 33
346 25
347 25
348 7
349 21
350 25
351 6
352 11
353 49
354 45
355 31
356 7
357 12
358 7
359 38
360 46
361 38
362 2
363 7
364 23
365 2
366 22
367 1
368 23
369 1
370 18
371 25
372 42
373 43
374 34
375 29
376 35
377 7
378 10
379 8
380 44
381 45
382 40
383 2
384 48
385 18
386 13
387 27
388 46
389 5
390 13
391 35
392 6
393 29
394 49
395 43
396 34
397 48
398 25
399 16
400 17
401 12
402 14
403 47
404 47
405 7
406 45
407 3
408 34
409 18
410 13
411 46
412 33
413 9
414 45
415 5
416 27
417 32
418 48
419 24
420 21
421 47
422 38
423 7
424 39
425 12
426 7
427 19
428 27
429 6
430 48
431 46
432 5
433 28
434 44
435 10
436 39
437 12
438 7
439 1
440 44
441 33
442 47
443 38
444 49
445 5
446 32
447 47
448 40
449 23
450 47
451 47
452 23
453 42
454 12
455 45
456 20
457 19
458 2
459 39
460 33
461 43
462 28
463 37
464 36
465 14
466 36
467 18
468 23
469 6
470 16
471 8
472 30
473 39
474 39
475 46
476 43
477 43
478 42
479 46
480 41
481 34
482 45
483 26
484 46
485 24
486 45
487 38
488 49
489 39
490 45
491 5
492 4
493 7
494 1
495 11
496 49
497 41
498 12
499 11
500 10
