1 15
2 15
3 19
4 26
5 21
6 13
7 41
8 41
9 1
10 41
11 2
12 17
13 40
14 29
15 11
16 17
17 24
18 30
19 4
20 3
21 3
22 1
23 26
24 17
25 19
26 31
27 29
28 10
29 24
30 34
31 7
32 14
33 16
34 35
35 30
36 35
37 42
38 25
39 17
40 9
41 26
42 24
43 6
44 42
45 36
46 1
47 19
48 38
49 25
50 26
51 22
52 7
53 24
54 28
55 22
56 36
57 30
58 5
59 42
60 4
61 28
62 27
63 41
64 15
65 15
66 20
67 30
68 10
69 25
70 5
71 1
72 8
73 27
74 6
75 32
76 17
77 8
78 26
79 12
80 27
81 15
82 2
83 37
84 1
85 33
86 12
87 26
88 10
89 2
90 13
91 2
92 38
93 2
94 30
95 9
96 33
97 23
98 12
99 25
100 37
101 39
102 28
103 32
104 4
105 13
106 21
107 18
108 18
109 20
110 11
111 11
112 19
113 31
114 16
115 12
116 11
117 14
118 33
119 6
120 17
121 1
122 28
123 1
124 18
125 2
126 40
127 8
128 10
129 38
130 11
131 15
132 42
133 16
134 33
135 17
136 22
137 34
138 13
139 16
140 16
141 24
142 6
143 7
144 31
145 36
146 20
147 28
148 13
149 17
150 27
151 11
152 36
153 39
154 13
155 17
156 31
157 12
158 24
159 22
160 22
161 11
162 3
163 26
164 13
165 22
166 22
167 14
168 1
169 22
170 38
171 16
172 35
173 3
174 14
175 17
176 15
177 17
178 9
179 22
180 22
181 25
182 7
183 4
184 18
185 22
186 20
187 4
188 5
189 16
190 2
191 22
192 10
193 14
194 29
195 3
196 38
197 20
198 26
199 26
200 24
201 25
202 33
203 9
204 12
205 19
206 28
207 35
208 12
209 14
210 24
211 1
212 27
213 18
214 25
215 11
216 12
217 16
218 38
219 11
220 40
221 12
222 32
223 14
224 20
225 14
226 19
227 6
228 22
229 30
230 7
231 36
232 16
233 25
234 11
235 35
236 35
237 20
238 16
239 13
240 14
241 42
242 24
243 24
244 16
245 30
246 19
247 21
248 25
249 36
250 1
251 16
252 17
253 33
254 40
255 39
256 28
257 23
258 18
259 32
260 34
261 8
262 2
263 8
264 11
265 17
266 1
267 22
268 10
269 27
270 10
271 7
272 26
273 26
274 9
275 22
276 33
277 34
278 18
279 5
280 2
281 42
282 28
283 11
284 14
285 8
286 6
287 37
288 7
289 30
290 3
291 15
292 9
293 30
294 32
295 5
296 10
297 2
298 24
299 23
300 35
301 12
302 26
303 36
304 7
305 6
306 1
307 41
308 8
309 35
310 16
311 30
312 35
313 34
314 18
315 14
316 3
317 18
318 25
319 27
320 16
321 19
322 35
323 17
324 27
325 35
326 38
327 2
328 32
329 32
330 20
331 24
332 10
333 33
334 23
335 29
336 39
337 10
338 30
339 20
340 2
341 16
342 4
343 35
344 20
345 35
346 28
347 9
348 19
349 30
350 37
351 9
352 16
353 24
354 3
355 20
356 33
357 26
358 39
359 36
360 17
361 26
362 13
363 23
364 25
365 11
366 26
367 2
368 1
369 25
370 15
371 38
372 8
373 9
374 14
375 18
376 6
377 27
378 27
379 27
380 11
381 1
382 27
383 26
384 11
385 5
386 38
387 3
388 3
389 16
390 19
391 33
392 18
393 39
394 32
395 17
396 42
397 2
398 19
399 31
400 25
401 3
402 32
403 23
404 35
405 24
406 39
407 32
408 29
409 15
410 13
411 25
412 19
413 24
414 26
415 10
416 39
417 1
418 12
419 7
420 36
421 27
422 15
423 17
424 25
425 1
426 16
427 36
428 40
429 6
430 42
431 27
432 16
433 15
434 37
435 7
436 7
437 17
438 11
439 10
440 11
441 22
442 7
443 30
444 38
445 2
446 35
447 25
448 35
449 19
450 22
451 1
452 1
453 16
454 35
455 15
456 28
457 15
458 1
459 14
460 27
461 27
462 18
463 28
464 3
465 28
466 26
467 24
468 35
469 7
470 30
471 7
472 14
473 30
474 30
475 22
476 42
477 7
478 16
479 19
480 16
481 23
482 21
483 24
484 11
485 21
486 14
487 7
488 25
489 29
490 16
491 22
492 24
493 30
494 18
495 35
496 22
497 11
498 15
499 24
500 22
