1 70
1 141
1 188
1 213
1 344
1 394
1 409
1 430
1 453
1 460
1 467
2 176
2 192
2 231
2 287
2 305
2 353
2 432
3 5
3 100
3 147
3 206
3 317
3 339
3 395
3 463
4 35
4 52
4 83
4 134
4 172
4 180
4 195
4 281
4 329
4 400
4 431
5 3
5 85
5 181
5 272
5 383
5 397
5 426
5 433
5 470
6 8
6 135
6 144
6 164
6 208
6 227
6 278
6 435
6 447
6 449
6 494
6 500
7 34
7 62
7 98
7 267
7 273
8 6
8 74
8 194
8 212
8 361
8 366
8 459
9 22
9 116
9 186
9 306
9 488
10 11
10 380
10 482
10 486
10 489
10 496
11 10
11 72
11 335
11 406
11 407
11 418
12 27
12 28
12 44
12 88
12 132
12 243
12 269
12 274
12 345
12 384
12 437
12 442
12 465
12 471
13 123
13 135
13 449
13 494
13 500
14 75
14 88
14 163
14 290
14 303
14 424
15 227
15 232
15 447
15 449
15 500
16 17
16 20
16 47
16 136
16 167
16 222
16 236
16 244
16 292
16 359
17 16
17 141
17 344
17 460
17 467
18 22
18 57
18 65
18 127
18 151
18 332
18 369
18 440
18 461
19 79
19 129
19 139
19 315
19 328
19 343
20 16
20 47
20 136
20 167
20 292
21 29
21 49
21 125
21 187
21 295
21 404
22 9
22 18
22 51
22 116
22 124
22 175
22 186
22 233
22 306
22 307
22 308
22 310
22 386
22 444
22 488
23 150
23 202
23 204
23 207
23 364
24 25
24 96
24 140
24 199
24 248
24 265
24 312
25 24
25 36
25 43
25 286
25 425
26 27
26 174
26 229
26 252
26 324
26 325
26 347
26 365
26 368
26 380
26 436
26 443
26 480
26 482
26 486
26 487
26 489
26 496
27 12
27 26
27 28
27 243
27 269
27 274
27 345
27 384
27 437
27 438
27 442
28 12
28 27
28 36
28 437
28 465
29 21
29 49
29 125
29 187
29 337
30 200
30 298
30 327
30 355
30 382
31 90
31 130
31 215
31 255
31 260
31 271
31 297
31 370
31 441
32 37
32 41
32 162
32 433
32 470
33 56
33 113
33 182
33 304
33 338
33 387
34 7
34 62
34 80
34 98
34 230
34 267
34 291
35 4
35 52
35 153
35 172
35 180
35 190
35 195
35 329
35 431
36 25
36 28
36 43
36 237
36 286
36 363
37 32
37 41
37 311
37 433
37 470
38 39
38 200
38 298
38 355
38 382
39 38
39 78
39 107
39 185
39 223
40 157
40 279
40 409
40 460
40 467
41 32
41 37
41 42
41 89
41 470
42 41
42 60
42 63
42 143
42 145
42 318
42 381
43 25
43 36
43 44
43 237
43 286
43 363
43 425
44 12
44 43
44 243
44 384
44 437
44 442
45 54
45 179
45 193
45 197
45 348
45 403
46 64
46 234
46 288
46 319
46 452
47 16
47 20
47 159
47 244
47 359
48 73
48 103
48 109
48 114
48 160
48 189
48 300
48 326
48 369
48 410
48 411
48 427
48 450
48 454
48 476
48 485
49 21
49 29
49 125
49 187
49 337
49 404
50 131
50 279
50 282
50 416
50 469
50 474
51 22
51 116
51 124
51 175
51 186
51 233
51 306
51 307
51 308
51 310
51 386
51 444
51 472
51 488
52 4
52 35
52 55
52 180
52 195
52 400
52 431
53 111
53 423
53 490
53 497
54 45
54 169
54 323
54 420
54 475
55 52
55 67
55 95
55 211
55 225
55 301
55 323
55 341
55 420
55 451
55 475
56 33
56 58
56 113
56 182
56 284
56 304
56 338
56 387
57 18
57 65
57 127
57 151
57 332
57 369
57 440
58 56
58 241
58 266
58 373
58 429
59 146
59 192
59 231
59 415
59 432
60 42
60 118
60 143
60 354
60 381
60 393
61 144
61 447
61 449
61 494
61 500
62 7
62 34
62 80
62 98
62 273
63 42
63 143
63 318
63 354
63 381
64 46
64 155
64 264
64 277
64 452
65 18
65 57
65 332
65 369
65 440
66 73
66 380
66 486
66 489
66 496
67 55
67 225
67 301
67 341
67 475
68 234
68 277
68 319
68 402
68 452
69 368
69 380
69 482
69 486
69 496
70 1
70 213
70 344
70 394
70 409
70 430
70 460
70 467
71 194
71 212
71 366
71 459
71 466
72 11
72 119
72 316
72 335
72 406
72 407
72 418
73 48
73 66
73 410
73 454
73 493
74 8
74 77
74 361
74 366
74 466
75 14
75 88
75 210
75 290
75 424
76 97
76 165
76 204
76 364
77 74
77 218
77 219
77 283
77 313
77 330
78 39
78 81
78 107
78 156
78 185
78 223
78 289
78 495
79 19
79 121
79 215
79 328
79 343
80 34
80 62
80 98
80 273
80 291
80 342
81 78
81 115
81 220
81 333
81 362
82 154
82 352
82 405
82 419
83 4
83 172
83 329
83 400
83 431
84 87
84 127
84 332
84 369
84 461
85 5
85 181
85 383
85 433
85 470
86 200
86 298
86 355
86 356
86 382
87 84
87 128
87 280
87 351
87 385
87 398
87 479
88 12
88 14
88 75
88 163
88 209
88 210
88 424
88 471
89 41
89 162
89 397
89 433
89 470
90 31
90 91
90 130
90 255
90 297
90 370
90 378
90 441
91 90
91 101
91 214
91 240
91 334
91 414
92 93
92 94
92 282
92 469
92 474
93 92
93 423
93 481
93 490
93 497
93 498
94 92
94 96
94 388
94 416
94 469
94 474
95 55
95 211
95 396
95 420
95 475
96 24
96 94
96 140
96 199
96 248
96 312
96 457
97 76
97 165
97 207
97 364
98 7
98 34
98 62
98 80
98 102
98 221
98 230
98 267
98 291
98 342
99 246
99 316
99 406
99 407
99 421
100 3
100 206
100 296
100 331
100 339
101 91
101 149
101 173
101 201
101 214
101 240
102 98
102 423
102 481
102 497
102 498
103 48
103 108
103 326
103 454
103 476
103 493
104 380
104 482
104 489
104 496
105 120
105 149
105 214
105 334
105 414
106 115
106 294
106 333
106 362
106 422
107 39
107 78
107 185
107 223
107 364
107 495
108 103
108 142
108 219
108 313
108 330
109 48
109 111
109 160
109 326
109 410
109 411
109 450
109 476
109 493
110 226
110 245
110 259
110 276
110 390
111 53
111 109
111 137
111 158
111 293
111 322
111 372
111 401
111 412
111 423
111 471
111 481
111 490
111 497
111 498
112 128
112 242
112 360
112 376
112 385
113 33
113 56
113 182
113 284
113 387
114 48
114 326
114 454
114 476
114 493
115 81
115 106
115 118
115 220
115 235
115 333
115 362
115 422
116 9
116 22
116 51
116 306
116 308
116 386
116 477
116 488
117 175
117 306
117 308
117 472
117 488
118 60
118 115
118 143
118 381
118 393
119 72
119 198
119 246
119 316
119 335
119 406
119 407
119 418
119 421
119 455
119 483
120 105
120 173
120 201
120 214
120 414
121 79
121 129
121 139
121 315
121 328
122 298
122 327
122 355
122 357
122 382
123 13
123 135
123 288
123 447
123 449
123 494
123 500
124 22
124 51
124 175
124 233
124 306
124 308
124 386
124 472
124 473
124 488
125 21
125 29
125 49
125 295
125 404
126 130
126 260
126 309
126 370
126 441
127 18
127 57
127 84
127 151
127 302
127 332
127 369
127 392
127 497
128 87
128 112
128 351
128 360
128 376
128 398
128 479
129 19
129 121
129 215
129 328
129 343
130 31
130 90
130 126
130 131
130 196
130 255
130 271
130 297
130 309
130 370
130 441
130 464
131 50
131 130
131 261
131 263
131 279
131 282
131 388
131 416
131 458
131 469
131 474
132 12
132 243
132 384
132 437
132 465
133 239
133 247
133 249
133 253
133 358
134 4
134 135
134 172
134 180
134 329
134 431
135 6
135 13
135 123
135 134
135 203
135 227
135 278
135 447
135 494
135 500
136 16
136 20
136 139
136 244
136 292
136 359
137 111
137 158
137 423
137 471
137 481
137 490
137 497
137 498
138 239
138 247
138 249
138 253
139 19
139 121
139 136
139 215
139 328
140 24
140 96
140 148
140 199
140 248
140 265
140 320
140 346
140 375
140 445
140 457
141 1
141 17
141 143
141 213
141 344
141 460
141 467
142 108
142 219
142 270
142 313
142 330
142 491
143 42
143 60
143 63
143 118
143 141
143 145
143 318
143 354
143 381
143 393
144 6
144 61
144 146
144 208
144 500
145 42
145 143
145 318
145 354
145 381
146 59
146 144
146 184
146 415
146 432
147 3
147 317
147 331
147 395
147 463
148 140
148 265
148 312
148 375
148 457
149 101
149 105
149 150
149 334
149 414
150 23
150 149
150 202
150 204
150 207
150 364
151 18
151 57
151 127
151 332
151 369
151 392
151 440
152 154
152 177
152 191
152 352
152 405
152 408
152 417
153 35
153 154
153 180
153 329
153 400
153 431
154 82
154 152
154 153
154 177
154 205
154 352
154 405
154 408
154 417
154 419
155 64
155 156
155 251
155 264
155 277
155 319
155 340
155 402
155 452
156 78
156 155
156 185
156 223
156 289
156 495
157 40
157 190
157 409
157 460
157 467
158 111
158 137
158 293
158 322
158 372
158 401
158 412
158 423
158 471
158 481
158 490
158 497
158 498
159 47
159 167
159 244
159 359
160 48
160 109
160 161
160 326
160 410
160 411
160 427
160 450
160 454
160 476
160 493
161 160
161 216
161 224
161 389
161 492
162 32
162 89
162 272
162 311
162 426
163 14
163 88
163 165
163 210
163 290
163 424
164 6
164 208
164 278
164 391
164 447
164 500
165 76
165 97
165 163
165 202
165 204
165 364
165 371
166 167
166 254
166 259
166 275
166 374
166 439
166 478
167 16
167 20
167 159
167 166
167 244
167 359
168 178
168 194
168 212
168 361
168 366
168 486
169 54
169 225
169 341
169 420
169 451
169 475
170 173
170 282
170 388
170 416
170 469
170 474
171 200
171 327
171 355
171 357
171 382
172 4
172 35
172 83
172 134
172 180
172 281
173 101
173 120
173 170
173 214
173 334
173 414
174 26
174 175
174 368
174 380
174 436
174 482
174 486
174 487
174 489
174 496
175 22
175 51
175 117
175 124
175 174
175 473
176 2
176 192
176 305
176 353
176 415
176 432
177 152
177 154
177 179
177 205
177 352
177 405
178 168
178 194
178 212
178 361
178 366
178 459
179 45
179 177
179 193
179 348
179 403
179 434
180 4
180 35
180 52
180 134
180 153
180 172
180 182
180 190
180 195
180 281
180 329
180 400
180 431
181 5
181 85
181 383
181 426
181 433
181 470
182 33
182 56
182 113
182 180
182 284
182 387
183 186
183 243
183 345
183 384
183 465
184 146
184 192
184 287
184 299
184 353
184 415
185 39
185 78
185 107
185 156
185 289
185 495
186 9
186 22
186 51
186 183
186 308
186 386
186 477
186 488
187 21
187 29
187 49
187 295
187 337
187 404
188 1
188 213
188 409
188 430
188 453
188 467
189 48
189 326
189 410
189 454
189 476
189 493
190 35
190 157
190 180
190 195
190 400
190 431
191 152
191 192
191 205
191 352
191 405
192 2
192 59
192 176
192 184
192 191
192 231
192 287
192 305
192 353
192 415
192 432
193 45
193 179
193 197
193 348
193 403
193 434
194 8
194 71
194 168
194 178
194 459
194 466
195 4
195 35
195 52
195 180
195 190
195 281
196 130
196 260
196 271
196 297
196 370
196 441
197 45
197 193
197 403
197 434
197 465
198 119
198 201
198 316
198 335
198 406
198 407
198 418
198 455
199 24
199 96
199 140
199 248
199 312
199 457
200 30
200 38
200 86
200 171
200 327
200 357
200 382
201 101
201 120
201 198
201 214
201 240
201 334
201 414
202 23
202 150
202 165
202 204
202 207
202 371
203 135
203 278
203 435
203 449
203 494
203 500
204 23
204 76
204 150
204 165
204 202
204 371
205 154
205 177
205 191
205 352
205 405
205 417
206 3
206 100
206 296
206 331
206 395
206 428
206 463
207 23
207 97
207 150
207 202
207 364
207 371
208 6
208 144
208 164
208 227
208 278
208 447
208 449
208 468
208 494
208 500
209 88
209 210
209 290
210 75
210 88
210 163
210 209
210 290
210 424
211 55
211 95
211 214
211 225
211 323
211 341
211 379
211 396
211 420
211 451
211 475
212 8
212 71
212 168
212 178
212 361
212 366
213 1
213 70
213 141
213 188
213 344
213 409
213 430
213 453
213 467
214 91
214 101
214 105
214 120
214 173
214 201
214 211
214 334
214 414
215 31
215 79
215 129
215 139
215 315
215 328
216 161
216 224
216 302
216 389
216 484
216 492
217 219
217 266
217 356
217 373
217 429
218 77
218 219
218 270
218 283
218 330
218 491
219 77
219 108
219 142
219 217
219 218
219 270
219 283
219 313
219 330
219 491
220 81
220 115
220 235
220 333
220 422
221 98
221 222
221 230
221 273
221 291
221 342
222 16
222 221
222 236
222 292
222 359
223 39
223 78
223 107
223 156
223 225
223 495
224 161
224 216
224 228
224 302
224 389
224 492
225 55
225 67
225 169
225 211
225 223
225 250
225 256
225 301
225 323
225 475
226 110
226 238
226 245
226 272
226 275
226 276
226 336
226 367
226 377
227 6
227 15
227 135
227 208
227 228
227 278
227 447
227 449
227 462
227 494
227 500
228 224
228 227
228 389
228 492
229 26
229 230
229 368
229 436
229 486
229 487
230 34
230 98
230 221
230 229
230 273
231 2
231 59
231 192
231 287
231 415
231 432
232 15
232 462
232 494
232 500
233 22
233 51
233 124
233 306
233 307
233 308
233 310
233 386
233 444
233 488
234 46
234 68
234 264
234 319
234 402
234 452
235 115
235 220
235 236
235 333
235 422
236 16
236 222
236 235
236 292
236 359
237 36
237 43
237 241
237 286
237 363
237 425
238 226
238 245
238 268
238 276
238 390
239 133
239 138
239 247
239 249
239 358
240 91
240 101
240 201
240 414
241 58
241 237
241 257
241 314
241 321
241 356
241 429
242 112
242 360
242 376
242 385
242 398
242 479
243 12
243 27
243 44
243 132
243 183
243 245
243 269
243 274
243 345
243 437
243 438
243 442
243 465
244 16
244 47
244 136
244 159
244 167
244 292
245 110
245 226
245 238
245 243
245 268
245 276
245 336
245 367
245 390
246 99
246 119
246 248
246 335
246 418
246 483
247 133
247 138
247 239
247 253
247 358
248 24
248 96
248 140
248 199
248 246
248 265
248 312
248 457
249 133
249 138
249 239
249 250
249 253
249 358
250 225
250 249
250 256
250 341
250 420
250 475
251 155
251 256
251 264
251 288
251 319
251 340
251 402
251 452
252 26
252 380
252 436
252 482
252 486
252 489
253 133
253 138
253 247
253 249
253 358
254 166
254 259
254 275
254 374
254 439
254 478
255 31
255 90
255 130
255 271
255 370
255 378
255 464
256 225
256 250
256 251
256 341
256 420
256 451
256 475
257 241
257 314
257 321
257 356
257 429
258 380
258 436
258 482
258 489
258 496
259 110
259 166
259 254
259 275
259 439
259 478
260 31
260 126
260 196
260 261
260 297
260 370
261 131
261 260
261 282
261 416
261 458
261 469
261 474
262 323
262 379
262 420
262 451
262 475
263 131
263 282
263 388
263 413
263 458
263 469
263 474
264 64
264 155
264 234
264 251
264 267
264 319
264 340
264 402
264 452
265 24
265 140
265 148
265 248
265 375
265 457
266 58
266 217
266 321
266 356
266 429
267 7
267 34
267 98
267 264
267 273
267 291
267 342
268 238
268 245
268 269
268 276
268 377
268 390
269 12
269 27
269 243
269 268
269 384
269 437
269 465
270 142
270 218
270 219
270 271
270 283
270 313
270 330
270 491
271 31
271 130
271 196
271 255
271 270
271 370
271 441
271 464
272 5
272 162
272 226
272 311
272 350
272 383
272 397
272 426
272 470
273 7
273 62
273 80
273 221
273 230
273 267
273 291
274 12
274 27
274 243
274 345
274 437
274 442
274 465
275 166
275 226
275 254
275 259
275 374
275 439
275 478
276 110
276 226
276 238
276 245
276 268
276 336
276 367
276 377
277 64
277 68
277 155
277 402
277 452
278 6
278 135
278 164
278 203
278 208
278 227
278 435
278 447
278 449
278 494
278 500
279 40
279 50
279 131
279 282
279 416
279 469
279 474
280 87
280 351
280 385
280 398
281 4
281 172
281 180
281 195
281 282
281 400
281 431
282 50
282 92
282 131
282 170
282 261
282 263
282 279
282 281
282 413
282 456
282 458
282 474
283 77
283 218
283 219
283 270
283 284
283 330
283 491
284 56
284 113
284 182
284 283
284 304
284 338
284 387
285 286
285 423
285 490
285 497
285 498
286 25
286 36
286 43
286 237
286 285
286 363
286 425
287 2
287 184
287 192
287 231
287 299
287 353
287 415
287 432
288 46
288 123
288 251
288 319
288 340
288 402
288 452
289 78
289 156
289 185
289 495
290 14
290 75
290 163
290 209
290 210
290 303
290 424
291 34
291 80
291 98
291 221
291 267
291 273
291 342
292 16
292 20
292 136
292 222
292 236
292 244
292 359
293 111
293 158
293 423
293 481
293 490
293 497
293 498
294 106
294 333
294 362
294 422
295 21
295 125
295 187
295 296
295 337
295 404
296 100
296 206
296 295
296 331
296 339
296 395
296 428
296 463
297 31
297 90
297 130
297 196
297 260
297 378
298 30
298 38
298 86
298 122
298 327
298 357
299 184
299 287
299 353
299 415
299 432
300 48
300 301
300 410
300 454
300 493
301 55
301 67
301 225
301 300
301 341
301 420
301 451
301 475
302 127
302 216
302 224
302 389
302 497
303 14
303 290
303 308
303 424
304 33
304 56
304 284
304 338
304 387
305 2
305 176
305 192
305 310
305 353
305 415
305 432
306 9
306 22
306 51
306 116
306 117
306 124
306 233
306 308
306 310
306 386
306 477
306 484
306 488
307 22
307 51
307 233
307 310
307 386
307 444
307 488
308 22
308 51
308 116
308 117
308 124
308 186
308 233
308 303
308 306
308 310
308 386
308 477
308 488
309 126
309 130
309 370
309 441
309 464
310 22
310 51
310 233
310 305
310 306
310 307
310 308
310 386
310 444
310 488
311 37
311 162
311 272
311 312
311 350
311 397
311 426
312 24
312 96
312 148
312 199
312 248
312 311
312 320
312 346
312 375
312 445
313 77
313 108
313 142
313 219
313 270
313 330
313 491
314 241
314 257
314 316
314 321
314 429
315 19
315 121
315 215
315 328
315 343
316 72
316 99
316 119
316 198
316 314
316 335
316 406
316 407
316 418
316 421
316 483
317 3
317 147
317 395
317 428
317 463
318 42
318 63
318 143
318 145
318 324
318 381
319 46
319 68
319 155
319 234
319 251
319 264
319 288
319 402
319 452
320 140
320 312
320 325
320 346
320 445
321 241
321 257
321 266
321 314
321 356
321 373
321 429
322 111
322 158
322 423
322 481
322 490
322 497
322 498
323 54
323 55
323 211
323 225
323 262
323 341
323 420
324 26
324 318
324 380
324 436
324 482
324 489
324 496
325 26
325 320
325 380
325 436
325 486
325 489
325 496
326 48
326 103
326 109
326 114
326 160
326 189
326 327
326 399
326 410
326 411
326 427
326 450
326 454
326 476
326 485
326 493
327 30
327 122
327 171
327 200
327 298
327 326
327 355
327 382
328 19
328 79
328 121
328 129
328 139
328 215
328 315
328 343
329 4
329 35
329 83
329 134
329 153
329 180
329 400
329 431
330 77
330 108
330 142
330 218
330 219
330 270
330 283
330 313
330 334
330 491
331 100
331 147
331 206
331 296
331 395
331 463
332 18
332 57
332 65
332 84
332 127
332 151
332 440
332 461
333 81
333 106
333 115
333 220
333 235
333 294
333 362
333 422
334 91
334 105
334 149
334 173
334 201
334 214
334 330
334 414
335 11
335 72
335 119
335 198
335 246
335 316
335 339
335 407
336 226
336 245
336 276
336 390
337 29
337 49
337 187
337 295
337 404
338 33
338 56
338 284
338 304
338 387
339 3
339 100
339 296
339 335
339 428
340 155
340 251
340 264
340 288
340 342
340 452
341 55
341 67
341 169
341 211
341 250
341 256
341 301
341 323
342 80
342 98
342 221
342 267
342 291
342 340
343 19
343 79
343 129
343 315
343 328
343 385
343 498
344 1
344 17
344 70
344 141
344 213
344 346
344 394
344 460
345 12
345 27
345 183
345 243
345 274
345 384
345 437
345 442
346 140
346 312
346 320
346 344
346 445
346 457
347 26
347 368
347 380
347 436
347 482
347 486
347 489
347 496
348 45
348 179
348 193
348 349
348 403
349 348
349 423
349 481
349 490
349 497
349 498
350 272
350 311
350 383
350 397
350 433
350 470
351 87
351 128
351 280
351 360
351 376
351 385
351 398
351 479
352 82
352 152
352 154
352 177
352 191
352 205
352 353
352 408
352 417
352 419
353 2
353 176
353 184
353 192
353 287
353 299
353 305
353 352
354 60
354 63
354 143
354 145
354 381
355 30
355 38
355 86
355 122
355 171
355 327
355 357
355 382
356 86
356 217
356 241
356 257
356 266
356 321
356 373
356 429
357 122
357 171
357 200
357 298
357 355
357 358
357 382
358 133
358 239
358 247
358 249
358 253
358 357
359 16
359 47
359 136
359 159
359 167
359 222
359 236
359 292
360 112
360 128
360 242
360 351
360 376
360 398
360 479
361 8
361 74
361 168
361 178
361 212
361 362
361 459
361 466
362 81
362 106
362 115
362 294
362 333
362 361
362 422
363 36
363 43
363 237
363 286
364 23
364 76
364 97
364 107
364 150
364 165
364 207
364 371
365 26
365 380
365 482
365 486
365 489
365 496
366 8
366 71
366 74
366 168
366 178
366 212
366 459
366 466
367 226
367 245
367 276
367 368
367 390
368 26
368 69
368 174
368 229
368 347
368 367
368 436
368 443
368 480
368 482
368 487
368 496
369 18
369 48
369 57
369 65
369 84
369 127
369 151
369 392
369 440
369 461
370 31
370 90
370 126
370 130
370 196
370 255
370 260
370 271
370 309
370 371
370 378
370 441
370 464
371 165
371 202
371 204
371 207
371 364
371 370
372 111
372 158
372 377
372 401
372 412
372 423
372 471
372 481
372 490
372 497
372 498
373 58
373 217
373 321
373 356
373 429
374 166
374 254
374 275
374 439
374 478
375 140
375 148
375 265
375 312
376 112
376 128
376 242
376 351
376 360
376 398
376 479
377 226
377 268
377 276
377 372
377 390
378 90
378 255
378 297
378 370
378 379
378 441
379 211
379 262
379 378
379 451
379 475
380 10
380 26
380 66
380 69
380 104
380 174
380 252
380 258
380 324
380 325
380 347
380 365
380 436
380 443
380 482
381 42
381 60
381 63
381 118
381 143
381 145
381 318
381 354
381 393
382 30
382 38
382 86
382 122
382 171
382 200
382 327
382 355
382 357
383 5
383 85
383 181
383 272
383 350
383 386
383 397
383 426
383 433
384 12
384 27
384 44
384 132
384 183
384 269
384 345
384 442
384 465
385 87
385 112
385 242
385 280
385 343
385 351
385 398
385 479
385 498
386 22
386 51
386 116
386 124
386 186
386 233
386 306
386 307
386 308
386 310
386 383
386 444
386 472
386 473
386 484
386 488
387 33
387 56
387 113
387 182
387 284
387 304
387 338
388 94
388 131
388 170
388 263
388 389
388 416
388 456
388 458
388 469
389 161
389 216
389 224
389 228
389 302
389 388
389 492
390 110
390 238
390 245
390 268
390 336
390 367
390 377
390 392
391 164
391 468
391 494
391 500
392 127
392 151
392 369
392 390
392 461
393 60
393 118
393 143
393 381
393 395
394 1
394 70
394 344
394 430
394 460
394 467
395 3
395 147
395 206
395 296
395 317
395 331
395 393
395 428
395 463
396 95
396 211
396 397
396 451
396 475
397 5
397 89
397 272
397 311
397 350
397 383
397 396
397 426
397 433
397 470
398 87
398 128
398 242
398 280
398 351
398 360
398 376
398 385
398 479
399 326
399 400
399 410
399 476
399 493
400 4
400 52
400 83
400 153
400 180
400 190
400 281
400 329
400 399
401 111
401 158
401 372
401 423
401 471
401 481
401 490
401 497
401 498
402 68
402 155
402 234
402 251
402 264
402 277
402 288
402 319
402 403
403 45
403 179
403 193
403 197
403 348
403 402
403 434
404 21
404 49
404 125
404 187
404 295
404 337
405 82
405 152
405 154
405 177
405 191
405 205
405 406
405 408
405 417
405 419
406 11
406 72
406 99
406 119
406 198
406 316
406 405
406 407
406 455
406 483
407 11
407 72
407 99
407 119
407 198
407 316
407 335
407 406
407 418
407 483
408 152
408 154
408 352
408 405
408 410
409 1
409 40
409 70
409 157
409 188
409 213
409 411
409 453
409 460
409 467
410 48
410 73
410 109
410 160
410 189
410 300
410 326
410 399
410 408
410 476
410 485
410 493
411 48
411 109
411 160
411 326
411 409
411 427
411 448
411 450
411 493
412 111
412 158
412 372
412 423
412 471
412 481
412 490
412 497
412 498
413 263
413 282
413 458
413 469
413 474
414 91
414 105
414 120
414 149
414 173
414 201
414 214
414 240
414 334
414 417
415 59
415 146
415 176
415 184
415 192
415 231
415 287
415 299
415 305
415 432
416 50
416 94
416 131
416 170
416 261
416 279
416 388
416 419
416 458
416 474
417 152
417 154
417 205
417 352
417 405
417 414
418 11
418 72
418 119
418 198
418 246
418 316
418 407
418 421
418 455
418 483
419 82
419 154
419 352
419 405
419 416
420 54
420 55
420 95
420 169
420 211
420 250
420 256
420 262
420 301
420 323
420 422
420 451
421 99
421 119
421 316
421 418
421 455
421 483
422 106
422 115
422 220
422 235
422 294
422 333
422 362
422 420
423 53
423 93
423 102
423 111
423 137
423 158
423 285
423 293
423 322
423 349
423 372
423 401
423 412
423 446
423 471
423 490
423 498
423 499
424 14
424 75
424 88
424 163
424 210
424 290
424 303
425 25
425 43
425 237
425 286
425 426
426 5
426 162
426 181
426 272
426 311
426 383
426 397
426 425
426 470
427 48
427 160
427 326
427 411
427 428
427 450
427 454
427 476
427 493
428 206
428 296
428 317
428 339
428 395
428 427
428 463
429 58
429 217
429 241
429 257
429 266
429 314
429 321
429 356
429 373
429 430
430 1
430 70
430 188
430 213
430 394
430 429
430 453
430 460
430 467
431 4
431 35
431 52
431 83
431 134
431 153
431 180
431 190
431 281
431 329
431 432
432 2
432 59
432 146
432 176
432 192
432 231
432 287
432 299
432 305
432 415
432 431
433 5
433 32
433 37
433 85
433 89
433 181
433 350
433 383
433 397
433 434
433 470
434 179
434 193
434 197
434 403
434 433
435 6
435 203
435 278
435 436
435 447
435 494
435 500
436 26
436 174
436 229
436 252
436 258
436 324
436 325
436 347
436 368
436 380
436 435
436 443
436 480
436 482
436 486
436 487
436 489
436 496
437 12
437 27
437 28
437 44
437 132
437 243
437 269
437 274
437 345
437 438
437 465
438 27
438 243
438 437
438 440
438 465
439 166
439 254
439 259
439 275
439 374
440 18
440 57
440 65
440 151
440 332
440 369
440 438
441 31
441 90
441 126
441 130
441 196
441 271
441 309
441 370
441 378
441 442
441 464
442 12
442 27
442 44
442 243
442 274
442 345
442 384
442 441
443 26
443 368
443 380
443 436
443 444
443 480
443 486
443 487
443 489
443 496
444 22
444 51
444 233
444 307
444 310
444 386
444 443
444 488
445 140
445 312
445 320
445 346
446 423
446 481
446 490
446 497
446 498
447 6
447 15
447 61
447 123
447 135
447 164
447 208
447 227
447 278
447 435
447 448
447 462
447 494
448 411
448 447
448 450
448 476
448 493
449 6
449 13
449 15
449 61
449 123
449 203
449 208
449 227
449 278
449 450
449 494
449 500
450 48
450 109
450 160
450 326
450 411
450 427
450 448
450 449
450 493
451 55
451 169
451 211
451 256
451 262
451 301
451 379
451 396
451 420
451 452
452 46
452 64
452 68
452 155
452 234
452 251
452 264
452 277
452 288
452 319
452 340
452 451
453 1
453 188
453 213
453 409
453 430
453 455
453 460
453 467
454 48
454 73
454 103
454 114
454 160
454 189
454 300
454 326
454 427
454 485
454 493
454 500
455 119
455 198
455 406
455 418
455 421
455 453
456 282
456 388
456 457
456 469
456 474
457 96
457 140
457 148
457 199
457 248
457 265
457 346
457 456
458 131
458 261
458 263
458 282
458 388
458 413
458 416
458 459
458 469
458 474
459 8
459 71
459 178
459 194
459 361
459 366
459 458
460 1
460 17
460 40
460 70
460 141
460 157
460 344
460 394
460 409
460 430
460 453
460 461
461 18
461 84
461 332
461 369
461 392
461 460
462 227
462 232
462 447
462 464
462 494
462 500
463 3
463 147
463 206
463 296
463 317
463 331
463 395
463 428
464 130
464 255
464 271
464 309
464 370
464 441
464 462
465 12
465 28
465 132
465 183
465 197
465 243
465 269
465 274
465 384
465 437
465 438
466 71
466 74
466 194
466 361
466 366
467 1
467 17
467 40
467 70
467 141
467 157
467 188
467 213
467 394
467 409
467 430
467 453
467 468
468 208
468 391
468 467
468 494
468 500
469 50
469 92
469 94
469 131
469 170
469 261
469 263
469 279
469 388
469 413
469 456
469 458
469 470
470 5
470 32
470 37
470 41
470 85
470 89
470 181
470 272
470 350
470 397
470 426
470 433
470 469
471 12
471 88
471 111
471 137
471 158
471 372
471 401
471 412
471 423
471 481
471 490
471 498
472 51
472 117
472 124
472 386
472 474
472 484
473 124
473 175
473 386
473 484
473 488
474 50
474 92
474 94
474 131
474 170
474 261
474 263
474 279
474 282
474 413
474 416
474 456
474 458
474 472
475 54
475 55
475 67
475 95
475 169
475 211
475 225
475 250
475 256
475 262
475 301
475 379
475 396
475 476
476 48
476 103
476 109
476 114
476 160
476 189
476 326
476 399
476 410
476 427
476 448
476 475
476 485
476 493
477 116
477 186
477 306
477 308
477 479
478 166
478 254
478 259
478 275
478 374
479 87
479 128
479 242
479 351
479 360
479 376
479 385
479 398
479 477
480 26
480 368
480 436
480 443
480 481
480 486
480 487
480 496
481 93
481 102
481 111
481 137
481 158
481 293
481 322
481 349
481 372
481 401
481 412
481 446
481 471
481 480
481 499
482 10
482 26
482 69
482 104
482 174
482 252
482 258
482 324
482 347
482 365
482 368
482 380
482 436
482 483
482 487
482 496
483 119
483 246
483 316
483 406
483 407
483 418
483 421
483 482
484 216
484 306
484 386
484 472
484 473
484 488
485 48
485 326
485 410
485 454
485 476
485 487
485 493
486 10
486 26
486 66
486 69
486 168
486 174
486 229
486 252
486 325
486 347
486 365
486 436
486 443
486 480
486 489
486 496
487 26
487 174
487 229
487 368
487 436
487 443
487 480
487 482
487 485
487 489
488 9
488 22
488 51
488 116
488 117
488 124
488 186
488 233
488 306
488 307
488 308
488 310
488 386
488 444
488 473
488 484
488 489
489 10
489 26
489 66
489 104
489 174
489 252
489 258
489 324
489 325
489 347
489 365
489 436
489 443
489 486
489 487
489 488
489 496
490 53
490 93
490 111
490 137
490 158
490 285
490 293
490 322
490 349
490 372
490 401
490 412
490 423
490 446
490 471
490 492
490 497
490 498
490 499
491 142
491 218
491 219
491 270
491 283
491 313
491 330
492 161
492 216
492 224
492 228
492 389
492 490
493 73
493 103
493 109
493 114
493 160
493 189
493 300
493 326
493 399
493 410
493 411
493 427
493 448
493 450
493 454
493 476
493 485
493 494
493 499
494 6
494 13
494 61
494 123
494 135
494 203
494 208
494 227
494 232
494 278
494 391
494 435
494 447
494 449
494 462
494 468
494 493
494 499
494 500
495 78
495 107
495 156
495 185
495 223
495 289
495 496
496 10
496 26
496 66
496 69
496 104
496 174
496 258
496 324
496 325
496 347
496 365
496 368
496 436
496 443
496 480
496 482
496 486
496 489
496 495
497 53
497 93
497 102
497 111
497 127
497 137
497 158
497 285
497 293
497 302
497 322
497 349
497 372
497 401
497 412
497 446
497 490
497 498
497 499
498 93
498 102
498 111
498 137
498 158
498 285
498 293
498 322
498 343
498 349
498 372
498 385
498 401
498 412
498 423
498 446
498 471
498 490
498 497
498 499
499 423
499 481
499 490
499 493
499 494
499 497
499 498
500 6
500 13
500 15
500 61
500 123
500 135
500 144
500 164
500 203
500 208
500 227
500 232
500 278
500 391
500 435
500 449
500 454
500 462
500 468
500 494
