1 50
1 73
1 112
1 423
1 439
2 13
2 164
2 380
2 463
2 473
3 245
3 267
3 289
3 425
3 468
4 5
4 6
4 101
4 185
4 306
5 4
5 6
5 180
5 190
5 227
5 239
5 256
5 305
5 310
5 314
5 315
5 350
5 368
5 395
5 405
6 4
6 5
6 96
6 153
6 178
6 484
7 8
7 9
7 53
7 174
7 195
7 201
7 313
7 353
8 7
8 9
8 67
8 223
8 449
9 7
9 8
9 69
9 87
9 410
9 451
9 465
9 469
10 14
10 443
10 457
10 466
10 485
11 12
11 71
11 109
11 423
12 11
12 243
12 267
12 322
12 425
12 430
12 497
13 2
13 32
13 137
13 219
13 369
14 10
14 16
14 80
14 159
14 352
14 470
15 23
15 125
15 160
15 242
15 326
15 417
15 445
15 466
15 467
16 14
16 17
16 54
16 177
16 446
17 16
17 20
17 49
17 303
17 362
17 452
18 303
18 304
18 320
18 402
18 450
18 466
18 487
19 129
19 133
19 154
19 340
19 459
20 17
20 21
20 227
20 315
20 405
21 20
21 22
21 57
21 103
21 113
21 381
21 498
22 21
22 24
22 29
22 338
22 481
23 15
23 60
23 200
23 278
23 312
24 22
24 25
24 105
24 186
24 220
24 249
24 426
25 24
25 26
25 124
25 316
25 399
26 25
26 28
26 258
26 422
26 448
26 499
27 273
27 280
27 289
27 334
27 470
28 26
28 30
28 72
28 134
28 176
28 280
28 345
28 470
29 22
29 46
29 252
29 253
29 255
29 481
30 28
30 36
30 90
30 100
30 122
30 197
30 205
30 208
30 231
30 245
30 264
30 267
30 292
30 425
30 430
30 494
31 273
31 373
31 409
31 452
32 13
32 137
32 197
32 200
32 219
32 221
33 73
33 98
33 175
33 232
33 303
33 414
34 44
34 45
34 50
34 179
34 248
35 37
35 137
35 142
35 454
35 462
36 30
36 38
36 93
36 156
36 163
36 246
36 257
36 282
36 348
36 378
37 35
37 97
37 107
37 148
37 189
37 266
37 335
37 497
38 36
38 40
38 76
38 431
38 491
38 500
39 43
39 103
39 262
39 318
39 488
39 498
40 38
40 41
40 61
40 323
40 433
41 40
41 42
41 144
41 215
41 468
42 41
42 45
42 61
42 323
42 370
42 433
43 39
43 58
43 62
43 158
43 172
43 207
43 295
43 341
43 424
43 479
44 34
44 61
44 323
44 433
44 488
45 34
45 42
45 46
45 83
45 139
46 29
46 45
46 49
46 79
46 481
47 188
47 206
47 298
47 299
47 475
48 56
48 168
48 202
48 420
48 436
49 17
49 46
49 303
49 362
49 474
49 488
50 1
50 34
50 214
50 347
50 488
51 52
51 54
51 295
51 300
51 311
51 479
52 51
52 54
52 143
52 358
52 471
53 7
53 201
53 227
53 228
53 353
54 16
54 51
54 52
54 361
54 446
55 77
55 204
55 213
55 322
55 385
56 48
56 161
56 236
56 365
56 460
57 21
57 58
57 59
57 113
57 296
57 381
58 43
58 57
58 59
58 62
58 158
58 172
58 311
58 447
58 479
59 57
59 58
59 75
59 88
59 331
60 23
60 61
60 64
60 200
60 278
61 40
61 42
61 44
61 60
61 64
61 222
61 433
62 43
62 58
62 86
62 341
62 394
62 447
63 104
63 148
63 222
63 306
63 346
63 441
63 478
63 482
63 483
63 490
63 496
64 60
64 61
64 80
64 173
64 233
65 66
65 67
65 435
65 457
65 485
66 65
66 67
66 140
66 297
66 322
66 383
66 385
66 413
67 8
67 65
67 66
67 223
67 261
68 70
68 85
68 218
68 298
68 423
69 9
69 87
69 238
69 278
69 279
69 451
69 465
69 469
70 68
70 71
70 167
70 196
70 356
71 11
71 70
71 72
71 109
71 483
72 28
72 71
72 74
72 134
72 280
72 289
72 345
72 411
72 470
73 1
73 33
73 91
73 98
73 120
73 303
73 354
74 72
74 75
74 140
74 322
74 371
74 385
74 413
74 423
75 59
75 74
75 88
75 331
75 410
76 38
76 78
76 247
76 253
76 355
76 410
76 431
76 477
76 500
77 55
77 236
77 244
77 403
77 460
77 480
78 76
78 165
78 281
78 408
78 410
78 459
79 46
79 81
79 238
79 338
79 442
79 481
80 14
80 64
80 124
80 125
80 233
81 79
81 238
81 268
81 279
81 367
82 84
82 94
82 238
82 283
82 396
82 461
83 45
83 84
83 248
83 439
83 456
84 82
84 83
84 300
84 311
84 424
84 479
85 68
85 89
85 151
85 218
85 298
85 494
86 62
86 139
86 236
86 324
86 359
87 9
87 69
87 88
87 332
87 407
87 436
87 451
88 59
88 75
88 87
88 187
88 235
88 285
88 331
88 363
89 85
89 90
89 254
89 274
89 373
89 474
89 476
90 30
90 89
90 100
90 122
90 373
91 73
91 92
91 112
91 120
91 214
91 347
91 354
92 91
92 106
92 317
92 442
92 481
93 36
93 246
93 282
93 316
93 373
94 82
94 95
94 144
94 215
94 283
94 307
94 316
94 366
94 389
94 396
94 461
94 478
95 94
95 97
95 306
95 441
95 482
96 6
96 99
96 178
96 484
97 37
97 95
97 102
97 189
97 390
97 497
98 33
98 73
98 112
98 130
98 211
98 375
98 489
99 96
99 228
99 360
99 487
100 30
100 90
100 122
100 171
100 173
100 205
101 4
101 182
101 183
101 185
101 482
102 97
102 150
102 235
102 308
102 344
103 21
103 39
103 114
103 328
103 376
103 381
103 498
104 63
104 106
104 346
104 386
104 441
105 24
105 106
105 220
105 249
105 287
106 92
106 104
106 105
106 317
106 338
106 442
106 481
107 37
107 120
107 148
107 189
107 497
108 109
108 144
108 396
108 418
108 487
109 11
109 71
109 108
109 110
109 483
110 109
110 111
110 254
110 274
110 299
110 360
110 487
111 110
111 114
111 140
111 290
111 322
111 385
111 464
112 1
112 91
112 98
112 113
112 115
112 120
112 354
113 21
113 57
113 112
113 115
113 121
113 296
113 376
114 103
114 111
114 117
114 296
114 376
114 381
115 112
115 113
115 121
115 244
115 403
116 273
116 330
116 331
116 357
116 435
116 443
116 457
116 485
117 114
117 118
117 147
117 187
117 210
118 117
118 119
118 171
118 209
118 321
119 118
119 122
119 126
119 217
119 301
119 372
119 374
119 382
120 73
120 91
120 107
120 112
120 214
120 347
121 113
121 115
121 141
121 427
121 497
122 30
122 90
122 100
122 119
122 124
123 126
123 128
123 140
123 213
123 322
124 25
124 80
124 122
124 212
124 387
125 15
125 80
125 128
125 160
125 467
126 119
126 123
126 301
126 374
127 152
127 169
127 213
127 214
127 291
127 330
127 404
127 419
128 123
128 125
128 130
128 140
128 204
128 322
129 19
129 155
129 234
129 255
129 391
130 98
130 128
130 131
130 241
130 375
130 489
131 130
131 132
131 138
131 240
131 429
132 131
132 134
132 229
132 320
132 392
132 398
132 438
132 450
133 19
133 162
133 455
133 492
134 28
134 72
134 132
134 135
134 159
134 280
134 345
134 411
135 134
135 136
135 330
135 404
135 419
136 135
136 137
136 333
136 339
136 490
136 496
137 13
137 32
137 35
137 136
137 138
137 219
137 221
137 342
137 369
137 462
138 131
138 137
138 139
138 243
138 384
138 455
139 45
139 86
139 138
139 140
139 456
140 66
140 74
140 111
140 123
140 128
140 139
140 142
140 204
140 213
140 290
140 297
140 322
140 383
140 385
140 413
140 464
141 121
141 143
141 144
141 259
141 485
142 35
142 140
142 146
142 342
142 462
143 52
143 141
143 144
143 172
143 293
143 309
143 358
143 471
144 41
144 94
144 108
144 141
144 143
144 172
144 366
144 389
144 396
144 461
144 468
145 159
145 167
145 196
145 356
146 142
146 195
146 313
146 405
147 117
147 187
147 264
147 270
147 277
148 37
148 63
148 107
148 189
148 222
148 266
148 329
148 335
148 390
148 427
148 478
148 483
148 497
149 151
149 209
149 386
149 400
149 405
150 102
150 151
150 344
150 405
150 437
151 85
151 149
151 150
151 218
151 298
152 127
152 154
152 169
152 330
152 404
152 419
152 496
153 6
153 178
153 202
153 203
153 484
154 19
154 152
154 155
154 340
154 428
154 459
155 129
155 154
155 156
155 255
155 391
156 36
156 155
156 158
156 163
156 378
157 364
157 371
157 407
157 415
157 493
158 43
158 58
158 156
158 160
158 172
158 207
158 311
158 424
158 447
158 479
159 14
159 134
159 145
159 289
159 352
160 15
160 125
160 158
160 161
160 242
160 466
161 56
161 160
161 162
161 179
161 248
161 480
162 133
162 161
162 167
162 439
162 492
163 36
163 156
163 164
163 282
163 348
164 2
164 163
164 380
164 463
164 473
165 78
165 166
165 198
165 281
165 294
165 408
165 428
165 459
166 165
166 188
166 206
166 325
166 475
167 70
167 145
167 162
167 169
167 196
167 356
168 48
168 170
168 202
168 420
168 436
169 127
169 152
169 167
169 330
169 442
170 168
170 355
170 431
170 491
170 500
171 100
171 118
171 173
171 328
171 386
171 400
171 444
172 43
172 58
172 143
172 144
172 158
172 176
172 207
172 447
173 64
173 100
173 171
173 233
173 352
174 7
174 175
174 177
174 201
174 353
175 33
175 174
175 177
175 182
175 183
176 28
176 172
176 208
176 224
176 334
176 470
177 16
177 174
177 175
177 361
177 446
178 6
178 96
178 153
178 180
178 484
179 34
179 161
179 223
179 225
179 226
179 324
179 480
180 5
180 178
180 239
180 256
180 350
180 405
180 434
181 240
181 355
181 477
181 491
181 500
182 101
182 175
182 183
182 185
182 327
183 101
183 175
183 182
183 184
183 327
184 183
184 186
184 224
184 333
184 490
185 4
185 101
185 182
185 186
185 482
185 490
185 496
186 24
186 184
186 185
186 249
186 426
187 88
187 117
187 147
187 205
187 210
187 235
187 254
187 277
187 285
187 331
187 363
187 492
187 495
187 500
188 47
188 166
188 190
188 307
188 325
188 475
189 37
189 97
189 107
189 148
189 191
189 203
189 226
189 266
189 329
189 335
189 390
189 427
189 469
189 477
189 482
189 483
189 490
189 496
189 497
190 5
190 188
190 227
190 307
190 434
190 495
191 189
191 193
191 329
191 390
191 481
191 497
192 193
192 272
192 307
192 317
192 442
192 481
193 191
193 192
193 198
193 270
193 294
193 428
194 195
194 196
194 287
194 364
194 415
194 493
195 7
195 146
195 194
195 196
195 201
195 252
195 313
195 412
195 421
196 70
196 145
196 167
196 194
196 195
196 356
197 30
197 32
197 201
197 205
197 292
197 425
198 165
198 193
198 270
198 281
198 294
198 428
198 454
198 459
198 468
198 476
199 295
199 296
199 388
199 443
199 457
199 485
200 23
200 32
200 60
200 201
200 278
200 312
201 7
201 53
201 174
201 195
201 197
201 200
201 252
201 313
202 48
202 153
202 168
202 203
202 407
202 420
203 153
203 189
203 202
203 335
203 390
203 497
204 55
204 128
204 140
204 206
204 207
204 322
205 30
205 100
205 187
205 197
205 231
205 245
205 254
205 267
205 292
205 313
205 375
205 425
205 430
205 500
206 47
206 166
206 204
206 207
206 325
206 475
207 43
207 158
207 172
207 204
207 206
207 349
208 30
208 176
208 224
208 264
208 453
208 494
209 118
209 149
209 210
209 211
209 328
210 117
210 187
210 209
210 211
210 331
210 363
211 98
211 209
211 210
211 241
211 375
211 489
212 124
212 347
212 348
212 375
212 472
212 489
213 55
213 123
213 127
213 140
213 214
213 322
214 50
214 91
214 120
214 127
214 213
214 347
215 41
215 94
215 216
215 217
215 461
215 468
216 215
216 217
216 284
216 288
216 472
216 489
217 119
217 215
217 216
217 372
217 374
218 68
218 85
218 151
218 219
218 220
218 298
219 13
219 32
219 137
219 218
219 220
219 342
219 462
220 24
220 105
220 218
220 219
220 426
221 32
221 137
221 223
221 462
221 479
222 61
222 63
222 148
222 277
222 323
222 361
222 370
222 433
223 8
223 67
223 179
223 221
223 261
223 379
224 176
224 184
224 208
224 453
224 482
224 486
224 490
224 496
225 179
225 226
225 243
225 343
225 429
225 439
225 492
226 179
226 189
226 225
226 329
226 390
226 497
227 5
227 20
227 53
227 190
227 229
227 310
228 53
228 99
228 229
228 360
228 487
229 132
229 227
229 228
229 392
229 398
229 416
229 438
229 450
230 231
230 233
230 273
230 357
230 443
230 485
231 30
231 205
231 230
231 233
231 292
231 425
231 430
232 33
232 241
232 263
232 290
232 327
232 414
233 64
233 80
233 173
233 230
233 231
233 470
234 129
234 236
234 237
234 255
234 391
235 88
235 102
235 187
235 285
235 287
235 363
235 386
236 56
236 77
236 86
236 234
236 237
236 244
236 359
236 365
236 403
236 460
237 234
237 236
237 339
237 397
237 490
237 496
238 69
238 79
238 81
238 82
238 251
238 436
239 5
239 180
239 242
239 244
239 256
239 314
239 350
239 495
240 131
240 181
240 243
240 384
240 429
241 130
241 211
241 232
241 290
241 453
241 472
242 15
242 160
242 239
242 244
242 326
242 417
242 445
242 466
243 12
243 138
243 225
243 240
243 286
243 322
243 377
243 384
243 429
243 439
243 443
243 455
243 491
243 492
243 497
243 500
244 77
244 115
244 236
244 239
244 242
244 460
244 480
245 3
245 30
245 205
245 246
245 247
245 430
246 36
246 93
246 245
246 247
246 348
247 76
247 245
247 246
247 336
247 337
247 355
247 477
247 500
248 34
248 83
248 161
248 401
248 430
248 431
248 480
249 24
249 105
249 186
249 250
249 251
249 426
250 249
250 251
250 261
250 319
250 379
250 449
251 238
251 249
251 250
251 410
251 465
252 29
252 195
252 201
252 253
252 421
253 29
253 76
253 252
253 431
253 491
253 500
254 89
254 110
254 187
254 205
254 274
254 299
254 303
254 313
254 360
254 373
254 375
254 409
254 452
254 474
254 476
254 490
255 29
255 129
255 155
255 234
255 257
255 391
256 5
256 180
256 239
256 362
256 363
256 367
256 395
256 495
257 36
257 255
257 259
257 282
257 348
257 378
258 26
258 272
258 422
258 448
259 141
259 257
259 261
259 443
259 457
259 485
260 321
260 323
260 397
260 486
260 496
261 67
261 223
261 250
261 259
261 270
261 319
261 379
261 449
262 39
262 265
262 267
262 318
262 488
262 498
263 232
263 290
263 332
263 432
263 453
263 469
264 30
264 147
264 208
264 270
264 494
265 262
265 267
265 286
265 377
265 429
265 439
266 37
266 148
266 189
266 319
266 320
266 497
267 3
267 12
267 30
267 205
267 262
267 265
267 430
268 81
268 279
268 281
268 291
268 297
268 424
269 271
269 382
269 431
269 477
269 491
269 500
270 147
270 193
270 198
270 261
270 264
270 294
270 459
271 269
271 298
271 382
272 192
272 258
272 317
272 442
272 481
273 27
273 31
273 116
273 230
273 443
273 485
274 89
274 110
274 254
274 275
274 299
274 303
274 360
274 373
274 382
274 409
274 452
274 474
274 476
275 274
275 278
275 308
275 344
275 437
276 289
276 292
276 294
276 330
276 404
276 458
277 147
277 187
277 222
277 331
277 361
277 363
277 393
277 394
278 23
278 60
278 69
278 200
278 275
279 69
279 81
279 268
279 280
279 302
280 27
280 28
280 72
280 134
280 279
280 282
280 345
280 411
281 78
281 165
281 198
281 268
281 291
281 297
281 408
281 428
281 459
282 36
282 93
282 163
282 257
282 280
282 284
282 348
282 378
283 82
283 94
283 288
283 366
284 216
284 282
284 285
284 288
284 375
284 393
284 472
284 489
285 88
285 187
285 235
285 284
285 286
285 331
286 243
286 265
286 285
286 292
286 377
286 429
286 455
287 105
287 194
287 235
287 364
287 386
287 415
287 493
288 216
288 283
288 284
288 393
288 489
289 3
289 27
289 72
289 159
289 276
289 411
289 470
290 111
290 140
290 232
290 241
290 263
290 385
290 464
291 127
291 268
291 281
291 297
291 330
291 419
291 458
292 30
292 197
292 205
292 231
292 276
292 286
293 143
293 294
293 309
293 358
293 471
293 495
294 165
294 193
294 198
294 270
294 276
294 293
294 428
295 43
295 51
295 199
295 296
295 311
295 453
295 479
296 57
296 113
296 114
296 199
296 295
296 376
296 498
297 66
297 140
297 268
297 281
297 291
297 322
297 383
297 385
297 413
298 47
298 68
298 85
298 151
298 218
298 271
298 299
299 47
299 110
299 254
299 274
299 298
299 452
299 474
300 51
300 84
300 301
300 447
300 474
300 479
301 119
301 126
301 300
301 302
301 372
301 374
302 279
302 301
302 305
302 367
302 453
303 17
303 18
303 33
303 49
303 73
303 254
303 274
303 309
303 362
303 452
303 466
303 474
303 487
304 18
304 308
304 310
304 320
304 402
304 450
304 456
305 5
305 302
305 310
305 368
305 405
305 454
306 4
306 63
306 95
306 311
306 318
306 482
306 490
307 94
307 188
307 190
307 192
307 389
307 418
307 461
307 468
307 478
308 102
308 275
308 304
308 310
308 437
308 456
309 143
309 293
309 303
309 312
309 314
309 358
309 471
310 5
310 227
310 304
310 305
310 308
310 350
310 434
310 456
311 51
311 58
311 84
311 158
311 295
311 306
311 318
311 447
311 479
312 23
312 200
312 309
312 314
312 315
313 7
313 146
313 195
313 201
313 205
313 254
313 353
313 375
313 412
313 421
313 490
313 496
314 5
314 239
314 309
314 312
314 325
314 350
314 395
315 5
315 20
315 312
315 325
315 405
315 434
315 456
316 25
316 93
316 94
316 373
316 387
316 399
316 489
317 92
317 106
317 192
317 272
317 338
317 392
317 442
318 39
318 262
318 306
318 311
318 488
318 498
319 250
319 261
319 266
319 320
319 379
319 449
320 18
320 132
320 266
320 304
320 319
320 392
321 118
321 260
321 324
321 328
321 386
321 400
321 444
322 12
322 55
322 66
322 74
322 111
322 123
322 128
322 140
322 204
322 213
322 243
322 297
322 385
322 413
322 464
322 491
322 497
323 40
323 42
323 44
323 222
323 260
323 324
323 433
324 86
324 179
324 321
324 323
324 359
325 166
325 188
325 206
325 314
325 315
325 334
325 475
326 15
326 242
326 327
326 329
326 417
326 445
327 182
327 183
327 232
327 326
327 329
328 103
328 171
328 209
328 321
328 386
328 392
328 400
328 499
329 148
329 189
329 191
329 226
329 326
329 327
329 497
330 116
330 127
330 135
330 152
330 169
330 276
330 291
330 404
330 409
330 419
330 458
331 59
331 75
331 88
331 116
331 187
331 210
331 277
331 285
331 363
331 409
332 87
332 263
332 333
332 409
332 410
332 420
332 469
333 136
333 184
333 332
333 335
333 496
334 27
334 176
334 325
334 337
334 436
334 470
335 37
335 148
335 189
335 203
335 333
335 351
335 497
336 247
336 343
336 477
336 491
336 500
337 247
337 334
337 342
337 436
337 477
337 491
337 500
338 22
338 79
338 106
338 317
338 341
338 351
338 481
339 136
339 237
339 341
339 351
339 490
339 496
340 19
340 154
340 342
340 350
340 428
340 436
340 459
341 43
341 62
341 338
341 339
341 349
341 394
341 447
342 137
342 142
342 219
342 337
342 340
342 350
342 462
343 225
343 336
343 429
343 439
343 492
344 102
344 150
344 275
344 345
344 346
344 437
345 28
345 72
345 134
345 280
345 344
345 346
345 411
346 63
346 104
346 344
346 345
346 441
346 482
346 496
347 50
347 91
347 120
347 212
347 214
347 349
348 36
348 163
348 212
348 246
348 257
348 282
348 349
349 207
349 341
349 347
349 348
349 394
349 447
350 5
350 180
350 239
350 310
350 314
350 340
350 342
350 357
350 395
351 335
351 338
351 339
351 491
351 500
352 14
352 159
352 173
352 371
352 407
353 7
353 53
353 174
353 313
353 354
353 371
354 73
354 91
354 112
354 353
354 355
355 76
355 170
355 181
355 247
355 354
355 390
355 477
355 500
356 70
356 145
356 167
356 196
356 359
356 390
357 116
357 230
357 350
357 358
357 360
357 435
357 443
357 457
358 52
358 143
358 293
358 309
358 357
358 360
358 363
358 471
359 86
359 236
359 324
359 356
359 365
359 390
359 460
359 480
360 99
360 110
360 228
360 254
360 274
360 357
360 358
360 363
361 54
361 177
361 222
361 277
361 393
361 394
361 446
362 17
362 49
362 256
362 303
362 367
362 368
362 474
363 88
363 187
363 210
363 235
363 256
363 277
363 331
363 358
363 360
364 157
364 194
364 287
364 380
364 415
365 56
365 236
365 359
365 372
365 374
365 456
365 460
365 480
366 94
366 144
366 283
366 367
366 368
366 369
366 389
366 468
367 81
367 256
367 302
367 362
367 366
367 369
367 453
368 5
368 305
368 362
368 366
368 369
368 495
369 13
369 137
369 366
369 367
369 368
369 454
369 462
370 42
370 222
370 376
370 377
370 384
370 433
371 74
371 157
371 352
371 353
371 423
371 483
372 119
372 217
372 301
372 365
372 374
372 382
372 488
373 31
373 89
373 90
373 93
373 254
373 274
373 316
373 452
374 119
374 126
374 217
374 301
374 365
374 372
374 382
374 480
375 98
375 130
375 205
375 211
375 212
375 254
375 284
375 313
375 387
375 393
375 399
375 472
375 489
375 490
375 496
376 103
376 113
376 114
376 296
376 370
376 377
376 384
377 243
377 265
377 286
377 370
377 376
377 387
377 429
377 455
378 36
378 156
378 257
378 282
378 379
378 383
379 223
379 250
379 261
379 319
379 378
379 383
379 449
380 2
380 164
380 364
380 463
380 473
381 21
381 57
381 103
381 114
381 431
381 435
381 440
381 498
382 119
382 269
382 271
382 274
382 372
382 374
383 66
383 140
383 297
383 378
383 379
383 413
384 138
384 240
384 243
384 370
384 376
384 387
384 429
384 455
385 55
385 66
385 74
385 111
385 140
385 290
385 297
385 322
385 391
385 402
385 413
385 464
386 104
386 149
386 171
386 235
386 287
386 321
386 328
386 400
386 444
387 124
387 316
387 375
387 377
387 384
387 389
387 393
387 399
387 472
388 199
388 389
388 396
388 435
388 451
388 485
389 94
389 144
389 307
389 366
389 387
389 388
389 396
389 418
389 451
389 461
389 468
389 478
390 97
390 148
390 189
390 191
390 203
390 226
390 355
390 356
390 359
391 129
391 155
391 234
391 255
391 385
391 402
392 132
392 229
392 317
392 320
392 328
392 398
392 401
392 438
392 499
393 277
393 284
393 288
393 361
393 375
393 387
393 394
393 399
393 415
393 472
393 489
394 62
394 277
394 341
394 349
394 361
394 393
394 415
394 447
395 5
395 256
395 314
395 350
395 414
395 418
395 420
396 82
396 94
396 108
396 144
396 388
396 389
396 398
396 451
396 461
397 237
397 260
397 403
397 416
397 496
398 132
398 229
398 392
398 396
398 399
398 401
398 402
398 438
398 451
399 25
399 316
399 375
399 387
399 393
399 398
399 400
399 406
399 472
400 149
400 171
400 321
400 328
400 386
400 399
400 406
400 408
400 444
401 248
401 392
401 398
401 416
401 430
401 435
401 438
401 450
402 18
402 304
402 385
402 391
402 398
402 414
402 450
403 77
403 115
403 236
403 397
403 416
403 460
403 480
404 127
404 135
404 152
404 276
404 330
404 408
404 411
404 412
404 419
405 5
405 20
405 146
405 149
405 150
405 180
405 305
405 315
406 399
406 400
406 408
406 440
406 477
406 491
406 500
407 87
407 157
407 202
407 352
407 420
407 432
407 451
407 469
407 489
408 78
408 165
408 281
408 400
408 404
408 406
409 31
409 254
409 274
409 330
409 331
409 332
409 452
409 474
409 476
410 9
410 75
410 76
410 78
410 251
410 332
411 72
411 134
411 280
411 289
411 345
411 404
411 412
411 413
411 470
412 195
412 313
412 404
412 411
412 413
412 421
413 66
413 74
413 140
413 297
413 322
413 383
413 385
413 411
413 412
413 414
414 33
414 232
414 395
414 402
414 413
414 418
415 157
415 194
415 287
415 364
415 393
415 394
415 419
415 432
415 493
416 229
416 397
416 401
416 403
416 450
417 15
417 242
417 326
417 422
417 426
417 445
418 108
418 307
418 389
418 395
418 414
418 420
418 461
418 468
419 127
419 135
419 152
419 291
419 330
419 404
419 415
419 432
419 434
419 441
420 48
420 168
420 202
420 332
420 395
420 407
420 418
420 421
420 451
420 469
421 195
421 252
421 313
421 412
421 420
421 424
421 425
422 26
422 258
422 417
422 426
422 448
422 499
423 1
423 11
423 68
423 74
423 371
423 439
423 494
424 43
424 84
424 158
424 268
424 421
424 425
424 447
424 462
425 3
425 12
425 30
425 197
425 205
425 231
425 421
425 424
425 430
425 462
426 24
426 186
426 220
426 249
426 417
426 422
427 121
427 148
427 189
427 428
427 429
427 462
427 497
428 154
428 165
428 193
428 198
428 281
428 294
428 340
428 427
428 429
428 462
429 131
429 225
429 240
429 243
429 265
429 286
429 343
429 377
429 384
429 427
429 428
429 430
429 439
429 492
430 12
430 30
430 205
430 231
430 245
430 248
430 267
430 401
430 425
430 429
431 38
431 76
431 170
431 248
431 253
431 269
431 381
431 435
431 477
431 491
431 500
432 263
432 407
432 415
432 419
432 434
432 441
432 451
433 40
433 42
433 44
433 61
433 222
433 323
433 370
433 448
434 180
434 190
434 310
434 315
434 419
434 432
434 441
434 452
435 65
435 116
435 357
435 381
435 388
435 401
435 431
435 443
435 457
435 485
436 48
436 87
436 168
436 238
436 334
436 337
436 340
436 492
437 150
437 275
437 308
437 344
437 438
437 444
438 132
438 229
438 392
438 398
438 401
438 437
438 444
438 450
439 1
439 83
439 162
439 225
439 243
439 265
439 343
439 423
439 429
439 455
439 494
440 381
440 406
440 445
440 447
440 491
440 500
441 63
441 95
441 104
441 346
441 419
441 432
441 434
441 452
441 482
441 490
441 496
442 79
442 92
442 106
442 169
442 192
442 272
442 317
442 454
442 468
442 481
442 494
443 10
443 116
443 199
443 230
443 243
443 259
443 273
443 357
443 435
443 457
443 485
443 491
443 492
443 495
443 497
443 500
444 171
444 321
444 386
444 400
444 437
444 438
445 15
445 242
445 326
445 417
445 440
445 447
445 449
446 16
446 54
446 177
446 361
446 473
446 484
447 58
447 62
447 158
447 172
447 300
447 311
447 341
447 349
447 394
447 424
447 440
447 445
447 449
448 26
448 258
448 422
448 433
448 499
449 8
449 250
449 261
449 319
449 379
449 445
449 447
449 450
450 18
450 132
450 229
450 304
450 401
450 402
450 416
450 438
450 449
450 458
450 464
451 9
451 69
451 87
451 388
451 389
451 396
451 398
451 407
451 420
451 432
451 465
451 469
452 17
452 31
452 254
452 274
452 299
452 303
452 373
452 409
452 434
452 441
452 455
452 457
453 208
453 224
453 241
453 263
453 295
453 302
453 367
454 35
454 198
454 305
454 369
454 442
454 462
454 468
455 133
455 138
455 243
455 286
455 377
455 384
455 439
455 452
455 457
455 459
455 460
455 492
456 83
456 139
456 304
456 308
456 310
456 315
456 365
456 480
457 10
457 65
457 116
457 199
457 259
457 357
457 435
457 443
457 452
457 455
457 459
457 460
458 276
458 291
458 330
458 450
458 464
458 476
459 19
459 78
459 154
459 165
459 198
459 270
459 281
459 340
459 455
459 457
459 460
459 461
460 56
460 77
460 236
460 244
460 359
460 365
460 403
460 455
460 457
460 459
460 461
460 480
461 82
461 94
461 144
461 215
461 307
461 389
461 396
461 418
461 459
461 460
461 465
461 470
462 35
462 137
462 142
462 219
462 221
462 342
462 369
462 424
462 425
462 427
462 428
462 454
463 2
463 164
463 380
463 467
463 473
464 111
464 140
464 290
464 322
464 385
464 450
464 458
464 476
465 9
465 69
465 251
465 451
465 461
465 469
465 470
465 472
465 485
466 10
466 15
466 18
466 160
466 242
466 303
466 467
466 487
466 500
467 15
467 125
467 463
467 466
468 3
468 41
468 144
468 198
468 215
468 307
468 366
468 389
468 418
468 442
468 454
469 9
469 69
469 189
469 263
469 332
469 407
469 420
469 451
469 465
469 477
469 478
469 482
469 496
470 14
470 27
470 28
470 72
470 176
470 233
470 289
470 334
470 411
470 461
470 465
470 472
470 485
471 52
471 143
471 293
471 309
471 358
471 475
472 212
472 216
472 241
472 284
472 375
472 387
472 393
472 399
472 465
472 470
472 480
472 485
472 489
473 2
473 164
473 380
473 446
473 463
473 484
474 49
474 89
474 254
474 274
474 299
474 300
474 303
474 362
474 409
474 476
474 479
474 480
474 481
474 489
475 47
475 166
475 188
475 206
475 325
475 471
476 89
476 198
476 254
476 274
476 409
476 458
476 464
476 474
477 76
477 181
477 189
477 247
477 269
477 336
477 337
477 355
477 406
477 431
477 469
477 482
477 490
477 491
477 496
478 63
478 94
478 148
478 307
478 389
478 469
478 482
478 483
479 43
479 51
479 58
479 84
479 158
479 221
479 295
479 300
479 311
479 474
479 480
479 481
479 489
480 77
480 161
480 179
480 244
480 248
480 359
480 365
480 374
480 403
480 456
480 460
480 472
480 474
480 479
480 485
481 22
481 29
481 46
481 79
481 92
481 106
481 191
481 192
481 272
481 338
481 442
481 474
481 479
481 487
481 489
482 63
482 95
482 101
482 185
482 189
482 224
482 306
482 346
482 441
482 469
482 477
482 478
482 483
482 485
482 496
483 63
483 71
483 109
483 148
483 189
483 371
483 478
483 482
484 6
484 96
484 153
484 178
484 446
484 473
485 10
485 65
485 116
485 141
485 199
485 230
485 259
485 273
485 388
485 435
485 443
485 465
485 470
485 472
485 480
485 482
486 224
486 260
486 490
486 493
486 496
486 498
487 18
487 99
487 108
487 110
487 228
487 303
487 466
487 481
487 489
488 39
488 44
488 49
488 50
488 262
488 318
488 372
489 98
489 130
489 211
489 212
489 216
489 284
489 288
489 316
489 375
489 393
489 407
489 472
489 474
489 479
489 481
489 487
490 63
490 136
490 184
490 185
490 189
490 224
490 237
490 254
490 306
490 313
490 339
490 375
490 441
490 477
490 486
490 496
491 38
491 170
491 181
491 243
491 253
491 269
491 322
491 336
491 337
491 351
491 406
491 431
491 440
491 443
491 477
491 492
491 495
491 497
492 133
492 162
492 187
492 225
492 243
492 343
492 429
492 436
492 443
492 455
492 491
492 495
492 497
492 500
493 157
493 194
493 287
493 415
493 486
493 498
494 30
494 85
494 208
494 264
494 423
494 439
494 442
495 187
495 190
495 239
495 256
495 293
495 368
495 443
495 491
495 492
495 497
495 500
496 63
496 136
496 152
496 185
496 189
496 224
496 237
496 260
496 313
496 333
496 339
496 346
496 375
496 397
496 441
496 469
496 477
496 482
496 486
496 490
497 12
497 37
497 97
497 107
497 121
497 148
497 189
497 191
497 203
497 226
497 243
497 266
497 322
497 329
497 335
497 427
497 443
497 491
497 492
497 495
498 21
498 39
498 103
498 262
498 296
498 318
498 381
498 486
498 493
499 26
499 328
499 392
499 422
499 448
500 38
500 76
500 170
500 181
500 187
500 205
500 243
500 247
500 253
500 269
500 336
500 337
500 351
500 355
500 406
500 431
500 440
500 443
500 466
500 492
500 495
