1 22
2 44
3 9
4 7
5 2
6 15
7 14
8 32
9 14
10 39
11 25
12 39
13 31
14 12
15 39
16 13
17 30
18 25
19 21
20 31
21 33
22 1
23 9
24 36
25 13
26 43
27 3
28 30
29 37
30 9
31 30
32 30
33 40
34 5
35 19
36 20
37 37
38 14
39 12
40 22
41 5
42 34
43 19
44 19
45 15
46 28
47 20
48 44
49 28
50 9
51 41
52 13
53 24
54 1
55 14
56 22
57 28
58 7
59 22
60 29
61 33
62 5
63 38
64 11
65 19
66 8
67 28
68 4
69 14
70 2
71 19
72 1
73 10
74 21
75 30
76 26
77 34
78 38
79 1
80 24
81 23
82 41
83 17
84 4
85 17
86 8
87 8
88 32
89 24
90 19
91 18
92 13
93 40
94 7
95 36
96 26
97 14
98 40
99 16
100 25
101 33
102 4
103 39
104 2
105 20
106 10
107 15
108 19
109 5
110 39
111 16
112 17
113 39
114 36
115 19
116 43
117 27
118 38
119 22
120 24
121 14
122 25
123 24
124 31
125 32
126 20
127 29
128 9
129 28
130 11
131 6
132 42
133 12
134 34
135 29
136 5
137 13
138 15
139 32
140 8
141 21
142 44
143 39
144 2
145 14
146 5
147 24
148 16
149 1
150 23
151 29
152 35
153 17
154 37
155 2
156 7
157 38
158 37
159 28
160 25
161 44
162 8
163 30
164 4
165 7
166 40
167 3
168 40
169 38
170 42
171 39
172 28
173 15
174 11
175 30
176 32
177 8
178 7
179 21
180 29
181 40
182 4
183 16
184 21
185 42
186 20
187 23
188 42
189 2
190 27
191 1
192 19
193 37
194 19
195 28
196 32
197 7
198 14
199 8
200 12
201 42
202 24
203 31
204 37
205 37
206 5
207 38
208 19
209 38
210 8
211 1
212 38
213 8
214 27
215 33
216 9
217 9
218 19
219 7
220 2
221 8
222 7
223 31
224 21
225 31
226 42
227 27
228 17
229 42
230 7
231 39
232 25
233 27
234 24
235 20
236 11
237 8
238 7
239 13
240 5
241 25
242 15
243 38
244 33
245 7
246 41
247 31
248 24
249 34
250 43
251 7
252 9
253 15
254 41
255 36
256 3
257 8
258 25
259 31
260 25
261 28
262 15
263 31
264 9
265 26
266 33
267 5
268 20
269 19
270 10
271 38
272 40
273 28
274 36
275 31
276 12
277 33
278 12
279 20
280 41
281 35
282 18
283 40
284 44
285 38
286 38
287 35
288 15
289 5
290 32
291 15
292 43
293 20
294 9
295 34
296 39
297 2
298 34
299 14
300 8
301 14
302 20
303 11
304 26
305 42
306 40
307 32
308 31
309 11
310 35
311 2
312 16
313 21
314 9
315 43
316 30
317 19
318 28
319 30
320 43
321 13
322 38
323 33
324 38
325 26
326 38
327 9
328 27
329 9
330 3
331 10
332 6
333 8
334 19
335 3
336 25
337 35
338 28
339 41
340 24
341 43
342 24
343 18
344 33
345 29
346 35
347 1
348 42
349 1
350 34
351 8
352 3
353 8
354 1
355 1
356 34
357 25
358 19
359 32
360 29
361 39
362 27
363 10
364 19
365 25
366 36
367 40
368 10
369 34
370 8
371 3
372 13
373 32
374 40
375 38
376 31
377 32
378 14
379 14
380 18
381 1
382 24
383 38
384 18
385 21
386 23
387 19
388 6
389 33
390 33
391 5
392 24
393 14
394 32
395 34
396 8
397 31
398 39
399 25
400 31
401 24
402 31
403 26
404 43
405 34
406 2
407 7
408 31
409 34
410 37
411 10
412 42
413 31
414 39
415 7
416 38
417 10
418 28
419 6
420 34
421 25
422 7
423 31
424 15
425 1
426 7
427 38
428 31
429 24
430 28
431 33
432 14
433 33
434 21
435 25
436 32
437 31
438 42
439 19
440 24
441 20
442 42
443 1
444 24
445 40
446 19
447 2
448 33
449 33
450 15
451 18
452 14
453 38
454 10
455 24
456 39
457 25
458 42
459 24
460 40
461 32
462 14
463 14
464 4
465 33
466 1
467 1
468 10
469 1
470 34
471 8
472 7
473 40
474 34
475 42
476 25
477 14
478 32
479 34
480 42
481 24
482 8
483 25
484 33
485 19
486 28
487 38
488 14
489 23
490 6
491 34
492 25
493 19
494 42
495 34
496 6
497 25
498 24
499 24
500 40
