1 17
2 30
3 25
4 47
5 30
6 27
7 17
8 47
9 44
10 32
11 1
12 50
13 27
14 38
15 1
16 17
17 12
18 51
19 28
20 50
21 14
22 24
23 20
24 18
25 8
26 38
27 50
28 40
29 32
30 21
31 45
32 20
33 39
34 31
35 14
36 26
37 10
38 36
39 35
40 24
41 29
42 46
43 28
44 23
45 2
46 48
47 38
48 34
49 17
50 51
51 19
52 1
53 39
54 50
55 51
56 8
57 3
58 5
59 43
60 39
61 21
62 23
63 40
64 37
65 12
66 50
67 36
68 40
69 43
70 47
71 8
72 26
73 8
74 17
75 29
76 49
77 34
78 22
79 29
80 13
81 15
82 29
83 6
84 21
85 5
86 11
87 5
88 25
89 28
90 32
91 38
92 21
93 10
94 13
95 23
96 50
97 35
98 43
99 5
100 27
101 49
102 4
103 17
104 39
105 23
106 4
107 18
108 27
109 50
110 13
111 1
112 25
113 25
114 49
115 38
116 2
117 43
118 17
119 36
120 46
121 43
122 14
123 17
124 42
125 26
126 50
127 38
128 46
129 21
130 9
131 37
132 29
133 22
134 1
135 51
136 32
137 13
138 19
139 43
140 43
141 37
142 21
143 3
144 8
145 29
146 43
147 27
148 5
149 5
150 34
151 42
152 6
153 20
154 31
155 39
156 1
157 51
158 33
159 39
160 21
161 44
162 22
163 48
164 1
165 25
166 16
167 12
168 26
169 24
170 19
171 28
172 30
173 45
174 16
175 45
176 7
177 10
178 40
179 39
180 10
181 19
182 39
183 8
184 13
185 42
186 40
187 20
188 14
189 18
190 37
191 23
192 35
193 2
194 30
195 38
196 30
197 13
198 41
199 25
200 37
201 46
202 11
203 2
204 48
205 22
206 39
207 32
208 41
209 12
210 7
211 34
212 5
213 7
214 17
215 21
216 43
217 20
218 43
219 1
220 21
221 29
222 17
223 51
224 20
225 50
226 10
227 17
228 4
229 51
230 44
231 36
232 49
233 33
234 47
235 34
236 22
237 47
238 9
239 22
240 9
241 31
242 33
243 45
244 39
245 2
246 1
247 51
248 31
249 49
250 50
251 51
252 40
253 20
254 43
255 25
256 40
257 4
258 43
259 35
260 12
261 40
262 7
263 3
264 9
265 7
266 46
267 15
268 16
269 39
270 43
271 3
272 9
273 50
274 41
275 36
276 16
277 51
278 20
279 38
280 30
281 25
282 4
283 40
284 39
285 3
286 51
287 41
288 31
289 45
290 4
291 30
292 1
293 27
294 6
295 15
296 50
297 44
298 11
299 30
300 16
301 15
302 35
303 2
304 30
305 29
306 2
307 15
308 47
309 10
310 14
311 29
312 9
313 28
314 33
315 42
316 23
317 6
318 27
319 15
320 38
321 6
322 19
323 39
324 38
325 21
326 11
327 14
328 48
329 3
330 41
331 7
332 46
333 21
334 25
335 11
336 21
337 7
338 24
339 1
340 10
341 21
342 26
343 27
344 43
345 37
346 12
347 50
348 7
349 39
350 44
351 34
352 38
353 20
354 25
355 2
356 11
357 39
358 48
359 33
360 10
361 30
362 24
363 27
364 3
365 43
366 1
367 24
368 20
369 42
370 27
371 44
372 51
373 10
374 48
375 4
376 27
377 21
378 40
379 20
380 43
381 6
382 51
383 13
384 33
385 51
386 50
387 49
388 33
389 10
390 24
391 30
392 13
393 29
394 33
395 16
396 43
397 18
398 18
399 29
400 27
401 41
402 19
403 4
404 39
405 12
406 51
407 6
408 19
409 51
410 41
411 10
412 26
413 1
414 8
415 4
416 39
417 42
418 14
419 16
420 7
421 27
422 41
423 7
424 6
425 4
426 18
427 5
428 21
429 20
430 42
431 51
432 39
433 51
434 51
435 41
436 39
437 21
438 41
439 51
440 18
441 7
442 18
443 25
444 4
445 6
446 18
447 23
448 51
449 1
450 4
451 27
452 50
453 23
454 27
455 25
456 19
457 39
458 16
459 51
460 29
461 21
462 3
463 27
464 6
465 7
466 38
467 13
468 38
469 39
470 40
471 51
472 21
473 38
474 17
475 33
476 3
477 25
478 43
479 21
480 7
481 29
482 20
483 33
484 13
485 41
486 39
487 41
488 40
489 13
490 17
491 13
492 25
493 29
494 20
495 20
496 20
497 13
498 40
499 40
500 13
