1 55
1 57
1 64
1 271
1 287
2 117
2 271
2 296
2 311
2 341
3 280
3 365
3 371
3 409
3 427
3 428
3 475
3 484
3 493
3 495
4 6
4 11
4 47
4 381
4 388
5 58
5 83
5 102
5 146
5 207
5 334
5 395
5 397
5 480
5 486
5 488
5 490
5 493
6 4
6 11
6 14
6 232
6 272
7 9
7 14
7 15
7 32
7 46
8 13
8 264
8 364
8 493
8 497
9 7
9 14
9 15
9 180
9 275
10 23
10 266
10 292
10 326
10 356
10 363
10 420
10 439
10 447
10 451
10 462
10 485
11 4
11 6
11 14
11 15
11 440
12 24
12 42
12 186
12 383
12 448
12 450
13 8
13 27
13 124
13 284
13 451
14 6
14 7
14 9
14 11
14 15
15 7
15 9
15 11
15 14
15 276
16 17
16 156
16 235
16 276
16 419
17 16
17 235
17 276
17 410
17 434
18 19
18 23
18 59
18 235
18 338
19 18
19 20
19 23
19 177
19 256
19 405
20 19
20 23
20 68
20 415
20 487
21 56
21 71
21 150
21 191
21 261
22 72
22 73
22 196
22 213
22 488
23 10
23 18
23 19
23 20
23 208
23 363
23 420
24 12
24 42
24 339
24 412
24 415
24 448
24 450
24 486
25 28
25 29
25 424
25 426
25 439
26 31
26 32
26 35
26 98
26 458
27 13
27 29
27 75
27 271
27 461
28 25
28 29
28 202
28 460
29 25
29 27
29 28
29 37
29 54
30 34
30 74
30 210
30 241
30 464
31 26
31 32
31 61
31 143
31 388
32 7
32 26
32 31
32 35
32 389
33 58
33 102
33 158
33 213
33 261
33 263
33 370
33 431
33 443
33 445
33 467
33 480
33 482
33 488
33 492
34 30
34 42
34 87
34 203
34 210
35 26
35 32
35 38
35 43
35 139
36 52
36 252
36 311
36 444
36 448
37 29
37 52
37 54
37 210
37 461
38 35
38 43
38 198
38 450
38 460
39 62
39 75
39 119
39 315
39 356
39 378
39 438
39 441
39 485
40 53
40 350
40 371
40 387
40 407
41 44
41 212
41 239
41 330
41 438
42 12
42 24
42 34
42 61
42 289
42 450
42 465
43 35
43 38
43 44
43 78
43 185
43 218
44 41
44 43
44 210
44 239
44 291
45 46
45 47
45 239
45 444
45 448
46 7
46 45
46 47
46 50
46 239
47 4
47 45
47 46
47 55
47 121
48 64
48 145
48 290
48 313
48 355
49 117
49 159
49 222
49 296
49 341
49 368
49 384
49 389
49 392
49 396
49 403
50 46
50 55
50 311
50 363
50 481
51 127
51 231
51 332
51 354
51 480
52 36
52 37
52 280
52 351
52 406
53 40
53 109
53 356
53 407
53 487
54 29
54 37
54 75
54 145
54 221
54 312
54 352
54 461
54 468
54 469
54 472
54 475
54 484
54 487
54 499
55 1
55 47
55 50
55 237
55 363
56 21
56 214
56 229
56 407
56 482
57 1
57 59
57 172
57 287
57 302
57 311
57 365
57 423
58 5
58 33
58 102
58 297
58 421
58 425
58 428
58 432
58 467
58 480
58 482
58 488
58 493
59 18
59 57
59 124
59 299
59 461
60 87
60 90
60 112
60 443
60 458
61 31
61 42
61 112
61 135
61 164
61 410
62 39
62 75
62 119
62 123
62 136
62 356
62 494
63 71
63 181
63 359
63 493
63 495
64 1
64 48
64 237
64 309
64 355
65 77
65 78
65 79
65 359
65 493
66 100
66 135
66 337
66 435
66 442
67 68
67 96
67 105
67 151
67 363
68 20
68 67
68 69
68 108
68 151
69 68
69 151
69 186
69 363
69 383
70 72
70 151
70 196
70 444
70 448
71 21
71 63
71 181
71 232
71 272
72 22
72 70
72 196
72 270
72 361
73 22
73 167
73 296
73 328
73 452
74 30
74 232
74 240
74 280
74 352
74 373
74 500
75 27
75 39
75 54
75 62
75 119
75 136
75 221
75 356
75 461
76 138
76 254
76 287
76 400
76 479
77 65
77 78
77 328
77 460
77 462
78 43
78 65
78 77
78 218
78 233
78 328
79 65
79 80
79 338
79 342
79 452
80 79
80 85
80 228
80 338
80 416
81 82
81 85
81 86
81 127
81 134
82 81
82 86
82 168
82 341
82 423
83 5
83 181
83 207
83 273
83 334
84 181
84 215
84 235
84 273
84 282
85 80
85 81
85 86
85 206
85 341
86 81
86 82
86 85
86 149
86 200
86 447
87 34
87 60
87 90
87 203
87 443
87 465
88 111
88 134
88 258
88 457
88 496
89 103
89 218
89 225
89 226
89 455
89 456
90 60
90 87
90 443
90 467
90 481
91 92
91 210
91 291
91 395
91 443
92 91
92 294
92 333
92 379
92 395
93 95
93 97
93 395
93 408
93 464
94 96
94 200
94 230
94 273
94 338
95 93
95 97
95 121
95 157
95 294
96 67
96 94
96 110
96 298
96 487
97 93
97 95
97 98
97 260
97 370
98 26
98 97
98 99
98 139
98 357
99 98
99 101
99 331
99 357
99 498
100 66
100 318
100 337
100 357
100 370
101 99
101 281
101 318
101 357
101 384
102 5
102 33
102 58
102 239
102 310
102 332
102 366
102 381
102 467
102 468
102 480
102 482
102 488
102 493
103 89
103 104
103 105
103 318
103 454
104 103
104 105
104 131
104 205
104 318
105 67
105 103
105 104
105 106
105 196
106 105
106 107
106 168
106 369
106 464
107 106
107 108
107 145
107 168
107 370
108 68
108 107
108 109
108 168
108 327
109 53
109 108
109 113
109 115
109 356
109 487
110 96
110 118
110 412
110 461
110 486
111 88
111 205
111 305
111 366
111 496
112 60
112 61
112 135
112 159
112 225
112 314
112 410
112 458
113 109
113 115
113 168
113 357
113 401
114 246
114 293
114 296
114 297
114 374
114 409
115 109
115 113
115 116
115 194
115 307
116 115
116 117
116 118
116 182
116 480
117 2
117 49
117 116
117 118
117 120
117 159
117 222
118 110
118 116
118 117
118 120
118 339
119 39
119 62
119 75
119 136
119 182
119 217
119 268
119 480
120 117
120 118
120 121
121 47
121 95
121 120
121 122
121 187
122 121
122 123
122 125
122 300
122 481
122 491
123 62
123 122
123 125
123 126
123 494
124 13
124 59
124 140
124 451
124 496
125 122
125 123
125 126
125 161
125 201
126 123
126 125
126 284
126 451
126 457
127 51
127 81
127 130
127 148
127 332
128 129
128 130
128 131
128 347
128 353
129 128
129 130
129 131
129 493
129 495
130 127
130 128
130 129
130 131
130 392
131 104
131 128
131 129
131 130
131 305
132 176
132 317
132 366
132 382
132 496
133 187
133 223
133 289
133 298
133 375
133 426
133 439
133 492
134 81
134 88
134 375
134 474
134 496
135 61
135 66
135 112
135 159
135 212
135 330
135 410
136 62
136 75
136 119
136 260
136 268
136 282
136 333
136 370
136 379
137 138
137 366
137 382
137 440
137 472
138 76
138 137
138 151
138 366
138 382
139 35
139 98
139 141
139 382
139 414
140 124
140 142
140 175
140 362
140 446
141 139
141 144
141 262
141 401
141 476
142 140
142 322
142 356
142 360
142 405
143 31
143 164
143 304
143 335
143 498
144 141
144 309
144 355
144 460
144 462
145 48
145 54
145 107
145 313
145 370
146 5
146 234
146 263
146 280
146 351
146 359
146 391
146 406
146 408
146 464
146 486
146 488
146 490
146 491
146 493
146 494
146 500
147 188
147 254
147 345
147 375
147 475
148 127
148 208
148 245
148 313
148 485
149 86
149 188
149 200
149 287
149 447
150 21
150 155
150 188
150 191
150 261
151 67
151 68
151 69
151 70
151 138
151 352
152 153
152 231
152 295
152 460
152 462
153 152
153 154
153 268
153 295
153 335
154 153
154 157
154 158
154 160
154 398
155 150
155 156
155 377
155 426
155 492
156 16
156 155
156 165
156 242
156 313
157 95
157 154
157 160
157 161
157 473
158 33
158 154
158 198
158 323
158 433
159 49
159 112
159 117
159 135
159 177
159 222
159 410
160 154
160 157
160 161
160 340
160 348
160 453
161 125
161 157
161 160
161 163
161 201
162 178
162 183
162 199
162 209
162 211
162 295
162 429
162 485
163 161
163 211
163 285
163 395
163 493
164 61
164 143
164 165
164 285
164 452
165 156
165 164
165 285
165 313
165 476
166 167
166 169
166 316
166 396
166 443
167 73
167 166
167 169
167 171
167 341
168 82
168 106
168 107
168 108
168 113
168 172
169 166
169 167
169 171
169 332
169 473
170 210
170 212
170 291
170 317
170 447
171 167
171 169
171 232
171 248
171 272
172 57
172 168
172 173
172 248
172 483
173 172
173 179
173 248
173 333
173 373
173 380
174 179
174 189
174 224
174 388
174 425
175 140
175 176
175 179
175 189
175 362
176 132
176 175
176 179
176 317
176 433
177 19
177 159
177 178
177 183
177 405
177 410
178 162
178 177
178 183
178 199
178 247
178 425
179 173
179 174
179 175
179 176
179 216
179 380
180 9
180 182
180 184
180 186
180 251
181 63
181 71
181 83
181 84
181 272
182 116
182 119
182 180
182 184
182 186
182 217
183 162
183 177
183 178
183 199
183 271
183 370
184 180
184 182
184 186
184 414
184 422
185 43
185 218
185 310
185 351
185 367
185 411
186 12
186 69
186 180
186 182
186 184
186 457
187 121
187 133
187 289
187 298
187 375
187 448
188 147
188 149
188 150
188 214
188 328
188 469
188 482
189 174
189 175
189 250
189 333
189 399
189 467
190 191
190 192
190 308
190 382
190 485
190 490
191 21
191 150
191 190
191 192
191 195
191 213
192 190
192 191
192 195
192 297
192 421
192 432
193 304
193 323
193 335
193 340
193 348
193 350
194 115
194 195
194 203
194 224
194 388
194 401
195 191
195 192
195 194
195 288
195 321
195 465
196 22
196 70
196 72
196 105
196 298
196 328
197 202
197 203
197 220
197 239
197 366
197 401
198 38
198 158
198 212
198 390
198 429
198 471
199 162
199 178
199 183
199 209
199 256
199 405
200 86
200 94
200 149
200 212
200 217
200 338
201 125
201 161
201 225
201 226
201 233
201 423
202 28
202 197
202 203
202 304
202 401
203 34
203 87
203 194
203 197
203 202
203 401
203 465
204 205
204 206
204 207
204 318
204 322
204 487
205 104
205 111
205 204
205 206
205 207
205 305
206 85
206 204
206 205
206 207
206 283
206 475
207 5
207 83
207 204
207 205
207 206
207 334
208 23
208 148
208 213
208 215
208 216
208 363
209 162
209 199
209 211
209 267
209 404
209 456
210 30
210 34
210 37
210 44
210 91
210 170
211 162
211 163
211 209
211 218
211 456
211 495
212 41
212 135
212 170
212 198
212 200
212 435
213 22
213 33
213 191
213 208
213 215
213 216
214 56
214 188
214 229
214 234
214 255
214 263
214 286
214 328
214 336
214 469
214 471
214 482
214 491
214 494
214 495
214 500
215 84
215 208
215 213
215 216
215 282
216 179
216 208
216 213
216 215
216 265
217 119
217 182
217 200
217 241
217 480
218 43
218 78
218 89
218 185
218 211
218 225
218 456
219 221
219 336
219 350
219 361
219 371
219 438
220 197
220 221
220 222
220 233
220 366
220 401
221 54
221 75
221 219
221 220
221 222
221 461
222 49
222 117
222 159
222 220
222 221
222 223
223 133
223 222
223 236
223 312
223 489
223 492
224 174
224 194
224 228
224 230
224 307
224 312
225 89
225 112
225 201
225 218
225 431
225 458
226 89
226 201
226 227
226 257
226 456
226 467
227 226
227 233
227 390
227 423
227 437
227 476
228 80
228 224
228 230
228 431
228 456
228 489
229 56
229 214
229 230
229 456
229 482
229 489
230 94
230 224
230 228
230 229
230 299
230 447
231 51
231 152
231 295
231 302
231 332
231 365
232 6
232 71
232 74
232 171
232 272
232 352
232 373
233 78
233 201
233 220
233 227
233 366
233 390
233 423
234 146
234 214
234 242
234 263
234 303
234 376
234 411
234 437
234 476
234 486
234 488
234 490
234 491
234 494
234 500
235 16
235 17
235 18
235 84
235 276
235 282
236 223
236 381
236 383
236 386
236 460
236 492
237 55
237 64
237 346
237 347
237 348
237 353
238 240
238 242
238 352
238 373
238 411
238 437
239 41
239 44
239 45
239 46
239 102
239 197
239 277
239 468
240 74
240 238
240 310
240 332
240 354
240 468
241 30
241 217
241 281
241 407
241 500
242 156
242 234
242 238
242 336
242 405
242 411
242 417
242 437
242 463
243 245
243 247
243 316
243 356
243 396
243 436
244 246
244 259
244 354
244 471
244 481
244 485
245 148
245 243
245 247
245 292
245 390
245 423
246 114
246 244
246 249
246 354
246 368
246 374
247 178
247 243
247 245
247 256
247 425
247 436
248 171
248 172
248 173
248 333
248 393
248 412
248 486
249 246
249 255
249 312
249 354
249 440
249 472
250 189
250 377
250 414
250 425
250 433
250 458
251 180
251 339
251 340
251 346
251 347
251 489
252 36
252 253
252 287
252 370
252 397
252 444
253 252
253 255
253 358
253 367
253 397
253 403
254 76
254 147
254 368
254 374
254 419
254 479
255 214
255 249
255 253
255 286
255 397
255 482
256 19
256 199
256 247
256 259
256 265
256 405
256 436
257 226
257 260
257 261
257 285
257 397
257 399
258 88
258 310
258 324
258 326
258 327
258 457
259 244
259 256
259 262
259 265
259 267
259 471
259 485
260 97
260 136
260 257
260 261
260 264
260 370
261 21
261 33
261 150
261 257
261 260
261 264
262 141
262 259
262 265
262 267
262 401
262 436
263 33
263 146
263 214
263 234
263 311
263 384
263 386
263 389
263 392
263 443
263 445
263 471
263 486
263 488
263 490
263 491
263 494
263 495
263 500
264 8
264 260
264 261
264 266
264 364
264 494
265 216
265 256
265 259
265 262
265 267
265 373
266 10
266 264
266 269
266 274
266 292
266 420
267 209
267 259
267 262
267 265
267 270
267 276
267 404
267 430
268 119
268 136
268 153
268 282
268 335
268 342
268 345
268 394
268 470
269 266
269 274
269 275
269 293
269 303
269 476
270 72
270 267
270 279
270 284
270 361
270 481
271 1
271 2
271 27
271 183
271 311
271 370
272 6
272 71
272 171
272 181
272 232
272 364
272 406
272 408
272 445
272 464
272 465
272 492
273 83
273 84
273 94
273 316
273 396
274 266
274 269
274 275
274 278
274 481
275 9
275 269
275 274
275 278
275 489
276 15
276 16
276 17
276 235
276 267
276 404
276 430
277 239
277 278
277 283
277 381
277 468
277 476
278 274
278 275
278 277
278 283
278 481
278 491
279 270
279 284
279 286
279 395
279 397
279 481
280 3
280 52
280 74
280 146
280 365
280 371
280 406
280 427
280 428
280 475
280 500
281 101
281 241
281 300
281 445
281 488
282 84
282 136
282 215
282 235
282 268
282 294
282 342
282 345
282 362
283 206
283 277
283 278
283 290
283 375
284 13
284 126
284 270
284 279
284 286
284 451
284 481
285 163
285 164
285 165
285 257
285 377
285 399
285 467
286 214
286 255
286 279
286 284
286 292
286 469
286 481
287 1
287 57
287 76
287 149
287 252
287 444
287 448
288 195
288 292
288 293
288 321
288 409
288 481
288 499
289 42
289 133
289 187
289 298
289 418
289 465
289 499
290 48
290 283
290 302
290 306
290 474
291 44
291 91
291 170
291 338
291 341
291 418
291 492
292 10
292 245
292 266
292 286
292 288
292 293
292 409
293 114
293 269
293 288
293 292
293 303
293 409
293 476
294 92
294 95
294 282
294 395
294 440
295 152
295 153
295 162
295 231
295 332
295 427
295 471
296 2
296 49
296 73
296 114
296 297
296 299
296 409
297 58
297 114
297 192
297 296
297 299
297 301
297 428
298 96
298 133
298 187
298 196
298 289
298 416
298 487
299 59
299 230
299 296
299 297
299 301
299 305
299 447
300 122
300 281
300 329
300 481
300 491
301 297
301 299
301 305
301 307
301 324
301 385
301 436
302 57
302 231
302 290
302 306
302 308
302 365
303 234
303 269
303 293
303 330
303 334
303 339
303 340
304 143
304 193
304 202
304 344
304 460
304 462
304 498
305 111
305 131
305 205
305 299
305 301
305 307
305 315
306 290
306 302
306 308
306 311
306 386
306 488
307 115
307 224
307 301
307 305
307 314
307 315
307 388
308 190
308 302
308 306
308 321
308 382
308 490
309 64
309 144
309 313
309 355
309 409
309 484
309 493
310 102
310 185
310 240
310 258
310 327
310 330
310 334
311 2
311 36
311 50
311 57
311 263
311 271
311 306
312 54
312 223
312 224
312 249
312 459
312 472
312 489
313 48
313 145
313 148
313 156
313 165
313 309
313 419
314 112
314 307
314 315
314 316
314 458
314 466
314 491
315 39
315 305
315 307
315 314
315 316
315 378
315 438
315 441
316 166
316 243
316 273
316 314
316 315
316 322
316 468
317 132
317 170
317 176
317 319
317 320
317 322
317 324
318 100
318 101
318 103
318 104
318 204
318 360
318 487
319 317
319 320
319 324
319 383
319 413
319 457
319 485
320 317
320 319
320 322
320 326
320 385
320 416
320 436
321 195
321 288
321 308
321 325
321 331
321 499
322 142
322 204
322 316
322 317
322 320
322 324
322 356
323 158
323 193
323 343
323 350
323 351
323 369
323 433
324 258
324 301
324 317
324 319
324 322
324 416
324 436
325 321
325 331
325 337
325 440
325 472
326 10
326 258
326 320
326 327
326 345
326 431
326 456
327 108
327 258
327 310
327 326
327 334
327 393
327 486
328 73
328 77
328 78
328 188
328 196
328 214
328 469
329 300
329 379
329 454
329 455
329 499
330 41
330 135
330 303
330 310
330 334
330 339
330 435
331 99
331 321
331 325
331 336
331 337
332 51
332 102
332 127
332 169
332 231
332 240
332 295
333 92
333 136
333 173
333 189
333 248
333 370
333 481
334 5
334 83
334 207
334 303
334 310
334 327
334 330
334 397
335 143
335 153
335 193
335 268
335 350
335 394
335 470
336 214
336 219
336 242
336 331
336 405
336 411
336 425
336 469
336 482
336 498
337 66
337 100
337 325
337 331
337 343
337 435
338 18
338 79
338 80
338 94
338 200
338 291
338 341
339 24
339 118
339 251
339 303
339 330
339 415
339 487
340 160
340 193
340 251
340 303
340 346
340 347
340 453
341 2
341 49
341 82
341 85
341 167
341 291
341 338
342 79
342 268
342 282
342 345
342 362
342 475
342 490
343 323
343 337
343 344
343 398
343 498
344 304
344 343
344 421
344 432
344 498
345 147
345 268
345 282
345 326
345 342
345 362
345 384
345 475
346 237
346 251
346 340
346 347
346 355
346 418
346 490
347 128
347 237
347 251
347 340
347 346
347 358
347 403
348 160
348 193
348 237
348 349
348 353
348 415
349 348
349 353
349 358
349 402
349 415
349 431
349 456
350 40
350 193
350 219
350 323
350 335
350 371
350 387
351 52
351 146
351 185
351 323
351 372
351 391
351 464
352 54
352 74
352 151
352 232
352 238
352 373
352 400
353 128
353 237
353 348
353 349
353 358
353 360
353 403
354 51
354 240
354 244
354 246
354 249
354 480
355 48
355 64
355 144
355 309
355 346
355 462
355 490
356 10
356 39
356 53
356 62
356 75
356 109
356 142
356 243
356 322
356 360
356 462
356 485
356 487
357 98
357 99
357 100
357 101
357 113
357 401
358 253
358 347
358 349
358 353
358 359
358 360
358 415
359 63
359 65
359 146
359 358
359 360
359 361
359 484
360 142
360 318
360 353
360 356
360 358
360 359
360 361
361 72
361 219
361 270
361 359
361 360
361 371
361 456
361 460
362 140
362 175
362 282
362 342
362 345
362 368
362 384
362 446
363 10
363 23
363 50
363 55
363 67
363 69
363 208
363 420
364 8
364 264
364 272
364 406
364 408
364 410
364 445
364 464
364 465
364 483
364 492
364 494
364 497
365 3
365 57
365 231
365 280
365 302
365 371
365 423
365 427
365 428
365 435
366 102
366 111
366 132
366 137
366 138
366 197
366 220
366 233
367 185
367 253
367 369
367 372
367 403
368 49
368 246
368 254
368 362
368 374
368 384
368 389
368 392
369 106
369 323
369 367
369 372
369 500
370 33
370 97
370 100
370 107
370 136
370 145
370 183
370 252
370 260
370 271
370 333
370 379
370 406
370 431
370 464
370 467
370 480
370 482
370 492
371 3
371 40
371 219
371 280
371 350
371 361
371 365
371 427
371 428
371 435
372 351
372 367
372 369
372 479
372 489
373 74
373 173
373 232
373 238
373 265
373 352
373 380
374 114
374 246
374 254
374 368
374 376
374 378
374 460
374 484
375 133
375 134
375 147
375 187
375 283
375 377
375 414
375 475
376 234
376 374
376 378
376 411
376 437
376 450
376 460
376 476
377 155
377 250
377 285
377 375
377 414
377 433
377 439
377 492
378 39
378 315
378 374
378 376
378 381
378 438
378 460
379 92
379 136
379 329
379 370
379 380
380 173
380 179
380 373
380 379
380 442
381 4
381 102
381 236
381 277
381 378
381 383
381 386
381 468
382 132
382 137
382 138
382 139
382 190
382 308
382 418
382 452
383 12
383 69
383 236
383 319
383 381
383 386
383 413
383 448
384 49
384 101
384 263
384 345
384 362
384 368
384 389
384 392
385 301
385 320
385 387
385 394
385 400
385 416
385 436
386 236
386 263
386 306
386 381
386 383
386 391
386 443
386 488
387 40
387 350
387 385
387 394
387 400
388 4
388 31
388 174
388 194
388 307
388 416
388 418
388 440
389 32
389 49
389 263
389 368
389 384
389 392
389 398
389 402
390 198
390 227
390 233
390 245
390 423
390 429
390 436
390 450
390 471
390 485
391 146
391 351
391 386
391 399
391 407
391 417
391 481
391 500
392 49
392 130
392 263
392 368
392 384
392 389
392 452
392 490
393 248
393 327
393 452
393 461
393 476
393 483
393 486
393 497
394 268
394 335
394 385
394 387
394 400
395 5
395 91
395 92
395 93
395 163
395 279
395 294
395 397
396 49
396 166
396 243
396 273
396 398
396 402
396 403
396 404
397 5
397 252
397 253
397 255
397 257
397 279
397 334
397 395
398 154
398 343
398 389
398 396
398 402
398 403
398 404
398 433
399 189
399 257
399 285
399 391
399 417
399 437
399 463
399 491
400 76
400 352
400 385
400 387
400 394
401 113
401 141
401 194
401 197
401 202
401 203
401 220
401 262
401 357
402 349
402 389
402 396
402 398
402 403
402 404
402 431
402 456
402 475
403 49
403 253
403 347
403 353
403 367
403 396
403 398
403 402
403 404
404 209
404 267
404 276
404 396
404 398
404 402
404 403
404 412
404 430
405 19
405 142
405 177
405 199
405 242
405 256
405 336
405 411
405 463
406 52
406 146
406 272
406 280
406 364
406 370
406 408
406 431
406 445
406 465
406 492
406 500
407 40
407 53
407 56
407 241
407 391
407 500
408 93
408 146
408 272
408 364
408 406
408 445
408 464
408 465
408 469
408 472
408 487
408 500
409 3
409 114
409 288
409 292
409 293
409 296
409 309
409 417
409 495
410 17
410 61
410 112
410 135
410 159
410 177
410 364
410 494
410 497
411 185
411 234
411 238
411 242
411 336
411 376
411 405
411 425
411 444
412 24
412 110
412 248
412 404
412 421
412 422
412 424
412 457
412 486
413 319
413 383
413 434
413 441
413 446
413 457
414 139
414 184
414 250
414 375
414 377
414 422
414 433
414 442
414 477
415 20
415 24
415 339
415 348
415 349
415 358
415 423
415 484
415 486
416 80
416 298
416 320
416 324
416 385
416 388
416 418
416 436
416 440
417 242
417 391
417 399
417 409
417 437
417 484
417 493
417 495
418 289
418 291
418 346
418 382
418 388
418 416
418 440
418 452
418 490
419 16
419 254
419 313
419 477
419 478
420 10
420 23
420 266
420 363
420 421
420 422
420 424
420 426
420 457
421 58
421 192
421 344
421 412
421 420
421 422
421 424
421 428
421 457
422 184
422 412
422 414
422 420
422 421
422 424
422 442
422 457
422 477
423 57
423 82
423 201
423 227
423 233
423 245
423 365
423 390
423 415
424 25
424 412
424 420
424 421
424 422
424 426
424 439
424 457
424 492
425 58
425 174
425 178
425 247
425 250
425 336
425 411
425 428
425 432
425 433
426 25
426 133
426 155
426 420
426 424
426 429
426 430
426 457
426 492
426 497
427 3
427 280
427 295
427 365
427 371
427 428
427 429
427 435
427 450
427 471
428 3
428 58
428 280
428 297
428 365
428 371
428 421
428 425
428 427
428 435
429 162
429 198
429 390
429 426
429 427
429 430
429 461
429 471
429 483
429 497
430 267
430 276
430 404
430 426
430 429
430 461
430 483
430 497
431 33
431 225
431 228
431 326
431 349
431 370
431 402
431 406
431 456
431 464
431 467
431 475
431 480
431 482
431 492
432 58
432 192
432 344
432 425
432 437
432 438
432 444
432 448
432 450
432 458
433 158
433 176
433 250
433 323
433 377
433 398
433 414
433 425
434 17
434 413
434 441
434 446
434 483
434 494
435 66
435 212
435 330
435 337
435 365
435 371
435 427
435 428
435 439
435 451
436 243
436 247
436 256
436 262
436 301
436 320
436 324
436 385
436 390
436 416
437 227
437 234
437 238
437 242
437 376
437 399
437 417
437 432
437 463
437 476
438 39
438 41
438 219
438 315
438 378
438 432
438 444
438 452
438 458
438 476
439 10
439 25
439 133
439 377
439 424
439 435
439 447
439 451
439 462
439 488
440 11
440 137
440 249
440 294
440 325
440 388
440 416
440 418
440 459
440 472
441 39
441 315
441 413
441 434
441 446
442 66
442 380
442 414
442 422
442 477
443 33
443 60
443 87
443 90
443 91
443 166
443 263
443 386
443 445
443 488
444 36
444 45
444 70
444 252
444 287
444 411
444 432
444 438
444 452
444 458
444 476
445 33
445 263
445 272
445 281
445 364
445 406
445 408
445 443
445 464
445 465
445 500
446 140
446 362
446 413
446 434
446 441
447 10
447 86
447 149
447 170
447 230
447 299
447 439
447 451
447 462
447 485
447 492
448 12
448 24
448 36
448 45
448 70
448 187
448 287
448 383
448 432
448 450
448 458
449 453
449 454
449 455
449 478
449 480
450 12
450 24
450 38
450 42
450 376
450 390
450 427
450 432
450 448
450 471
450 485
451 10
451 13
451 124
451 126
451 284
451 435
451 439
451 447
451 462
451 485
451 496
452 73
452 79
452 164
452 382
452 392
452 393
452 418
452 438
452 444
452 458
452 476
452 490
453 160
453 340
453 449
453 454
453 455
454 103
454 329
454 449
454 453
454 459
455 89
455 329
455 449
455 453
455 459
455 499
456 89
456 209
456 211
456 218
456 226
456 228
456 229
456 326
456 349
456 361
456 402
456 431
457 88
457 126
457 186
457 258
457 319
457 412
457 413
457 420
457 421
457 422
457 424
457 426
458 26
458 60
458 112
458 225
458 250
458 314
458 432
458 438
458 444
458 448
458 452
458 466
459 312
459 440
459 454
459 455
459 466
459 472
460 28
460 38
460 77
460 144
460 152
460 236
460 304
460 361
460 374
460 376
460 378
460 462
461 27
461 37
461 54
461 59
461 75
461 110
461 221
461 393
461 429
461 430
461 483
461 497
462 10
462 77
462 144
462 152
462 304
462 355
462 356
462 439
462 447
462 451
462 460
462 485
463 242
463 399
463 405
463 437
463 484
463 493
463 495
464 30
464 93
464 106
464 146
464 272
464 351
464 364
464 370
464 408
464 431
464 445
464 465
464 492
465 42
465 87
465 195
465 203
465 272
465 289
465 364
465 406
465 408
465 445
465 464
465 472
465 499
466 314
466 458
466 459
466 470
466 473
467 33
467 58
467 90
467 102
467 189
467 226
467 285
467 370
467 431
467 480
467 482
467 491
467 493
468 54
468 102
468 239
468 240
468 277
468 316
468 381
468 469
468 472
468 475
468 484
468 487
468 499
469 54
469 188
469 214
469 286
469 328
469 336
469 408
469 468
469 472
469 482
469 484
469 487
469 499
470 268
470 335
470 466
470 473
470 474
471 198
471 214
471 244
471 259
471 263
471 295
471 390
471 427
471 429
471 450
471 485
471 491
471 495
471 500
472 54
472 137
472 249
472 312
472 325
472 408
472 440
472 459
472 465
472 468
472 469
472 484
472 499
473 157
473 169
473 466
473 470
473 474
474 134
474 290
474 470
474 473
474 477
475 3
475 54
475 147
475 206
475 280
475 342
475 345
475 375
475 402
475 431
475 468
475 484
475 487
475 499
476 141
476 165
476 227
476 234
476 269
476 277
476 293
476 376
476 393
476 437
476 438
476 444
476 452
476 483
477 414
477 419
477 422
477 442
477 474
477 478
478 419
478 449
478 477
478 479
478 480
479 76
479 254
479 372
479 478
479 489
480 5
480 33
480 51
480 58
480 102
480 116
480 119
480 217
480 354
480 370
480 431
480 449
480 467
480 478
480 482
481 50
481 90
481 122
481 244
481 270
481 274
481 278
481 279
481 284
481 286
481 288
481 300
481 333
481 391
481 491
482 33
482 56
482 58
482 102
482 188
482 214
482 229
482 255
482 336
482 370
482 431
482 467
482 469
482 480
482 492
483 172
483 364
483 393
483 429
483 430
483 434
483 461
483 476
483 494
483 497
484 3
484 54
484 309
484 359
484 374
484 415
484 417
484 463
484 468
484 469
484 472
484 475
484 487
484 495
484 499
485 10
485 39
485 148
485 162
485 190
485 244
485 259
485 319
485 356
485 390
485 447
485 450
485 451
485 462
485 471
486 5
486 24
486 110
486 146
486 234
486 248
486 263
486 327
486 393
486 412
486 415
486 488
486 490
486 493
486 494
486 500
487 20
487 53
487 54
487 96
487 109
487 204
487 298
487 318
487 339
487 356
487 408
487 468
487 469
487 475
487 484
487 499
488 5
488 22
488 33
488 58
488 102
488 146
488 234
488 263
488 281
488 306
488 386
488 439
488 443
488 486
488 490
488 493
488 494
489 223
489 228
489 229
489 251
489 275
489 312
489 372
489 479
490 5
490 146
490 190
490 234
490 263
490 308
490 342
490 346
490 355
490 392
490 418
490 452
490 486
490 488
490 491
490 493
490 494
491 122
491 146
491 214
491 234
491 263
491 278
491 300
491 314
491 399
491 467
491 471
491 481
491 490
491 494
491 495
491 500
492 33
492 133
492 155
492 223
492 236
492 272
492 291
492 364
492 370
492 377
492 406
492 424
492 426
492 431
492 447
492 464
492 482
493 3
493 5
493 8
493 58
493 63
493 65
493 102
493 129
493 146
493 163
493 309
493 417
493 463
493 467
493 486
493 488
493 490
493 494
494 62
494 123
494 146
494 214
494 234
494 263
494 264
494 364
494 410
494 434
494 483
494 486
494 488
494 490
494 491
494 493
494 497
494 500
495 3
495 63
495 129
495 211
495 214
495 263
495 409
495 417
495 463
495 471
495 484
495 491
495 500
496 88
496 111
496 124
496 132
496 134
496 451
497 8
497 364
497 393
497 410
497 426
497 429
497 430
497 461
497 483
497 494
498 99
498 143
498 304
498 336
498 343
498 344
499 54
499 288
499 289
499 321
499 329
499 455
499 465
499 468
499 469
499 472
499 475
499 484
499 487
500 74
500 146
500 214
500 234
500 241
500 263
500 280
500 369
500 391
500 406
500 407
500 408
500 445
500 471
500 486
500 491
500 494
500 495
