1 20
1 47
1 48
1 259
1 380
2 272
2 366
2 388
2 413
2 424
3 128
3 200
3 256
3 291
3 302
4 10
4 66
4 73
4 74
4 143
5 7
5 176
5 211
5 247
5 361
6 124
6 135
6 155
6 234
6 248
7 5
7 46
7 129
7 176
7 361
8 30
8 37
8 60
8 83
8 142
9 242
9 331
9 384
9 398
9 402
10 4
10 66
10 73
10 74
10 143
11 99
11 110
11 206
11 324
11 385
12 32
12 51
12 79
12 322
12 323
13 197
13 249
13 288
13 354
13 379
14 156
14 237
14 349
14 377
14 381
15 316
15 426
15 452
15 483
15 486
16 40
16 466
16 476
16 491
16 494
17 144
17 165
17 213
17 307
17 326
18 51
18 79
18 101
18 322
18 323
19 28
19 35
19 312
19 353
19 376
20 1
20 47
20 259
20 380
20 399
21 246
21 443
21 449
21 489
21 490
22 183
22 253
22 260
22 325
22 335
23 301
23 303
23 332
23 339
23 357
24 102
24 127
24 151
24 360
24 395
25 72
25 131
25 144
25 307
25 326
26 48
26 58
26 170
26 380
26 399
27 34
27 38
27 43
27 52
27 273
28 19
28 49
28 284
28 312
28 376
29 433
29 445
29 465
29 496
29 497
30 8
30 37
30 60
30 83
30 142
31 230
31 356
31 452
31 483
31 486
32 12
32 79
32 101
32 322
32 323
33 95
33 282
33 295
33 377
33 381
34 27
34 43
34 52
34 162
34 273
35 19
35 279
35 284
35 376
36 148
36 199
36 292
36 317
36 319
37 8
37 30
37 60
37 83
37 142
38 27
38 43
38 52
38 162
38 273
39 111
39 222
39 342
39 351
39 368
40 16
40 262
40 428
40 476
40 494
41 104
41 138
41 194
41 206
41 385
42 70
42 103
42 108
42 147
42 179
43 27
43 34
43 38
43 162
43 273
44 204
44 347
44 392
44 418
44 435
45 386
45 401
45 405
45 429
45 434
46 7
46 56
46 129
46 247
46 361
47 1
47 20
47 171
47 185
47 399
48 1
48 26
48 136
48 185
48 399
49 28
49 196
49 279
49 353
49 376
50 199
50 212
50 292
50 317
50 319
51 12
51 18
51 101
51 322
51 323
52 27
52 34
52 38
52 162
52 273
53 98
53 231
53 241
53 281
53 336
54 159
54 290
54 372
54 391
54 394
55 177
55 270
55 330
55 333
55 348
56 46
56 176
56 211
56 247
56 361
57 92
57 98
57 231
57 241
57 336
58 26
58 136
58 259
58 380
58 399
59 327
59 366
59 388
59 413
59 421
60 8
60 30
60 37
60 83
60 142
61 436
61 447
61 464
61 496
61 497
62 226
62 327
62 424
62 432
63 107
63 117
63 207
63 220
63 238
64 382
64 480
64 482
64 495
64 499
65 420
65 429
65 430
65 431
65 434
66 4
66 10
66 73
66 74
66 143
67 414
67 438
67 465
67 488
67 496
68 345
68 427
68 451
68 457
68 458
69 200
69 214
69 291
69 302
69 315
70 42
70 103
70 108
70 147
70 179
71 228
71 233
71 283
71 476
71 491
72 25
72 131
72 165
72 213
72 307
73 4
73 10
73 66
73 74
73 143
74 4
74 10
74 66
74 73
74 143
75 451
75 457
75 458
75 468
75 474
76 113
76 321
76 354
76 379
77 277
77 397
77 445
77 465
77 497
78 401
78 407
78 420
78 430
78 434
79 12
79 18
79 32
79 322
79 323
80 418
80 435
80 453
80 463
80 467
81 89
81 120
81 161
81 189
81 364
82 423
82 446
82 449
82 489
82 490
83 8
83 30
83 37
83 60
83 142
84 233
84 410
84 428
84 459
84 491
85 197
85 288
85 321
85 354
85 379
86 123
86 201
86 328
86 341
86 363
87 287
87 294
87 306
87 362
87 378
88 114
88 285
88 287
88 362
88 378
89 81
89 120
89 161
89 189
89 208
90 222
90 227
90 275
90 311
90 342
91 409
91 469
91 485
91 487
91 493
92 57
92 163
92 241
92 281
92 336
93 198
93 226
93 413
93 424
93 432
94 137
94 190
94 371
94 412
94 437
95 33
95 116
95 237
95 349
95 381
96 120
96 174
96 239
96 293
96 364
97 128
97 256
97 291
97 302
97 315
98 53
98 57
98 231
98 281
98 336
99 11
99 104
99 110
99 121
99 324
100 190
100 223
100 278
100 412
100 437
101 18
101 32
101 51
101 322
101 323
102 24
102 178
102 180
102 352
102 395
103 42
103 70
103 108
103 147
103 179
104 41
104 99
104 206
104 324
104 385
105 416
105 423
105 446
105 489
106 253
106 260
106 304
106 309
106 335
107 63
107 133
107 207
107 220
107 238
108 42
108 70
108 103
108 147
108 179
109 305
109 375
109 422
109 483
109 486
110 11
110 99
110 138
110 194
110 385
111 39
111 222
111 342
111 351
111 368
112 178
112 352
112 355
112 360
112 395
113 76
113 288
113 321
113 354
113 379
114 88
114 139
114 287
114 294
114 378
115 245
115 290
115 358
115 372
115 391
116 95
116 295
116 349
116 377
116 381
117 63
117 133
117 207
117 220
117 238
118 190
118 236
118 371
118 412
118 437
119 415
119 428
119 459
119 491
119 494
120 81
120 89
120 96
120 208
120 364
121 99
121 138
121 194
121 324
121 385
122 448
122 477
122 495
122 498
122 499
123 86
123 205
123 328
123 341
123 393
124 6
124 135
124 168
124 234
124 248
125 286
125 340
125 344
125 346
126 137
126 190
126 278
126 371
126 437
127 24
127 180
127 352
127 355
127 395
128 3
128 97
128 291
128 302
128 315
129 7
129 46
129 211
129 247
129 361
130 226
130 261
130 388
130 421
130 424
131 25
131 72
131 144
131 307
131 326
132 255
132 264
132 347
132 392
132 467
133 107
133 117
133 207
133 220
133 238
134 367
134 390
134 400
134 404
134 439
135 6
135 124
135 155
135 234
135 248
136 48
136 58
136 259
136 380
136 399
137 94
137 126
137 223
137 412
137 437
138 41
138 110
138 121
138 194
138 385
139 114
139 285
139 294
139 362
139 378
140 201
140 251
140 289
140 363
140 393
141 443
141 446
141 481
141 489
141 490
142 8
142 30
142 37
142 60
142 83
143 4
143 10
143 66
143 73
143 74
144 17
144 25
144 131
144 213
144 326
145 337
145 359
145 428
145 491
145 494
146 202
146 229
146 266
146 334
146 338
147 42
147 70
147 103
147 108
147 179
148 36
148 212
148 292
148 317
148 319
149 369
149 423
149 481
149 489
149 490
150 151
150 352
150 355
150 360
150 395
151 24
151 150
151 355
151 360
151 395
152 414
152 433
152 454
152 488
152 496
153 297
153 367
153 390
153 404
153 439
154 279
154 284
154 312
154 353
154 376
155 6
155 135
155 168
155 234
155 248
156 14
156 168
156 282
156 295
156 377
157 356
157 426
157 440
157 483
157 486
158 411
158 471
158 487
158 492
158 493
159 54
159 215
159 290
159 358
159 394
160 297
160 318
160 400
160 404
160 439
161 81
161 89
161 239
161 293
161 364
162 34
162 38
162 43
162 52
162 273
163 92
163 231
163 241
163 281
163 336
164 316
164 375
164 452
164 483
164 486
165 17
165 72
165 213
165 307
165 326
166 245
166 358
166 372
166 391
166 394
167 229
167 268
167 308
167 334
167 338
168 124
168 155
168 156
168 234
168 248
169 350
169 367
169 400
169 406
169 439
170 26
170 185
170 259
170 380
170 399
171 47
171 185
171 259
171 380
171 399
172 193
172 257
172 340
172 344
172 346
173 366
173 413
173 421
173 424
173 432
174 96
174 189
174 239
174 254
174 293
175 252
175 269
175 331
175 384
175 402
176 5
176 7
176 56
176 211
176 361
177 55
177 188
177 320
177 333
177 348
178 102
178 112
178 180
178 355
178 360
179 42
179 70
179 103
179 108
179 147
180 102
180 127
180 178
180 352
180 395
181 396
181 417
181 451
181 457
181 468
181 475
182 204
182 418
182 435
182 453
182 463
182 467
183 22
183 253
183 304
183 309
183 325
183 335
184 246
184 369
184 423
184 446
184 489
184 490
185 47
185 48
185 170
185 171
185 380
185 399
186 318
186 390
186 400
186 404
186 406
186 439
187 224
187 253
187 304
187 309
187 325
187 335
188 177
188 299
188 320
188 330
188 333
188 348
189 81
189 89
189 174
189 208
189 293
189 364
190 94
190 100
190 118
190 126
190 371
190 412
191 448
191 484
191 495
191 498
191 499
191 500
192 285
192 287
192 294
192 306
192 362
192 378
193 172
193 267
193 286
193 340
193 344
193 346
194 41
194 110
194 121
194 138
194 324
194 385
195 374
195 408
195 441
195 446
195 481
195 490
196 49
196 279
196 284
196 312
196 353
196 376
197 13
197 85
197 249
197 288
197 321
197 379
198 93
198 388
198 413
198 421
198 424
198 432
199 36
199 50
199 212
199 292
199 317
199 319
200 3
200 69
200 214
200 256
200 302
200 315
201 86
201 140
201 289
201 341
201 363
201 393
202 146
202 229
202 266
202 308
202 334
202 338
203 375
203 422
203 440
203 452
203 483
203 486
204 44
204 182
204 435
204 453
204 463
204 467
205 123
205 251
205 328
205 341
205 363
205 393
206 11
206 41
206 104
206 324
206 385
207 63
207 107
207 117
207 133
207 220
207 238
208 89
208 120
208 189
208 239
208 293
208 364
209 240
209 252
209 269
209 331
209 398
209 402
210 221
210 276
210 303
210 332
210 339
210 357
211 5
211 56
211 129
211 176
211 247
211 361
212 50
212 148
212 199
212 292
212 317
212 319
213 17
213 72
213 144
213 165
213 307
213 326
214 69
214 200
214 256
214 291
214 302
214 315
215 159
215 245
215 358
215 372
215 391
215 394
216 460
216 462
216 470
216 484
216 498
216 500
217 230
217 305
217 426
217 440
217 452
217 486
218 383
218 419
218 447
218 488
218 496
218 497
219 387
219 417
219 461
219 468
219 475
219 479
220 63
220 107
220 117
220 133
220 207
220 238
221 210
221 276
221 301
221 332
221 339
221 357
222 39
222 90
222 111
222 265
222 275
222 368
223 100
223 137
223 225
223 278
223 371
223 437
224 187
224 253
224 304
224 309
224 325
224 335
225 223
225 236
225 278
225 371
225 412
225 437
226 62
226 93
226 130
226 366
226 421
226 424
227 90
227 265
227 275
227 311
227 351
227 368
228 71
228 450
228 459
228 476
228 491
228 494
229 146
229 167
229 202
229 308
229 334
229 338
230 31
230 217
230 365
230 422
230 440
230 452
231 53
231 57
231 98
231 163
231 281
231 336
232 444
232 455
232 471
232 485
232 492
232 493
233 71
233 84
233 450
233 466
233 491
233 494
234 6
234 124
234 135
234 155
234 168
234 248
235 240
235 269
235 331
235 384
235 398
235 402
236 118
236 225
236 278
236 371
236 412
236 437
237 14
237 95
237 282
237 349
237 377
237 381
238 63
238 107
238 117
238 133
238 207
238 220
239 96
239 161
239 174
239 208
239 293
239 364
240 209
240 235
240 252
240 384
240 398
240 402
241 53
241 57
241 92
241 163
241 281
241 336
242 9
242 252
242 331
242 384
242 398
242 402
243 343
243 443
243 446
243 449
243 489
243 490
244 264
244 418
244 435
244 453
244 463
244 467
245 115
245 166
245 215
245 372
245 391
245 394
246 21
246 184
246 441
246 443
246 481
246 489
247 5
247 46
247 56
247 129
247 211
247 361
248 6
248 124
248 135
248 155
248 168
248 234
249 13
249 197
249 288
249 321
249 354
249 379
250 405
250 407
250 429
250 430
250 431
250 434
251 140
251 205
251 289
251 328
251 363
251 393
252 175
252 209
252 240
252 242
252 398
252 402
253 22
253 106
253 183
253 187
253 224
253 304
254 174
254 389
254 451
254 461
254 474
254 479
255 132
255 392
255 453
255 463
255 467
256 3
256 97
256 200
256 214
256 268
256 291
257 172
257 267
257 286
257 340
257 344
257 346
258 277
258 419
258 447
258 464
258 496
258 497
259 1
259 20
259 58
259 136
259 170
259 171
260 22
260 106
260 309
260 325
260 335
261 130
261 327
261 388
261 421
261 424
261 432
262 40
262 403
262 450
262 466
262 476
262 491
263 444
263 456
263 478
263 485
263 487
263 492
264 132
264 244
264 418
264 453
264 463
264 467
265 222
265 227
265 311
265 342
265 351
265 368
266 146
266 202
266 268
266 308
266 334
266 338
267 193
267 257
267 286
267 340
267 344
267 346
268 167
268 256
268 266
268 308
268 334
268 338
269 175
269 209
269 235
269 384
269 398
270 55
270 299
270 320
270 330
270 333
270 348
271 389
271 458
271 461
271 474
271 475
271 479
272 2
272 327
272 388
272 413
272 424
272 432
273 27
273 34
273 38
273 43
273 52
273 162
274 425
274 470
274 482
274 484
274 498
274 499
274 500
275 90
275 222
275 227
275 311
275 342
275 351
275 368
276 210
276 221
276 301
276 303
276 332
276 339
276 357
277 77
277 258
277 447
277 454
277 488
277 496
277 497
278 100
278 126
278 223
278 225
278 236
278 412
278 437
279 35
279 49
279 154
279 196
279 312
279 353
279 376
280 472
280 480
280 484
280 495
280 498
280 499
280 500
281 53
281 92
281 98
281 163
281 231
281 241
281 336
282 33
282 156
282 237
282 295
282 349
282 377
282 381
283 71
283 359
283 403
283 410
283 476
283 491
283 494
284 28
284 35
284 154
284 196
284 312
284 353
284 376
285 88
285 139
285 192
285 294
285 306
285 362
285 378
286 125
286 193
286 257
286 267
286 340
286 344
286 346
287 87
287 88
287 114
287 192
287 294
287 306
287 378
288 13
288 85
288 113
288 197
288 249
288 354
288 379
289 140
289 201
289 251
289 328
289 341
289 363
289 393
290 54
290 115
290 159
290 358
290 372
290 391
290 394
291 3
291 69
291 97
291 128
291 214
291 256
291 315
292 36
292 50
292 148
292 199
292 212
292 317
292 319
293 96
293 161
293 174
293 189
293 208
293 239
293 364
294 87
294 114
294 139
294 192
294 285
294 287
294 362
295 33
295 116
295 156
295 282
295 349
295 377
295 381
296 386
296 407
296 420
296 429
296 430
296 431
296 434
297 153
297 160
297 350
297 390
297 400
297 406
297 439
298 409
298 444
298 478
298 485
298 487
298 492
298 493
299 188
299 270
299 306
299 320
299 330
299 333
299 348
300 444
300 455
300 471
300 485
300 487
300 492
300 493
301 23
301 221
301 276
301 303
301 332
301 339
301 357
302 3
302 69
302 97
302 128
302 200
302 214
302 315
303 23
303 210
303 276
303 301
303 332
303 339
303 357
304 106
304 183
304 187
304 224
304 253
304 309
304 325
305 109
305 217
305 356
305 426
305 440
305 483
305 486
306 87
306 192
306 285
306 287
306 299
306 362
306 378
307 17
307 25
307 72
307 131
307 165
307 213
307 326
308 167
308 202
308 229
308 266
308 268
308 334
308 338
309 106
309 183
309 187
309 224
309 260
309 304
309 335
310 370
310 455
310 456
310 469
310 485
310 492
310 493
311 90
311 227
311 265
311 275
311 342
311 351
311 368
312 19
312 28
312 154
312 196
312 279
312 284
312 353
313 442
313 460
313 472
313 477
313 495
313 498
313 500
314 347
314 392
314 418
314 435
314 453
314 463
314 467
315 69
315 97
315 128
315 200
315 214
315 291
315 302
316 15
316 164
316 365
316 422
316 440
316 483
316 486
317 36
317 50
317 148
317 199
317 212
317 292
317 319
318 160
318 186
318 350
318 404
318 406
318 439
319 36
319 50
319 148
319 199
319 212
319 292
319 317
320 177
320 188
320 270
320 299
320 330
320 333
320 348
321 76
321 85
321 113
321 197
321 249
321 354
321 379
322 12
322 18
322 32
322 51
322 79
322 101
322 323
323 12
323 18
323 32
323 51
323 79
323 101
323 322
324 11
324 99
324 104
324 121
324 194
324 206
324 385
325 22
325 183
325 187
325 224
325 260
325 304
325 335
326 17
326 25
326 131
326 144
326 165
326 213
326 307
327 59
327 62
327 261
327 272
327 366
327 413
327 432
328 86
328 123
328 205
328 251
328 289
328 341
328 393
329 403
329 415
329 450
329 459
329 466
329 476
329 494
330 55
330 188
330 270
330 299
330 320
330 333
330 348
331 9
331 175
331 209
331 235
331 242
331 384
331 398
331 402
332 23
332 210
332 221
332 276
332 301
332 303
332 339
332 357
333 55
333 177
333 188
333 270
333 299
333 320
333 330
333 348
334 146
334 167
334 202
334 229
334 266
334 268
334 308
334 338
335 22
335 106
335 183
335 187
335 224
335 260
335 309
335 325
336 53
336 57
336 92
336 98
336 163
336 231
336 241
336 281
337 145
337 359
337 410
337 415
337 428
337 450
337 491
337 494
338 146
338 167
338 202
338 229
338 266
338 268
338 308
338 334
339 23
339 210
339 221
339 276
339 301
339 303
339 332
339 357
340 125
340 172
340 193
340 257
340 267
340 286
340 344
340 346
341 86
341 123
341 201
341 205
341 289
341 328
341 363
341 393
342 39
342 90
342 111
342 265
342 275
342 311
342 351
342 368
343 243
343 369
343 408
343 441
343 443
343 481
343 489
343 490
344 125
344 172
344 193
344 257
344 267
344 286
344 340
344 346
345 68
345 389
345 457
345 461
345 468
345 474
345 475
345 479
346 125
346 172
346 193
346 257
346 267
346 286
346 340
346 344
347 44
347 132
347 314
347 418
347 435
347 453
347 463
347 467
348 55
348 177
348 188
348 270
348 299
348 320
348 330
348 333
349 14
349 95
349 116
349 237
349 282
349 295
349 377
349 381
350 169
350 297
350 318
350 367
350 390
350 400
350 404
350 406
351 39
351 111
351 227
351 265
351 275
351 311
351 342
351 368
352 102
352 112
352 127
352 150
352 180
352 355
352 360
352 395
353 19
353 49
353 154
353 196
353 279
353 284
353 312
353 376
354 13
354 76
354 85
354 113
354 249
354 288
354 321
354 379
355 112
355 127
355 150
355 151
355 178
355 352
355 360
355 395
356 31
356 157
356 305
356 375
356 440
356 452
356 483
356 486
357 23
357 210
357 221
357 276
357 301
357 303
357 332
357 339
358 115
358 159
358 166
358 215
358 290
358 372
358 391
358 394
359 145
359 283
359 337
359 403
359 459
359 466
359 491
359 494
360 24
360 112
360 150
360 151
360 178
360 352
360 355
360 395
361 5
361 7
361 46
361 56
361 129
361 176
361 211
361 247
362 87
362 88
362 139
362 192
362 285
362 294
362 306
362 378
363 86
363 140
363 201
363 205
363 251
363 289
363 341
363 393
364 81
364 96
364 120
364 161
364 189
364 208
364 239
364 293
365 230
365 316
365 422
365 426
365 440
365 452
365 483
365 486
366 2
366 59
366 173
366 226
366 327
366 388
366 421
366 432
367 134
367 153
367 169
367 350
367 390
367 400
367 406
367 439
368 39
368 111
368 222
368 227
368 265
368 275
368 311
368 342
368 351
369 149
369 184
369 343
369 374
369 416
369 441
369 449
369 481
369 490
370 310
370 409
370 455
370 471
370 478
370 485
370 487
370 492
370 493
371 94
371 118
371 126
371 190
371 223
371 225
371 236
371 412
371 437
372 54
372 115
372 166
372 215
372 245
372 290
372 358
372 391
372 394
373 411
373 455
373 456
373 469
373 471
373 478
373 485
373 492
373 493
374 195
374 369
374 408
374 416
374 441
374 446
374 449
374 481
374 490
375 109
375 164
375 203
375 356
375 422
375 426
375 452
375 483
375 486
376 19
376 28
376 35
376 49
376 154
376 196
376 279
376 284
376 353
377 14
377 33
377 116
377 156
377 237
377 282
377 295
377 349
377 381
378 87
378 88
378 114
378 139
378 192
378 285
378 287
378 306
378 362
379 13
379 76
379 85
379 113
379 197
379 249
379 288
379 321
379 354
380 1
380 20
380 26
380 58
380 136
380 170
380 171
380 185
380 399
381 14
381 33
381 95
381 116
381 237
381 282
381 295
381 349
381 377
382 64
382 470
382 472
382 473
382 484
382 495
382 498
382 499
382 500
383 218
383 414
383 438
383 454
383 464
383 465
383 488
383 496
383 497
384 9
384 175
384 235
384 240
384 242
384 269
384 331
384 398
384 402
385 11
385 41
385 104
385 110
385 121
385 138
385 194
385 206
385 324
386 45
386 296
386 401
386 405
386 407
386 420
386 429
386 430
386 431
387 219
387 389
387 396
387 417
387 427
387 457
387 474
387 475
387 479
388 2
388 59
388 130
388 198
388 261
388 272
388 366
388 421
388 432
389 254
389 271
389 345
389 387
389 451
389 457
389 458
389 468
389 475
390 134
390 153
390 186
390 297
390 350
390 367
390 404
390 406
390 439
391 54
391 115
391 166
391 215
391 245
391 290
391 358
391 372
391 394
392 44
392 132
392 255
392 314
392 418
392 435
392 453
392 463
392 467
393 123
393 140
393 201
393 205
393 251
393 289
393 328
393 341
393 363
394 54
394 159
394 166
394 215
394 245
394 290
394 358
394 372
394 391
395 24
395 102
395 112
395 127
395 150
395 151
395 180
395 352
395 355
395 360
396 181
396 387
396 417
396 427
396 451
396 457
396 458
396 468
396 474
396 479
397 77
397 414
397 419
397 445
397 454
397 464
397 465
397 488
397 496
397 497
398 9
398 209
398 235
398 240
398 242
398 252
398 269
398 331
398 384
398 402
399 20
399 26
399 47
399 48
399 58
399 136
399 170
399 171
399 185
399 380
400 134
400 160
400 169
400 186
400 297
400 350
400 367
400 404
400 406
400 439
401 45
401 78
401 386
401 405
401 407
401 420
401 429
401 430
401 431
401 434
402 9
402 175
402 209
402 235
402 240
402 242
402 252
402 331
402 384
402 398
403 262
403 283
403 329
403 359
403 415
403 450
403 459
403 466
403 476
403 494
404 134
404 153
404 160
404 186
404 318
404 350
404 390
404 400
404 406
404 439
405 45
405 250
405 386
405 401
405 407
405 420
405 429
405 430
405 431
405 434
406 169
406 186
406 297
406 318
406 350
406 367
406 390
406 400
406 404
406 439
407 78
407 250
407 296
407 386
407 401
407 405
407 420
407 430
407 431
407 434
408 195
408 343
408 374
408 416
408 423
408 443
408 449
408 481
408 489
408 490
409 91
409 298
409 370
409 456
409 469
409 471
409 478
409 487
409 492
409 493
410 84
410 283
410 337
410 428
410 450
410 459
410 466
410 476
410 491
410 494
411 158
411 373
411 456
411 469
411 471
411 478
411 485
411 487
411 492
411 493
412 94
412 100
412 118
412 137
412 190
412 225
412 236
412 278
412 371
412 437
413 2
413 59
413 93
413 173
413 198
413 272
413 327
413 421
413 424
413 432
414 67
414 152
414 383
414 397
414 433
414 454
414 464
414 465
414 496
414 497
415 119
415 329
415 337
415 403
415 428
415 450
415 459
415 466
415 476
415 494
416 105
416 369
416 374
416 408
416 423
416 443
416 446
416 449
416 489
416 490
417 181
417 219
417 387
417 396
417 427
417 451
417 461
417 468
417 474
417 475
417 479
418 44
418 80
418 182
418 244
418 264
418 314
418 347
418 392
418 453
418 463
418 467
419 218
419 258
419 397
419 436
419 438
419 445
419 464
419 465
419 488
419 496
419 497
420 65
420 78
420 296
420 386
420 401
420 405
420 407
420 429
420 430
420 431
420 434
421 59
421 130
421 173
421 198
421 226
421 261
421 366
421 388
421 413
421 424
421 432
422 109
422 203
422 230
422 316
422 365
422 375
422 426
422 440
422 452
422 483
422 486
423 82
423 105
423 149
423 184
423 408
423 416
423 441
423 446
423 481
423 489
423 490
424 2
424 62
424 93
424 130
424 173
424 198
424 226
424 261
424 272
424 413
424 421
425 274
425 442
425 460
425 473
425 477
425 480
425 484
425 495
425 498
425 499
425 500
426 15
426 157
426 217
426 305
426 365
426 375
426 422
426 440
426 452
426 483
426 486
427 68
427 387
427 396
427 417
427 457
427 458
427 461
427 468
427 474
427 475
427 479
428 40
428 84
428 119
428 145
428 337
428 410
428 415
428 466
428 476
428 491
428 494
429 45
429 65
429 250
429 296
429 386
429 401
429 405
429 420
429 430
429 431
429 434
430 65
430 78
430 250
430 296
430 386
430 401
430 405
430 407
430 420
430 429
430 431
431 65
431 250
431 296
431 386
431 401
431 405
431 407
431 420
431 429
431 430
431 434
432 62
432 93
432 173
432 198
432 261
432 272
432 327
432 366
432 388
432 413
432 421
433 29
433 152
433 414
433 436
433 438
433 447
433 454
433 464
433 488
433 496
433 497
434 45
434 65
434 78
434 250
434 296
434 401
434 405
434 407
434 420
434 429
434 431
435 44
435 80
435 182
435 204
435 244
435 314
435 347
435 392
435 453
435 463
435 467
436 61
436 419
436 433
436 438
436 445
436 447
436 454
436 465
436 488
436 496
436 497
437 94
437 100
437 118
437 126
437 137
437 223
437 225
437 236
437 278
437 371
437 412
438 67
438 383
438 419
438 433
438 436
438 445
438 447
438 464
438 465
438 488
438 497
439 134
439 153
439 160
439 169
439 186
439 297
439 318
439 367
439 390
439 400
439 404
439 406
440 157
440 203
440 217
440 230
440 305
440 316
440 356
440 365
440 422
440 426
440 483
440 486
441 195
441 246
441 343
441 369
441 374
441 423
441 443
441 446
441 449
441 481
441 489
441 490
442 313
442 425
442 448
442 472
442 473
442 477
442 482
442 484
442 495
442 498
442 499
442 500
443 21
443 141
443 243
443 246
443 343
443 408
443 416
443 441
443 449
443 481
443 489
443 490
444 232
444 263
444 298
444 300
444 455
444 456
444 469
444 471
444 478
444 485
444 487
444 493
445 29
445 77
445 397
445 419
445 436
445 438
445 447
445 464
445 465
445 488
445 496
445 497
446 82
446 105
446 141
446 184
446 195
446 243
446 374
446 416
446 423
446 441
446 481
446 489
447 61
447 218
447 258
447 277
447 433
447 436
447 438
447 445
447 454
447 488
447 496
447 497
448 122
448 191
448 442
448 462
448 470
448 472
448 477
448 480
448 482
448 495
448 499
448 500
449 21
449 82
449 243
449 369
449 374
449 408
449 416
449 441
449 443
449 481
449 489
449 490
450 228
450 233
450 262
450 329
450 337
450 403
450 410
450 415
450 459
450 466
450 480
450 491
450 494
451 68
451 75
451 181
451 254
451 389
451 396
451 417
451 458
451 461
451 468
451 474
451 475
451 479
452 15
452 31
452 164
452 203
452 217
452 230
452 356
452 365
452 375
452 422
452 426
452 483
452 486
453 80
453 182
453 204
453 244
453 255
453 264
453 314
453 347
453 392
453 418
453 435
453 463
453 467
454 152
454 277
454 383
454 397
454 414
454 433
454 436
454 447
454 464
454 465
454 488
454 496
454 497
455 232
455 300
455 310
455 370
455 373
455 444
455 456
455 469
455 478
455 485
455 487
455 492
455 493
456 263
456 310
456 373
456 409
456 411
456 444
456 455
456 469
456 471
456 478
456 485
456 487
456 493
457 68
457 75
457 181
457 345
457 387
457 389
457 396
457 427
457 458
457 461
457 474
457 475
457 479
458 68
458 75
458 271
458 389
458 396
458 427
458 451
458 457
458 461
458 468
458 474
458 475
458 479
459 84
459 119
459 228
459 329
459 359
459 403
459 410
459 415
459 450
459 466
459 476
459 491
459 494
460 216
460 313
460 425
460 462
460 470
460 473
460 477
460 482
460 484
460 495
460 498
460 499
460 500
461 219
461 254
461 271
461 345
461 417
461 427
461 451
461 457
461 458
461 468
461 474
461 475
461 479
462 216
462 448
462 460
462 470
462 473
462 477
462 480
462 482
462 484
462 495
462 498
462 499
462 500
463 80
463 182
463 204
463 244
463 255
463 264
463 314
463 347
463 392
463 418
463 435
463 453
463 467
464 61
464 258
464 383
464 397
464 414
464 419
464 433
464 438
464 445
464 454
464 465
464 488
464 496
464 497
465 29
465 67
465 77
465 383
465 397
465 414
465 419
465 436
465 438
465 445
465 454
465 464
465 488
465 497
466 16
466 233
466 262
466 329
466 359
466 403
466 410
466 415
466 428
466 450
466 459
466 476
466 491
466 494
467 80
467 132
467 182
467 204
467 244
467 255
467 264
467 314
467 347
467 392
467 418
467 435
467 453
467 463
468 75
468 181
468 219
468 345
468 389
468 396
468 417
468 427
468 451
468 458
468 461
468 474
468 475
468 479
469 91
469 310
469 373
469 409
469 411
469 444
469 455
469 456
469 471
469 478
469 485
469 487
469 492
469 493
470 216
470 274
470 382
470 448
470 460
470 462
470 472
470 477
470 480
470 482
470 495
470 498
470 499
470 500
471 158
471 232
471 300
471 370
471 373
471 409
471 411
471 444
471 456
471 469
471 478
471 487
471 492
471 493
472 280
472 313
472 382
472 442
472 448
472 470
472 473
472 480
472 482
472 484
472 495
472 498
472 499
472 500
473 382
473 425
473 442
473 460
473 462
473 472
473 477
473 480
473 482
473 484
473 495
473 498
473 499
473 500
474 75
474 254
474 271
474 345
474 387
474 396
474 417
474 427
474 451
474 457
474 458
474 461
474 468
474 475
474 479
475 181
475 219
475 271
475 345
475 387
475 389
475 417
475 427
475 451
475 457
475 458
475 461
475 468
475 474
475 479
476 16
476 40
476 71
476 228
476 262
476 283
476 329
476 403
476 410
476 415
476 428
476 459
476 466
476 491
476 494
477 122
477 313
477 425
477 442
477 448
477 460
477 462
477 470
477 473
477 482
477 484
477 495
477 498
477 499
477 500
478 263
478 298
478 370
478 373
478 409
478 411
478 444
478 455
478 456
478 469
478 471
478 485
478 487
478 492
478 493
479 219
479 254
479 271
479 345
479 387
479 396
479 417
479 427
479 451
479 457
479 458
479 461
479 468
479 474
479 475
480 64
480 280
480 425
480 448
480 450
480 462
480 470
480 472
480 473
480 482
480 484
480 495
480 498
480 499
480 500
481 141
481 149
481 195
481 246
481 343
481 369
481 374
481 408
481 423
481 441
481 443
481 446
481 449
481 489
481 490
482 64
482 274
482 442
482 448
482 460
482 462
482 470
482 472
482 473
482 477
482 480
482 495
482 498
482 499
482 500
483 15
483 31
483 109
483 157
483 164
483 203
483 305
483 316
483 356
483 365
483 375
483 422
483 426
483 440
483 452
483 486
484 191
484 216
484 274
484 280
484 382
484 425
484 442
484 460
484 462
484 472
484 473
484 477
484 480
484 498
484 499
484 500
485 91
485 232
485 263
485 298
485 300
485 310
485 370
485 373
485 411
485 444
485 455
485 456
485 469
485 478
485 487
485 492
485 493
486 15
486 31
486 109
486 157
486 164
486 203
486 217
486 305
486 316
486 356
486 365
486 375
486 422
486 426
486 440
486 452
486 483
487 91
487 158
487 263
487 298
487 300
487 370
487 409
487 411
487 444
487 455
487 456
487 469
487 471
487 478
487 485
487 492
487 493
488 67
488 152
488 218
488 277
488 383
488 397
488 419
488 433
488 436
488 438
488 445
488 447
488 454
488 464
488 465
488 496
488 497
489 21
489 82
489 105
489 141
489 149
489 184
489 243
489 246
489 343
489 408
489 416
489 423
489 441
489 443
489 446
489 449
489 481
489 490
490 21
490 82
490 141
490 149
490 184
490 195
490 243
490 343
490 369
490 374
490 408
490 416
490 423
490 441
490 443
490 449
490 481
490 489
491 16
491 71
491 84
491 119
491 145
491 228
491 233
491 262
491 283
491 337
491 359
491 410
491 428
491 450
491 459
491 466
491 476
491 494
492 158
492 232
492 263
492 298
492 300
492 310
492 370
492 373
492 409
492 411
492 455
492 469
492 471
492 478
492 485
492 487
492 493
492 496
493 91
493 158
493 232
493 298
493 300
493 310
493 370
493 373
493 409
493 411
493 444
493 455
493 456
493 469
493 471
493 478
493 485
493 487
493 492
494 16
494 40
494 119
494 145
494 228
494 233
494 283
494 329
494 337
494 359
494 403
494 410
494 415
494 428
494 450
494 459
494 466
494 476
494 491
495 64
495 122
495 191
495 280
495 313
495 382
495 425
495 442
495 448
495 460
495 462
495 470
495 472
495 473
495 477
495 480
495 482
495 498
495 499
495 500
496 29
496 61
496 67
496 152
496 218
496 258
496 277
496 383
496 397
496 414
496 419
496 433
496 436
496 445
496 447
496 454
496 464
496 488
496 492
496 497
497 29
497 61
497 77
497 218
497 258
497 277
497 383
497 397
497 414
497 419
497 433
497 436
497 438
497 445
497 447
497 454
497 464
497 465
497 488
497 496
498 122
498 191
498 216
498 274
498 280
498 313
498 382
498 425
498 442
498 460
498 462
498 470
498 472
498 473
498 477
498 480
498 482
498 484
498 495
498 499
498 500
499 64
499 122
499 191
499 274
499 280
499 382
499 425
499 442
499 448
499 460
499 462
499 470
499 472
499 473
499 477
499 480
499 482
499 484
499 495
499 498
499 500
500 191
500 216
500 274
500 280
500 313
500 382
500 425
500 442
500 448
500 460
500 462
500 470
500 472
500 473
500 477
500 480
500 482
500 484
500 495
500 498
500 499
