1 45
2 23
3 32
4 10
5 38
6 21
7 6
8 22
9 18
10 6
11 25
12 44
13 18
14 30
15 5
16 36
17 26
18 13
19 7
20 39
21 23
22 4
23 30
24 29
25 26
26 17
27 24
28 36
29 23
30 1
31 5
32 14
33 26
34 40
35 11
36 4
37 18
38 9
39 26
40 44
41 4
42 13
43 5
44 39
45 9
46 34
47 9
48 8
49 27
50 18
51 18
52 23
53 13
54 11
55 23
56 43
57 6
58 46
59 43
60 7
61 18
62 18
63 40
64 9
65 33
66 6
67 28
68 23
69 23
70 31
71 8
72 14
73 36
74 11
75 23
76 23
77 45
78 11
79 39
80 6
81 11
82 45
83 13
84 43
85 35
86 38
87 17
88 11
89 17
90 36
91 16
92 43
93 2
94 6
95 16
96 44
97 3
98 9
99 18
100 30
101 16
102 41
103 7
104 41
105 23
106 6
107 43
108 28
109 9
110 27
111 9
112 32
113 17
114 36
115 17
116 33
117 5
118 27
119 43
120 27
121 17
122 22
123 36
124 17
125 13
126 15
127 22
128 8
129 15
130 15
131 6
132 8
133 9
134 6
135 13
136 4
137 11
138 32
139 4
140 42
141 30
142 9
143 37
144 3
145 23
146 15
147 40
148 37
149 14
150 33
151 37
152 8
153 17
154 39
155 28
156 17
157 22
158 37
159 10
160 27
161 22
162 4
163 34
164 15
165 11
166 12
167 32
168 41
169 30
170 5
171 39
172 3
173 8
174 39
175 18
176 20
177 5
178 10
179 45
180 3
181 18
182 34
183 35
184 33
185 23
186 26
187 6
188 17
189 1
190 33
191 39
192 14
193 8
194 32
195 41
196 46
197 26
198 25
199 6
200 10
201 34
202 12
203 2
204 32
205 28
206 15
207 17
208 30
209 5
210 34
211 10
212 8
213 2
214 4
215 5
216 24
217 8
218 9
219 28
220 14
221 23
222 14
223 13
224 41
225 20
226 21
227 20
228 37
229 43
230 11
231 19
232 39
233 37
234 11
235 29
236 1
237 14
238 27
239 28
240 7
241 19
242 8
243 45
244 26
245 32
246 16
247 45
248 3
249 46
250 9
251 13
252 35
253 36
254 45
255 34
256 18
257 9
258 33
259 43
260 8
261 11
262 8
263 25
264 24
265 40
266 9
267 8
268 21
269 4
270 17
271 43
272 26
273 28
274 5
275 24
276 23
277 38
278 8
279 26
280 31
281 11
282 27
283 18
284 36
285 3
286 27
287 5
288 46
289 32
290 5
291 45
292 36
293 17
294 24
295 32
296 14
297 5
298 17
299 19
300 45
301 9
302 12
303 40
304 20
305 37
306 1
307 2
308 36
309 35
310 11
311 2
312 14
313 31
314 45
315 27
316 27
317 36
318 3
319 33
320 6
321 8
322 27
323 8
324 43
325 29
326 27
327 17
328 21
329 27
330 20
331 31
332 43
333 14
334 15
335 5
336 23
337 23
338 29
339 27
340 37
341 45
342 31
343 3
344 12
345 39
346 2
347 5
348 46
349 9
350 38
351 39
352 11
353 27
354 23
355 23
356 3
357 43
358 5
359 43
360 18
361 42
362 33
363 27
364 11
365 5
366 45
367 5
368 16
369 7
370 23
371 9
372 28
373 38
374 25
375 28
376 9
377 42
378 35
379 30
380 6
381 32
382 11
383 14
384 8
385 9
386 31
387 17
388 16
389 45
390 27
391 6
392 7
393 17
394 32
395 26
396 8
397 4
398 13
399 5
400 2
401 2
402 29
403 12
404 43
405 27
406 25
407 19
408 43
409 2
410 45
411 44
412 17
413 25
414 12
415 10
416 7
417 11
418 6
419 11
420 37
421 5
422 27
423 3
424 1
425 27
426 43
427 25
428 20
429 25
430 6
431 17
432 32
433 8
434 8
435 6
436 28
437 45
438 29
439 2
440 20
441 44
442 26
443 19
444 18
445 46
446 11
447 29
448 16
449 36
450 11
451 26
452 26
453 32
454 8
455 17
456 2
457 23
458 6
459 22
460 15
461 29
462 31
463 39
464 32
465 32
466 32
467 43
468 33
469 4
470 21
471 23
472 2
473 8
474 24
475 13
476 43
477 42
478 27
479 45
480 43
481 23
482 27
483 32
484 45
485 9
486 42
487 37
488 25
489 32
490 8
491 31
492 11
493 41
494 32
495 17
496 17
497 9
498 27
499 24
500 43
