1 21
1 37
1 111
1 399
1 481
2 5
2 255
2 265
2 305
2 464
3 58
3 60
3 153
3 301
3 356
4 207
4 247
4 339
4 365
4 374
4 387
5 2
5 10
5 63
5 93
5 285
5 296
5 302
6 8
6 40
6 59
6 64
6 181
6 204
6 272
6 298
6 364
6 384
6 481
7 103
7 183
7 372
7 381
7 388
8 6
8 74
8 279
8 458
8 490
9 10
9 159
9 166
9 176
9 231
9 342
9 484
10 5
10 9
10 63
10 93
10 98
10 285
10 296
10 302
11 12
11 246
11 463
11 485
11 495
12 11
12 88
12 150
12 287
12 340
13 14
13 108
13 113
13 137
13 223
13 290
13 337
13 456
14 13
14 73
14 114
14 206
14 336
15 37
15 141
15 156
15 222
15 239
16 17
16 144
16 199
16 427
16 433
17 16
17 41
17 55
17 142
17 157
18 19
18 179
18 189
18 278
18 376
19 18
19 22
19 27
19 78
19 242
20 128
20 184
20 256
20 312
20 459
20 470
20 489
20 491
21 1
21 37
21 111
21 399
21 470
22 19
22 24
22 27
22 78
22 242
23 188
23 199
23 218
23 251
23 274
23 377
23 426
23 427
23 429
23 433
23 483
24 22
24 437
24 455
24 471
24 480
25 27
25 94
25 97
25 430
25 493
26 346
26 371
26 419
26 432
26 447
27 19
27 22
27 25
27 78
27 242
28 29
28 70
28 310
28 325
28 409
29 28
29 138
29 160
29 200
29 407
29 408
29 420
30 31
30 74
30 237
30 359
30 391
30 439
30 440
30 442
30 482
30 487
30 490
31 30
31 97
31 147
31 241
31 248
31 280
31 293
31 300
31 332
31 355
31 415
31 434
31 444
31 470
31 493
32 34
32 252
32 274
32 426
32 474
33 76
33 80
33 93
33 254
33 437
33 455
33 471
33 480
33 499
34 32
34 181
34 405
34 448
34 481
35 36
35 202
35 228
35 303
35 497
36 35
36 38
36 71
36 109
36 313
36 477
37 1
37 15
37 21
37 111
37 399
38 36
38 71
38 109
38 216
38 234
38 295
38 313
38 381
38 400
38 436
38 452
38 477
39 230
39 286
39 341
39 347
39 433
40 6
40 272
40 384
40 448
40 481
41 17
41 43
41 55
41 142
41 157
42 83
42 173
42 210
42 316
42 345
43 41
43 123
43 479
43 486
43 492
44 45
44 74
44 391
44 401
44 482
45 44
45 57
45 89
45 106
45 393
46 49
46 136
46 141
46 170
46 233
46 318
47 81
47 175
47 186
47 204
47 267
47 270
47 328
47 366
47 389
47 402
48 246
48 306
48 446
48 478
48 495
49 46
49 139
49 154
49 158
49 281
50 130
50 134
50 297
50 322
50 404
51 125
51 249
51 259
51 277
51 362
52 213
52 315
52 454
52 469
52 476
53 54
53 72
53 97
53 161
53 248
53 264
53 294
53 304
53 338
53 350
53 351
53 375
53 416
53 466
53 475
54 53
54 213
54 304
54 416
54 437
54 475
55 17
55 41
55 59
55 142
55 157
56 59
56 75
56 130
56 309
56 327
56 361
56 397
56 414
57 45
57 89
57 106
57 201
57 320
58 3
58 60
58 167
58 301
58 356
59 6
59 55
59 56
59 272
59 364
59 448
59 481
60 3
60 58
60 61
60 153
60 167
60 301
60 356
61 60
61 162
61 226
61 352
61 396
62 191
62 243
62 269
62 289
62 360
62 383
62 410
62 417
62 428
62 449
62 468
62 473
63 5
63 10
63 64
63 93
63 98
63 296
63 302
64 6
64 63
64 204
64 272
64 481
65 175
65 267
65 389
65 402
65 481
66 67
66 202
66 228
66 303
66 497
67 66
67 164
67 165
67 221
67 457
68 69
68 118
68 134
68 297
68 322
68 369
68 398
68 403
68 404
69 68
69 255
69 305
69 380
69 464
70 28
70 71
70 299
70 325
70 409
71 36
71 38
71 70
71 95
71 109
71 295
71 313
71 400
71 452
71 477
72 53
72 100
72 416
72 421
72 475
73 14
73 98
73 114
73 155
73 206
73 336
74 8
74 30
74 44
74 75
74 439
74 440
74 482
74 487
75 56
75 74
75 130
75 262
75 309
75 327
75 361
75 397
76 33
76 77
76 80
76 124
76 185
76 254
76 349
76 437
76 455
76 465
76 471
76 480
76 498
77 76
77 121
77 143
77 266
77 317
78 19
78 22
78 27
78 79
78 242
79 78
79 346
79 371
79 431
79 432
79 447
80 33
80 76
80 83
80 124
80 254
80 413
80 455
80 465
80 471
80 480
81 47
81 175
81 186
81 214
81 215
81 267
81 270
81 328
81 366
81 389
81 402
82 145
82 284
82 344
82 438
82 476
83 42
83 80
83 173
83 232
83 345
83 435
84 85
84 350
84 351
84 416
84 466
84 475
85 84
85 145
85 406
85 438
85 476
86 88
86 297
86 322
86 398
86 403
87 148
87 334
87 358
87 386
87 422
88 12
88 86
88 116
88 150
88 163
88 287
88 340
89 45
89 57
89 91
89 106
89 201
89 320
89 393
90 146
90 187
90 192
90 425
91 89
91 123
91 368
91 460
91 479
91 486
91 492
92 94
92 198
92 208
92 396
92 462
93 5
93 10
93 33
93 63
93 285
93 296
93 302
93 499
94 25
94 92
94 215
94 430
94 493
95 71
95 96
95 216
95 313
95 477
96 95
96 117
96 152
96 196
96 260
96 321
96 323
96 363
96 373
96 423
96 424
97 25
97 31
97 53
97 199
97 241
97 300
97 493
98 10
98 63
98 73
98 285
98 302
99 126
99 193
99 299
99 310
99 392
100 72
100 101
100 350
100 466
100 475
101 100
101 125
101 259
101 277
101 370
102 103
102 123
102 460
102 479
102 486
102 492
103 7
103 102
103 244
103 372
103 381
103 388
104 105
104 149
104 256
104 394
104 459
105 104
105 355
105 412
105 444
105 470
106 45
106 57
106 89
106 201
106 320
106 393
106 422
107 164
107 165
107 221
107 422
107 457
108 13
108 109
108 137
108 223
108 290
108 456
109 36
109 38
109 71
109 108
109 313
109 477
110 111
110 131
110 188
110 190
110 427
111 1
111 21
111 37
111 110
111 399
112 122
112 197
112 245
112 291
112 331
113 13
113 214
113 223
113 250
113 314
113 440
113 456
114 14
114 73
114 155
114 206
114 336
115 116
115 127
115 237
115 359
115 390
115 439
115 445
115 482
115 490
116 88
116 115
116 163
116 287
116 340
116 411
117 96
117 118
117 196
117 260
117 321
117 373
117 423
118 68
118 117
118 297
118 322
118 369
118 403
118 404
119 120
119 260
119 323
119 373
119 423
120 119
120 123
120 479
120 486
120 492
121 77
121 143
121 169
121 266
121 317
121 405
122 112
122 123
122 197
122 245
122 291
122 331
123 43
123 91
123 102
123 120
123 122
123 151
123 182
123 217
123 219
123 271
123 276
123 368
123 395
123 418
123 460
123 472
123 486
123 492
123 500
124 76
124 80
124 125
124 437
124 455
124 471
124 480
125 51
125 101
125 124
125 249
125 277
125 362
126 99
126 127
126 193
126 299
126 310
126 325
126 392
127 115
127 126
127 343
127 390
127 439
127 442
127 482
127 487
127 490
128 20
128 129
128 256
128 312
128 459
128 491
129 128
129 179
129 189
129 235
129 236
130 50
130 56
130 75
130 262
130 327
131 110
131 132
131 188
131 251
131 427
132 131
132 183
132 244
132 372
132 381
132 388
133 134
133 268
133 446
133 485
133 495
134 50
134 68
134 133
134 297
134 404
135 136
135 179
135 189
135 282
135 326
136 46
136 135
136 141
136 156
136 170
136 222
136 233
136 239
136 318
136 324
137 13
137 108
137 138
137 223
137 290
137 456
138 29
138 137
138 160
138 200
138 212
138 229
138 379
138 407
138 408
138 420
139 49
139 141
139 145
139 154
139 281
140 234
140 283
140 400
140 477
140 495
141 15
141 46
141 136
141 139
141 145
141 156
141 170
141 222
141 239
141 324
142 17
142 41
142 55
142 143
142 157
143 77
143 121
143 142
143 169
143 266
144 16
144 146
144 190
144 429
144 433
145 82
145 85
145 139
145 141
145 258
145 284
145 308
145 344
145 406
145 438
145 454
145 469
145 476
146 90
146 144
146 187
146 192
146 292
146 425
147 31
147 248
147 280
147 300
147 332
148 87
148 149
148 205
148 225
148 288
148 329
148 334
148 422
149 104
149 148
149 184
149 394
149 491
150 12
150 88
150 163
150 287
150 340
151 123
151 152
151 368
151 460
151 479
151 492
151 500
152 96
152 151
152 260
152 373
152 423
153 3
153 60
153 154
153 167
153 356
154 49
154 139
154 153
154 158
154 281
154 306
154 451
155 73
155 114
155 156
155 206
155 336
156 15
156 136
156 141
156 155
156 324
157 17
157 41
157 55
157 142
157 158
158 49
158 154
158 157
158 281
158 306
158 451
159 9
159 160
159 227
159 231
159 342
159 484
160 29
160 138
160 159
160 200
160 212
160 229
160 379
160 407
161 53
161 163
161 213
161 264
161 294
161 304
161 375
161 416
161 466
161 475
162 61
162 175
162 188
162 198
162 208
162 226
162 352
162 396
162 462
163 88
163 116
163 150
163 161
163 340
163 411
164 67
164 107
164 165
164 221
164 443
164 457
165 67
165 107
165 164
165 221
165 443
165 457
166 9
166 167
166 176
166 227
166 484
167 58
167 60
167 153
167 166
167 301
167 356
168 169
168 199
168 218
168 377
168 426
168 483
169 121
169 143
169 168
169 266
169 317
170 46
170 136
170 141
170 171
170 222
170 233
170 318
171 170
171 252
171 377
171 453
171 474
171 483
172 173
172 209
172 268
172 478
172 494
172 495
173 42
173 83
173 172
173 210
173 232
173 316
173 345
173 435
174 176
174 191
174 410
174 428
174 449
175 47
175 65
175 81
175 162
175 188
175 267
175 270
175 389
175 402
175 443
176 9
176 166
176 174
176 227
176 484
177 178
177 273
177 309
177 361
177 397
178 177
178 346
178 371
178 419
178 431
178 432
179 18
179 129
179 135
179 278
179 282
179 376
180 181
180 220
180 275
180 333
180 367
180 461
181 6
181 34
181 180
181 384
181 448
181 481
182 123
182 368
182 380
182 486
182 492
182 500
183 7
183 132
183 244
183 372
183 380
183 381
184 20
184 149
184 185
184 312
184 394
184 489
185 76
185 184
185 437
185 471
185 480
186 47
186 81
186 328
186 389
186 402
187 90
187 146
187 189
187 192
187 292
187 425
188 23
188 110
188 131
188 162
188 175
188 190
188 377
188 426
188 429
188 483
189 18
189 129
189 135
189 187
189 235
189 236
189 278
189 282
189 326
189 376
190 110
190 144
190 188
190 377
190 433
190 483
191 62
191 174
191 192
191 243
191 269
191 289
191 360
191 383
191 410
191 417
191 428
191 449
191 468
192 90
192 146
192 187
192 191
192 292
192 425
193 99
193 126
193 194
193 299
193 310
193 392
194 193
194 346
194 371
194 419
194 431
194 447
195 196
195 329
195 334
195 386
195 422
196 96
196 117
196 195
196 323
196 363
196 424
197 112
197 122
197 203
197 245
197 291
197 331
197 485
198 92
198 162
198 200
198 208
198 396
198 462
199 16
199 23
199 97
199 168
199 248
199 346
199 377
199 429
199 433
199 483
200 29
200 138
200 160
200 198
200 379
200 420
201 57
201 89
201 106
201 320
201 393
202 35
202 66
202 218
202 222
202 228
202 303
202 497
203 197
203 245
203 291
203 331
204 6
204 47
204 64
204 272
204 448
204 481
205 148
205 206
205 288
205 334
205 358
205 386
206 14
206 73
206 114
206 155
206 205
206 336
207 4
207 208
207 247
207 330
207 365
207 374
207 387
208 92
208 162
208 198
208 207
208 226
208 396
208 462
209 172
209 210
209 246
209 257
209 263
209 268
209 353
209 382
209 446
209 450
209 463
209 478
209 485
209 494
209 495
209 499
210 42
210 173
210 209
210 232
210 316
210 345
210 435
211 212
211 439
211 442
211 458
211 482
211 490
212 138
212 160
212 211
212 229
212 407
212 408
213 52
213 54
213 161
213 466
213 475
214 81
214 113
214 250
214 314
214 337
214 456
215 81
215 94
215 430
215 444
215 493
216 38
216 95
216 217
216 295
216 313
216 477
217 123
217 216
217 460
217 486
217 492
218 23
218 168
218 202
218 222
218 274
218 483
219 123
219 221
219 271
219 460
219 479
219 492
220 180
220 275
220 319
220 333
220 340
220 367
220 461
221 67
221 107
221 164
221 165
221 219
221 457
222 15
222 136
222 141
222 170
222 202
222 218
222 239
222 324
223 13
223 108
223 113
223 137
223 290
223 456
224 225
224 338
224 416
224 466
224 475
225 148
225 224
225 288
225 334
225 358
225 386
225 422
226 61
226 162
226 208
226 328
226 352
226 396
227 159
227 166
227 176
227 228
227 231
227 342
228 35
228 66
228 202
228 227
228 303
228 497
229 138
229 160
229 212
229 254
229 258
229 379
229 407
230 39
230 232
230 286
230 311
230 341
230 347
231 9
231 159
231 227
231 342
232 83
232 173
232 210
232 230
232 316
232 345
232 435
233 46
233 136
233 170
233 318
234 38
234 140
234 236
234 253
234 400
234 477
235 129
235 189
235 236
235 278
235 282
235 440
236 129
236 189
236 234
236 235
236 278
236 326
237 30
237 115
237 238
237 343
237 359
237 390
237 391
237 439
237 440
237 442
237 487
237 490
238 237
238 293
238 332
238 434
238 470
238 493
239 15
239 136
239 141
239 222
239 324
240 241
240 255
240 305
240 307
240 348
240 354
240 464
240 488
241 31
241 97
241 240
241 248
241 434
241 470
241 493
242 19
242 22
242 27
242 78
242 243
243 62
243 191
243 242
243 428
243 449
243 473
244 103
244 132
244 183
244 246
244 372
244 388
245 112
245 122
245 197
245 203
245 291
245 331
246 11
246 48
246 209
246 244
246 257
246 263
246 268
246 335
246 353
246 382
246 446
246 450
246 463
246 478
246 485
246 494
247 4
247 207
247 249
247 365
247 374
247 387
248 31
248 53
248 147
248 199
248 241
248 280
248 293
248 300
248 332
248 346
248 355
248 415
248 434
248 444
248 470
248 493
249 51
249 125
249 247
249 259
249 277
249 362
249 370
250 113
250 214
250 253
250 314
250 337
251 23
251 131
251 252
251 474
251 477
251 483
252 32
252 171
252 251
252 321
252 429
252 483
253 234
253 250
253 295
253 400
253 436
253 477
254 33
254 76
254 80
254 229
254 258
254 437
254 455
254 471
254 480
255 2
255 69
255 240
255 256
255 380
255 464
255 488
256 20
256 104
256 128
256 255
256 312
256 459
257 209
257 246
257 259
257 268
257 485
257 495
258 145
258 229
258 254
258 406
258 454
258 469
258 476
259 51
259 101
259 249
259 257
259 362
259 370
260 96
260 117
260 119
260 152
260 261
260 423
261 260
261 406
261 454
261 469
261 476
262 75
262 130
262 263
262 273
262 361
262 414
263 209
263 246
263 262
263 268
263 478
263 485
263 495
264 53
264 161
264 268
264 272
264 294
264 338
264 350
264 351
264 375
264 416
264 421
264 466
264 475
265 2
265 266
265 348
265 354
265 464
265 488
266 77
266 121
266 143
266 169
266 265
266 317
267 47
267 65
267 81
267 175
267 270
267 389
267 402
268 133
268 172
268 209
268 246
268 257
268 263
268 264
268 272
268 335
268 353
268 382
268 446
268 450
268 463
268 478
268 485
268 494
268 495
268 499
269 62
269 191
269 270
269 410
269 417
269 428
270 47
270 81
270 175
270 267
270 269
270 328
270 366
270 389
270 402
271 123
271 219
271 273
271 460
271 479
271 486
271 492
272 6
272 40
272 59
272 64
272 204
272 264
272 268
272 364
272 384
272 448
272 481
273 177
273 262
273 271
273 327
273 361
274 23
274 32
274 218
274 275
274 377
274 429
274 483
275 180
275 220
275 274
275 319
275 333
275 367
275 461
276 123
276 277
276 479
276 486
276 492
277 51
277 101
277 125
277 249
277 276
277 362
277 370
278 18
278 179
278 189
278 235
278 236
278 279
278 282
278 283
278 326
278 376
279 8
279 278
279 283
279 343
279 390
279 439
279 482
280 31
280 147
280 248
280 281
280 293
280 300
281 49
281 139
281 154
281 158
281 280
281 306
281 451
282 135
282 179
282 189
282 235
282 278
282 284
282 326
283 140
283 278
283 279
283 295
283 400
283 452
283 477
284 82
284 145
284 282
284 438
284 454
284 469
284 476
285 5
285 10
285 93
285 98
285 286
285 296
285 302
286 39
286 230
286 285
286 311
286 341
286 347
287 12
287 88
287 116
287 150
287 288
287 340
287 411
288 148
288 205
288 225
288 287
288 386
289 62
289 191
289 290
289 383
289 410
289 417
289 428
289 449
289 473
290 13
290 108
290 137
290 223
290 289
290 456
291 112
291 122
291 197
291 203
291 245
291 292
291 331
292 146
292 187
292 192
292 291
292 425
293 31
293 238
293 248
293 280
293 294
293 434
293 493
294 53
294 161
294 264
294 293
294 350
294 375
294 416
294 421
294 466
294 475
295 38
295 71
295 216
295 253
295 283
295 313
295 400
295 410
295 436
295 452
295 477
296 5
296 10
296 63
296 93
296 285
296 302
296 410
297 50
297 68
297 86
297 118
297 134
297 298
297 322
297 369
297 403
297 404
298 6
298 297
298 384
298 405
298 448
298 481
299 70
299 99
299 126
299 193
299 300
299 392
299 409
300 31
300 97
300 147
300 248
300 280
300 299
300 332
300 434
300 444
300 470
300 493
301 3
301 58
301 60
301 167
301 302
301 356
302 5
302 10
302 63
302 93
302 98
302 285
302 296
302 301
303 35
303 66
303 202
303 228
303 497
304 53
304 54
304 161
304 305
304 416
304 466
304 475
305 2
305 69
305 240
305 304
305 354
305 380
305 464
305 488
306 48
306 154
306 158
306 281
306 451
307 240
307 348
307 385
307 464
307 488
307 499
308 145
308 309
308 344
308 406
308 438
308 469
308 476
309 56
309 75
309 177
309 308
309 361
309 397
309 414
310 28
310 99
310 126
310 193
310 311
310 392
310 409
311 230
311 286
311 310
311 341
311 347
312 20
312 128
312 184
312 256
312 314
312 459
312 489
313 36
313 38
313 71
313 95
313 109
313 216
313 295
313 318
313 320
313 400
313 452
313 477
314 113
314 214
314 250
314 312
314 337
315 52
315 316
315 454
315 469
315 476
316 42
316 173
316 210
316 232
316 315
316 345
317 77
317 121
317 169
317 266
317 319
318 46
318 136
318 170
318 233
318 313
318 320
319 220
319 275
319 317
319 333
319 461
320 57
320 89
320 106
320 201
320 313
320 318
321 96
321 117
321 252
321 373
321 423
322 50
322 68
322 86
322 118
322 297
322 324
322 335
322 398
322 403
322 404
323 96
323 119
323 196
323 325
323 363
323 423
323 424
324 136
324 141
324 156
324 222
324 239
324 322
324 335
325 28
325 70
325 126
325 323
325 392
325 409
326 135
326 189
326 236
326 278
326 282
326 327
326 376
327 56
327 75
327 130
327 273
327 326
327 361
327 414
328 47
328 81
328 186
328 226
328 270
328 389
328 402
329 148
329 195
329 330
329 334
329 358
329 386
329 422
330 207
330 329
330 339
330 365
330 374
331 112
331 122
331 197
331 203
331 245
331 291
331 332
332 31
332 147
332 238
332 248
332 300
332 331
332 434
332 444
332 470
332 493
333 180
333 220
333 275
333 319
333 334
333 367
333 461
334 87
334 148
334 195
334 205
334 225
334 329
334 333
334 358
334 386
334 422
335 246
335 268
335 322
335 324
335 478
335 485
335 495
336 14
336 73
336 114
336 155
336 206
336 476
337 13
337 214
337 250
337 314
337 339
337 343
337 456
338 53
338 224
338 264
338 375
338 416
338 466
338 476
339 4
339 330
339 337
339 343
339 365
339 374
339 387
340 12
340 88
340 116
340 150
340 163
340 220
340 287
340 411
341 39
341 230
341 286
341 311
341 347
342 9
342 159
342 227
342 231
342 344
343 127
343 237
343 279
343 337
343 339
343 359
343 439
343 440
343 445
343 482
343 487
343 490
344 82
344 145
344 308
344 342
344 406
344 438
344 454
344 469
344 476
345 42
345 83
345 173
345 210
345 232
345 316
345 347
345 435
346 26
346 79
346 178
346 194
346 199
346 248
346 357
346 371
346 378
346 416
346 419
346 431
346 432
346 441
346 447
346 467
347 39
347 230
347 286
347 311
347 341
347 345
348 240
348 265
348 307
348 349
348 354
348 380
348 385
348 488
349 76
349 348
349 437
349 471
349 480
350 53
350 84
350 100
350 264
350 294
350 352
350 416
350 466
351 53
351 84
351 264
351 353
351 355
351 375
351 416
351 475
352 61
352 162
352 226
352 350
352 396
353 209
353 246
353 268
353 351
353 355
353 446
353 450
353 463
353 478
353 485
353 494
353 495
353 499
354 240
354 265
354 305
354 348
354 356
354 385
354 464
354 488
355 31
355 105
355 248
355 351
355 353
355 415
355 444
355 470
356 3
356 58
356 60
356 153
356 167
356 301
356 354
357 346
357 359
357 378
357 419
357 431
357 447
357 467
358 87
358 205
358 225
358 329
358 334
358 360
358 365
358 386
359 30
359 115
359 237
359 343
359 357
359 390
359 439
359 442
360 62
360 191
360 358
360 365
360 410
360 417
360 449
361 56
361 75
361 177
361 262
361 273
361 309
361 327
361 363
361 397
361 414
362 51
362 125
362 249
362 259
362 277
363 96
363 196
363 323
363 361
363 373
363 423
364 6
364 59
364 272
364 366
364 384
364 448
364 481
365 4
365 207
365 247
365 330
365 339
365 358
365 360
365 374
365 387
366 47
366 81
366 270
366 364
366 389
366 402
366 443
367 180
367 220
367 275
367 333
367 368
367 461
368 91
368 123
368 151
368 182
368 367
368 486
368 492
368 500
369 68
369 118
369 297
369 404
370 101
370 249
370 259
370 277
370 374
370 379
371 26
371 79
371 178
371 194
371 346
371 372
371 378
371 431
371 432
371 447
371 467
371 496
372 7
372 103
372 132
372 183
372 244
372 371
372 381
372 388
373 96
373 117
373 119
373 152
373 321
373 363
373 375
373 423
373 424
374 4
374 207
374 247
374 330
374 339
374 365
374 370
374 379
374 387
375 53
375 161
375 264
375 294
375 338
375 351
375 373
375 416
375 421
376 18
376 179
376 189
376 278
376 326
376 377
377 23
377 168
377 171
377 188
377 190
377 199
377 274
377 376
377 426
377 427
377 429
377 433
377 483
378 346
378 357
378 371
378 386
378 419
378 431
378 432
378 441
378 447
378 467
379 138
379 160
379 200
379 229
379 370
379 374
379 407
379 408
379 420
380 69
380 182
380 183
380 255
380 305
380 348
380 464
380 488
381 7
381 38
381 103
381 132
381 183
381 372
381 388
381 433
382 209
382 246
382 268
382 463
382 478
382 495
383 62
383 191
383 289
383 384
383 385
383 417
383 428
383 449
383 468
384 6
384 40
384 181
384 272
384 298
384 364
384 383
384 385
384 448
385 307
385 348
385 354
385 383
385 384
385 464
385 488
386 87
386 195
386 205
386 225
386 288
386 329
386 334
386 358
386 378
387 4
387 207
387 247
387 339
387 365
387 374
387 389
388 7
388 103
388 132
388 244
388 372
388 381
388 390
388 403
389 47
389 65
389 81
389 175
389 186
389 267
389 270
389 328
389 366
389 387
389 443
390 115
390 127
390 237
390 279
390 359
390 388
390 403
390 439
390 440
390 490
391 30
391 44
391 237
391 392
391 401
391 439
391 487
391 490
392 99
392 126
392 193
392 299
392 310
392 325
392 391
392 409
393 45
393 89
393 106
393 201
393 394
394 104
394 149
394 184
394 393
394 489
395 123
395 396
395 460
395 479
395 486
395 492
396 61
396 92
396 162
396 198
396 208
396 226
396 352
396 395
396 462
397 56
397 75
397 177
397 309
397 361
397 398
397 414
398 68
398 86
398 322
398 397
398 403
399 1
399 21
399 37
399 111
399 402
400 38
400 71
400 140
400 234
400 253
400 283
400 295
400 313
400 401
400 404
400 436
400 452
401 44
401 391
401 400
401 404
401 458
401 482
402 47
402 65
402 81
402 175
402 186
402 267
402 270
402 328
402 366
402 399
402 443
403 68
403 86
403 118
403 297
403 322
403 388
403 390
403 398
403 404
404 50
404 68
404 118
404 134
404 297
404 322
404 369
404 400
404 401
404 403
405 34
405 121
405 298
405 448
405 481
406 85
406 145
406 258
406 261
406 308
406 344
406 407
406 438
406 454
406 476
407 29
407 138
407 160
407 212
407 229
407 379
407 406
408 29
408 138
408 212
408 379
408 409
409 28
409 70
409 299
409 310
409 325
409 392
409 408
410 62
410 174
410 191
410 269
410 289
410 295
410 296
410 360
410 449
410 468
411 116
411 163
411 287
411 340
412 105
412 415
412 444
412 470
412 473
412 493
413 80
413 471
413 480
414 56
414 262
414 309
414 327
414 361
414 397
414 473
415 31
415 248
415 355
415 412
415 418
415 434
415 444
415 470
415 493
416 53
416 54
416 72
416 84
416 161
416 224
416 264
416 294
416 304
416 338
416 346
416 350
416 351
416 375
416 421
416 439
416 455
416 466
416 475
417 62
417 191
417 269
417 289
417 360
417 383
417 419
417 426
417 449
417 468
417 473
418 123
418 415
418 460
418 479
418 486
419 26
419 178
419 194
419 346
419 357
419 378
419 417
419 426
419 432
419 441
419 447
420 29
420 138
420 200
420 379
420 421
420 427
421 72
421 264
421 294
421 375
421 416
421 420
421 427
422 87
422 106
422 107
422 148
422 195
422 225
422 329
422 334
423 96
423 117
423 119
423 152
423 260
423 321
423 323
423 363
423 373
423 428
423 429
424 96
424 196
424 323
424 373
424 425
425 90
425 146
425 187
425 192
425 292
425 424
426 23
426 32
426 168
426 188
426 377
426 417
426 419
426 427
426 433
426 453
426 483
427 16
427 23
427 110
427 131
427 377
427 420
427 421
427 426
427 429
427 453
427 483
428 62
428 174
428 191
428 243
428 269
428 289
428 383
428 423
428 429
428 468
428 473
429 23
429 144
429 188
429 199
429 252
429 274
429 377
429 423
429 427
429 428
429 483
430 25
430 94
430 215
430 431
430 493
431 79
431 178
431 194
431 346
431 357
431 371
431 378
431 430
431 432
431 441
431 496
432 26
432 79
432 178
432 346
432 371
432 378
432 419
432 431
432 434
432 467
432 496
433 16
433 23
433 39
433 144
433 190
433 199
433 377
433 381
433 426
433 453
433 483
434 31
434 238
434 241
434 248
434 293
434 300
434 332
434 415
434 432
434 444
434 470
435 83
435 173
435 210
435 232
435 345
435 436
436 38
436 253
436 295
436 400
436 435
436 452
436 477
437 24
437 33
437 54
437 76
437 124
437 185
437 254
437 349
437 455
437 465
437 480
438 82
438 85
438 145
438 284
438 308
438 344
438 406
438 441
438 442
438 454
438 469
439 30
439 74
439 115
439 127
439 211
439 237
439 279
439 343
439 359
439 390
439 391
439 416
439 440
439 442
439 455
439 458
439 463
439 482
439 487
439 490
440 30
440 74
440 113
440 235
440 237
440 343
440 390
440 439
440 442
440 445
440 482
440 487
440 490
441 346
441 378
441 419
441 431
441 438
441 442
441 467
442 30
442 127
442 211
442 237
442 359
442 438
442 439
442 440
442 441
442 482
442 487
442 490
443 164
443 165
443 175
443 366
443 389
443 402
444 31
444 105
444 215
444 248
444 300
444 332
444 355
444 412
444 415
444 434
444 445
444 446
445 115
445 343
445 440
445 444
445 446
445 487
446 48
446 133
446 209
446 246
446 268
446 353
446 444
446 445
446 450
446 478
446 485
446 499
447 26
447 79
447 194
447 346
447 357
447 371
447 378
447 419
447 448
447 449
447 467
447 496
448 34
448 40
448 59
448 181
448 204
448 272
448 298
448 364
448 384
448 405
448 447
448 449
448 481
449 62
449 174
449 191
449 243
449 289
449 360
449 383
449 410
449 417
449 447
449 448
449 468
450 209
450 246
450 268
450 353
450 446
450 453
450 454
450 463
450 478
450 485
450 494
450 495
451 154
451 158
451 281
451 306
451 456
452 38
452 71
452 283
452 295
452 313
452 400
452 436
452 463
452 467
452 469
452 477
453 171
453 426
453 427
453 433
453 450
453 454
453 483
454 52
454 145
454 258
454 261
454 284
454 315
454 344
454 406
454 438
454 450
454 453
454 469
454 476
455 24
455 33
455 76
455 80
455 124
455 254
455 416
455 437
455 439
455 463
455 465
455 471
455 480
455 498
456 13
456 108
456 113
456 137
456 214
456 223
456 290
456 337
456 451
457 67
457 107
457 164
457 165
457 221
457 459
458 8
458 211
458 401
458 439
458 479
458 480
458 487
459 20
459 104
459 128
459 256
459 312
459 457
460 91
460 102
460 123
460 151
460 217
460 219
460 271
460 395
460 418
460 464
460 465
460 472
460 486
461 180
461 220
461 275
461 319
461 333
461 367
461 462
462 92
462 162
462 198
462 208
462 396
462 461
463 11
463 209
463 246
463 268
463 353
463 382
463 439
463 450
463 452
463 455
463 478
463 485
463 495
464 2
464 69
464 240
464 255
464 265
464 305
464 307
464 354
464 380
464 385
464 460
464 465
464 488
465 76
465 80
465 437
465 455
465 460
465 464
465 471
465 480
466 53
466 84
466 100
466 161
466 213
466 224
466 264
466 294
466 304
466 338
466 350
466 416
466 468
466 471
467 346
467 357
467 371
467 378
467 432
467 441
467 447
467 452
467 469
467 487
468 62
468 191
468 383
468 410
468 417
468 428
468 449
468 466
468 471
469 52
469 145
469 258
469 261
469 284
469 308
469 315
469 344
469 438
469 452
469 454
469 467
469 476
469 487
470 20
470 21
470 31
470 105
470 238
470 241
470 248
470 300
470 332
470 355
470 412
470 415
470 434
470 493
471 24
471 33
471 76
471 80
471 124
471 185
471 254
471 349
471 413
471 455
471 465
471 466
471 468
471 498
472 123
472 460
472 479
472 486
472 492
473 62
473 243
473 289
473 412
473 414
473 417
473 428
474 32
474 171
474 251
474 475
474 478
474 483
475 53
475 54
475 72
475 84
475 100
475 161
475 213
475 224
475 264
475 294
475 304
475 351
475 416
475 474
475 478
476 52
476 82
476 85
476 145
476 258
476 261
476 284
476 308
476 315
476 336
476 338
476 344
476 406
476 454
476 469
477 36
477 38
477 71
477 95
477 109
477 140
477 216
477 234
477 251
477 253
477 283
477 295
477 313
477 436
477 452
478 48
478 172
478 209
478 246
478 263
478 268
478 335
478 353
478 382
478 446
478 450
478 463
478 474
478 475
478 494
479 43
479 91
479 102
479 120
479 151
479 219
479 271
479 276
479 395
479 418
479 458
479 472
479 482
479 492
479 500
480 24
480 33
480 76
480 80
480 124
480 185
480 254
480 349
480 413
480 437
480 455
480 458
480 465
480 486
480 498
481 1
481 6
481 34
481 40
481 59
481 64
481 65
481 181
481 204
481 272
481 298
481 364
481 405
481 448
481 495
482 30
482 44
482 74
482 115
482 127
482 211
482 279
482 343
482 401
482 439
482 440
482 442
482 479
482 486
482 487
482 490
483 23
483 168
483 171
483 188
483 190
483 199
483 218
483 251
483 252
483 274
483 377
483 426
483 427
483 429
483 433
483 453
483 474
483 484
484 9
484 159
484 166
484 176
484 483
485 11
485 133
485 197
485 209
485 246
485 257
485 263
485 268
485 335
485 353
485 446
485 450
485 463
485 493
485 495
485 498
486 43
486 91
486 102
486 120
486 123
486 182
486 217
486 271
486 276
486 368
486 395
486 418
486 460
486 472
486 480
486 482
487 30
487 74
487 127
487 237
487 343
487 391
487 439
487 440
487 442
487 445
487 458
487 467
487 469
487 482
487 490
487 492
488 240
488 255
488 265
488 305
488 307
488 348
488 354
488 380
488 385
488 464
488 489
489 20
489 184
489 312
489 394
489 488
489 491
490 8
490 30
490 115
490 127
490 211
490 237
490 343
490 390
490 391
490 439
490 440
490 442
490 482
490 487
490 492
490 494
490 500
491 20
491 128
491 149
491 489
491 497
492 43
492 91
492 102
492 120
492 123
492 151
492 182
492 217
492 219
492 271
492 276
492 368
492 395
492 472
492 479
492 487
492 490
492 494
493 25
493 31
493 94
493 97
493 215
493 238
493 241
493 248
493 293
493 300
493 332
493 412
493 415
493 430
493 470
493 485
493 495
493 498
494 172
494 209
494 246
494 268
494 353
494 450
494 478
494 490
494 492
494 495
494 500
495 11
495 48
495 133
495 140
495 172
495 209
495 257
495 263
495 268
495 335
495 353
495 382
495 450
495 463
495 481
495 485
495 493
495 494
495 499
496 371
496 431
496 432
496 447
497 35
497 66
497 202
497 228
497 303
497 491
498 76
498 455
498 471
498 480
498 485
498 493
499 33
499 93
499 209
499 268
499 307
499 353
499 446
499 495
499 500
500 123
500 151
500 182
500 368
500 479
500 490
500 494
500 499
