1 25
1 195
1 236
1 261
1 293
2 59
2 71
2 95
2 98
2 101
3 36
3 54
3 119
3 153
3 163
4 38
4 252
4 391
4 397
4 424
5 142
5 240
5 358
5 398
5 428
6 7
6 24
6 60
6 67
6 84
7 6
7 215
7 392
7 411
7 420
8 130
8 321
8 395
8 444
8 449
9 66
9 132
9 178
9 242
9 432
10 434
10 469
10 477
10 479
10 481
11 169
11 177
11 180
11 306
11 309
12 318
12 364
12 419
12 454
12 464
13 35
13 38
13 92
13 128
13 456
14 182
14 199
14 225
14 246
14 485
15 31
15 93
15 102
15 161
15 167
16 357
16 394
16 477
16 479
16 481
17 122
17 179
17 288
17 294
17 312
18 34
18 126
18 184
18 402
18 416
19 80
19 104
19 106
19 181
19 314
20 150
20 266
20 291
20 386
20 414
21 22
21 202
21 351
21 370
21 422
22 21
22 342
22 423
22 440
22 445
23 24
23 170
23 196
23 402
23 416
24 6
24 23
24 60
24 67
24 84
25 1
25 195
25 224
25 261
25 293
26 303
26 321
26 395
26 437
26 465
27 310
27 427
27 447
27 472
27 476
28 45
28 335
28 367
28 413
28 421
29 182
29 199
29 225
29 246
29 323
30 40
30 159
30 183
30 340
30 347
31 15
31 93
31 102
31 161
31 213
32 172
32 217
32 263
32 350
32 355
33 94
33 280
33 282
33 296
33 304
34 18
34 170
34 256
34 402
34 416
35 13
35 38
35 92
35 128
35 194
36 3
36 54
36 153
36 163
36 417
37 189
37 439
37 456
37 459
37 472
38 4
38 13
38 35
38 92
38 128
39 75
39 204
39 211
39 283
39 494
40 30
40 183
40 340
40 347
40 459
41 42
41 436
41 441
41 468
41 471
42 41
42 157
42 204
42 211
42 283
43 57
43 88
43 111
43 138
43 287
44 55
44 147
44 310
44 340
44 347
45 28
45 327
45 335
45 346
45 413
46 383
46 492
46 493
46 494
46 496
47 160
47 166
47 192
47 220
47 298
48 466
48 484
48 490
48 497
48 498
49 134
49 356
49 382
49 430
49 435
50 279
50 300
50 363
50 399
50 410
51 126
51 184
51 297
51 364
51 416
52 77
52 318
52 419
52 454
52 464
53 144
53 247
53 358
53 371
53 373
54 3
54 36
54 119
54 153
54 163
55 44
55 159
55 183
55 310
55 340
56 115
56 292
56 324
56 328
56 385
57 43
57 88
57 111
57 151
57 287
58 77
58 141
58 206
58 251
58 471
59 2
59 71
59 95
59 98
59 396
60 6
60 24
60 67
60 84
60 278
61 356
61 438
61 461
61 484
61 497
62 273
62 320
62 343
62 348
62 366
63 280
63 282
63 296
63 304
63 407
64 70
64 169
64 306
64 309
64 438
65 137
65 174
65 212
65 213
65 219
66 9
66 132
66 251
66 285
66 432
67 6
67 24
67 60
67 71
67 84
68 275
68 407
68 419
68 454
68 464
69 70
69 107
69 140
69 177
69 305
70 64
70 69
70 180
70 306
70 309
71 2
71 59
71 67
71 95
71 98
72 80
72 104
72 106
72 238
72 314
73 297
73 380
73 450
73 469
73 481
74 486
74 487
74 492
74 493
74 494
75 39
75 157
75 204
75 211
75 283
76 116
76 173
76 187
76 205
76 241
77 52
77 58
77 154
77 178
77 432
78 286
78 341
78 390
78 408
78 468
79 198
79 360
79 404
79 418
79 442
80 19
80 72
80 104
80 181
80 248
81 140
81 177
81 209
81 305
81 462
82 450
82 469
82 477
82 479
82 490
83 331
83 473
83 486
83 494
83 496
84 6
84 24
84 60
84 67
84 208
85 175
85 291
85 320
85 409
85 414
86 453
86 470
86 495
86 499
86 500
87 166
87 167
87 192
87 220
87 493
88 43
88 57
88 119
88 151
88 287
89 120
89 387
89 425
89 454
89 464
90 319
90 427
90 456
90 472
90 476
91 216
91 298
91 392
91 415
91 480
92 13
92 35
92 38
92 128
92 428
93 15
93 31
93 102
93 161
93 251
94 33
94 233
94 280
94 282
94 304
95 2
95 59
95 71
95 98
95 472
96 133
96 143
96 365
96 378
96 388
97 103
97 362
97 425
97 454
97 464
98 2
98 59
98 71
98 95
98 148
99 466
99 478
99 489
99 490
99 498
100 103
100 149
100 291
100 351
100 422
101 2
101 127
101 263
101 350
101 355
102 15
102 31
102 93
102 161
102 484
103 97
103 100
103 253
103 351
103 422
104 19
104 72
104 80
104 238
104 314
105 207
105 230
105 299
105 301
105 341
106 19
106 72
106 181
106 238
106 314
107 69
107 177
107 209
107 305
107 374
108 354
108 360
108 418
108 433
108 442
109 279
109 300
109 361
109 384
109 410
110 257
110 372
110 400
110 446
110 455
111 43
111 57
111 138
111 287
111 371
112 218
112 400
112 402
112 446
112 455
113 362
113 407
113 419
113 454
113 464
114 118
114 325
114 343
114 348
114 366
115 56
115 311
115 334
115 339
115 385
116 76
116 173
116 187
116 205
116 241
117 158
117 202
117 253
117 367
117 422
118 114
118 259
118 272
118 315
118 379
119 3
119 54
119 88
119 153
119 163
120 89
120 179
120 194
120 288
120 294
121 160
121 197
121 403
121 457
121 480
122 17
122 179
122 194
122 288
122 294
123 200
123 210
123 249
123 256
123 344
124 274
124 473
124 487
124 492
124 496
125 165
125 354
125 404
125 433
125 442
126 18
126 51
126 184
126 364
126 402
127 101
127 217
127 263
127 350
127 355
128 13
128 35
128 38
128 92
128 388
129 142
129 316
129 371
129 373
129 428
130 8
130 295
130 444
130 449
130 465
131 387
131 419
131 425
131 454
131 464
132 9
132 66
132 178
132 328
132 432
133 96
133 337
133 365
133 378
133 388
134 49
134 228
134 356
134 430
134 435
135 380
135 450
135 477
135 479
135 481
136 330
136 356
136 430
136 435
136 452
137 65
137 174
137 212
137 213
137 219
138 43
138 111
138 151
138 287
138 469
139 197
139 458
139 475
139 478
139 480
140 69
140 81
140 209
140 305
140 429
141 58
141 178
141 206
141 285
141 432
142 5
142 129
142 180
142 373
142 377
143 96
143 337
143 365
143 378
143 388
144 53
144 358
144 371
144 377
144 398
145 237
145 249
145 256
145 344
145 359
146 316
146 436
146 441
146 467
146 474
147 44
147 431
147 469
147 477
147 481
148 98
148 250
148 337
148 378
148 388
149 100
149 202
149 265
149 370
149 422
150 20
150 152
150 270
150 308
150 409
151 57
151 88
151 138
151 287
151 351
152 150
152 290
152 291
152 308
152 414
153 3
153 36
153 54
153 119
153 163
154 77
154 206
154 242
154 251
154 432
155 176
155 258
155 259
155 326
155 393
156 234
156 272
156 417
156 446
156 455
157 42
157 75
157 211
157 271
157 283
158 117
158 176
158 227
158 258
158 480
159 30
159 55
159 310
159 340
159 347
160 47
160 121
160 167
160 192
160 220
161 15
161 31
161 93
161 102
161 273
162 164
162 396
162 429
162 441
162 467
163 3
163 36
163 54
163 119
163 153
164 162
164 226
164 391
164 397
164 424
165 125
165 166
165 418
165 433
165 442
166 47
166 87
166 165
166 192
166 220
167 15
167 87
167 160
167 192
167 220
168 201
168 252
168 391
168 424
168 431
169 11
169 64
169 180
169 306
169 309
170 23
170 34
170 184
170 395
170 416
171 196
171 364
171 402
171 406
171 416
172 32
172 217
172 263
172 350
172 355
173 76
173 116
173 187
173 205
173 241
174 65
174 137
174 212
174 213
174 219
174 413
175 85
175 270
175 308
175 386
175 409
175 414
176 155
176 158
176 238
176 272
176 315
176 393
177 11
177 69
177 81
177 107
177 209
177 305
178 9
178 77
178 132
178 141
178 242
178 285
179 17
179 120
179 122
179 194
179 288
179 294
180 11
180 70
180 142
180 169
180 306
180 309
181 19
181 80
181 106
181 182
181 238
181 314
182 14
182 29
182 181
182 199
182 225
182 246
183 30
183 40
183 55
183 310
183 347
183 483
184 18
184 51
184 126
184 170
184 196
184 364
185 295
185 437
185 444
185 449
185 465
185 494
186 208
186 322
186 439
186 447
186 459
186 476
187 76
187 116
187 173
187 205
187 241
187 385
188 486
188 487
188 493
188 494
188 496
188 499
189 37
189 208
189 366
189 439
189 472
189 476
190 424
190 431
190 434
190 450
190 479
190 481
191 375
191 392
191 411
191 420
191 426
191 431
192 47
192 87
192 160
192 166
192 167
192 257
193 261
193 273
193 320
193 325
193 366
193 414
194 35
194 120
194 122
194 179
194 288
194 294
195 1
195 25
195 212
195 224
195 236
195 293
196 23
196 171
196 184
196 364
196 402
196 416
197 121
197 139
197 403
197 457
197 458
197 475
198 79
198 232
198 418
198 433
198 442
198 489
199 14
199 29
199 182
199 200
199 225
199 246
200 123
200 199
200 210
200 237
200 256
200 344
201 168
201 226
201 229
201 391
201 397
201 424
202 21
202 117
202 149
202 253
202 265
202 370
203 284
203 327
203 346
203 367
203 370
203 413
204 39
204 42
204 75
204 211
204 283
204 333
205 76
205 116
205 173
205 187
205 241
205 261
206 58
206 141
206 154
206 251
206 432
206 496
207 105
207 299
207 301
207 341
207 390
207 408
208 84
208 186
208 189
208 456
208 472
208 476
209 81
209 107
209 140
209 177
209 305
209 442
210 123
210 200
210 237
210 256
210 344
210 412
211 39
211 42
211 75
211 157
211 204
211 283
212 65
212 137
212 174
212 195
212 213
212 219
213 31
213 65
213 137
213 174
213 212
213 219
214 461
214 478
214 489
214 490
214 497
214 498
215 7
215 322
215 375
215 411
215 426
215 477
216 91
216 331
216 404
216 448
216 475
216 480
217 32
217 127
217 172
217 350
217 355
217 433
218 112
218 219
218 257
218 302
218 446
218 455
219 65
219 137
219 174
219 212
219 213
219 218
220 47
220 87
220 160
220 166
220 167
220 222
221 302
221 372
221 400
221 417
221 446
221 455
222 220
222 470
222 485
222 491
222 499
222 500
223 262
223 321
223 342
223 352
223 440
223 445
224 25
224 195
224 236
224 261
224 293
224 354
225 14
225 29
225 182
225 199
225 246
225 401
226 164
226 201
226 252
226 397
226 424
226 500
227 158
227 272
227 315
227 326
227 379
227 393
228 134
228 243
228 330
228 408
228 430
228 435
229 201
229 252
229 363
229 391
229 397
229 424
230 105
230 271
230 301
230 341
230 408
230 430
231 279
231 361
231 363
231 399
231 410
231 438
232 198
232 233
232 354
232 404
232 433
232 442
233 94
233 232
233 280
233 282
233 296
233 304
234 156
234 236
234 372
234 400
234 417
234 455
235 486
235 487
235 492
235 493
235 494
235 496
236 1
236 195
236 224
236 234
236 261
236 293
237 145
237 200
237 210
237 249
237 344
237 482
238 72
238 104
238 106
238 176
238 181
238 314
239 358
239 487
239 492
239 493
239 494
239 496
240 5
240 316
240 358
240 371
240 373
240 398
241 76
241 116
241 173
241 187
241 205
241 311
242 9
242 154
242 178
242 244
242 285
242 432
243 228
243 323
243 330
243 382
243 430
243 435
244 242
244 403
244 415
244 457
244 475
244 480
245 246
245 319
245 375
245 411
245 420
245 426
246 14
246 29
246 182
246 199
246 225
246 245
247 53
247 316
247 377
247 398
247 428
247 467
248 80
248 262
248 376
248 389
248 440
248 445
249 123
249 145
249 237
249 256
249 318
249 344
250 148
250 337
250 365
250 378
250 388
250 444
251 58
251 66
251 93
251 154
251 206
251 285
251 432
252 4
252 168
252 226
252 229
252 391
252 397
252 424
253 103
253 117
253 202
253 265
253 351
253 370
253 422
254 383
254 483
254 485
254 491
254 492
254 495
254 499
255 466
255 478
255 484
255 489
255 490
255 497
255 498
256 34
256 123
256 145
256 200
256 210
256 249
256 344
257 110
257 192
257 218
257 372
257 417
257 446
257 455
258 155
258 158
258 315
258 326
258 379
258 393
258 405
259 118
259 155
259 272
259 326
259 332
259 379
259 393
260 365
260 486
260 487
260 492
260 493
260 494
260 496
261 1
261 25
261 193
261 205
261 224
261 236
261 293
262 223
262 248
262 352
262 376
262 389
262 440
262 445
263 32
263 101
263 127
263 172
263 350
263 355
263 492
264 265
264 427
264 439
264 456
264 459
264 472
264 476
265 149
265 202
265 253
265 264
265 351
265 370
265 422
266 20
266 412
266 453
266 485
266 495
266 499
266 500
267 419
267 482
267 483
267 488
267 491
267 499
267 500
268 300
268 361
268 363
268 384
268 397
268 399
268 465
269 277
269 415
269 448
269 457
269 458
269 475
269 480
270 150
270 175
270 278
270 308
270 386
270 409
270 432
271 157
271 230
271 286
271 299
271 301
271 390
271 408
272 118
272 156
272 176
272 227
272 259
272 379
272 393
273 62
273 161
273 193
273 325
273 343
273 348
273 366
274 124
274 359
274 374
274 489
274 490
274 497
274 498
275 68
275 276
275 318
275 407
275 425
275 454
275 464
276 275
276 331
276 403
276 415
276 457
276 475
276 480
277 269
277 308
277 323
277 330
277 382
277 430
277 435
278 60
278 270
278 290
278 308
278 386
278 409
278 414
279 50
279 109
279 231
279 361
279 363
279 384
279 410
280 33
280 63
280 94
280 233
280 282
280 296
280 315
281 297
281 409
281 450
281 469
281 477
281 479
281 481
282 33
282 63
282 94
282 233
282 280
282 296
282 304
283 39
283 42
283 75
283 157
283 204
283 211
283 426
284 203
284 314
284 327
284 335
284 346
284 367
284 413
285 66
285 141
285 178
285 242
285 251
285 378
285 432
286 78
286 271
286 287
286 299
286 341
286 390
286 408
287 43
287 57
287 88
287 111
287 138
287 151
287 286
288 17
288 120
288 122
288 179
288 194
288 289
288 294
289 288
289 345
289 395
289 437
289 444
289 449
289 465
290 152
290 278
290 308
290 386
290 409
290 414
290 445
291 20
291 85
291 100
291 152
291 386
291 409
291 414
292 56
292 311
292 324
292 328
292 334
292 339
292 385
293 1
293 25
293 195
293 224
293 236
293 261
293 294
294 17
294 120
294 122
294 179
294 194
294 288
294 293
295 130
295 185
295 296
295 345
295 437
295 444
295 465
296 33
296 63
296 233
296 280
296 282
296 295
296 304
297 51
297 73
297 281
297 469
297 477
297 479
297 481
298 47
298 91
298 448
298 457
298 458
298 475
298 480
299 105
299 207
299 271
299 286
299 341
299 390
299 448
300 50
300 109
300 268
300 384
300 399
300 410
300 474
301 105
301 207
301 230
301 271
301 380
301 390
301 408
302 218
302 221
302 372
302 417
302 446
302 455
302 462
303 26
303 345
303 437
303 444
303 449
303 465
303 481
304 33
304 63
304 94
304 233
304 282
304 296
304 454
305 69
305 81
305 107
305 140
305 177
305 209
305 381
306 11
306 64
306 70
306 169
306 180
306 309
306 473
307 381
307 396
307 406
307 418
307 441
307 467
307 474
308 150
308 152
308 175
308 270
308 277
308 278
308 290
309 11
309 64
309 70
309 169
309 180
309 306
309 435
310 27
310 44
310 55
310 159
310 183
310 340
310 347
311 115
311 241
311 292
311 328
311 334
311 339
311 385
312 17
312 313
312 342
312 352
312 376
312 440
312 445
313 312
313 342
313 376
313 389
313 423
313 445
313 463
314 19
314 72
314 104
314 106
314 181
314 238
314 284
315 118
315 176
315 227
315 258
315 280
315 326
315 379
316 129
316 146
316 240
316 247
316 373
316 377
316 428
317 352
317 452
317 478
317 484
317 490
317 497
317 498
318 12
318 52
318 249
318 275
318 362
318 387
318 464
319 90
319 245
319 322
319 375
319 392
319 420
319 426
320 62
320 85
320 193
320 325
320 343
320 348
320 366
321 8
321 26
321 223
321 395
321 437
321 449
321 465
322 186
322 215
322 319
322 392
322 411
322 420
322 426
323 29
323 243
323 277
323 330
323 382
323 430
323 435
324 56
324 292
324 328
324 334
324 339
324 385
324 475
325 114
325 193
325 273
325 320
325 343
325 348
325 459
326 155
326 227
326 258
326 259
326 315
326 379
326 393
326 472
327 45
327 203
327 284
327 335
327 346
327 367
327 413
327 447
328 56
328 132
328 292
328 311
328 324
328 334
328 339
328 385
329 375
329 396
329 404
329 429
329 443
329 468
329 471
329 474
330 136
330 228
330 243
330 277
330 323
330 356
330 382
330 411
331 83
331 216
331 276
331 448
331 457
331 458
331 475
331 480
332 259
332 406
332 436
332 443
332 467
332 468
332 471
332 474
333 204
333 438
333 461
333 478
333 484
333 489
333 490
333 497
334 115
334 292
334 311
334 324
334 328
334 339
334 385
334 420
335 28
335 45
335 284
335 327
335 346
335 367
335 400
335 413
336 337
336 338
336 427
336 447
336 456
336 459
336 472
336 476
337 133
337 143
337 148
337 250
337 336
337 365
337 378
337 388
338 336
338 350
338 401
338 427
338 447
338 456
338 459
338 476
339 115
339 292
339 311
339 324
339 328
339 334
339 348
339 385
340 30
340 40
340 44
340 55
340 159
340 310
340 347
340 496
341 78
341 105
341 207
341 230
341 286
341 299
341 390
341 408
342 22
342 223
342 312
342 313
342 389
342 423
342 428
342 445
343 62
343 114
343 273
343 320
343 325
343 348
343 366
343 473
344 123
344 145
344 200
344 210
344 237
344 249
344 256
344 349
345 289
345 295
345 303
345 437
345 444
345 449
345 465
345 495
346 45
346 203
346 284
346 327
346 335
346 367
346 413
346 453
347 30
347 40
347 44
347 159
347 183
347 310
347 340
347 355
348 62
348 114
348 273
348 320
348 325
348 339
348 343
348 366
349 344
349 482
349 485
349 488
349 491
349 495
349 499
349 500
350 32
350 101
350 127
350 172
350 217
350 263
350 338
350 355
351 21
351 100
351 103
351 151
351 253
351 265
351 370
351 422
352 223
352 262
352 312
352 317
352 389
352 423
352 440
352 445
353 384
353 470
353 483
353 485
353 488
353 491
353 495
353 499
354 108
354 125
354 224
354 232
354 360
354 404
354 418
354 442
355 32
355 101
355 127
355 172
355 217
355 263
355 347
355 350
356 49
356 61
356 134
356 136
356 330
356 382
356 430
356 435
357 16
357 473
357 486
357 487
357 492
357 493
357 494
357 496
358 5
358 53
358 144
358 239
358 240
358 371
358 398
358 428
359 145
359 274
359 466
359 484
359 489
359 490
359 497
359 498
360 79
360 108
360 354
360 403
360 404
360 418
360 433
360 442
361 109
361 231
361 268
361 279
361 362
361 384
361 399
361 410
362 97
362 113
362 318
362 361
362 407
362 425
362 454
362 464
363 50
363 229
363 231
363 268
363 279
363 384
363 399
363 410
364 12
364 51
364 126
364 171
364 184
364 196
364 402
364 416
365 96
365 133
365 143
365 250
365 260
365 337
365 378
365 388
366 62
366 114
366 189
366 193
366 273
366 320
366 343
366 348
367 28
367 117
367 203
367 284
367 327
367 335
367 346
367 413
368 412
368 453
368 463
368 482
368 485
368 488
368 491
368 500
369 433
369 438
369 452
369 466
369 484
369 489
369 497
369 498
370 21
370 149
370 202
370 203
370 253
370 265
370 351
370 422
371 53
371 111
371 129
371 144
371 240
371 358
371 373
371 377
371 428
372 110
372 221
372 234
372 257
372 302
372 373
372 400
372 417
372 446
373 53
373 129
373 142
373 240
373 316
373 371
373 372
373 377
373 398
374 107
374 274
374 452
374 466
374 478
374 484
374 489
374 497
374 498
375 191
375 215
375 245
375 319
375 329
375 392
375 411
375 420
375 426
376 248
376 262
376 312
376 313
376 389
376 423
376 440
376 445
376 458
377 142
377 144
377 247
377 316
377 371
377 373
377 398
377 416
377 428
378 96
378 133
378 143
378 148
378 250
378 285
378 337
378 365
378 388
379 118
379 227
379 258
379 259
379 272
379 315
379 326
379 393
379 415
380 73
380 135
380 301
380 434
380 450
380 469
380 477
380 479
380 481
381 305
381 307
381 429
381 436
381 443
381 467
381 468
381 471
381 474
382 49
382 243
382 277
382 323
382 330
382 356
382 430
382 435
382 485
383 46
383 254
383 462
383 463
383 483
383 491
383 495
383 499
383 500
384 109
384 268
384 279
384 300
384 353
384 361
384 363
384 399
384 410
385 56
385 115
385 187
385 292
385 311
385 324
385 328
385 334
385 339
386 20
386 175
386 270
386 278
386 290
386 291
386 387
386 409
386 414
387 89
387 131
387 318
387 386
387 407
387 419
387 425
387 454
387 464
388 96
388 128
388 133
388 143
388 148
388 250
388 337
388 365
388 378
389 248
389 262
389 313
389 342
389 352
389 376
389 423
389 440
389 489
390 78
390 207
390 271
390 286
390 299
390 301
390 341
390 408
390 479
391 4
391 164
391 168
391 201
391 229
391 252
391 397
391 424
391 478
392 7
392 91
392 191
392 319
392 322
392 375
392 411
392 420
392 426
393 155
393 176
393 227
393 258
393 259
393 272
393 326
393 379
393 455
394 16
394 431
394 434
394 450
394 469
394 477
394 479
394 481
394 487
395 8
395 26
395 170
395 289
395 321
395 437
395 444
395 449
395 465
396 59
396 162
396 307
396 329
396 441
396 467
396 468
396 471
396 474
397 4
397 164
397 201
397 226
397 229
397 252
397 268
397 391
397 424
398 5
398 144
398 240
398 247
398 358
398 373
398 377
398 428
398 493
399 50
399 231
399 268
399 300
399 361
399 363
399 384
399 410
399 476
400 110
400 112
400 221
400 234
400 335
400 372
400 417
400 446
400 455
401 225
401 338
401 427
401 439
401 447
401 456
401 459
401 472
401 476
402 18
402 23
402 34
402 112
402 126
402 171
402 196
402 364
402 416
403 121
403 197
403 244
403 276
403 360
403 448
403 457
403 458
403 475
403 480
404 79
404 125
404 216
404 232
404 329
404 354
404 360
404 418
404 433
404 442
405 258
405 412
405 462
405 463
405 470
405 482
405 483
405 488
405 495
405 499
406 171
406 307
406 332
406 429
406 436
406 441
406 443
406 468
406 471
406 474
407 63
407 68
407 113
407 275
407 362
407 387
407 419
407 425
407 454
407 464
408 78
408 207
408 228
408 230
408 271
408 286
408 301
408 341
408 390
408 488
409 85
409 150
409 175
409 270
409 278
409 281
409 290
409 291
409 386
409 414
410 50
410 109
410 231
410 279
410 300
410 361
410 363
410 384
410 399
410 447
411 7
411 191
411 215
411 245
411 322
411 330
411 375
411 392
411 420
411 426
412 210
412 266
412 368
412 405
412 453
412 482
412 485
412 488
412 495
412 500
413 28
413 45
413 174
413 203
413 284
413 327
413 335
413 346
413 367
413 468
414 20
414 85
414 152
414 175
414 193
414 278
414 290
414 291
414 386
414 409
415 91
415 244
415 269
415 276
415 379
415 423
415 448
415 458
415 475
415 480
416 18
416 23
416 34
416 51
416 170
416 171
416 196
416 364
416 377
416 402
417 36
417 156
417 221
417 234
417 257
417 302
417 372
417 400
417 446
417 455
418 79
418 108
418 165
418 198
418 307
418 354
418 360
418 404
418 433
418 442
419 12
419 52
419 68
419 113
419 131
419 267
419 387
419 407
419 425
419 464
420 7
420 191
420 245
420 319
420 322
420 334
420 375
420 392
420 411
420 426
421 28
421 451
421 460
421 473
421 486
421 487
421 492
421 493
421 494
421 496
422 21
422 100
422 103
422 117
422 149
422 253
422 265
422 351
422 370
422 474
423 22
423 313
423 342
423 352
423 376
423 389
423 415
423 440
423 445
423 471
424 4
424 164
424 168
424 190
424 201
424 226
424 229
424 252
424 391
424 397
425 89
425 97
425 131
425 275
425 362
425 387
425 407
425 419
425 454
425 458
425 464
426 191
426 215
426 245
426 283
426 319
426 322
426 375
426 392
426 411
426 420
426 434
427 27
427 90
427 264
427 336
427 338
427 401
427 439
427 447
427 459
427 472
427 493
428 5
428 92
428 129
428 247
428 316
428 342
428 358
428 371
428 377
428 398
428 486
429 140
429 162
429 329
429 381
429 406
429 436
429 443
429 467
429 468
429 471
429 474
430 49
430 134
430 136
430 228
430 230
430 243
430 277
430 323
430 356
430 382
430 435
431 147
431 168
431 190
431 191
431 394
431 434
431 450
431 469
431 477
431 479
431 481
432 9
432 66
432 77
432 132
432 141
432 154
432 206
432 242
432 251
432 270
432 285
433 108
433 125
433 165
433 198
433 217
433 232
433 360
433 369
433 404
433 418
433 442
434 10
434 190
434 380
434 394
434 426
434 431
434 450
434 469
434 477
434 479
434 481
435 49
435 134
435 136
435 228
435 243
435 277
435 309
435 323
435 356
435 382
435 430
436 41
436 146
436 332
436 381
436 406
436 429
436 439
436 443
436 467
436 468
436 471
436 474
437 26
437 185
437 289
437 295
437 303
437 321
437 345
437 395
437 439
437 444
437 449
437 465
438 61
438 64
438 231
438 333
438 369
438 452
438 461
438 478
438 489
438 490
438 497
438 498
439 37
439 186
439 189
439 264
439 401
439 427
439 436
439 437
439 447
439 459
439 472
439 476
440 22
440 223
440 248
440 262
440 312
440 352
440 376
440 389
440 423
440 441
440 445
440 494
441 41
441 146
441 162
441 307
441 396
441 406
441 440
441 443
441 467
441 468
441 471
441 474
442 79
442 108
442 125
442 165
442 198
442 209
442 232
442 354
442 360
442 404
442 418
442 433
443 329
443 332
443 381
443 406
443 429
443 436
443 441
443 467
443 468
443 471
443 474
443 497
444 8
444 130
444 185
444 250
444 289
444 295
444 303
444 345
444 395
444 437
444 449
444 465
445 22
445 223
445 248
445 262
445 290
445 312
445 313
445 342
445 352
445 376
445 423
445 440
446 110
446 112
446 156
446 218
446 221
446 257
446 302
446 372
446 400
446 417
446 455
446 488
447 27
447 186
447 327
447 336
447 338
447 401
447 410
447 427
447 439
447 456
447 459
447 476
448 216
448 269
448 298
448 299
448 331
448 403
448 415
448 457
448 458
448 475
448 480
448 482
449 8
449 130
449 185
449 289
449 303
449 321
449 345
449 395
449 437
449 444
449 451
449 465
450 73
450 82
450 135
450 190
450 281
450 380
450 394
450 431
450 434
450 469
450 477
450 479
450 481
451 421
451 449
451 460
451 473
451 486
451 487
451 492
451 493
451 494
451 496
452 136
452 317
452 369
452 374
452 438
452 461
452 466
452 478
452 484
452 489
452 490
452 497
452 498
453 86
453 266
453 346
453 368
453 412
453 463
453 470
453 482
453 483
453 488
453 491
453 495
453 500
454 12
454 52
454 68
454 89
454 97
454 113
454 131
454 275
454 304
454 362
454 387
454 407
454 425
455 110
455 112
455 156
455 218
455 221
455 234
455 257
455 302
455 393
455 400
455 417
455 446
455 467
456 13
456 37
456 90
456 208
456 264
456 336
456 338
456 401
456 447
456 459
456 470
456 472
456 476
457 121
457 197
457 244
457 269
457 276
457 298
457 331
457 403
457 448
457 458
457 461
457 475
457 480
458 139
458 197
458 269
458 298
458 331
458 376
458 403
458 415
458 425
458 448
458 457
458 475
458 480
459 37
459 40
459 186
459 264
459 325
459 336
459 338
459 401
459 427
459 439
459 447
459 456
459 472
459 476
460 421
460 451
460 473
460 486
460 487
460 492
460 493
460 494
460 496
461 61
461 214
461 333
461 438
461 452
461 457
461 465
461 466
461 478
461 484
461 489
461 490
461 497
461 498
462 81
462 302
462 383
462 405
462 463
462 470
462 482
462 483
462 485
462 488
462 491
462 495
462 499
462 500
463 313
463 368
463 383
463 405
463 453
463 462
463 470
463 482
463 483
463 485
463 488
463 495
463 499
463 500
464 12
464 52
464 68
464 89
464 97
464 113
464 131
464 275
464 318
464 362
464 387
464 407
464 419
464 425
465 26
465 130
465 185
465 268
465 289
465 295
465 303
465 321
465 345
465 395
465 437
465 444
465 449
465 461
466 48
466 99
466 255
466 359
466 369
466 374
466 452
466 461
466 478
466 484
466 489
466 490
466 491
466 498
467 146
467 162
467 247
467 307
467 332
467 381
467 396
467 429
467 436
467 441
467 443
467 455
467 468
467 471
467 474
468 41
468 78
468 329
468 332
468 381
468 396
468 406
468 413
468 429
468 436
468 441
468 443
468 467
468 471
468 474
469 10
469 73
469 82
469 138
469 147
469 281
469 297
469 380
469 394
469 431
469 434
469 450
469 477
469 479
469 481
470 86
470 222
470 353
470 405
470 453
470 456
470 462
470 463
470 482
470 483
470 488
470 491
470 495
470 499
470 500
471 41
471 58
471 329
471 332
471 381
471 396
471 406
471 423
471 429
471 436
471 441
471 443
471 467
471 468
471 474
472 27
472 37
472 90
472 95
472 189
472 208
472 264
472 326
472 336
472 401
472 427
472 439
472 456
472 459
472 476
473 83
473 124
473 306
473 343
473 357
473 421
473 451
473 460
473 486
473 487
473 492
473 493
473 494
473 496
474 146
474 300
474 307
474 329
474 332
474 381
474 396
474 406
474 422
474 429
474 436
474 441
474 443
474 467
474 468
474 471
475 139
475 197
475 216
475 244
475 269
475 276
475 298
475 324
475 331
475 403
475 415
475 448
475 457
475 458
475 476
475 480
476 27
476 90
476 186
476 189
476 208
476 264
476 336
476 338
476 399
476 401
476 439
476 447
476 456
476 459
476 472
476 475
477 10
477 16
477 82
477 135
477 147
477 215
477 281
477 297
477 380
477 394
477 431
477 434
477 450
477 469
477 479
477 481
477 486
478 99
478 139
478 214
478 255
478 317
478 333
478 374
478 391
478 438
478 452
478 461
478 466
478 484
478 489
478 490
478 497
478 498
479 10
479 16
479 82
479 135
479 190
479 281
479 297
479 380
479 390
479 394
479 431
479 434
479 450
479 469
479 477
479 481
479 484
480 91
480 121
480 139
480 158
480 216
480 244
480 269
480 276
480 298
480 331
480 403
480 415
480 448
480 457
480 458
480 475
480 481
481 10
481 16
481 73
481 135
481 147
481 190
481 281
481 297
481 303
481 380
481 394
481 431
481 434
481 450
481 469
481 477
481 479
481 480
482 237
482 267
482 349
482 368
482 405
482 412
482 448
482 453
482 462
482 463
482 470
482 483
482 485
482 488
482 491
482 495
482 499
482 500
483 183
483 254
483 267
483 353
483 383
483 405
483 453
483 462
483 463
483 470
483 482
483 485
483 487
483 488
483 491
483 495
483 499
483 500
484 48
484 61
484 102
484 255
484 317
484 333
484 359
484 369
484 374
484 452
484 461
484 466
484 478
484 479
484 489
484 490
484 497
484 498
485 14
485 222
485 254
485 266
485 349
485 353
485 368
485 382
485 412
485 462
485 463
485 482
485 483
485 488
485 491
485 495
485 499
485 500
486 74
486 83
486 188
486 235
486 260
486 357
486 421
486 428
486 451
486 460
486 473
486 477
486 487
486 492
486 493
486 494
486 496
486 497
487 74
487 124
487 188
487 235
487 239
487 260
487 357
487 394
487 421
487 451
487 460
487 473
487 483
487 486
487 492
487 493
487 494
487 496
488 267
488 349
488 353
488 368
488 405
488 408
488 412
488 446
488 453
488 462
488 463
488 470
488 482
488 483
488 485
488 491
488 495
488 499
488 500
489 99
489 198
489 214
489 255
489 274
489 333
489 359
489 369
489 374
489 389
489 438
489 452
489 461
489 466
489 478
489 484
489 490
489 492
489 498
490 48
490 82
490 99
490 214
490 255
490 274
490 317
490 333
490 359
490 438
490 452
490 461
490 466
490 478
490 484
490 489
490 491
490 497
490 498
491 222
491 254
491 267
491 349
491 353
491 368
491 383
491 453
491 462
491 466
491 470
491 482
491 483
491 485
491 488
491 490
491 495
491 499
491 500
492 46
492 74
492 124
492 235
492 239
492 254
492 260
492 263
492 357
492 421
492 451
492 460
492 473
492 486
492 487
492 489
492 493
492 494
492 496
493 46
493 74
493 87
493 188
493 235
493 239
493 260
493 357
493 398
493 421
493 427
493 451
493 460
493 473
493 486
493 487
493 492
493 494
493 496
494 39
494 46
494 74
494 83
494 185
494 188
494 235
494 239
494 260
494 357
494 421
494 440
494 451
494 460
494 473
494 486
494 487
494 492
494 493
494 496
495 86
495 254
495 266
495 345
495 349
495 353
495 383
495 405
495 412
495 453
495 462
495 463
495 470
495 482
495 483
495 485
495 488
495 491
495 499
495 500
496 46
496 83
496 124
496 188
496 206
496 235
496 239
496 260
496 340
496 357
496 421
496 451
496 460
496 473
496 486
496 487
496 492
496 493
496 494
496 497
497 48
497 61
497 214
497 255
497 274
497 317
497 333
497 359
497 369
497 374
497 438
497 443
497 452
497 461
497 478
497 484
497 486
497 490
497 496
497 498
498 48
498 99
498 214
498 255
498 274
498 317
498 359
498 369
498 374
498 438
498 452
498 461
498 466
498 478
498 484
498 489
498 490
498 497
498 499
498 500
499 86
499 188
499 222
499 254
499 266
499 267
499 349
499 353
499 383
499 405
499 462
499 463
499 470
499 482
499 483
499 485
499 488
499 491
499 495
499 498
499 500
500 86
500 222
500 226
500 266
500 267
500 349
500 368
500 383
500 412
500 453
500 462
500 463
500 470
500 482
500 483
500 485
500 488
500 491
500 495
500 498
500 499
