1 12
2 33
3 20
4 25
5 43
6 9
7 2
8 17
9 41
10 46
11 30
12 9
13 39
14 22
15 4
16 4
17 30
18 10
19 30
20 22
21 21
22 33
23 17
24 13
25 26
26 14
27 28
28 24
29 46
30 10
31 23
32 8
33 35
34 39
35 27
36 46
37 45
38 7
39 10
40 38
41 11
42 10
43 21
44 18
45 12
46 46
47 5
48 43
49 15
50 23
51 28
52 29
53 42
54 17
55 32
56 28
57 33
58 5
59 28
60 4
61 10
62 27
63 12
64 7
65 46
66 3
67 34
68 43
69 26
70 4
71 10
72 43
73 2
74 16
75 45
76 38
77 36
78 19
79 38
80 16
81 24
82 30
83 28
84 4
85 22
86 13
87 36
88 25
89 6
90 2
91 34
92 41
93 25
94 43
95 8
96 9
97 13
98 31
99 4
100 27
101 32
102 8
103 41
104 13
105 44
106 22
107 1
108 29
109 7
110 27
111 17
112 3
113 34
114 21
115 37
116 1
117 43
118 33
119 45
120 16
121 31
122 20
123 4
124 8
125 3
126 15
127 19
128 39
129 2
130 3
131 23
132 24
133 17
134 45
135 3
136 32
137 43
138 25
139 2
140 39
141 21
142 10
143 27
144 44
145 18
146 33
147 2
148 20
149 6
150 36
151 6
152 40
153 31
154 20
155 25
156 25
157 45
158 29
159 11
160 22
161 23
162 34
163 15
164 40
165 24
166 26
167 9
168 1
169 38
170 46
171 45
172 13
173 36
174 13
175 45
176 14
177 32
178 2
179 44
180 41
181 1
182 46
183 26
184 6
185 37
186 15
187 42
188 9
189 46
190 38
191 13
192 5
193 17
194 43
195 45
196 26
197 1
198 1
199 9
200 33
201 45
202 27
203 15
204 1
205 12
206 42
207 24
208 14
209 35
210 10
211 15
212 1
213 19
214 2
215 37
216 21
217 35
218 18
219 2
220 34
221 9
222 24
223 46
224 31
225 33
226 2
227 46
228 4
229 13
230 24
231 18
232 24
233 1
234 38
235 14
236 21
237 37
238 27
239 24
240 8
241 16
242 23
243 7
244 21
245 19
246 41
247 6
248 9
249 20
250 33
251 16
252 14
253 40
254 46
255 3
256 31
257 40
258 4
259 14
260 4
261 35
262 44
263 13
264 21
265 41
266 46
267 3
268 10
269 33
270 46
271 11
272 18
273 32
274 1
275 44
276 19
277 23
278 6
279 12
280 16
281 45
282 46
283 8
284 33
285 7
286 17
287 21
288 41
289 18
290 23
291 1
292 11
293 13
294 29
295 29
296 29
297 40
298 16
299 2
300 43
301 2
302 2
303 7
304 24
305 19
306 4
307 27
308 19
309 45
310 32
311 38
312 9
313 44
314 45
315 38
316 27
317 40
318 44
319 22
320 27
321 22
322 19
323 24
324 35
325 37
326 22
327 19
328 24
329 24
330 22
331 7
332 26
333 2
334 34
335 42
336 17
337 22
338 24
339 21
340 38
341 24
342 3
343 8
344 11
345 22
346 4
347 21
348 11
349 4
350 38
351 30
352 2
353 43
354 42
355 3
356 43
357 1
358 42
359 25
360 5
361 33
362 29
363 22
364 25
365 6
366 9
367 45
368 13
369 42
370 19
371 32
372 15
373 5
374 18
375 18
376 37
377 32
378 23
379 19
380 33
381 26
382 33
383 45
384 45
385 17
386 37
387 46
388 38
389 21
390 18
391 45
392 3
393 23
394 26
395 25
396 24
397 45
398 19
399 7
400 23
401 7
402 8
403 8
404 1
405 23
406 27
407 46
408 10
409 22
410 10
411 2
412 27
413 1
414 25
415 27
416 19
417 37
418 23
419 37
420 2
421 8
422 8
423 18
424 21
425 11
426 8
427 29
428 23
429 24
430 31
431 33
432 45
433 11
434 19
435 33
436 10
437 9
438 46
439 2
440 4
441 10
442 21
443 4
444 24
445 42
446 19
447 38
448 10
449 4
450 22
451 13
452 38
453 1
454 2
455 27
456 29
457 23
458 38
459 13
460 45
461 33
462 24
463 24
464 5
465 46
466 10
467 19
468 1
469 2
470 36
471 2
472 12
473 2
474 29
475 2
476 1
477 4
478 41
479 38
480 1
481 21
482 39
483 24
484 19
485 45
486 38
487 38
488 43
489 10
490 1
491 46
492 35
493 4
494 46
495 38
496 27
497 19
498 1
499 24
500 46
