1 14
2 36
3 42
4 25
5 46
6 7
7 29
8 10
9 16
10 36
11 29
12 10
13 25
14 37
15 26
16 23
17 42
18 28
19 4
20 29
21 32
22 46
23 11
24 28
25 15
26 6
27 9
28 38
29 38
30 24
31 17
32 19
33 13
34 13
35 41
36 23
37 21
38 14
39 39
40 37
41 18
42 34
43 43
44 15
45 45
46 19
47 27
48 38
49 7
50 8
51 38
52 17
53 33
54 47
55 1
56 12
57 25
58 5
59 35
60 4
61 23
62 5
63 6
64 36
65 28
66 38
67 42
68 40
69 2
70 23
71 31
72 20
73 17
74 47
75 3
76 1
77 25
78 19
79 44
80 42
81 41
82 9
83 22
84 22
85 14
86 21
87 13
88 7
89 23
90 41
91 37
92 23
93 8
94 24
95 4
96 29
97 46
98 18
99 19
100 22
101 10
102 31
103 3
104 38
105 25
106 41
107 26
108 1
109 44
110 25
111 47
112 20
113 11
114 45
115 47
116 34
117 18
118 30
119 4
120 31
121 42
122 15
123 37
124 24
125 37
126 42
127 8
128 12
129 41
130 43
131 13
132 17
133 4
134 44
135 16
136 29
137 39
138 34
139 20
140 22
141 8
142 5
143 31
144 45
145 19
146 13
147 32
148 35
149 1
150 41
151 40
152 47
153 44
154 16
155 17
156 17
157 46
158 45
159 4
160 46
161 40
162 19
163 26
164 5
165 25
166 12
167 42
168 17
169 5
170 22
171 44
172 42
173 22
174 14
175 4
176 33
177 42
178 21
179 34
180 29
181 44
182 21
183 22
184 13
185 4
186 33
187 5
188 10
189 46
190 17
191 2
192 19
193 43
194 44
195 40
196 27
197 7
198 29
199 31
200 41
201 3
202 35
203 38
204 33
205 38
206 39
207 12
208 44
209 19
210 45
211 22
212 21
213 29
214 29
215 46
216 34
217 36
218 13
219 46
220 11
221 12
222 43
223 42
224 46
225 24
226 8
227 41
228 13
229 38
230 42
231 36
232 22
233 44
234 4
235 25
236 23
237 45
238 38
239 1
240 36
241 10
242 38
243 6
244 25
245 23
246 22
247 43
248 44
249 9
250 44
251 6
252 38
253 16
254 6
255 14
256 32
257 2
258 16
259 4
260 5
261 7
262 3
263 17
264 8
265 31
266 18
267 32
268 22
269 25
270 44
271 37
272 39
273 34
274 40
275 38
276 2
277 30
278 14
279 18
280 9
281 37
282 25
283 4
284 17
285 37
286 44
287 25
288 36
289 8
290 42
291 12
292 5
293 9
294 30
295 6
296 44
297 27
298 31
299 41
300 27
301 17
302 32
303 9
304 34
305 13
306 5
307 4
308 39
309 16
310 38
311 3
312 31
313 2
314 12
315 15
316 21
317 17
318 25
319 35
320 3
321 47
322 22
323 10
324 13
325 31
326 10
327 16
328 33
329 11
330 10
331 32
332 8
333 41
334 8
335 9
336 4
337 36
338 45
339 3
340 17
341 36
342 36
343 17
344 8
345 30
346 47
347 8
348 33
349 16
350 14
351 29
352 4
353 22
354 13
355 32
356 21
357 31
358 35
359 3
360 4
361 4
362 19
363 25
364 5
365 23
366 10
367 12
368 27
369 9
370 26
371 36
372 38
373 22
374 27
375 42
376 43
377 44
378 23
379 20
380 22
381 47
382 27
383 23
384 43
385 14
386 43
387 36
388 47
389 5
390 3
391 8
392 25
393 11
394 30
395 47
396 19
397 32
398 36
399 25
400 17
401 34
402 20
403 44
404 4
405 25
406 18
407 46
408 2
409 5
410 23
411 47
412 31
413 41
414 13
415 27
416 42
417 28
418 27
419 1
420 22
421 41
422 5
423 16
424 10
425 4
426 36
427 44
428 9
429 7
430 9
431 4
432 23
433 45
434 5
435 29
436 43
437 4
438 17
439 23
440 16
441 4
442 4
443 25
444 2
445 43
446 21
447 16
448 8
449 27
450 45
451 47
452 44
453 44
454 42
455 9
456 35
457 25
458 22
459 23
460 45
461 15
462 1
463 15
464 42
465 44
466 22
467 37
468 46
469 11
470 22
471 23
472 22
473 26
474 13
475 41
476 1
477 25
478 25
479 24
480 43
481 45
482 45
483 7
484 16
485 25
486 31
487 36
488 27
489 15
490 38
491 42
492 31
493 5
494 23
495 46
496 28
497 22
498 9
499 41
500 46
