1 8
2 32
3 35
4 1
5 35
6 27
7 13
8 9
9 17
10 20
11 25
12 4
13 30
14 30
15 15
16 31
17 19
18 1
19 17
20 7
21 33
22 14
23 27
24 10
25 27
26 33
27 23
28 7
29 36
30 30
31 17
32 34
33 19
34 4
35 20
36 18
37 4
38 29
39 16
40 28
41 2
42 2
43 23
44 36
45 26
46 30
47 34
48 1
49 14
50 3
51 1
52 25
53 34
54 15
55 34
56 3
57 1
58 25
59 25
60 7
61 1
62 5
63 18
64 31
65 34
66 34
67 21
68 7
69 35
70 32
71 34
72 19
73 33
74 11
75 6
76 4
77 13
78 36
79 3
80 32
81 30
82 3
83 9
84 6
85 8
86 19
87 19
88 8
89 28
90 13
91 27
92 9
93 24
94 35
95 6
96 18
97 8
98 30
99 32
100 5
101 30
102 34
103 9
104 36
105 30
106 19
107 20
108 30
109 10
110 26
111 8
112 14
113 4
114 22
115 31
116 31
117 5
118 22
119 26
120 17
121 11
122 24
123 35
124 1
125 19
126 2
127 31
128 10
129 30
130 34
131 26
132 30
133 29
134 23
135 4
136 35
137 1
138 14
139 7
140 15
141 9
142 5
143 3
144 12
145 5
146 12
147 21
148 6
149 1
150 12
151 18
152 32
153 10
154 14
155 10
156 21
157 33
158 4
159 7
160 22
161 21
162 28
163 1
164 10
165 6
166 12
167 28
168 8
169 5
170 28
171 34
172 13
173 36
174 30
175 25
176 18
177 1
178 35
179 24
180 1
181 8
182 36
183 34
184 13
185 8
186 1
187 16
188 12
189 26
190 11
191 24
192 19
193 20
194 6
195 3
196 21
197 3
198 17
199 30
200 17
201 15
202 8
203 35
204 12
205 25
206 30
207 11
208 5
209 16
210 26
211 25
212 34
213 19
214 22
215 1
216 10
217 27
218 16
219 31
220 9
221 13
222 11
223 21
224 28
225 20
226 11
227 26
228 27
229 4
230 3
231 16
232 22
233 36
234 8
235 20
236 3
237 23
238 7
239 8
240 1
241 6
242 9
243 9
244 31
245 25
246 27
247 33
248 32
249 5
250 30
251 23
252 16
253 26
254 3
255 32
256 2
257 27
258 26
259 24
260 5
261 20
262 10
263 20
264 32
265 14
266 36
267 36
268 21
269 26
270 28
271 18
272 23
273 29
274 3
275 28
276 33
277 23
278 26
279 31
280 16
281 5
282 27
283 5
284 29
285 20
286 4
287 27
288 29
289 35
290 24
291 34
292 24
293 18
294 35
295 13
296 2
297 21
298 7
299 13
300 16
301 2
302 30
303 15
304 14
305 15
306 1
307 31
308 10
309 17
310 7
311 28
312 15
313 26
314 20
315 25
316 28
317 18
318 26
319 23
320 18
321 25
322 21
323 26
324 30
325 18
326 15
327 6
328 34
329 15
330 8
331 10
332 15
333 8
334 36
335 7
336 30
337 9
338 13
339 22
340 12
341 12
342 17
343 35
344 18
345 25
346 32
347 5
348 27
349 33
350 35
351 29
352 14
353 5
354 9
355 31
356 10
357 27
358 22
359 15
360 11
361 3
362 5
363 6
364 16
365 20
366 20
367 1
368 33
369 14
370 23
371 15
372 4
373 35
374 11
375 29
376 35
377 31
378 14
379 20
380 36
381 13
382 25
383 9
384 16
385 13
386 16
387 34
388 36
389 29
390 12
391 12
392 34
393 35
394 26
395 35
396 12
397 19
398 15
399 15
400 14
401 5
402 15
403 8
404 27
405 12
406 26
407 8
408 9
409 35
410 11
411 1
412 17
413 19
414 4
415 8
416 34
417 8
418 16
419 5
420 26
421 11
422 5
423 26
424 30
425 35
426 8
427 16
428 11
429 7
430 20
431 30
432 26
433 12
434 6
435 2
436 17
437 17
438 11
439 6
440 6
441 16
442 27
443 1
444 25
445 17
446 35
447 34
448 5
449 20
450 30
451 15
452 8
453 8
454 30
455 5
456 5
457 34
458 1
459 4
460 22
461 27
462 17
463 20
464 2
465 19
466 1
467 26
468 17
469 24
470 34
471 17
472 6
473 30
474 5
475 5
476 15
477 20
478 17
479 26
480 30
481 17
482 8
483 15
484 36
485 29
486 2
487 34
488 20
489 8
490 34
491 26
492 1
493 29
494 1
495 8
496 27
497 26
498 17
499 7
500 5
