1 16
1 23
1 100
1 300
1 418
2 125
2 137
2 335
2 344
2 492
3 92
3 93
3 113
3 323
3 487
4 161
4 244
4 373
4 406
4 492
5 237
5 293
5 440
5 441
5 494
6 48
6 228
6 312
6 365
6 465
7 30
7 54
7 356
7 443
7 498
8 148
8 400
8 455
8 472
8 475
9 186
9 305
9 429
9 456
9 498
10 107
10 109
10 221
10 446
10 478
11 169
11 251
11 325
11 426
11 495
12 23
12 63
12 166
12 430
12 490
13 321
13 377
13 474
13 491
13 492
14 114
14 134
14 350
14 436
14 499
15 232
15 254
15 417
15 427
15 500
16 1
16 243
16 428
16 476
16 499
17 40
17 98
17 148
17 429
17 458
18 21
18 25
18 166
18 466
18 481
19 240
19 282
19 458
19 478
19 489
20 189
20 215
20 258
20 390
20 457
21 18
21 89
21 201
21 361
21 464
22 344
22 391
22 430
22 448
22 497
23 1
23 12
23 252
23 333
23 474
24 29
24 100
24 164
24 403
24 486
25 18
25 63
25 194
25 235
25 410
26 350
26 360
26 438
26 470
26 498
27 111
27 225
27 371
27 384
27 412
28 283
28 405
28 453
28 476
28 500
29 24
29 112
29 196
29 437
29 487
30 7
30 135
30 332
30 405
30 500
31 55
31 213
31 292
31 350
31 436
32 147
32 351
32 429
32 432
32 449
33 41
33 83
33 261
33 426
33 472
34 185
34 318
34 350
34 388
34 457
35 175
35 227
35 450
35 486
35 497
36 47
36 455
36 477
36 480
36 493
37 162
37 256
37 440
37 486
37 496
38 130
38 214
38 282
38 429
38 483
39 117
39 203
39 271
39 395
39 464
40 17
40 68
40 110
40 408
40 413
41 33
41 92
41 180
41 431
41 485
42 122
42 411
42 446
42 465
42 469
43 72
43 220
43 344
43 475
43 484
44 110
44 207
44 330
44 394
44 445
45 152
45 284
45 381
45 437
45 476
46 314
46 365
46 407
46 450
46 487
47 36
47 238
47 454
47 467
47 492
48 6
48 282
48 413
48 461
48 494
49 305
49 396
49 424
49 472
49 496
50 159
50 168
50 347
50 437
50 498
51 123
51 415
51 441
51 451
51 464
52 218
52 276
52 289
52 459
52 483
53 134
53 246
53 379
53 407
53 485
54 7
54 260
54 331
54 410
54 447
55 31
55 284
55 355
55 392
55 419
56 64
56 217
56 296
56 342
56 489
57 253
57 354
57 407
57 438
57 439
58 322
58 334
58 433
58 449
58 479
59 124
59 238
59 372
59 436
59 460
60 100
60 207
60 329
60 357
60 485
61 135
61 249
61 314
61 380
61 435
62 243
62 260
62 291
62 428
62 439
63 12
63 25
63 178
63 395
63 468
64 56
64 315
64 352
64 375
64 456
65 195
65 350
65 361
65 424
65 493
66 181
66 233
66 383
66 439
66 465
67 197
67 300
67 452
67 457
67 483
68 40
68 171
68 461
68 488
68 493
69 292
69 343
69 410
69 486
69 500
70 120
70 154
70 221
70 461
70 479
71 89
71 384
71 414
71 443
71 463
72 43
72 313
72 390
72 403
72 421
73 184
73 290
73 360
73 381
73 433
74 197
74 247
74 325
74 382
74 475
75 121
75 470
75 491
75 495
75 497
76 383
76 402
76 450
76 470
76 478
77 253
77 262
77 357
77 363
77 445
78 81
78 198
78 384
78 421
78 463
79 139
79 275
79 308
79 446
79 456
80 140
80 306
80 376
80 443
80 449
81 78
81 212
81 367
81 372
81 476
82 256
82 423
82 434
82 445
82 494
83 33
83 271
83 444
83 449
83 475
84 277
84 375
84 408
84 410
84 449
85 111
85 215
85 421
85 430
85 482
86 98
86 225
86 274
86 321
86 353
87 331
87 348
87 393
87 398
87 485
88 113
88 325
88 371
88 403
88 496
89 21
89 71
89 179
89 393
89 486
90 138
90 196
90 375
90 485
90 494
91 175
91 311
91 377
91 469
91 490
92 3
92 41
92 383
92 413
92 457
93 3
93 169
93 254
93 463
93 477
94 287
94 420
94 432
94 462
94 482
95 220
95 225
95 453
95 468
95 477
96 409
96 410
96 431
96 468
96 480
97 106
97 303
97 376
97 391
97 456
98 17
98 86
98 143
98 357
98 416
99 302
99 377
99 391
99 407
99 412
100 1
100 24
100 60
100 447
100 499
101 218
101 394
101 453
101 468
101 491
102 304
102 439
102 454
102 483
102 500
103 123
103 280
103 477
103 485
103 494
104 126
104 173
104 230
104 328
104 495
105 379
105 420
105 445
105 467
105 490
106 97
106 370
106 385
106 474
106 477
107 10
107 229
107 324
107 359
107 463
108 110
108 389
108 394
108 413
108 490
109 10
109 187
109 297
109 440
109 474
110 40
110 44
110 108
110 167
110 435
111 27
111 85
111 263
111 275
111 445
112 29
112 209
112 328
112 377
112 396
113 3
113 88
113 183
113 414
113 474
114 14
114 167
114 244
114 323
114 491
115 222
115 243
115 425
115 441
115 468
116 165
116 382
116 411
116 441
116 481
117 39
117 251
117 326
117 439
117 472
118 168
118 440
118 467
118 483
118 495
119 122
119 187
119 388
119 470
119 498
120 70
120 390
120 410
120 437
120 498
121 75
121 200
121 456
121 480
121 497
122 42
122 119
122 182
122 244
122 471
123 51
123 103
123 258
123 455
123 500
124 59
124 178
124 411
124 463
124 487
125 2
125 412
125 473
125 479
125 496
126 104
126 221
126 388
126 470
126 495
127 176
127 269
127 392
127 453
127 473
128 159
128 242
128 284
128 301
128 469
129 164
129 383
129 396
129 400
129 407
130 38
130 173
130 267
130 383
130 427
131 192
131 194
131 353
131 469
131 488
132 140
132 341
132 397
132 413
132 442
133 209
133 342
133 378
133 392
133 430
134 14
134 53
134 204
134 338
134 495
135 30
135 61
135 207
135 416
135 476
136 197
136 299
136 398
136 431
136 483
137 2
137 377
137 384
137 415
137 441
138 90
138 190
138 239
138 301
138 393
139 79
139 353
139 374
139 378
139 444
140 80
140 132
140 152
140 177
140 494
141 192
141 199
141 396
141 440
141 490
142 186
142 294
142 341
142 424
142 436
143 98
143 187
143 331
143 375
143 386
144 151
144 254
144 366
144 464
144 499
145 338
145 422
145 428
145 477
145 482
146 258
146 363
146 386
146 403
146 498
147 32
147 356
147 376
147 431
147 446
148 8
148 17
148 223
148 397
148 413
149 199
149 234
149 368
149 436
149 489
150 217
150 302
150 445
150 463
150 499
151 144
151 265
151 357
151 458
151 462
152 45
152 140
152 245
152 361
152 484
153 316
153 325
153 420
153 451
153 485
154 70
154 362
154 461
154 469
154 481
155 192
155 213
155 279
155 319
155 462
156 260
156 312
156 371
156 399
156 454
157 216
157 253
157 276
157 449
157 451
158 202
158 244
158 310
158 453
158 460
159 50
159 128
159 303
159 374
159 409
160 180
160 228
160 264
160 294
160 418
161 4
161 203
161 417
161 451
161 488
162 37
162 430
162 440
162 493
162 496
163 310
163 426
163 445
163 461
163 467
164 24
164 129
164 312
164 360
164 491
165 116
165 204
165 230
165 255
165 300
166 12
166 18
166 184
166 387
166 422
167 110
167 114
167 406
167 443
167 498
168 50
168 118
168 170
168 433
168 492
169 11
169 93
169 196
169 324
169 482
170 168
170 179
170 396
170 433
170 484
171 68
171 324
171 345
171 395
171 497
172 201
172 232
172 403
172 460
172 478
173 104
173 130
173 189
173 200
173 211
174 248
174 268
174 291
174 311
174 455
175 35
175 91
175 275
175 323
175 398
176 127
176 182
176 352
176 440
176 478
177 140
177 204
177 342
177 445
177 489
178 63
178 124
178 336
178 433
178 465
179 89
179 170
179 219
179 228
179 414
179 491
180 41
180 160
180 324
180 443
180 458
180 495
181 66
181 206
181 246
181 308
181 375
181 438
182 122
182 176
182 278
182 288
182 303
182 490
183 113
183 203
183 335
183 377
183 415
183 497
184 73
184 166
184 310
184 364
184 402
184 477
185 34
185 283
185 299
185 419
185 441
185 467
186 9
186 142
186 322
186 357
186 387
186 464
187 109
187 119
187 143
187 287
187 382
187 447
188 252
188 356
188 369
188 409
188 432
188 493
189 20
189 173
189 237
189 435
189 487
189 496
190 138
190 192
190 385
190 406
190 437
190 479
191 321
191 326
191 420
191 427
191 484
191 489
192 131
192 141
192 155
192 190
192 262
192 444
193 246
193 273
193 411
193 412
193 424
193 486
194 25
194 131
194 233
194 282
194 388
194 494
195 65
195 219
195 393
195 401
195 471
195 498
196 29
196 90
196 169
196 337
196 431
196 458
197 67
197 74
197 136
197 380
197 477
197 492
198 78
198 204
198 270
198 332
198 362
198 487
199 141
199 149
199 205
199 232
199 276
199 292
200 121
200 173
200 346
200 380
200 387
200 411
201 21
201 172
201 314
201 379
201 434
201 453
202 158
202 264
202 367
202 454
202 458
202 485
203 39
203 161
203 183
203 295
203 314
203 399
204 134
204 165
204 177
204 198
204 231
204 479
205 199
205 289
205 297
205 424
205 455
205 459
206 181
206 212
206 238
206 332
206 346
206 419
207 44
207 60
207 135
207 407
207 414
207 429
208 230
208 397
208 399
208 457
208 475
208 498
209 112
209 133
209 269
209 335
209 365
209 421
210 254
210 371
210 382
210 410
210 447
210 486
211 173
211 221
211 240
211 463
211 476
211 479
212 81
212 206
212 330
212 347
212 446
212 481
213 31
213 155
213 246
213 412
213 438
213 475
214 38
214 344
214 432
214 434
214 444
214 490
215 20
215 85
215 218
215 300
215 305
215 491
216 157
216 262
216 281
216 340
216 360
216 412
217 56
217 150
217 299
217 345
217 353
217 466
218 52
218 101
218 215
218 297
218 331
218 396
219 179
219 195
219 288
219 318
219 488
219 493
220 43
220 95
220 364
220 447
220 476
220 487
221 10
221 70
221 126
221 211
221 380
221 461
222 115
222 232
222 247
222 272
222 430
222 441
223 148
223 285
223 318
223 338
223 378
223 464
224 269
224 278
224 361
224 370
224 394
224 486
225 27
225 86
225 95
225 415
225 464
225 486
226 267
226 340
226 381
226 400
226 405
226 499
227 35
227 240
227 308
227 434
227 444
227 489
228 6
228 160
228 179
228 259
228 283
228 298
229 107
229 382
229 427
229 443
229 450
229 482
230 104
230 165
230 208
230 289
230 385
230 449
231 204
231 260
231 301
231 338
231 476
231 499
232 15
232 172
232 199
232 222
232 352
232 370
233 66
233 194
233 276
233 301
233 360
233 478
234 149
234 277
234 327
234 413
234 415
234 459
235 25
235 251
235 366
235 392
235 447
235 493
236 259
236 328
236 336
236 353
236 379
236 458
237 5
237 189
237 286
237 311
237 399
237 499
238 47
238 59
238 206
238 286
238 444
238 446
239 138
239 266
239 301
239 427
239 445
239 448
240 19
240 211
240 227
240 265
240 446
240 481
241 277
241 325
241 347
241 361
241 384
241 481
242 128
242 413
242 417
242 446
242 478
242 479
243 16
243 62
243 115
243 322
243 397
243 439
244 4
244 114
244 122
244 158
244 264
244 473
245 152
245 256
245 310
245 315
245 354
245 445
246 53
246 181
246 193
246 213
246 288
246 448
247 74
247 222
247 360
247 411
247 429
247 488
248 174
248 264
248 303
248 457
248 466
248 484
249 61
249 393
249 394
249 427
249 432
249 491
250 257
250 347
250 378
250 420
250 454
250 499
251 11
251 117
251 235
251 434
251 453
251 498
252 23
252 188
252 255
252 286
252 354
252 400
253 57
253 77
253 157
253 267
253 403
253 488
254 15
254 93
254 144
254 210
254 266
254 479
255 165
255 252
255 281
255 320
255 346
255 451
256 37
256 82
256 245
256 321
256 422
256 438
257 250
257 313
257 320
257 398
257 406
257 486
258 20
258 123
258 146
258 354
258 358
258 376
259 228
259 236
259 317
259 454
259 464
259 472
260 54
260 62
260 156
260 231
260 370
260 489
261 33
261 314
261 348
261 423
261 471
261 489
262 77
262 192
262 216
262 382
262 469
262 477
263 111
263 294
263 372
263 394
263 449
263 494
264 160
264 202
264 244
264 248
264 432
264 438
265 151
265 240
265 349
265 443
265 458
265 486
266 239
266 254
266 283
266 305
266 405
266 432
267 130
267 226
267 253
267 303
267 485
267 499
268 174
268 351
268 369
268 448
268 471
268 476
269 127
269 209
269 224
269 290
269 300
269 409
270 198
270 292
270 296
270 333
270 418
270 499
271 39
271 83
271 311
271 459
271 461
271 470
272 222
272 386
272 436
272 437
272 480
272 487
273 193
273 306
273 309
273 368
273 381
273 452
274 86
274 285
274 410
274 434
274 468
274 474
275 79
275 111
275 175
275 346
275 349
275 448
276 52
276 157
276 199
276 233
276 361
276 471
277 84
277 234
277 241
277 293
277 411
277 475
278 182
278 224
278 323
278 335
278 493
278 499
279 155
279 349
279 403
279 406
279 422
279 488
280 103
280 281
280 294
280 412
280 448
280 489
280 497
281 216
281 255
281 280
281 285
281 373
281 446
281 467
282 19
282 38
282 48
282 194
282 336
282 410
282 479
283 28
283 185
283 228
283 266
283 412
283 416
283 479
284 45
284 55
284 128
284 291
284 423
284 430
284 486
285 223
285 274
285 281
285 287
285 288
285 340
285 500
286 237
286 238
286 252
286 313
286 388
286 398
286 478
287 94
287 187
287 285
287 314
287 389
287 448
287 500
288 182
288 219
288 246
288 285
288 306
288 337
288 420
289 52
289 205
289 230
289 313
289 347
289 385
289 426
290 73
290 269
290 313
290 355
290 389
290 392
290 497
291 62
291 174
291 284
291 319
291 394
291 404
291 421
292 31
292 69
292 199
292 270
292 414
292 436
292 485
293 5
293 277
293 401
293 427
293 436
293 438
293 495
294 142
294 160
294 263
294 280
294 399
294 435
294 455
295 203
295 317
295 327
295 334
295 343
295 439
295 470
296 56
296 270
296 340
296 349
296 358
296 374
296 492
297 109
297 205
297 218
297 303
297 370
297 483
297 496
298 228
298 302
298 387
298 406
298 470
298 474
298 479
299 136
299 185
299 217
299 363
299 474
299 480
299 488
300 1
300 67
300 165
300 215
300 269
300 466
300 490
301 128
301 138
301 231
301 233
301 239
301 408
301 468
302 99
302 150
302 298
302 350
302 481
302 490
302 497
303 97
303 159
303 182
303 248
303 267
303 297
303 491
304 102
304 306
304 432
304 455
304 466
304 472
304 490
305 9
305 49
305 215
305 266
305 408
305 462
305 481
306 80
306 273
306 288
306 304
306 390
306 425
306 442
307 332
307 334
307 365
307 404
307 483
307 496
307 499
308 79
308 181
308 227
308 459
308 482
308 485
308 492
309 273
309 367
309 467
309 468
309 472
309 494
309 496
310 158
310 163
310 184
310 245
310 466
310 496
310 497
311 91
311 174
311 237
311 271
311 454
311 474
311 485
312 6
312 156
312 164
312 345
312 362
312 378
312 428
313 72
313 257
313 286
313 289
313 290
313 425
313 452
314 46
314 61
314 201
314 203
314 261
314 287
314 500
315 64
315 245
315 336
315 425
315 442
315 446
315 462
316 153
316 409
316 431
316 454
316 474
316 478
316 500
317 259
317 295
317 351
317 389
317 399
317 400
317 481
318 34
318 219
318 223
318 384
318 388
318 434
318 489
319 155
319 291
319 356
319 407
319 455
319 466
319 493
320 255
320 257
320 362
320 414
320 452
320 473
320 492
321 13
321 86
321 191
321 256
321 386
321 394
321 462
322 58
322 186
322 243
322 331
322 417
322 454
322 489
323 3
323 114
323 175
323 278
323 358
323 382
323 500
324 107
324 169
324 171
324 180
324 344
324 434
324 475
325 11
325 74
325 88
325 153
325 241
325 460
325 467
326 117
326 191
326 327
326 355
326 425
326 478
326 496
327 234
327 295
327 326
327 418
327 432
327 444
327 465
328 104
328 112
328 236
328 432
328 464
328 470
328 493
329 60
329 369
329 435
329 451
329 458
329 465
329 474
330 44
330 212
330 339
330 375
330 389
330 457
330 470
331 54
331 87
331 143
331 218
331 322
331 442
331 457
332 30
332 198
332 206
332 307
332 355
332 483
332 495
333 23
333 270
333 361
333 376
333 417
333 459
333 484
334 58
334 295
334 307
334 344
334 464
334 480
334 494
335 2
335 183
335 209
335 278
335 410
335 482
335 500
336 178
336 236
336 282
336 315
336 435
336 458
336 480
337 196
337 288
337 365
337 380
337 413
337 452
337 455
338 134
338 145
338 223
338 231
338 408
338 438
338 472
338 483
339 330
339 341
339 358
339 402
339 431
339 449
339 474
339 492
340 216
340 226
340 285
340 296
340 389
340 406
340 415
340 459
341 132
341 142
341 339
341 362
341 367
341 398
341 434
341 464
342 56
342 133
342 177
342 348
342 350
342 399
342 404
342 484
343 69
343 295
343 351
343 353
343 373
343 449
343 469
343 495
344 2
344 22
344 43
344 214
344 324
344 334
344 422
344 444
345 171
345 217
345 312
345 408
345 427
345 445
345 470
345 489
346 200
346 206
346 255
346 275
346 380
346 423
346 440
346 498
347 50
347 212
347 241
347 250
347 289
347 373
347 383
347 471
348 87
348 261
348 342
348 405
348 411
348 421
348 447
348 473
349 265
349 275
349 279
349 296
349 351
349 391
349 457
349 495
350 14
350 26
350 31
350 34
350 65
350 302
350 342
350 387
351 32
351 268
351 317
351 343
351 349
351 411
351 495
351 497
352 64
352 176
352 232
352 444
352 459
352 472
352 477
352 495
353 86
353 131
353 139
353 217
353 236
353 343
353 400
353 424
354 57
354 245
354 252
354 258
354 389
354 440
354 495
354 496
355 55
355 290
355 326
355 332
355 359
355 404
355 414
355 468
356 7
356 147
356 188
356 319
356 359
356 386
356 426
356 482
357 60
357 77
357 98
357 151
357 186
357 374
357 388
357 406
358 258
358 296
358 323
358 339
358 366
358 444
358 475
358 479
359 107
359 355
359 356
359 363
359 405
359 409
359 438
359 467
360 26
360 73
360 164
360 216
360 233
360 247
360 363
360 448
361 21
361 65
361 152
361 224
361 241
361 276
361 333
361 487
362 154
362 198
362 312
362 320
362 341
362 405
362 422
362 476
363 77
363 146
363 299
363 359
363 360
363 369
363 374
363 491
364 184
364 220
364 423
364 432
364 477
364 482
364 487
364 498
365 6
365 46
365 209
365 307
365 337
365 472
365 495
365 497
366 144
366 235
366 358
366 376
366 382
366 446
366 475
366 477
367 81
367 202
367 309
367 341
367 373
367 408
367 463
367 483
368 149
368 273
368 381
368 401
368 406
368 462
368 474
368 495
369 188
369 268
369 329
369 363
369 375
369 402
369 465
369 482
370 106
370 224
370 232
370 260
370 297
370 452
370 464
370 497
371 27
371 88
371 156
371 210
371 450
371 460
371 464
371 483
372 59
372 81
372 263
372 381
372 396
372 401
372 487
372 494
373 4
373 281
373 343
373 347
373 367
373 439
373 468
373 480
374 139
374 159
374 296
374 357
374 363
374 379
374 451
374 480
375 64
375 84
375 90
375 143
375 181
375 330
375 369
375 467
376 80
376 97
376 147
376 258
376 333
376 366
376 402
376 479
377 13
377 91
377 99
377 112
377 137
377 183
377 387
377 438
378 133
378 139
378 223
378 250
378 312
378 381
378 471
378 494
379 53
379 105
379 201
379 236
379 374
379 393
379 398
379 428
379 482
380 61
380 197
380 200
380 221
380 337
380 346
380 384
380 463
380 465
381 45
381 73
381 226
381 273
381 368
381 372
381 378
381 397
381 465
382 74
382 116
382 187
382 210
382 229
382 262
382 323
382 366
382 473
383 66
383 76
383 92
383 129
383 130
383 347
383 428
383 490
383 496
384 27
384 71
384 78
384 137
384 241
384 318
384 380
384 431
384 484
385 106
385 190
385 230
385 289
385 392
385 422
385 482
385 494
385 497
386 143
386 146
386 272
386 321
386 356
386 397
386 456
386 470
386 473
387 166
387 186
387 200
387 298
387 350
387 377
387 391
387 471
387 475
388 34
388 119
388 126
388 194
388 286
388 318
388 357
388 448
388 492
389 108
389 287
389 290
389 317
389 330
389 340
389 354
389 445
389 452
390 20
390 72
390 120
390 306
390 391
390 460
390 465
390 489
390 495
391 22
391 97
391 99
391 349
391 387
391 390
391 471
391 485
391 492
392 55
392 127
392 133
392 235
392 290
392 385
392 405
392 444
392 487
393 87
393 89
393 138
393 195
393 249
393 379
393 443
393 448
393 472
394 44
394 101
394 108
394 224
394 249
394 263
394 291
394 321
394 484
395 39
395 63
395 171
395 399
395 416
395 421
395 453
395 456
395 460
396 49
396 112
396 129
396 141
396 170
396 218
396 372
396 446
396 452
397 132
397 148
397 208
397 243
397 381
397 386
397 399
397 478
397 486
398 87
398 136
398 175
398 257
398 286
398 341
398 379
398 454
398 481
399 156
399 203
399 208
399 237
399 294
399 317
399 342
399 395
399 397
400 8
400 129
400 226
400 252
400 317
400 353
400 440
400 450
400 496
401 195
401 293
401 368
401 372
401 404
401 436
401 442
401 488
401 494
402 76
402 184
402 339
402 369
402 376
402 443
402 466
402 476
402 484
402 492
403 24
403 72
403 88
403 146
403 172
403 253
403 279
403 452
403 472
403 487
404 291
404 307
404 342
404 355
404 401
404 457
404 460
404 476
404 480
404 488
405 28
405 30
405 226
405 266
405 348
405 359
405 362
405 392
405 409
405 411
406 4
406 167
406 190
406 257
406 279
406 298
406 340
406 357
406 368
406 447
407 46
407 53
407 57
407 99
407 129
407 207
407 319
407 487
407 488
407 492
408 40
408 84
408 301
408 305
408 338
408 345
408 367
408 420
408 436
408 439
409 96
409 159
409 188
409 269
409 316
409 359
409 405
409 429
409 469
409 486
410 25
410 54
410 69
410 84
410 96
410 120
410 210
410 274
410 282
410 335
411 42
411 116
411 124
411 193
411 200
411 247
411 277
411 348
411 351
411 405
412 27
412 99
412 125
412 193
412 213
412 216
412 280
412 283
412 459
412 498
413 40
413 48
413 92
413 108
413 132
413 148
413 234
413 242
413 337
413 462
414 71
414 113
414 179
414 207
414 292
414 320
414 355
414 417
414 434
414 469
415 51
415 137
415 183
415 225
415 234
415 340
415 416
415 438
415 458
415 492
416 98
416 135
416 283
416 395
416 415
416 435
416 450
416 460
416 479
416 499
417 15
417 161
417 242
417 322
417 333
417 414
417 424
417 428
417 454
417 490
418 1
418 160
418 270
418 327
418 425
418 426
418 429
418 483
418 495
418 500
419 55
419 185
419 206
419 450
419 457
419 467
419 471
419 473
419 485
419 498
420 94
420 105
420 153
420 191
420 250
420 288
420 408
420 427
420 452
420 481
420 493
421 72
421 78
421 85
421 209
421 291
421 348
421 395
421 425
421 426
421 434
421 453
422 145
422 166
422 256
422 279
422 344
422 362
422 385
422 447
422 455
422 460
422 497
423 82
423 261
423 284
423 346
423 364
423 425
423 440
423 454
423 462
423 476
423 480
424 49
424 65
424 142
424 193
424 205
424 353
424 417
424 428
424 462
424 487
424 491
425 115
425 306
425 313
425 315
425 326
425 418
425 421
425 423
425 468
425 491
425 496
426 11
426 33
426 163
426 289
426 356
426 418
426 421
426 437
426 473
426 482
426 488
427 15
427 130
427 191
427 229
427 239
427 249
427 293
427 345
427 420
427 469
427 489
428 16
428 62
428 145
428 312
428 379
428 383
428 417
428 424
428 440
428 462
428 467
429 9
429 17
429 32
429 38
429 207
429 247
429 409
429 418
429 456
429 492
429 500
430 12
430 22
430 85
430 133
430 162
430 222
430 284
430 460
430 473
430 477
430 483
431 41
431 96
431 136
431 147
431 196
431 316
431 339
431 384
431 442
431 473
431 478
432 32
432 94
432 188
432 214
432 249
432 264
432 266
432 304
432 327
432 328
432 364
432 493
433 58
433 73
433 168
433 170
433 178
433 442
433 465
433 466
433 468
433 471
433 473
433 479
434 82
434 201
434 214
434 227
434 251
434 274
434 318
434 324
434 341
434 414
434 421
434 489
435 61
435 110
435 189
435 294
435 329
435 336
435 416
435 485
435 491
435 497
435 499
435 500
436 14
436 31
436 59
436 142
436 149
436 272
436 292
436 293
436 401
436 408
436 451
436 483
437 29
437 45
437 50
437 120
437 190
437 272
437 426
437 441
437 447
437 451
437 463
437 490
438 26
438 57
438 181
438 213
438 256
438 264
438 293
438 338
438 359
438 377
438 415
438 463
439 57
439 62
439 66
439 102
439 117
439 243
439 295
439 373
439 408
439 462
439 466
439 478
440 5
440 37
440 109
440 118
440 141
440 162
440 176
440 346
440 354
440 400
440 423
440 428
441 5
441 51
441 115
441 116
441 137
441 185
441 222
441 437
441 465
441 484
441 494
441 496
442 132
442 306
442 315
442 331
442 401
442 431
442 433
442 449
442 452
442 455
442 463
442 475
443 7
443 71
443 80
443 167
443 180
443 229
443 265
443 393
443 402
443 468
443 489
443 499
444 83
444 139
444 192
444 214
444 227
444 238
444 327
444 344
444 352
444 358
444 392
444 466
444 472
445 44
445 77
445 82
445 105
445 111
445 150
445 163
445 177
445 239
445 245
445 345
445 389
445 481
446 10
446 42
446 79
446 147
446 212
446 238
446 240
446 242
446 281
446 315
446 366
446 396
446 469
447 54
447 100
447 187
447 210
447 220
447 235
447 348
447 406
447 422
447 437
447 460
447 471
447 477
448 22
448 239
448 246
448 268
448 275
448 280
448 287
448 360
448 388
448 393
448 452
448 467
448 487
449 32
449 58
449 80
449 83
449 84
449 157
449 230
449 263
449 339
449 343
449 442
449 450
449 490
450 35
450 46
450 76
450 229
450 371
450 400
450 416
450 419
450 449
450 457
450 465
450 466
450 493
451 51
451 153
451 157
451 161
451 255
451 329
451 374
451 436
451 437
451 453
451 456
451 461
451 480
452 67
452 273
452 313
452 320
452 337
452 370
452 389
452 396
452 403
452 420
452 442
452 448
452 472
453 28
453 95
453 101
453 127
453 158
453 201
453 251
453 395
453 421
453 451
453 466
453 470
453 488
454 47
454 102
454 156
454 202
454 250
454 259
454 311
454 316
454 322
454 398
454 417
454 423
454 476
455 8
455 36
455 123
455 174
455 205
455 294
455 304
455 319
455 337
455 422
455 442
455 461
455 487
456 9
456 64
456 79
456 97
456 121
456 386
456 395
456 429
456 451
456 458
456 469
456 475
456 490
457 20
457 34
457 67
457 92
457 208
457 248
457 330
457 331
457 349
457 404
457 419
457 450
457 461
458 17
458 19
458 151
458 180
458 196
458 202
458 236
458 265
458 329
458 336
458 415
458 456
458 492
458 494
459 52
459 205
459 234
459 271
459 308
459 333
459 340
459 352
459 412
459 473
459 485
459 487
459 490
459 491
460 59
460 158
460 172
460 325
460 371
460 390
460 395
460 404
460 416
460 422
460 430
460 447
460 490
460 491
461 48
461 68
461 70
461 154
461 163
461 221
461 271
461 451
461 455
461 457
461 463
461 480
461 482
461 484
462 94
462 151
462 155
462 305
462 315
462 321
462 368
462 413
462 423
462 424
462 428
462 439
462 483
462 497
463 71
463 78
463 93
463 107
463 124
463 150
463 211
463 367
463 380
463 437
463 438
463 442
463 461
463 478
464 21
464 39
464 51
464 144
464 186
464 223
464 225
464 259
464 328
464 334
464 341
464 370
464 371
464 472
464 493
465 6
465 42
465 66
465 178
465 327
465 329
465 369
465 380
465 381
465 390
465 433
465 441
465 450
465 480
465 488
466 18
466 217
466 248
466 300
466 304
466 310
466 319
466 402
466 433
466 439
466 444
466 450
466 453
466 478
466 500
467 47
467 105
467 118
467 163
467 185
467 281
467 309
467 325
467 359
467 375
467 419
467 428
467 448
467 481
467 489
468 63
468 95
468 96
468 101
468 115
468 274
468 301
468 309
468 355
468 373
468 425
468 433
468 443
468 476
468 492
469 42
469 91
469 128
469 131
469 154
469 262
469 343
469 409
469 414
469 427
469 446
469 456
469 470
469 471
469 488
470 26
470 75
470 76
470 119
470 126
470 271
470 295
470 298
470 328
470 330
470 345
470 386
470 453
470 469
470 475
471 122
471 195
471 261
471 268
471 276
471 347
471 378
471 387
471 391
471 419
471 433
471 447
471 469
471 480
471 494
472 8
472 33
472 49
472 117
472 259
472 304
472 309
472 338
472 352
472 365
472 393
472 403
472 444
472 452
472 464
472 496
473 125
473 127
473 244
473 320
473 348
473 382
473 386
473 419
473 426
473 430
473 431
473 433
473 459
473 478
473 488
473 490
474 13
474 23
474 106
474 109
474 113
474 274
474 298
474 299
474 311
474 316
474 329
474 339
474 368
474 484
474 498
474 500
475 8
475 43
475 74
475 83
475 208
475 213
475 277
475 324
475 358
475 366
475 387
475 442
475 456
475 470
475 496
475 499
476 16
476 28
476 45
476 81
476 135
476 211
476 220
476 231
476 268
476 362
476 402
476 404
476 423
476 454
476 468
476 496
477 36
477 93
477 95
477 103
477 106
477 145
477 184
477 197
477 262
477 352
477 364
477 366
477 430
477 447
477 483
477 486
477 493
478 10
478 19
478 76
478 172
478 176
478 233
478 242
478 286
478 316
478 326
478 397
478 431
478 439
478 463
478 466
478 473
478 498
479 58
479 70
479 125
479 190
479 204
479 211
479 242
479 254
479 282
479 283
479 298
479 358
479 376
479 416
479 433
479 488
479 497
480 36
480 96
480 121
480 272
480 299
480 334
480 336
480 373
480 374
480 404
480 423
480 451
480 461
480 465
480 471
480 489
480 491
481 18
481 116
481 154
481 212
481 240
481 241
481 302
481 305
481 317
481 398
481 420
481 445
481 467
481 482
481 484
481 489
481 491
482 85
482 94
482 145
482 169
482 229
482 308
482 335
482 356
482 364
482 369
482 379
482 385
482 426
482 461
482 481
482 494
482 499
482 500
483 38
483 52
483 67
483 102
483 118
483 136
483 297
483 307
483 332
483 338
483 367
483 371
483 418
483 430
483 436
483 462
483 477
483 495
484 43
484 152
484 170
484 191
484 248
484 333
484 342
484 384
484 394
484 402
484 441
484 461
484 474
484 481
484 490
484 493
484 494
484 498
485 41
485 53
485 60
485 87
485 90
485 103
485 153
485 202
485 267
485 292
485 308
485 311
485 391
485 419
485 435
485 459
485 491
485 497
486 24
486 35
486 37
486 69
486 89
486 193
486 210
486 224
486 225
486 257
486 265
486 284
486 397
486 409
486 477
486 497
486 499
486 500
487 3
487 29
487 46
487 124
487 189
487 198
487 220
487 272
487 361
487 364
487 372
487 392
487 403
487 407
487 424
487 448
487 455
487 459
488 68
488 131
488 161
488 219
488 247
488 253
488 279
488 299
488 401
488 404
488 407
488 426
488 453
488 465
488 469
488 473
488 479
488 491
489 19
489 56
489 149
489 177
489 191
489 227
489 260
489 261
489 280
489 318
489 322
489 345
489 390
489 427
489 434
489 443
489 467
489 480
489 481
490 12
490 91
490 105
490 108
490 141
490 182
490 214
490 300
490 302
490 304
490 383
490 417
490 437
490 449
490 456
490 459
490 460
490 473
490 484
491 13
491 75
491 101
491 114
491 164
491 179
491 215
491 249
491 303
491 363
491 424
491 425
491 435
491 459
491 460
491 480
491 481
491 485
491 488
492 2
492 4
492 13
492 47
492 168
492 197
492 296
492 308
492 320
492 339
492 388
492 391
492 402
492 407
492 415
492 429
492 458
492 468
492 494
493 36
493 65
493 68
493 162
493 188
493 219
493 235
493 278
493 319
493 328
493 420
493 432
493 450
493 464
493 477
493 484
493 496
493 498
493 500
494 5
494 48
494 82
494 90
494 103
494 140
494 194
494 263
494 309
494 334
494 372
494 378
494 385
494 401
494 441
494 458
494 471
494 482
494 484
494 492
495 11
495 75
495 104
495 118
495 126
495 134
495 180
495 293
495 332
495 343
495 349
495 351
495 352
495 354
495 365
495 368
495 390
495 418
495 483
495 498
496 37
496 49
496 88
496 125
496 162
496 189
496 297
496 307
496 309
496 310
496 326
496 354
496 383
496 400
496 425
496 441
496 472
496 475
496 476
496 493
497 22
497 35
497 75
497 121
497 171
497 183
497 280
497 290
497 302
497 310
497 351
497 365
497 370
497 385
497 422
497 435
497 462
497 479
497 485
497 486
498 7
498 9
498 26
498 50
498 119
498 120
498 146
498 167
498 195
498 208
498 251
498 346
498 364
498 412
498 419
498 474
498 478
498 484
498 493
498 495
499 14
499 16
499 100
499 144
499 150
499 226
499 231
499 237
499 250
499 267
499 270
499 278
499 307
499 416
499 435
499 443
499 475
499 482
499 486
499 500
500 15
500 28
500 30
500 69
500 102
500 123
500 285
500 287
500 314
500 316
500 323
500 335
500 418
500 429
500 435
500 466
500 474
500 482
500 486
500 493
500 499
