1 31
2 49
3 15
4 42
5 48
6 20
7 18
8 4
9 42
10 2
11 37
12 29
13 6
14 20
15 45
16 35
17 43
18 13
19 41
20 35
21 6
22 15
23 54
24 34
25 25
26 27
27 20
28 52
29 4
30 24
31 40
32 34
33 23
34 11
35 19
36 25
37 51
38 21
39 14
40 1
41 17
42 6
43 6
44 28
45 12
46 40
47 2
48 47
49 26
50 29
51 8
52 15
53 21
54 42
55 53
56 38
57 32
58 5
59 21
60 45
61 48
62 30
63 45
64 43
65 24
66 9
67 24
68 39
69 51
70 43
71 17
72 25
73 48
74 38
75 41
76 22
77 41
78 50
79 3
80 12
81 9
82 23
83 5
84 21
85 15
86 6
87 8
88 13
89 43
90 19
91 39
92 27
93 31
94 4
95 48
96 24
97 26
98 28
99 42
100 6
101 19
102 44
103 50
104 14
105 11
106 43
107 34
108 11
109 10
110 36
111 34
112 4
113 11
114 46
115 29
116 45
117 11
118 30
119 42
120 34
121 11
122 8
123 3
124 22
125 46
126 42
127 38
128 5
129 46
130 37
131 10
132 46
133 13
134 37
135 49
136 20
137 14
138 18
139 26
140 5
141 18
142 39
143 50
144 38
145 14
146 3
147 5
148 32
149 26
150 3
151 47
152 41
153 51
154 45
155 42
156 28
157 1
158 39
159 49
160 2
161 49
162 54
163 21
164 25
165 17
166 41
167 40
168 11
169 39
170 17
171 35
172 7
173 26
174 35
175 42
176 48
177 30
178 3
179 15
180 4
181 10
182 8
183 5
184 50
185 32
186 49
187 11
188 1
189 31
190 12
191 6
192 2
193 50
194 27
195 45
196 54
197 27
198 47
199 21
200 46
201 13
202 36
203 43
204 48
205 45
206 44
207 17
208 27
209 50
210 19
211 17
212 29
213 3
214 3
215 1
216 30
217 40
218 22
219 46
220 41
221 5
222 11
223 43
224 30
225 21
226 51
227 48
228 42
229 19
230 14
231 24
232 13
233 32
234 38
235 32
236 46
237 13
238 22
239 31
240 21
241 21
242 44
243 44
244 21
245 50
246 50
247 21
248 28
249 17
250 8
251 29
252 30
253 11
254 21
255 53
256 36
257 35
258 8
259 47
260 53
261 8
262 26
263 4
264 49
265 9
266 16
267 16
268 21
269 23
270 27
271 18
272 4
273 49
274 18
275 6
276 31
277 28
278 5
279 40
280 35
281 7
282 7
283 2
284 18
285 18
286 13
287 17
288 52
289 23
290 46
291 18
292 46
293 2
294 14
295 12
296 6
297 50
298 43
299 15
300 12
301 46
302 52
303 49
304 35
305 33
306 17
307 52
308 29
309 42
310 51
311 10
312 1
313 25
314 27
315 4
316 2
317 24
318 49
319 11
320 23
321 36
322 25
323 17
324 40
325 24
326 44
327 25
328 9
329 5
330 20
331 31
332 1
333 51
334 21
335 22
336 1
337 38
338 19
339 48
340 10
341 10
342 47
343 21
344 26
345 48
346 48
347 18
348 25
349 37
350 16
351 52
352 54
353 33
354 41
355 17
356 50
357 33
358 47
359 37
360 19
361 6
362 31
363 26
364 21
365 7
366 2
367 7
368 26
369 21
370 9
371 21
372 41
373 23
374 33
375 14
376 43
377 17
378 49
379 51
380 16
381 19
382 17
383 26
384 53
385 43
386 17
387 17
388 24
389 23
390 46
391 31
392 17
393 5
394 30
395 33
396 30
397 26
398 16
399 7
400 12
401 53
402 24
403 16
404 41
405 39
406 5
407 54
408 51
409 19
410 33
411 20
412 23
413 1
414 50
415 37
416 50
417 46
418 43
419 23
420 48
421 51
422 5
423 36
424 40
425 36
426 46
427 51
428 25
429 37
430 53
431 3
432 43
433 53
434 17
435 45
436 50
437 21
438 43
439 28
440 47
441 50
442 5
443 50
444 49
445 24
446 49
447 1
448 13
449 23
450 17
451 48
452 9
453 41
454 33
455 29
456 46
457 5
458 47
459 11
460 45
461 50
462 21
463 19
464 1
465 28
466 49
467 26
468 4
469 4
470 1
471 11
472 17
473 40
474 25
475 23
476 31
477 51
478 3
479 5
480 24
481 4
482 33
483 46
484 49
485 19
486 31
487 11
488 33
489 29
490 31
491 1
492 50
493 26
494 5
495 42
496 3
497 21
498 51
499 51
500 49
