1 17
2 10
3 48
4 2
5 49
6 43
7 18
8 27
9 30
10 14
11 13
12 11
13 45
14 16
15 2
16 3
17 28
18 13
19 2
20 37
21 40
22 48
23 36
24 4
25 13
26 45
27 6
28 44
29 35
30 4
31 16
32 25
33 27
34 13
35 24
36 29
37 31
38 1
39 1
40 30
41 39
42 32
43 43
44 38
45 36
46 37
47 39
48 8
49 10
50 15
51 20
52 34
53 47
54 3
55 6
56 10
57 45
58 48
59 26
60 14
61 16
62 1
63 33
64 35
65 13
66 7
67 47
68 18
69 23
70 26
71 38
72 35
73 26
74 41
75 39
76 7
77 23
78 49
79 3
80 5
81 34
82 33
83 26
84 37
85 35
86 25
87 32
88 35
89 22
90 39
91 17
92 5
93 3
94 46
95 16
96 27
97 10
98 8
99 4
100 34
101 34
102 9
103 2
104 1
105 46
106 1
107 14
108 25
109 9
110 31
111 23
112 31
113 44
114 1
115 23
116 25
117 2
118 36
119 36
120 43
121 9
122 21
123 24
124 41
125 24
126 28
127 39
128 40
129 45
130 41
131 40
132 1
133 16
134 5
135 16
136 7
137 1
138 32
139 46
140 19
141 42
142 42
143 42
144 26
145 5
146 36
147 34
148 31
149 3
150 28
151 27
152 26
153 15
154 43
155 38
156 8
157 8
158 22
159 44
160 16
161 15
162 10
163 24
164 9
165 31
166 49
167 21
168 31
169 4
170 11
171 24
172 9
173 48
174 22
175 47
176 15
177 18
178 35
179 44
180 37
181 15
182 33
183 10
184 8
185 33
186 15
187 17
188 20
189 2
190 14
191 21
192 32
193 45
194 20
195 43
196 15
197 36
198 12
199 17
200 37
201 8
202 45
203 29
204 28
205 29
206 10
207 35
208 38
209 9
210 27
211 18
212 33
213 17
214 16
215 34
216 30
217 26
218 45
219 5
220 44
221 21
222 16
223 20
224 16
225 21
226 32
227 44
228 26
229 9
230 9
231 49
232 34
233 7
234 36
235 16
236 27
237 40
238 3
239 12
240 19
241 11
242 12
243 1
244 13
245 49
246 12
247 26
248 1
249 19
250 35
251 6
252 26
253 48
254 39
255 34
256 39
257 40
258 2
259 26
260 49
261 5
262 30
263 26
264 25
265 42
266 13
267 43
268 6
269 24
270 14
271 18
272 14
273 11
274 35
275 38
276 27
277 44
278 49
279 16
280 9
281 27
282 35
283 21
284 10
285 34
286 44
287 2
288 9
289 34
290 16
291 13
292 49
293 27
294 13
295 16
296 12
297 6
298 8
299 4
300 25
301 36
302 27
303 35
304 13
305 15
306 6
307 15
308 17
309 22
310 42
311 14
312 37
313 9
314 1
315 1
316 44
317 49
318 41
319 33
320 17
321 20
322 26
323 21
324 33
325 41
326 14
327 19
328 42
329 15
330 8
331 7
332 8
333 24
334 22
335 18
336 39
337 6
338 12
339 3
340 40
341 16
342 11
343 18
344 45
345 47
346 23
347 19
348 49
349 44
350 9
351 45
352 43
353 3
354 42
355 16
356 6
357 39
358 14
359 5
360 29
361 22
362 33
363 29
364 45
365 23
366 36
367 31
368 47
369 49
370 9
371 31
372 6
373 37
374 24
375 10
376 15
377 3
378 5
379 35
380 26
381 43
382 30
383 38
384 22
385 5
386 14
387 39
388 20
389 24
390 39
391 29
392 42
393 29
394 23
395 36
396 10
397 13
398 19
399 43
400 2
401 31
402 8
403 44
404 10
405 10
406 5
407 13
408 26
409 13
410 9
411 19
412 5
413 1
414 27
415 24
416 34
417 49
418 10
419 2
420 13
421 31
422 8
423 28
424 26
425 29
426 1
427 49
428 12
429 28
430 27
431 17
432 27
433 13
434 35
435 35
436 1
437 29
438 36
439 2
440 33
441 44
442 44
443 21
444 30
445 34
446 44
447 31
448 14
449 49
450 26
451 36
452 39
453 26
454 48
455 16
456 33
457 33
458 20
459 46
460 31
461 34
462 10
463 43
464 34
465 5
466 8
467 9
468 36
469 9
470 33
471 13
472 10
473 26
474 26
475 31
476 44
477 33
478 46
479 49
480 10
481 39
482 16
483 26
484 19
485 15
486 1
487 34
488 10
489 9
490 44
491 35
492 39
493 35
494 39
495 26
496 44
497 44
498 35
499 1
500 27
