1 47
2 47
3 33
4 47
5 38
6 47
7 6
8 37
9 37
10 47
11 48
12 8
13 33
14 44
15 2
16 28
17 13
18 18
19 45
20 27
21 4
22 15
23 45
24 19
25 33
26 15
27 11
28 11
29 43
30 41
31 43
32 26
33 27
34 29
35 9
36 1
37 49
38 45
39 35
40 9
41 8
42 1
43 14
44 21
45 3
46 42
47 17
48 7
49 16
50 1
51 47
52 49
53 10
54 44
55 30
56 7
57 14
58 10
59 32
60 1
61 28
62 5
63 16
64 18
65 39
66 47
67 47
68 43
69 43
70 18
71 41
72 6
73 38
74 32
75 12
76 23
77 39
78 9
79 41
80 33
81 3
82 43
83 27
84 23
85 12
86 49
87 24
88 22
89 48
90 5
91 8
92 39
93 4
94 46
95 7
96 43
97 18
98 45
99 24
100 14
101 15
102 45
103 34
104 18
105 4
106 9
107 21
108 3
109 3
110 27
111 11
112 27
113 14
114 41
115 36
116 46
117 7
118 24
119 18
120 26
121 6
122 42
123 30
124 47
125 30
126 35
127 36
128 48
129 17
130 20
131 22
132 27
133 43
134 35
135 34
136 47
137 33
138 14
139 37
140 10
141 9
142 31
143 8
144 40
145 18
146 48
147 14
148 17
149 14
150 18
151 41
152 4
153 11
154 29
155 31
156 23
157 15
158 7
159 31
160 4
161 38
162 3
163 4
164 15
165 45
166 39
167 20
168 28
169 3
170 24
171 24
172 29
173 7
174 18
175 33
176 47
177 27
178 14
179 1
180 8
181 41
182 27
183 1
184 49
185 14
186 47
187 29
188 15
189 41
190 40
191 15
192 24
193 14
194 11
195 8
196 38
197 27
198 3
199 24
200 15
201 43
202 43
203 20
204 21
205 35
206 45
207 19
208 32
209 17
210 6
211 45
212 30
213 22
214 25
215 4
216 44
217 41
218 8
219 10
220 14
221 19
222 14
223 19
224 2
225 21
226 13
227 40
228 25
229 26
230 34
231 44
232 40
233 8
234 6
235 47
236 39
237 41
238 26
239 23
240 17
241 23
242 12
243 3
244 5
245 25
246 28
247 33
248 48
249 20
250 20
251 31
252 43
253 49
254 48
255 17
256 24
257 15
258 2
259 30
260 2
261 39
262 4
263 42
264 26
265 48
266 33
267 41
268 5
269 18
270 8
271 1
272 4
273 49
274 8
275 23
276 46
277 29
278 33
279 21
280 43
281 29
282 14
283 20
284 48
285 26
286 13
287 43
288 33
289 29
290 24
291 8
292 18
293 2
294 46
295 25
296 29
297 47
298 43
299 12
300 49
301 18
302 14
303 47
304 20
305 33
306 32
307 12
308 22
309 39
310 21
311 31
312 10
313 46
314 28
315 26
316 12
317 27
318 1
319 4
320 31
321 25
322 26
323 1
324 34
325 25
326 43
327 45
328 13
329 28
330 5
331 48
332 23
333 13
334 25
335 7
336 15
337 18
338 48
339 48
340 42
341 41
342 21
343 28
344 28
345 48
346 18
347 1
348 17
349 4
350 12
351 36
352 18
353 39
354 40
355 36
356 45
357 41
358 41
359 2
360 16
361 18
362 29
363 19
364 37
365 18
366 14
367 32
368 45
369 28
370 47
371 38
372 11
373 35
374 5
375 39
376 24
377 6
378 14
379 2
380 43
381 17
382 43
383 22
384 41
385 1
386 25
387 23
388 37
389 17
390 43
391 47
392 44
393 47
394 26
395 8
396 23
397 11
398 32
399 16
400 34
401 4
402 31
403 25
404 15
405 48
406 24
407 31
408 18
409 31
410 1
411 33
412 36
413 8
414 14
415 47
416 20
417 34
418 3
419 45
420 15
421 41
422 10
423 18
424 7
425 36
426 17
427 16
428 29
429 26
430 27
431 14
432 14
433 20
434 33
435 8
436 16
437 35
438 19
439 15
440 17
441 45
442 37
443 10
444 26
445 45
446 45
447 28
448 33
449 22
450 20
451 31
452 33
453 39
454 3
455 43
456 12
457 12
458 31
459 1
460 41
461 35
462 31
463 45
464 8
465 41
466 43
467 33
468 41
469 24
470 46
471 8
472 39
473 47
474 47
475 18
476 17
477 23
478 8
479 45
480 18
481 41
482 24
483 26
484 45
485 37
486 42
487 28
488 16
489 28
490 8
491 15
492 45
493 27
494 43
495 44
496 33
497 9
498 14
499 3
500 15
