1 23
2 5
3 36
4 41
5 37
6 25
7 15
8 28
9 22
10 2
11 22
12 4
13 5
14 38
15 11
16 25
17 3
18 47
19 41
20 9
21 43
22 39
23 12
24 47
25 36
26 32
27 10
28 15
29 33
30 2
31 18
32 36
33 25
34 20
35 22
36 38
37 36
38 36
39 29
40 26
41 1
42 46
43 3
44 18
45 15
46 19
47 28
48 32
49 26
50 29
51 41
52 45
53 43
54 34
55 29
56 49
57 26
58 10
59 30
60 18
61 25
62 24
63 28
64 35
65 4
66 23
67 33
68 18
69 33
70 8
71 3
72 26
73 33
74 39
75 12
76 33
77 11
78 4
79 14
80 36
81 30
82 36
83 44
84 5
85 34
86 18
87 38
88 24
89 29
90 38
91 4
92 26
93 36
94 10
95 33
96 17
97 22
98 38
99 2
100 36
101 28
102 48
103 33
104 26
105 6
106 43
107 14
108 17
109 5
110 5
111 33
112 16
113 2
114 8
115 9
116 18
117 4
118 16
119 18
120 31
121 22
122 38
123 32
124 19
125 13
126 40
127 49
128 30
129 18
130 33
131 38
132 41
133 41
134 17
135 7
136 29
137 20
138 2
139 26
140 33
141 15
142 2
143 4
144 33
145 1
146 31
147 27
148 20
149 19
150 32
151 27
152 8
153 16
154 45
155 27
156 1
157 39
158 46
159 31
160 24
161 5
162 18
163 4
164 36
165 42
166 9
167 37
168 49
169 4
170 25
171 31
172 7
173 29
174 41
175 5
176 20
177 45
178 20
179 15
180 3
181 3
182 20
183 8
184 10
185 29
186 36
187 49
188 27
189 42
190 46
191 35
192 37
193 5
194 32
195 1
196 33
197 39
198 13
199 5
200 3
201 3
202 31
203 24
204 30
205 32
206 38
207 29
208 28
209 3
210 10
211 6
212 21
213 39
214 43
215 33
216 36
217 21
218 48
219 7
220 26
221 46
222 18
223 44
224 5
225 35
226 47
227 5
228 19
229 48
230 14
231 28
232 25
233 38
234 26
235 9
236 6
237 37
238 35
239 14
240 36
241 31
242 3
243 2
244 47
245 38
246 29
247 3
248 20
249 47
250 23
251 29
252 29
253 28
254 22
255 13
256 34
257 2
258 49
259 17
260 12
261 26
262 27
263 22
264 6
265 9
266 26
267 29
268 16
269 20
270 19
271 31
272 28
273 49
274 25
275 13
276 5
277 11
278 10
279 38
280 9
281 14
282 8
283 26
284 13
285 4
286 38
287 40
288 9
289 9
290 33
291 22
292 49
293 14
294 4
295 40
296 4
297 5
298 49
299 15
300 45
301 20
302 15
303 21
304 25
305 5
306 39
307 39
308 18
309 36
310 14
311 46
312 21
313 5
314 26
315 23
316 38
317 4
318 39
319 14
320 33
321 31
322 27
323 9
324 42
325 38
326 7
327 43
328 4
329 25
330 35
331 27
332 7
333 32
334 14
335 24
336 5
337 32
338 11
339 1
340 28
341 47
342 29
343 9
344 39
345 10
346 36
347 44
348 16
349 33
350 39
351 2
352 21
353 28
354 8
355 32
356 25
357 4
358 2
359 34
360 4
361 14
362 27
363 2
364 7
365 49
366 2
367 24
368 38
369 36
370 5
371 36
372 27
373 26
374 14
375 36
376 4
377 15
378 19
379 29
380 48
381 31
382 9
383 28
384 44
385 49
386 40
387 4
388 9
389 8
390 14
391 13
392 29
393 23
394 21
395 36
396 31
397 29
398 42
399 30
400 12
401 43
402 26
403 38
404 29
405 37
406 1
407 2
408 40
409 4
410 26
411 39
412 9
413 29
414 48
415 7
416 10
417 20
418 15
419 8
420 14
421 15
422 32
423 6
424 13
425 14
426 9
427 34
428 28
429 18
430 5
431 41
432 24
433 5
434 32
435 9
436 19
437 5
438 45
439 6
440 29
441 24
442 4
443 41
444 12
445 34
446 2
447 15
448 47
449 44
450 25
451 43
452 41
453 28
454 8
455 36
456 25
457 13
458 42
459 19
460 5
461 11
462 46
463 17
464 8
465 39
466 47
467 22
468 33
469 47
470 14
471 38
472 1
473 29
474 34
475 25
476 18
477 25
478 2
479 33
480 41
481 37
482 36
483 33
484 26
485 38
486 39
487 22
488 25
489 25
490 29
491 29
492 49
493 18
494 26
495 39
496 29
497 36
498 35
499 14
500 39
