1 189
1 229
1 274
1 359
1 433
2 4
2 6
2 159
2 489
2 500
3 7
3 22
3 208
3 292
3 380
4 2
4 476
4 483
4 498
4 499
5 211
5 232
5 233
5 314
5 339
6 2
6 273
6 340
6 361
6 363
6 364
6 466
6 488
6 500
7 3
7 10
7 110
7 284
7 476
8 11
8 12
8 14
8 272
8 315
9 37
9 69
9 79
9 417
9 495
10 7
10 82
10 160
10 316
10 458
11 8
11 12
11 14
11 157
11 429
12 8
12 11
12 14
12 22
12 179
13 86
13 88
13 90
13 191
13 284
14 8
14 11
14 12
14 330
14 411
15 20
15 81
15 313
15 322
15 326
15 348
15 478
15 495
15 496
15 498
15 499
15 500
16 17
16 19
16 65
16 136
16 254
17 16
17 19
17 58
17 89
17 298
17 376
18 23
18 231
18 260
18 286
18 445
19 16
19 17
19 374
19 447
19 491
20 15
20 164
20 214
20 313
20 348
20 368
20 424
20 425
20 478
20 493
20 494
21 34
21 76
21 96
21 289
21 320
21 419
21 447
21 449
21 475
22 3
22 12
22 204
22 205
22 206
23 18
23 24
23 260
23 424
23 473
24 23
24 25
24 29
24 32
24 260
25 24
25 28
25 322
25 348
25 356
26 29
26 59
26 194
26 402
26 423
27 148
27 151
27 303
27 373
27 446
27 500
28 25
28 135
28 260
28 356
28 448
29 24
29 26
29 32
29 59
29 352
30 113
30 213
30 223
30 237
30 445
31 195
31 231
31 330
31 337
31 411
32 24
32 29
32 35
32 111
32 223
33 37
33 41
33 269
33 356
33 483
34 21
34 76
34 96
34 137
34 177
34 252
35 32
35 42
35 210
35 409
35 485
36 313
36 316
36 317
36 319
36 321
37 9
37 33
37 39
37 41
37 495
38 43
38 107
38 163
38 225
38 243
39 37
39 41
39 328
39 356
39 452
40 329
40 331
40 332
40 334
40 390
40 410
40 454
40 482
40 488
41 33
41 37
41 39
41 176
41 249
42 35
42 100
42 137
42 275
42 343
43 38
43 100
43 137
43 296
43 464
44 49
44 262
44 277
44 439
44 486
45 47
45 50
45 52
45 365
45 405
46 107
46 156
46 158
46 160
46 407
47 45
47 50
47 52
47 160
47 283
48 311
48 313
48 348
48 397
48 460
49 44
49 57
49 372
49 397
49 453
50 45
50 47
50 52
50 435
50 460
51 83
51 84
51 182
51 258
51 396
52 45
52 47
52 50
52 338
52 360
53 54
53 55
53 59
53 60
53 334
54 53
54 55
54 60
54 99
54 495
55 53
55 54
55 60
55 401
55 430
56 113
56 200
56 247
56 344
56 363
56 383
56 397
56 439
56 452
56 453
56 493
56 496
56 497
57 49
57 61
57 185
57 233
57 235
58 17
58 89
58 178
58 223
58 257
58 375
58 438
58 458
58 465
58 473
58 490
59 26
59 29
59 53
59 213
59 244
60 53
60 54
60 55
60 455
60 489
61 57
61 70
61 139
61 204
61 420
62 64
62 65
62 177
62 396
62 483
63 195
63 281
63 282
63 330
63 460
64 62
64 65
64 66
64 106
64 134
65 16
65 62
65 64
65 66
65 171
65 174
66 64
66 65
66 69
66 328
66 452
67 191
67 192
67 193
67 202
67 270
67 425
68 77
68 91
68 158
68 253
68 471
69 9
69 66
69 417
69 498
69 499
70 61
70 157
70 253
70 359
70 429
71 72
71 82
71 355
71 417
71 434
72 71
72 79
72 82
72 206
72 327
73 262
73 284
73 291
73 347
73 359
73 416
73 423
74 75
74 127
74 196
74 253
74 337
75 74
75 89
75 295
75 300
75 400
76 21
76 34
76 96
76 137
76 335
77 68
77 91
77 97
77 142
77 157
77 158
77 169
77 457
77 468
77 487
78 265
78 290
78 301
78 338
78 390
78 403
78 417
78 456
78 461
78 475
78 479
78 484
78 489
78 492
78 493
79 9
79 72
79 82
79 102
79 496
80 295
80 310
80 341
80 400
80 441
81 15
81 214
81 333
81 408
81 421
81 495
81 496
81 497
81 498
81 499
81 500
82 10
82 71
82 72
82 79
82 192
82 215
82 283
83 51
83 140
83 435
83 451
83 494
84 51
84 85
84 369
84 396
84 497
85 84
85 86
85 236
85 396
85 417
85 456
86 13
86 85
86 87
86 191
86 396
87 86
87 88
87 122
87 250
87 476
88 13
88 87
88 90
88 201
88 351
89 17
89 58
89 75
89 257
89 298
89 341
89 418
89 438
90 13
90 88
90 92
90 129
90 485
91 68
91 77
91 94
91 169
91 341
92 90
92 194
92 197
92 243
92 284
93 98
93 276
93 284
93 412
93 450
94 91
94 95
94 247
94 354
94 469
95 94
95 105
95 139
95 211
95 420
96 21
96 34
96 76
96 137
96 166
96 367
96 399
97 77
97 152
97 157
97 221
97 257
97 368
97 404
97 468
97 487
98 93
98 233
98 235
98 243
98 271
99 54
99 100
99 103
99 271
99 495
100 42
100 43
100 99
100 101
100 103
101 100
101 103
101 227
101 271
101 451
102 79
102 150
102 178
102 213
102 274
102 417
102 427
102 431
102 459
102 460
102 469
102 471
102 482
102 496
103 99
103 100
103 101
103 143
103 246
104 108
104 145
104 230
104 375
104 498
105 95
105 108
105 309
105 358
105 458
106 64
106 185
106 186
106 189
106 203
107 38
107 46
107 144
107 162
107 229
107 343
107 380
107 407
108 104
108 105
108 117
108 253
108 459
109 110
109 111
109 114
109 239
109 311
110 7
110 109
110 111
110 114
110 476
111 32
111 109
111 110
111 114
111 352
112 193
112 197
112 198
112 272
112 315
113 30
113 56
113 200
113 237
113 247
113 314
113 317
113 325
113 388
113 439
113 445
113 452
113 496
113 497
114 109
114 110
114 111
114 125
114 132
115 122
115 124
115 350
115 455
115 489
116 118
116 421
116 435
116 460
116 491
117 108
117 121
117 459
117 478
117 487
118 116
118 120
118 187
118 216
118 448
119 303
119 318
119 431
119 434
119 437
119 442
119 446
119 466
119 469
119 471
119 484
119 500
120 118
120 218
120 285
120 335
120 358
120 448
121 117
121 127
121 154
121 358
121 448
122 87
122 115
122 124
122 258
122 261
123 146
123 190
123 191
123 192
123 496
124 115
124 122
124 133
124 217
124 455
124 489
125 114
125 130
125 219
125 239
125 410
126 155
126 168
126 175
126 433
126 440
127 74
127 121
127 128
127 130
127 337
128 127
128 130
128 358
128 406
128 422
129 90
129 131
129 239
129 404
129 409
129 410
129 436
129 463
129 485
130 125
130 127
130 128
130 157
130 429
131 129
131 134
131 181
131 340
131 436
132 114
132 219
132 252
132 256
132 489
133 124
133 168
133 231
133 232
133 351
134 64
134 131
134 136
134 138
134 203
135 28
135 238
135 242
135 244
135 307
135 415
135 448
136 16
136 134
136 138
136 141
136 254
137 34
137 42
137 43
137 76
137 96
137 139
137 275
137 296
138 134
138 136
138 141
138 271
138 291
139 61
139 95
139 137
139 144
139 166
139 176
139 420
139 451
140 83
140 168
140 441
140 457
140 479
141 136
141 138
141 142
141 270
141 425
142 77
142 141
142 143
142 169
142 420
143 103
143 142
143 154
143 193
143 460
144 107
144 139
144 166
144 176
144 187
144 407
145 104
145 181
145 230
145 278
145 473
146 123
146 235
146 438
146 494
146 496
147 149
147 259
147 406
147 415
147 442
148 27
148 277
148 373
148 439
148 486
149 147
149 173
149 254
149 415
149 493
150 102
150 152
150 373
150 431
150 496
151 27
151 152
151 259
151 309
151 358
152 97
152 150
152 151
152 220
152 221
153 209
153 236
153 237
153 498
153 499
154 121
154 143
154 156
154 158
154 253
155 126
155 161
155 163
155 228
155 495
156 46
156 154
156 158
156 439
156 486
157 11
157 70
157 77
157 97
157 130
157 257
157 333
157 359
157 429
157 468
158 46
158 68
158 77
158 154
158 156
159 2
159 160
159 162
159 466
159 495
160 10
160 46
160 47
160 159
160 162
161 155
161 163
161 466
161 484
161 500
162 107
162 159
162 160
162 171
162 407
163 38
163 155
163 161
163 225
163 243
164 20
164 268
164 348
164 478
164 491
165 196
165 207
165 262
165 386
165 443
166 96
166 139
166 144
166 172
166 176
166 187
166 224
166 399
167 262
167 359
167 371
167 416
167 473
168 126
168 133
168 140
168 459
168 471
168 487
169 77
169 91
169 142
169 170
169 174
169 309
170 169
170 171
170 174
170 279
170 308
170 424
170 473
171 65
171 162
171 170
171 174
171 304
171 496
172 166
172 175
172 224
172 399
172 404
172 473
173 149
173 254
173 258
173 462
173 484
173 493
174 65
174 169
174 170
174 171
174 175
174 304
175 126
175 172
175 174
175 177
175 444
175 495
176 41
176 139
176 144
176 166
176 187
176 377
177 34
177 62
177 175
177 178
177 179
177 187
178 58
178 102
178 177
178 179
178 213
178 496
179 12
179 177
179 178
179 208
179 278
179 292
180 182
180 247
180 278
180 349
180 468
180 469
181 131
181 145
181 182
181 278
181 311
181 340
182 51
182 180
182 181
182 184
182 250
182 261
183 238
183 343
183 380
183 457
183 485
183 494
184 182
184 185
184 209
184 441
184 458
184 492
185 57
185 106
185 184
185 186
185 233
185 235
186 106
186 185
186 446
186 466
186 483
186 484
187 118
187 144
187 166
187 176
187 177
187 201
187 216
187 252
187 396
188 189
188 190
188 200
188 336
188 472
188 491
189 1
189 106
189 188
189 190
189 274
189 465
190 123
190 188
190 189
190 214
190 384
190 498
190 499
191 13
191 67
191 86
191 123
191 192
191 275
192 67
192 82
192 123
192 191
192 215
192 316
193 67
193 112
193 143
193 194
193 246
193 461
194 26
194 92
194 193
194 197
194 198
194 199
195 31
195 63
195 205
195 228
195 231
195 435
196 74
196 165
196 202
196 234
196 337
197 92
197 112
197 194
197 199
197 470
197 490
198 112
198 194
198 199
198 309
198 342
198 458
199 194
199 197
199 198
199 244
199 343
199 437
200 56
200 113
200 188
200 247
200 336
200 413
200 439
200 447
200 452
200 464
200 491
200 496
200 497
201 88
201 187
201 215
201 221
201 351
201 406
202 67
202 196
202 208
202 270
202 321
202 425
203 106
203 134
203 336
203 338
203 339
203 342
204 22
204 61
204 205
204 339
204 346
204 488
205 22
205 195
205 204
205 206
205 435
205 460
206 22
206 72
206 205
206 207
206 242
206 327
207 165
207 206
207 210
207 323
207 324
207 455
208 3
208 179
208 202
208 230
208 292
209 153
209 184
209 235
209 240
209 441
209 492
210 35
210 207
210 211
210 217
210 463
210 485
211 5
211 95
211 210
211 212
211 217
211 451
212 211
212 216
212 218
212 251
212 455
212 489
213 30
213 59
213 102
213 178
213 223
213 431
214 20
214 81
214 190
214 368
214 408
214 424
214 425
214 493
214 494
214 498
214 499
215 82
215 192
215 201
215 221
215 283
215 316
215 376
215 406
216 118
216 187
216 212
216 218
216 396
216 433
217 124
217 210
217 211
217 218
217 455
217 489
218 120
218 212
218 216
218 217
218 285
218 335
219 125
219 132
219 291
219 340
219 369
219 488
220 152
220 222
220 224
220 288
220 404
220 414
221 97
221 152
221 201
221 215
221 368
221 376
221 404
221 406
222 220
222 224
222 459
222 471
222 486
222 487
223 30
223 32
223 58
223 213
223 257
223 376
224 166
224 172
224 220
224 222
224 225
224 367
224 399
225 38
225 163
225 224
225 226
225 227
225 241
226 225
226 227
226 333
226 393
226 498
226 499
227 101
227 225
227 226
227 346
227 417
227 420
228 155
228 195
228 337
228 440
228 488
228 495
229 1
229 107
229 338
229 343
229 360
229 380
230 104
230 145
230 208
230 245
230 267
230 477
231 18
231 31
231 133
231 195
231 337
231 351
232 5
232 133
232 233
232 286
232 351
232 414
233 5
233 57
233 98
233 185
233 232
233 337
234 196
234 261
234 273
234 376
234 406
234 428
235 57
235 98
235 146
235 185
235 209
235 416
236 85
236 153
236 237
236 240
236 417
236 456
237 30
237 113
237 153
237 236
237 240
237 445
238 135
238 183
238 241
238 244
238 329
238 494
239 109
239 125
239 129
239 311
239 340
239 410
239 476
239 483
240 209
240 236
240 237
240 241
240 462
240 497
241 225
241 238
241 240
241 242
241 246
241 481
242 135
242 206
242 241
242 246
242 268
242 327
243 38
243 92
243 98
243 163
243 271
243 284
243 481
244 59
244 135
244 199
244 238
244 246
244 497
245 230
245 267
245 356
245 436
245 443
245 461
246 103
246 193
246 241
246 242
246 244
246 492
247 56
247 94
247 113
247 180
247 200
247 263
247 272
247 315
247 439
247 452
247 456
247 468
247 469
247 497
248 249
248 250
248 251
248 277
248 439
248 486
249 41
249 248
249 250
249 251
249 377
249 450
250 87
250 182
250 248
250 249
250 251
250 258
251 212
251 248
251 249
251 250
251 455
251 489
252 34
252 132
252 187
252 254
252 256
252 396
253 68
253 70
253 74
253 108
253 154
253 487
254 16
254 136
254 149
254 173
254 252
254 256
254 304
255 261
255 273
255 376
255 430
255 447
255 490
256 132
256 252
256 254
256 282
256 317
257 58
257 89
257 97
257 157
257 223
257 333
257 379
257 384
257 438
258 51
258 122
258 173
258 250
258 396
258 415
259 147
259 151
259 342
259 412
259 415
259 458
260 18
260 23
260 24
260 28
260 401
260 430
261 122
261 182
261 234
261 255
261 265
261 273
262 44
262 73
262 165
262 167
262 359
262 386
262 387
262 416
262 450
263 247
263 269
263 275
263 279
263 468
263 469
264 266
264 272
264 378
264 411
264 412
265 78
265 261
265 273
265 286
265 301
265 381
265 466
266 264
266 272
266 350
266 380
266 398
266 412
266 426
267 230
267 245
267 285
267 294
267 375
268 164
268 242
268 327
268 350
268 480
268 481
269 33
269 263
269 275
269 289
269 320
269 436
270 67
270 141
270 202
270 321
270 342
270 347
270 349
270 425
270 429
270 462
270 491
271 98
271 99
271 101
271 138
271 243
271 291
271 347
272 8
272 112
272 247
272 264
272 266
272 412
272 469
273 6
273 234
273 255
273 261
273 265
273 484
273 500
274 1
274 102
274 189
274 331
274 371
274 391
274 412
274 433
274 459
274 460
274 465
274 471
274 472
274 482
275 42
275 137
275 191
275 263
275 269
275 277
275 389
276 93
276 287
276 294
276 295
276 433
276 465
276 466
277 44
277 148
277 248
277 275
277 279
277 280
277 486
278 145
278 179
278 180
278 181
278 393
278 479
278 494
279 170
279 263
279 277
279 280
279 424
279 467
279 473
280 277
280 279
280 281
280 369
280 371
280 481
281 63
281 280
281 282
281 471
281 480
282 63
282 256
282 281
282 325
282 330
283 47
283 82
283 215
283 286
283 287
283 466
283 492
284 7
284 13
284 73
284 92
284 93
284 243
284 347
285 120
285 218
285 267
285 288
285 335
286 18
286 232
286 265
286 283
286 287
286 351
286 466
287 276
287 283
287 286
287 306
287 387
287 392
287 466
288 220
288 285
288 293
288 368
288 404
289 21
289 269
289 290
289 293
289 301
289 330
289 419
290 78
290 289
290 298
290 390
290 403
290 417
290 453
291 73
291 138
291 219
291 271
291 340
291 386
291 466
292 3
292 179
292 208
292 319
292 321
292 322
292 323
293 288
293 289
293 302
293 320
293 345
293 449
294 267
294 276
294 295
294 296
294 297
294 375
294 477
295 75
295 80
295 276
295 294
295 296
295 297
295 400
296 43
296 137
296 294
296 295
296 297
296 299
296 389
297 294
297 295
297 296
297 299
297 356
297 416
297 443
298 17
298 89
298 290
298 438
298 453
298 485
299 296
299 297
299 300
299 304
299 328
299 370
299 452
300 75
300 299
300 304
300 310
300 377
300 400
300 401
301 78
301 265
301 289
301 330
301 381
301 403
301 453
302 293
302 303
302 354
302 446
302 466
302 500
303 27
303 119
303 302
303 305
303 449
303 453
303 500
304 171
304 174
304 254
304 299
304 300
304 377
304 401
305 303
305 306
305 308
305 410
305 454
305 482
305 488
306 287
306 305
306 308
306 310
306 387
306 392
306 472
307 135
307 316
307 377
307 401
307 415
307 448
307 464
308 170
308 305
308 306
308 310
308 424
308 473
309 105
309 151
309 169
309 198
309 342
309 345
309 358
309 375
309 450
309 451
309 458
309 473
310 80
310 300
310 306
310 308
310 311
310 400
311 48
311 109
311 181
311 239
311 310
311 313
311 340
312 346
312 353
312 355
312 366
312 413
312 421
312 491
313 15
313 20
313 36
313 48
313 311
313 397
314 5
314 113
314 317
314 325
314 371
314 388
314 393
314 416
314 430
314 445
315 8
315 112
315 247
315 348
315 371
315 397
315 468
316 10
316 36
316 192
316 215
316 307
316 317
316 401
317 36
317 113
317 256
317 314
317 316
317 377
317 422
318 119
318 320
318 324
318 366
318 484
318 500
319 36
319 292
319 321
319 322
319 394
319 471
319 487
320 21
320 269
320 293
320 318
320 324
320 366
320 419
320 449
320 475
321 36
321 202
321 270
321 292
321 319
321 322
321 425
322 15
322 25
322 292
322 319
322 321
322 326
322 454
323 207
323 292
323 324
323 325
323 413
323 433
323 434
324 207
324 318
324 320
324 323
324 366
324 392
325 113
325 282
325 314
325 323
325 326
325 328
325 413
326 15
326 322
326 325
326 328
326 332
326 413
326 478
327 72
327 206
327 242
327 268
327 352
327 362
327 374
328 39
328 66
328 299
328 325
328 326
328 332
328 413
328 452
329 40
329 238
329 331
329 422
329 432
329 442
329 465
329 485
330 14
330 31
330 63
330 282
330 289
330 301
330 378
330 411
331 40
331 274
331 329
331 332
331 391
331 413
331 433
331 465
332 40
332 326
332 328
332 331
332 413
332 447
332 464
332 491
333 81
333 157
333 226
333 257
333 379
333 383
333 388
333 498
334 40
334 53
334 335
334 364
334 407
334 437
334 492
334 497
335 76
335 120
335 218
335 285
335 334
335 336
335 338
335 390
336 188
336 200
336 203
336 335
336 338
336 390
336 447
336 464
337 31
337 74
337 127
337 196
337 228
337 231
337 233
337 428
338 52
338 78
338 203
338 229
338 335
338 336
338 409
338 463
339 5
339 203
339 204
339 344
339 346
339 421
339 451
339 459
340 6
340 131
340 181
340 219
340 239
340 291
340 311
340 369
341 80
341 89
341 91
341 412
341 433
341 465
342 198
342 203
342 259
342 270
342 309
342 344
342 390
342 458
343 42
343 107
343 183
343 199
343 229
343 437
343 462
343 497
344 56
344 339
344 342
344 357
344 363
344 372
344 421
344 493
345 293
345 309
345 351
345 445
345 449
345 450
345 451
345 475
345 483
346 204
346 227
346 312
346 339
346 353
346 355
346 357
346 451
347 73
347 270
347 271
347 284
347 349
347 407
347 429
347 454
348 15
348 20
348 25
348 48
348 164
348 315
348 397
348 408
349 180
349 270
349 347
349 359
349 407
349 429
349 462
349 491
350 115
350 266
350 268
350 380
350 398
350 426
350 480
350 481
351 88
351 133
351 201
351 231
351 232
351 286
351 345
351 420
351 435
351 445
351 450
351 451
352 29
352 111
352 327
352 362
352 374
353 312
353 346
353 355
353 357
353 360
353 454
353 482
353 488
354 94
354 302
354 365
354 468
354 469
355 71
355 312
355 346
355 353
355 360
355 387
355 450
355 472
356 25
356 28
356 33
356 39
356 245
356 297
356 416
356 436
357 344
357 346
357 353
357 360
357 421
357 454
357 482
357 488
358 105
358 120
358 121
358 128
358 151
358 309
358 448
358 458
359 1
359 70
359 73
359 157
359 167
359 262
359 349
359 462
360 52
360 229
360 353
360 355
360 357
360 463
360 485
360 491
361 6
361 363
361 364
361 380
361 398
361 426
361 488
362 327
362 352
362 374
362 414
362 492
363 6
363 56
363 344
363 361
363 364
363 372
363 397
363 488
364 6
364 334
364 361
364 363
364 371
364 437
364 488
364 497
365 45
365 354
365 368
365 372
365 405
366 312
366 318
366 320
366 324
366 447
366 491
367 96
367 224
367 399
367 408
367 438
367 441
367 443
367 449
368 20
368 97
368 214
368 221
368 288
368 365
368 404
368 405
368 424
368 425
368 493
368 494
369 84
369 219
369 280
369 340
369 387
369 402
369 462
369 497
370 299
370 386
370 387
370 402
370 423
370 452
371 167
371 274
371 280
371 314
371 315
371 364
371 430
371 437
371 462
372 49
372 344
372 363
372 365
372 378
373 27
373 148
373 150
373 382
373 383
374 19
374 327
374 352
374 362
374 491
375 58
375 104
375 267
375 294
375 309
375 450
375 458
375 473
375 477
376 17
376 215
376 221
376 223
376 234
376 255
376 406
376 418
376 438
377 176
377 249
377 300
377 304
377 307
377 317
377 401
377 450
377 472
378 264
378 330
378 372
378 405
378 411
379 257
379 333
379 383
379 384
379 388
379 401
379 430
379 490
380 3
380 107
380 183
380 229
380 266
380 350
380 361
380 398
380 426
381 265
381 301
381 382
381 385
381 389
382 373
382 381
382 383
382 385
382 389
382 493
383 56
383 333
383 373
383 379
383 382
383 384
383 388
383 486
383 493
384 190
384 257
384 379
384 383
384 388
384 421
384 486
384 498
384 499
385 381
385 382
385 388
385 389
385 445
386 165
386 262
386 291
386 370
386 402
386 423
386 434
386 450
386 472
387 262
387 287
387 306
387 355
387 369
387 370
387 402
387 423
387 434
388 113
388 314
388 333
388 379
388 383
388 384
388 385
388 445
388 486
389 275
389 296
389 381
389 382
389 385
390 40
390 78
390 290
390 335
390 336
390 342
390 403
390 456
390 493
391 274
391 331
391 392
391 398
391 399
391 400
391 409
391 433
391 465
392 287
392 306
392 324
392 391
392 398
392 409
392 472
392 486
392 497
393 226
393 278
393 314
393 395
393 414
393 430
393 457
393 479
393 494
394 319
394 427
394 428
394 432
394 471
394 487
395 393
395 403
395 410
395 414
395 454
395 455
395 482
395 488
395 498
396 51
396 62
396 84
396 85
396 86
396 187
396 216
396 252
396 258
397 48
397 49
397 56
397 313
397 315
397 348
397 363
397 453
397 493
398 266
398 350
398 361
398 380
398 391
398 392
398 399
398 409
398 426
398 486
399 96
399 166
399 172
399 224
399 367
399 391
399 398
399 400
399 409
399 468
400 75
400 80
400 295
400 300
400 310
400 391
400 399
400 409
400 486
400 494
401 55
401 260
401 300
401 304
401 307
401 316
401 377
401 379
401 430
401 490
402 26
402 369
402 370
402 386
402 387
402 423
402 470
403 78
403 290
403 301
403 390
403 395
403 404
403 414
403 417
403 436
403 455
403 456
404 97
404 129
404 172
404 220
404 221
404 288
404 368
404 403
404 436
404 455
405 45
405 365
405 368
405 378
405 444
406 128
406 147
406 201
406 215
406 221
406 234
406 376
406 432
406 457
406 479
407 46
407 107
407 144
407 162
407 334
407 347
407 349
407 422
407 429
407 485
408 81
408 214
408 348
408 367
408 421
408 438
408 449
408 465
408 487
408 499
409 35
409 129
409 338
409 391
409 392
409 398
409 399
409 400
409 463
409 485
410 40
410 125
410 129
410 239
410 305
410 395
410 476
410 482
410 483
410 488
411 14
411 31
411 264
411 330
411 378
411 418
411 419
411 426
411 441
411 443
412 93
412 259
412 264
412 266
412 272
412 274
412 341
412 465
413 200
413 312
413 323
413 325
413 326
413 328
413 331
413 332
413 464
413 491
414 220
414 232
414 362
414 393
414 395
414 403
414 430
414 443
414 461
414 492
415 135
415 147
415 149
415 258
415 259
415 307
415 448
416 73
416 167
416 235
416 262
416 297
416 314
416 356
416 443
416 461
416 492
417 9
417 69
417 71
417 78
417 85
417 102
417 227
417 236
417 290
417 403
418 89
418 376
418 411
418 419
418 426
418 438
418 441
418 443
419 21
419 289
419 320
419 411
419 418
419 426
419 441
419 443
419 475
420 61
420 95
420 139
420 142
420 227
420 351
420 435
420 445
420 451
420 462
420 493
421 81
421 116
421 312
421 339
421 344
421 357
421 384
421 408
421 496
421 498
421 499
422 128
422 317
422 329
422 407
422 429
422 442
422 447
422 454
422 479
422 485
422 494
423 26
423 73
423 370
423 386
423 387
423 402
423 470
424 20
424 23
424 170
424 214
424 279
424 308
424 368
424 425
424 431
424 473
424 494
425 20
425 67
425 141
425 202
425 214
425 270
425 321
425 368
425 424
425 431
425 437
426 266
426 350
426 361
426 380
426 398
426 411
426 418
426 419
426 441
426 443
427 102
427 394
427 428
427 431
427 432
427 496
428 234
428 337
428 394
428 427
428 432
429 11
429 70
429 130
429 157
429 270
429 347
429 349
429 407
429 422
429 447
429 485
430 55
430 255
430 260
430 314
430 371
430 379
430 393
430 401
430 414
430 482
430 490
431 102
431 119
431 150
431 213
431 424
431 425
431 427
431 434
431 437
431 442
431 496
432 329
432 394
432 406
432 427
432 428
433 1
433 126
433 216
433 274
433 276
433 323
433 331
433 341
433 391
433 457
433 459
433 463
433 464
433 465
433 472
433 482
434 71
434 119
434 323
434 386
434 387
434 431
434 437
434 442
434 446
434 472
434 497
435 50
435 83
435 116
435 195
435 205
435 351
435 420
435 457
435 462
435 474
435 491
436 129
436 131
436 245
436 269
436 356
436 403
436 404
436 443
436 455
436 461
436 492
437 119
437 199
437 334
437 343
437 364
437 371
437 425
437 431
437 434
437 442
437 446
437 462
438 58
438 89
438 146
438 257
438 298
438 367
438 376
438 408
438 418
438 449
438 465
438 490
439 44
439 56
439 113
439 148
439 156
439 200
439 247
439 248
439 452
439 456
439 461
439 486
440 126
440 228
440 444
440 467
440 470
440 474
440 495
441 80
441 140
441 184
441 209
441 367
441 411
441 418
441 419
441 426
441 443
441 461
441 492
442 119
442 147
442 329
442 422
442 431
442 434
442 437
442 446
442 457
442 469
442 479
442 494
443 165
443 245
443 297
443 367
443 411
443 414
443 416
443 418
443 419
443 426
443 436
443 441
444 175
444 405
444 440
444 477
444 495
445 18
445 30
445 113
445 237
445 314
445 345
445 351
445 385
445 388
445 420
445 451
445 491
446 27
446 119
446 186
446 302
446 434
446 437
446 442
446 460
446 466
446 469
446 471
446 484
447 19
447 21
447 200
447 255
447 332
447 336
447 366
447 422
447 429
447 454
447 464
447 485
448 28
448 118
448 120
448 121
448 135
448 307
448 358
448 415
449 21
449 293
449 303
449 320
449 345
449 367
449 408
449 438
449 465
449 475
449 483
449 490
450 93
450 249
450 262
450 309
450 345
450 351
450 355
450 375
450 377
450 386
450 451
450 472
451 83
451 101
451 139
451 211
451 309
451 339
451 345
451 346
451 351
451 420
451 445
451 450
452 39
452 56
452 66
452 113
452 200
452 247
452 299
452 328
452 370
452 439
452 456
452 461
453 49
453 56
453 290
453 298
453 301
453 303
453 397
453 493
454 40
454 305
454 322
454 347
454 353
454 357
454 395
454 422
454 447
454 475
454 485
454 488
455 60
455 115
455 124
455 207
455 212
455 217
455 251
455 395
455 403
455 404
455 436
455 489
456 78
456 85
456 236
456 247
456 390
456 403
456 439
456 452
456 461
456 479
456 484
456 489
457 77
457 140
457 183
457 393
457 406
457 433
457 435
457 442
457 463
457 464
457 468
457 487
457 494
458 10
458 58
458 105
458 184
458 198
458 259
458 309
458 342
458 358
458 375
458 473
458 487
458 490
459 102
459 108
459 117
459 168
459 222
459 274
459 339
459 433
459 464
459 471
459 472
459 482
459 487
460 48
460 50
460 63
460 102
460 116
460 143
460 205
460 274
460 446
460 469
460 471
460 474
460 482
461 78
461 193
461 245
461 414
461 416
461 436
461 439
461 441
461 452
461 456
461 479
461 484
461 489
462 173
462 240
462 270
462 343
462 349
462 359
462 369
462 371
462 420
462 435
462 437
462 491
462 497
463 129
463 210
463 338
463 360
463 409
463 433
463 457
463 464
463 468
463 472
463 485
463 487
463 500
464 43
464 200
464 307
464 332
464 336
464 413
464 433
464 447
464 457
464 459
464 463
464 472
464 487
465 58
465 189
465 274
465 276
465 329
465 331
465 341
465 391
465 408
465 412
465 433
465 438
465 449
465 473
465 490
466 6
466 119
466 159
466 161
466 186
466 265
466 276
466 283
466 286
466 287
466 291
466 302
466 446
467 279
467 440
467 470
467 473
467 474
468 77
468 97
468 157
468 180
468 247
468 263
468 315
468 354
468 399
468 457
468 463
468 469
468 487
469 94
469 102
469 119
469 180
469 247
469 263
469 272
469 354
469 442
469 446
469 460
469 468
469 471
470 197
470 402
470 423
470 440
470 467
470 474
471 68
471 102
471 119
471 168
471 222
471 274
471 281
471 319
471 394
471 446
471 459
471 460
471 469
471 480
472 188
472 274
472 306
472 355
472 377
472 386
472 392
472 433
472 434
472 450
472 459
472 463
472 464
472 482
473 23
473 58
473 145
473 167
473 170
473 172
473 279
473 308
473 309
473 375
473 424
473 458
473 465
473 467
474 435
474 440
474 460
474 467
474 470
475 21
475 78
475 320
475 345
475 419
475 449
475 454
475 479
475 483
475 484
475 489
475 492
475 493
475 494
476 4
476 7
476 87
476 110
476 239
476 410
476 483
477 230
477 294
477 375
477 444
477 478
478 15
478 20
478 117
478 164
478 326
478 477
479 78
479 140
479 278
479 393
479 406
479 422
479 442
479 456
479 461
479 475
479 484
479 489
479 492
479 494
480 268
480 281
480 350
480 471
480 481
481 241
481 243
481 268
481 280
481 350
481 480
482 40
482 102
482 274
482 305
482 353
482 357
482 395
482 410
482 430
482 433
482 459
482 460
482 472
482 488
483 4
483 33
483 62
483 186
483 239
483 345
483 410
483 449
483 475
483 476
484 78
484 119
484 161
484 173
484 186
484 273
484 318
484 446
484 456
484 461
484 475
484 479
484 489
484 492
484 500
485 35
485 90
485 129
485 183
485 210
485 298
485 329
485 360
485 407
485 409
485 422
485 429
485 447
485 454
485 463
486 44
486 148
486 156
486 222
486 248
486 277
486 383
486 384
486 388
486 392
486 398
486 400
486 439
487 77
487 97
487 117
487 168
487 222
487 253
487 319
487 394
487 408
487 457
487 458
487 459
487 463
487 464
487 468
488 6
488 40
488 204
488 219
488 228
488 305
488 353
488 357
488 361
488 363
488 364
488 395
488 410
488 454
488 482
489 2
489 60
489 78
489 115
489 124
489 132
489 212
489 217
489 251
489 455
489 456
489 461
489 475
489 479
489 484
489 492
490 58
490 197
490 255
490 379
490 401
490 430
490 438
490 449
490 458
490 465
491 19
491 116
491 164
491 188
491 200
491 270
491 312
491 332
491 349
491 360
491 366
491 374
491 413
491 435
491 445
491 462
492 78
492 184
492 209
492 246
492 283
492 334
492 362
492 414
492 416
492 436
492 441
492 475
492 479
492 484
492 489
492 493
492 494
493 20
493 56
493 78
493 149
493 173
493 214
493 344
493 368
493 382
493 383
493 390
493 397
493 420
493 453
493 475
493 492
493 494
494 20
494 83
494 146
494 183
494 214
494 238
494 278
494 368
494 393
494 400
494 422
494 424
494 442
494 457
494 475
494 479
494 492
494 493
495 9
495 15
495 37
495 54
495 81
495 99
495 155
495 159
495 175
495 228
495 440
495 444
495 496
495 497
495 498
495 499
495 500
496 15
496 56
496 79
496 81
496 102
496 113
496 123
496 146
496 150
496 171
496 178
496 200
496 421
496 427
496 431
496 495
496 497
496 498
497 56
497 81
497 84
497 113
497 200
497 240
497 244
497 247
497 334
497 343
497 364
497 369
497 392
497 434
497 462
497 495
497 496
497 498
498 4
498 15
498 69
498 81
498 104
498 153
498 190
498 214
498 226
498 333
498 384
498 395
498 421
498 495
498 496
498 497
498 500
499 4
499 15
499 69
499 81
499 153
499 190
499 214
499 226
499 384
499 408
499 421
499 495
499 500
500 2
500 6
500 15
500 27
500 81
500 119
500 161
500 273
500 302
500 303
500 318
500 463
500 484
500 495
500 498
500 499
