1 5
2 8
3 8
4 43
5 5
6 40
7 5
8 48
9 10
10 7
11 39
12 49
13 42
14 14
15 15
16 25
17 5
18 20
19 3
20 6
21 45
22 22
23 5
24 12
25 12
26 14
27 23
28 29
29 44
30 12
31 16
32 24
33 13
34 43
35 39
36 20
37 9
38 35
39 35
40 16
41 29
42 16
43 10
44 16
45 27
46 38
47 23
48 1
49 36
50 41
51 49
52 7
53 24
54 5
55 5
56 41
57 49
58 19
59 44
60 38
61 14
62 7
63 36
64 41
65 44
66 1
67 33
68 49
69 42
70 10
71 43
72 47
73 41
74 10
75 18
76 25
77 38
78 26
79 11
80 41
81 28
82 45
83 23
84 17
85 43
86 13
87 44
88 43
89 30
90 41
91 32
92 16
93 25
94 7
95 37
96 33
97 47
98 42
99 34
100 38
101 14
102 30
103 10
104 9
105 46
106 34
107 6
108 49
109 8
110 7
111 49
112 16
113 30
114 30
115 42
116 3
117 43
118 30
119 14
120 46
121 41
122 12
123 10
124 38
125 23
126 49
127 39
128 35
129 7
130 25
131 30
132 33
133 34
134 7
135 32
136 37
137 13
138 23
139 49
140 1
141 8
142 37
143 30
144 41
145 13
146 25
147 24
148 35
149 17
150 16
151 13
152 1
153 44
154 15
155 29
156 31
157 1
158 38
159 7
160 25
161 37
162 49
163 8
164 7
165 46
166 4
167 16
168 21
169 47
170 48
171 18
172 18
173 16
174 18
175 34
176 34
177 7
178 13
179 13
180 45
181 7
182 9
183 7
184 34
185 11
186 37
187 44
188 27
189 16
190 9
191 2
192 30
193 30
194 23
195 20
196 41
197 24
198 37
199 18
200 41
201 8
202 22
203 37
204 41
205 25
206 7
207 20
208 7
209 8
210 26
211 37
212 28
213 3
214 10
215 43
216 13
217 28
218 49
219 32
220 37
221 49
222 7
223 35
224 16
225 13
226 6
227 9
228 8
229 23
230 19
231 2
232 18
233 31
234 29
235 25
236 31
237 26
238 37
239 9
240 13
241 41
242 23
243 37
244 18
245 9
246 8
247 4
248 47
249 23
250 17
251 21
252 24
253 49
254 45
255 46
256 32
257 11
258 29
259 23
260 22
261 40
262 7
263 24
264 25
265 8
266 26
267 5
268 49
269 16
270 35
271 32
272 44
273 30
274 45
275 4
276 1
277 27
278 45
279 37
280 24
281 23
282 20
283 13
284 33
285 16
286 43
287 16
288 22
289 25
290 41
291 15
292 8
293 49
294 21
295 7
296 23
297 38
298 4
299 34
300 33
301 40
302 41
303 5
304 1
305 28
306 30
307 25
308 31
309 37
310 18
311 34
312 40
313 33
314 38
315 19
316 15
317 37
318 26
319 23
320 4
321 34
322 33
323 36
324 43
325 12
326 43
327 13
328 31
329 29
330 28
331 11
332 25
333 6
334 19
335 43
336 34
337 38
338 48
339 25
340 19
341 5
342 9
343 43
344 8
345 35
346 24
347 45
348 19
349 4
350 28
351 43
352 35
353 21
354 7
355 5
356 23
357 42
358 27
359 40
360 37
361 16
362 38
363 40
364 22
365 4
366 2
367 5
368 17
369 5
370 47
371 26
372 22
373 48
374 10
375 36
376 23
377 34
378 30
379 43
380 41
381 26
382 42
383 1
384 25
385 14
386 13
387 2
388 43
389 25
390 43
391 10
392 23
393 25
394 8
395 16
396 36
397 36
398 43
399 12
400 37
401 49
402 5
403 47
404 9
405 25
406 23
407 43
408 28
409 21
410 46
411 20
412 13
413 16
414 43
415 35
416 6
417 10
418 39
419 24
420 28
421 47
422 4
423 3
424 49
425 45
426 39
427 35
428 49
429 20
430 35
431 42
432 22
433 11
434 33
435 29
436 44
437 29
438 14
439 37
440 8
441 49
442 11
443 36
444 23
445 16
446 13
447 41
448 14
449 13
450 25
451 34
452 4
453 39
454 10
455 47
456 15
457 25
458 8
459 8
460 9
461 22
462 27
463 25
464 26
465 16
466 1
467 41
468 7
469 45
470 45
471 10
472 48
473 42
474 34
475 2
476 24
477 8
478 42
479 23
480 34
481 41
482 16
483 35
484 39
485 24
486 29
487 38
488 37
489 43
490 17
491 42
492 43
493 44
494 5
495 7
496 49
497 18
498 3
499 49
500 6
