1 14
2 20
3 31
4 22
5 27
6 16
7 41
8 6
9 23
10 38
11 18
12 31
13 5
14 2
15 15
16 35
17 21
18 30
19 24
20 27
21 8
22 28
23 11
24 7
25 26
26 29
27 2
28 2
29 28
30 31
31 21
32 5
33 30
34 12
35 5
36 36
37 34
38 42
39 8
40 40
41 10
42 40
43 9
44 40
45 12
46 28
47 43
48 23
49 21
50 14
51 9
52 17
53 41
54 35
55 18
56 12
57 8
58 9
59 25
60 11
61 40
62 9
63 22
64 2
65 38
66 18
67 6
68 19
69 23
70 37
71 18
72 2
73 14
74 18
75 25
76 42
77 12
78 24
79 28
80 2
81 9
82 10
83 12
84 9
85 19
86 12
87 23
88 25
89 21
90 31
91 14
92 28
93 36
94 10
95 22
96 16
97 34
98 26
99 21
100 31
101 22
102 13
103 8
104 22
105 7
106 28
107 34
108 10
109 18
110 21
111 18
112 14
113 8
114 8
115 12
116 38
117 25
118 32
119 3
120 14
121 34
122 31
123 18
124 26
125 15
126 3
127 33
128 18
129 39
130 26
131 1
132 30
133 1
134 2
135 33
136 22
137 5
138 1
139 12
140 18
141 38
142 5
143 17
144 10
145 37
146 41
147 25
148 34
149 32
150 13
151 19
152 33
153 16
154 24
155 39
156 36
157 4
158 9
159 2
160 15
161 12
162 1
163 36
164 20
165 24
166 43
167 37
168 23
169 33
170 42
171 32
172 9
173 2
174 41
175 30
176 2
177 35
178 16
179 12
180 27
181 42
182 30
183 30
184 22
185 22
186 7
187 25
188 43
189 34
190 27
191 34
192 28
193 24
194 4
195 41
196 37
197 31
198 24
199 38
200 11
201 41
202 23
203 34
204 18
205 31
206 43
207 9
208 31
209 32
210 25
211 26
212 26
213 18
214 14
215 10
216 26
217 3
218 19
219 5
220 7
221 5
222 40
223 6
224 22
225 1
226 34
227 27
228 21
229 30
230 38
231 31
232 30
233 2
234 39
235 25
236 12
237 22
238 23
239 27
240 1
241 26
242 15
243 1
244 12
245 31
246 36
247 42
248 12
249 7
250 6
251 23
252 41
253 42
254 21
255 39
256 27
257 36
258 29
259 38
260 22
261 6
262 8
263 23
264 31
265 1
266 34
267 31
268 9
269 42
270 24
271 19
272 28
273 38
274 21
275 13
276 33
277 25
278 11
279 9
280 2
281 24
282 36
283 10
284 26
285 25
286 1
287 4
288 26
289 2
290 18
291 33
292 31
293 17
294 24
295 9
296 8
297 18
298 19
299 21
300 9
301 3
302 9
303 21
304 30
305 27
306 22
307 10
308 13
309 17
310 27
311 9
312 11
313 41
314 27
315 27
316 26
317 28
318 8
319 6
320 30
321 32
322 18
323 40
324 12
325 43
326 15
327 30
328 32
329 34
330 33
331 25
332 23
333 22
334 2
335 34
336 42
337 42
338 28
339 22
340 24
341 9
342 5
343 1
344 13
345 2
346 22
347 14
348 36
349 9
350 27
351 42
352 2
353 41
354 14
355 42
356 37
357 38
358 17
359 12
360 21
361 35
362 21
363 25
364 4
365 12
366 10
367 9
368 27
369 5
370 40
371 18
372 3
373 21
374 3
375 26
376 8
377 1
378 36
379 6
380 20
381 8
382 3
383 18
384 1
385 18
386 32
387 26
388 38
389 10
390 34
391 39
392 30
393 26
394 9
395 27
396 10
397 22
398 30
399 26
400 32
401 30
402 30
403 12
404 33
405 27
406 42
407 23
408 24
409 21
410 23
411 2
412 41
413 18
414 30
415 4
416 30
417 15
418 10
419 33
420 23
421 41
422 29
423 18
424 9
425 31
426 7
427 34
428 24
429 1
430 31
431 42
432 23
433 40
434 27
435 38
436 23
437 13
438 30
439 1
440 42
441 22
442 28
443 38
444 32
445 15
446 35
447 9
448 29
449 6
450 30
451 23
452 21
453 9
454 5
455 1
456 12
457 38
458 33
459 24
460 12
461 10
462 5
463 20
464 18
465 23
466 15
467 15
468 10
469 23
470 2
471 17
472 26
473 20
474 21
475 43
476 21
477 42
478 10
479 9
480 12
481 28
482 22
483 18
484 16
485 38
486 22
487 21
488 8
489 26
490 22
491 42
492 1
493 4
494 31
495 27
496 22
497 34
498 8
499 29
500 42
