1 2
1 21
1 209
1 228
1 423
2 1
2 3
2 209
2 423
2 447
3 2
3 258
3 260
3 330
3 332
3 372
4 6
4 14
4 15
4 22
4 260
5 7
5 155
5 261
5 348
5 426
6 4
6 14
6 15
6 22
6 260
7 5
7 9
7 10
7 119
7 348
8 44
8 84
8 180
8 186
8 210
8 276
9 7
9 10
9 348
9 404
9 423
10 7
10 9
10 20
10 228
10 348
11 13
11 340
11 348
11 413
11 463
12 13
12 16
12 20
12 65
12 365
13 11
13 12
13 16
13 209
13 359
14 4
14 6
14 15
14 52
14 260
14 446
15 4
15 6
15 14
15 22
15 24
16 12
16 13
16 20
16 25
16 61
17 33
17 43
17 48
17 81
17 102
17 416
17 439
17 440
18 140
18 236
18 238
18 241
18 285
18 311
19 116
19 121
19 122
19 135
19 437
20 10
20 12
20 16
20 25
20 176
21 1
21 163
21 237
21 305
21 481
22 4
22 6
22 15
22 51
22 260
23 86
23 91
23 94
23 96
23 341
24 15
24 37
24 38
24 51
24 436
25 16
25 20
25 28
25 29
25 33
26 88
26 155
26 173
26 221
26 332
26 365
26 411
26 442
26 446
26 448
26 469
26 478
26 479
26 491
27 101
27 103
27 104
27 109
27 113
28 25
28 29
28 30
28 31
28 134
29 25
29 28
29 30
29 31
29 331
30 28
30 29
30 31
30 171
30 413
31 28
31 29
31 30
31 35
31 178
32 41
32 61
32 65
32 95
32 128
32 411
32 488
33 17
33 25
33 48
33 81
33 102
33 133
33 416
33 440
34 100
34 208
34 321
34 347
34 367
34 422
34 428
34 435
34 444
34 445
34 454
34 472
35 31
35 39
35 130
35 284
35 315
36 172
36 191
36 293
36 477
36 489
37 24
37 38
37 51
37 440
37 476
38 24
38 37
38 51
38 53
38 66
39 35
39 41
39 55
39 315
39 487
40 42
40 47
40 49
40 391
40 432
41 32
41 39
41 315
41 453
41 487
42 40
42 47
42 54
42 315
42 487
43 17
43 44
43 50
43 387
43 393
44 8
44 43
44 46
44 50
44 358
45 67
45 154
45 379
45 381
45 386
45 409
45 412
45 417
45 427
45 447
46 44
46 47
46 50
46 189
46 327
47 40
47 42
47 46
47 50
47 487
48 17
48 33
48 81
48 89
48 102
48 133
48 150
48 158
49 40
49 76
49 97
49 240
49 302
50 43
50 44
50 46
50 47
50 52
51 22
51 24
51 37
51 38
51 53
52 14
52 50
52 361
52 396
52 434
53 38
53 51
53 66
53 74
53 462
54 42
54 55
54 57
54 396
54 492
55 39
55 54
55 57
55 177
55 396
56 58
56 63
56 64
56 396
56 413
57 54
57 55
57 58
57 87
57 396
58 56
58 57
58 63
58 412
58 494
59 63
59 64
59 108
59 320
59 360
60 270
60 299
60 327
60 336
60 387
60 408
60 482
60 483
60 484
60 489
60 493
60 496
60 497
60 500
61 16
61 32
61 65
61 95
61 128
61 411
61 488
62 161
62 177
62 223
62 242
62 273
62 345
62 352
62 354
62 358
63 56
63 58
63 59
63 64
63 91
64 56
64 59
64 63
64 67
64 78
65 12
65 32
65 61
65 95
65 128
65 411
65 488
66 38
66 53
66 71
66 74
66 79
66 97
67 45
67 64
67 73
67 219
67 326
68 70
68 72
68 73
68 76
68 331
69 125
69 161
69 281
69 305
69 309
69 460
70 68
70 72
70 73
70 75
70 234
71 66
71 74
71 79
71 80
71 332
72 68
72 70
72 73
72 75
72 201
73 67
73 68
73 70
73 72
73 75
74 53
74 66
74 71
74 79
74 80
75 70
75 72
75 73
75 82
75 341
76 49
76 68
76 97
76 237
76 302
77 82
77 195
77 291
77 341
77 478
78 64
78 83
78 359
78 365
78 373
78 390
78 397
78 403
78 407
79 66
79 71
79 74
79 80
79 490
80 71
80 74
80 79
80 83
80 446
81 17
81 33
81 48
81 102
81 133
81 150
81 158
82 75
82 77
82 195
82 298
82 341
83 78
83 80
83 85
83 324
83 488
84 8
84 100
84 175
84 183
84 186
84 276
85 83
85 99
85 298
85 324
85 468
86 23
86 87
86 91
86 146
86 263
87 57
87 86
87 91
87 195
87 399
88 26
88 155
88 173
88 221
88 317
88 391
88 394
88 443
88 446
88 450
88 469
88 478
88 479
88 491
89 48
89 277
89 371
89 394
89 397
89 401
89 402
89 433
89 444
89 462
89 468
90 96
90 124
90 243
90 425
90 472
91 23
91 63
91 86
91 87
91 96
92 94
92 101
92 103
92 117
92 478
93 123
93 124
93 125
93 129
93 130
94 23
94 92
94 96
94 101
94 168
95 32
95 61
95 65
95 128
95 136
95 411
96 23
96 90
96 91
96 94
96 101
97 49
97 66
97 76
97 274
97 481
98 145
98 147
98 148
98 149
98 485
99 85
99 106
99 298
99 324
99 433
100 34
100 84
100 347
100 356
100 428
100 435
100 445
100 454
100 472
101 27
101 92
101 94
101 96
101 103
102 17
102 33
102 48
102 81
102 133
102 150
102 158
102 170
103 27
103 92
103 101
103 204
103 490
104 27
104 109
104 111
104 390
104 401
105 106
105 114
105 116
105 121
105 298
106 99
106 105
106 116
106 121
106 298
107 333
107 334
107 335
107 337
107 343
107 421
107 432
107 499
108 59
108 112
108 179
108 226
108 235
108 256
109 27
109 104
109 111
109 113
109 123
110 115
110 117
110 164
110 197
110 450
111 104
111 109
111 113
111 115
111 445
112 108
112 179
112 232
112 233
112 256
113 27
113 109
113 111
113 115
113 138
114 105
114 116
114 121
114 298
114 437
115 110
115 111
115 113
115 117
115 119
116 19
116 105
116 106
116 114
116 437
117 92
117 110
117 115
117 119
117 410
118 204
118 207
118 208
118 211
118 212
119 7
119 115
119 117
119 123
119 340
120 154
120 205
120 215
120 281
120 449
121 19
121 105
121 106
121 114
121 151
121 437
122 19
122 135
122 250
122 414
122 485
123 93
123 109
123 119
123 124
123 253
124 90
124 93
124 123
124 129
124 497
125 69
125 93
125 129
125 130
125 306
126 127
126 141
126 238
126 250
126 304
126 485
127 126
127 141
127 304
127 330
127 485
128 32
128 61
128 65
128 95
128 129
128 136
128 159
129 93
129 124
129 125
129 128
129 130
130 35
130 93
130 125
130 129
130 131
131 130
131 134
131 138
131 143
131 309
132 141
132 148
132 250
132 304
132 404
132 485
133 33
133 48
133 81
133 102
133 150
133 158
133 171
134 28
134 131
134 137
134 138
134 429
135 19
135 122
135 437
135 485
135 500
136 95
136 128
136 159
136 174
136 184
136 200
137 134
137 138
137 175
137 429
137 460
138 113
138 131
138 134
138 137
138 429
139 140
139 142
139 144
139 173
139 429
140 18
140 139
140 142
140 144
140 364
141 126
141 127
141 132
141 152
141 304
142 139
142 140
142 144
142 145
142 336
143 131
143 152
143 157
143 160
143 167
143 169
144 139
144 140
144 142
144 183
144 429
145 98
145 142
145 149
145 407
145 443
146 86
146 147
146 224
146 466
146 475
147 98
147 146
147 148
147 224
147 266
148 98
148 132
148 147
148 149
148 224
149 98
149 145
149 148
149 211
149 224
150 48
150 81
150 102
150 133
150 158
150 171
150 172
150 355
151 121
151 153
151 215
151 430
151 449
152 141
152 143
152 160
152 167
152 304
153 151
153 224
153 267
153 430
153 449
154 45
154 120
154 156
154 162
154 215
155 5
155 26
155 88
155 221
155 442
155 446
155 448
155 467
155 469
155 478
155 490
155 491
155 496
156 154
156 162
156 259
156 346
156 402
157 143
157 167
157 304
157 466
157 491
158 48
158 81
158 102
158 133
158 150
158 171
158 172
158 491
159 128
159 136
159 174
159 184
159 188
159 200
160 143
160 152
160 370
160 390
160 491
161 62
161 69
161 309
161 395
161 460
162 154
162 156
162 180
162 430
162 481
163 21
163 237
163 295
163 426
163 481
164 110
164 165
164 234
164 240
164 302
165 164
165 170
165 181
165 218
165 234
166 170
166 181
166 186
166 234
166 426
167 143
167 152
167 157
167 169
167 175
168 94
168 185
168 202
168 230
168 468
169 143
169 167
169 175
169 316
169 497
170 102
170 165
170 166
170 181
170 185
171 30
171 133
171 150
171 158
171 172
171 205
171 252
171 261
172 36
172 150
172 158
172 171
172 205
172 252
172 261
172 289
172 419
173 26
173 88
173 139
173 443
173 446
173 450
173 458
173 465
173 478
173 479
173 491
174 136
174 159
174 184
174 188
174 200
174 411
175 84
175 137
175 167
175 169
175 186
175 276
176 20
176 266
176 308
176 443
176 450
176 452
176 455
176 458
176 463
176 464
176 465
176 473
176 483
177 55
177 62
177 191
177 218
177 345
177 352
177 354
177 358
177 413
178 31
178 230
178 274
178 279
178 305
178 470
179 108
179 112
179 232
179 235
179 256
179 473
180 8
180 162
180 183
180 187
180 190
180 432
181 165
181 166
181 170
181 185
181 193
182 184
182 188
182 199
182 206
182 364
182 404
183 84
183 144
183 180
183 187
183 190
183 276
184 136
184 159
184 174
184 182
184 200
184 404
185 168
185 170
185 181
185 302
185 409
185 454
186 8
186 84
186 166
186 175
186 276
186 294
187 180
187 183
187 190
187 193
187 196
188 159
188 174
188 182
188 200
188 404
188 418
189 46
189 270
189 489
189 492
189 494
189 495
189 498
190 180
190 183
190 187
190 194
190 196
190 276
191 36
191 177
191 382
191 461
191 474
191 477
192 213
192 222
192 239
192 242
192 300
193 181
193 187
193 194
193 196
193 371
193 484
194 190
194 193
194 196
194 201
194 203
194 235
195 77
195 82
195 87
195 341
195 351
195 492
196 187
196 190
196 193
196 194
196 203
196 403
197 110
197 243
197 253
197 263
197 290
197 310
198 201
198 203
198 204
198 279
198 385
198 440
199 182
199 206
199 220
199 404
199 488
199 489
200 136
200 159
200 174
200 184
200 188
200 497
201 72
201 194
201 198
201 203
201 428
201 492
202 168
202 230
202 265
202 274
202 279
202 470
203 194
203 196
203 198
203 201
203 204
203 328
204 103
204 118
204 198
204 203
204 208
204 323
205 120
205 171
205 172
205 252
205 261
205 289
205 301
205 319
206 182
206 199
206 220
206 364
206 404
206 495
207 118
207 208
207 212
207 225
207 352
207 407
208 34
208 118
208 204
208 207
208 211
208 212
209 1
209 2
209 13
209 284
209 345
209 447
210 8
210 216
210 395
210 417
210 419
210 427
210 431
210 434
210 447
210 466
211 118
211 149
211 208
211 212
211 214
211 452
212 118
212 207
212 208
212 211
212 214
212 227
213 192
213 222
213 224
213 239
213 242
214 211
214 212
214 218
214 223
214 225
214 362
215 120
215 151
215 154
215 255
215 430
215 449
216 210
216 244
216 248
216 285
216 300
216 457
217 220
217 231
217 246
217 254
217 364
217 451
218 165
218 177
218 214
218 223
218 225
218 354
219 67
219 230
219 264
219 357
219 380
219 384
219 392
219 399
219 405
219 410
219 488
220 199
220 206
220 217
220 246
220 254
220 364
221 26
221 88
221 155
221 245
221 249
221 412
221 442
221 446
221 448
221 467
221 469
221 478
221 479
221 491
222 192
222 213
222 239
222 242
222 496
223 62
223 214
223 218
223 225
223 226
223 447
224 146
224 147
224 148
224 149
224 153
224 213
225 207
225 214
225 218
225 223
225 226
225 235
226 108
226 223
226 225
226 235
226 248
226 498
227 212
227 232
227 233
227 311
227 324
227 441
228 1
228 10
228 241
228 423
228 427
228 458
229 231
229 255
229 275
229 478
229 480
229 499
230 168
230 178
230 202
230 219
230 274
230 470
231 217
231 229
231 246
231 254
231 255
231 275
232 112
232 179
232 227
232 233
232 240
232 311
233 112
233 227
233 232
233 254
233 256
233 311
234 70
234 164
234 165
234 166
234 302
234 370
235 108
235 179
235 194
235 225
235 226
235 256
236 18
236 238
236 241
236 285
236 303
236 338
237 21
237 76
237 163
237 240
237 476
237 481
238 18
238 126
238 236
238 285
238 303
238 311
239 192
239 213
239 222
239 242
239 296
240 49
240 164
240 232
240 237
240 302
240 398
241 18
241 228
241 236
241 303
241 311
241 466
242 62
242 192
242 213
242 222
242 239
243 90
243 197
243 253
243 263
243 290
243 306
243 310
244 216
244 248
244 249
244 300
244 303
244 463
245 221
245 257
245 265
245 314
245 325
245 339
246 217
246 220
246 231
246 254
246 255
246 275
247 269
247 293
247 297
247 382
247 479
247 480
248 216
248 226
248 244
248 249
248 300
248 472
249 221
249 244
249 248
249 251
249 300
249 314
250 122
250 126
250 132
250 437
250 439
250 485
251 249
251 314
251 325
251 339
251 452
251 493
252 171
252 172
252 205
252 261
252 289
252 301
252 319
253 123
253 197
253 243
253 263
253 265
253 290
253 291
254 217
254 220
254 231
254 233
254 246
254 275
254 364
255 215
255 229
255 231
255 246
255 257
255 426
255 452
256 108
256 112
256 179
256 233
256 235
256 425
256 483
257 245
257 255
257 262
257 266
257 275
257 399
257 426
258 3
258 260
258 316
258 332
258 342
258 370
258 372
259 156
259 313
259 351
259 383
259 384
259 414
259 471
260 3
260 4
260 6
260 14
260 22
260 258
260 281
261 5
261 171
261 172
261 205
261 252
261 289
261 319
261 417
262 257
262 266
262 267
262 268
262 271
262 275
262 426
263 86
263 197
263 243
263 253
263 290
263 310
263 421
264 219
264 267
264 268
264 271
264 315
264 392
264 426
265 202
265 245
265 253
265 378
265 400
265 420
265 466
266 147
266 176
266 257
266 262
266 267
266 271
266 426
267 153
267 262
267 264
267 266
267 268
267 271
267 272
268 262
268 264
268 267
268 269
268 271
268 272
268 280
269 247
269 268
269 293
269 297
269 307
270 60
270 189
270 295
270 408
270 475
270 489
270 492
270 493
270 494
270 495
270 496
270 497
270 498
270 500
271 262
271 264
271 266
271 267
271 268
271 272
271 280
272 267
272 268
272 271
272 278
272 280
272 285
272 465
273 62
273 294
273 323
273 352
273 354
273 385
273 427
274 97
274 178
274 202
274 230
274 305
274 318
274 470
275 229
275 231
275 246
275 254
275 257
275 262
275 350
275 426
276 8
276 84
276 175
276 183
276 186
276 190
276 376
277 89
277 282
277 313
277 371
277 394
277 401
277 402
277 433
277 444
277 462
277 475
278 272
278 280
278 282
278 283
278 318
278 368
278 441
279 178
279 198
279 202
279 378
279 400
279 420
279 470
280 268
280 271
280 272
280 278
280 286
280 292
280 441
281 69
281 120
281 260
281 306
281 309
281 460
281 489
282 277
282 278
282 283
282 286
282 318
282 359
282 421
283 278
283 282
283 286
283 287
283 288
283 318
283 320
284 35
284 209
284 290
284 304
284 357
284 423
284 491
285 18
285 216
285 236
285 238
285 272
285 300
285 303
286 280
286 282
286 283
286 287
286 288
286 318
286 408
287 283
287 286
287 288
287 292
287 295
287 318
287 441
288 283
288 286
288 287
288 292
288 318
288 329
288 410
289 172
289 205
289 252
289 261
289 301
289 319
289 322
290 197
290 243
290 253
290 263
290 284
290 291
290 436
291 77
291 253
291 290
291 310
291 424
291 462
291 464
292 280
292 287
292 288
292 295
292 296
292 308
292 414
293 36
293 247
293 269
293 297
293 307
294 186
294 273
294 323
294 342
294 370
294 385
294 500
295 163
295 270
295 287
295 292
295 296
295 408
295 414
296 239
296 292
296 295
296 308
296 414
296 439
296 486
297 247
297 269
297 293
297 307
297 427
298 82
298 85
298 99
298 105
298 106
298 114
298 324
299 60
299 323
299 327
299 387
299 408
299 482
299 484
299 489
299 490
299 493
299 496
299 497
299 500
300 192
300 216
300 244
300 248
300 249
300 285
300 303
301 205
301 252
301 289
301 319
301 322
301 329
301 454
302 49
302 76
302 164
302 185
302 234
302 240
302 473
303 236
303 238
303 241
303 244
303 285
303 300
303 311
304 126
304 127
304 132
304 141
304 152
304 157
304 284
305 21
305 69
305 178
305 274
305 314
305 419
305 424
306 125
306 243
306 281
306 309
306 310
306 381
306 460
307 269
307 293
307 297
307 317
307 473
308 176
308 292
308 296
308 312
308 414
308 486
308 497
309 69
309 131
309 161
309 281
309 306
309 343
309 460
310 197
310 243
310 263
310 291
310 306
310 321
310 444
311 18
311 227
311 232
311 233
311 238
311 241
311 303
312 308
312 313
312 383
312 414
312 422
312 471
312 486
313 259
313 277
313 312
313 383
313 405
313 471
313 486
314 245
314 249
314 251
314 305
314 325
314 339
315 35
315 39
315 41
315 42
315 264
315 487
316 169
316 258
316 370
316 371
316 372
316 405
316 480
316 483
317 88
317 307
317 338
317 344
317 374
318 274
318 278
318 282
318 283
318 286
318 287
318 288
318 411
319 205
319 252
319 261
319 289
319 301
319 322
319 329
319 387
320 59
320 283
320 326
320 328
320 331
320 351
320 357
320 413
321 34
321 310
321 347
321 356
321 428
321 435
321 445
321 454
321 472
322 289
322 301
322 319
322 329
322 333
322 334
322 360
322 444
323 204
323 273
323 294
323 299
323 342
323 352
323 383
323 385
324 83
324 85
324 99
324 227
324 298
324 372
324 433
324 496
325 245
325 251
325 314
325 339
325 384
325 388
326 67
326 320
326 328
326 331
326 357
326 383
326 413
326 498
327 46
327 60
327 299
327 336
327 387
327 408
327 442
327 448
327 452
327 467
327 482
327 483
327 484
327 490
327 496
327 497
328 203
328 320
328 326
328 331
328 351
328 357
328 413
329 288
329 301
329 319
329 322
329 333
329 334
329 335
329 499
330 3
330 127
330 332
330 370
330 372
330 397
330 458
330 462
331 29
331 68
331 320
331 326
331 328
331 357
331 413
331 431
332 3
332 26
332 71
332 258
332 330
332 342
332 370
332 372
333 107
333 322
333 329
333 334
333 335
333 421
333 498
333 499
334 107
334 322
334 329
334 333
334 335
334 371
334 421
334 499
335 107
335 329
335 333
335 334
335 416
335 421
335 475
335 499
336 60
336 142
336 327
336 387
336 395
336 402
336 408
336 442
336 448
336 451
336 467
336 482
336 484
336 490
336 496
336 497
337 107
337 343
337 349
337 350
337 403
337 406
337 432
337 472
338 236
338 317
338 344
338 374
338 456
339 245
339 251
339 314
339 325
339 388
340 11
340 119
340 346
340 360
340 361
340 368
340 376
340 391
340 453
341 23
341 75
341 77
341 82
341 195
342 258
342 294
342 323
342 332
342 370
342 372
342 385
342 455
343 107
343 309
343 337
343 349
343 350
343 406
343 432
343 440
344 317
344 338
344 374
344 456
344 492
345 62
345 177
345 209
345 352
345 354
345 358
345 361
345 424
346 156
346 340
346 353
346 360
346 361
346 368
346 376
346 406
347 34
347 100
347 321
347 356
347 377
347 428
347 445
347 472
348 5
348 7
348 9
348 10
348 11
349 337
349 343
349 350
349 353
349 406
349 421
349 432
349 491
350 275
350 337
350 343
350 349
350 353
350 406
350 432
350 493
351 195
351 259
351 320
351 328
351 383
351 408
351 471
351 486
352 62
352 177
352 207
352 273
352 323
352 345
352 354
352 482
353 346
353 349
353 350
353 361
353 368
353 376
353 385
353 406
354 62
354 177
354 218
354 273
354 345
354 352
354 358
354 368
355 150
355 395
355 417
355 419
355 422
355 431
355 434
355 436
355 466
356 100
356 321
356 347
356 363
356 367
356 377
356 428
356 445
356 473
357 219
357 284
357 320
357 326
357 328
357 331
357 358
357 413
357 491
358 44
358 62
358 177
358 345
358 354
358 357
358 380
358 462
358 474
359 13
359 78
359 282
359 365
359 390
359 391
359 403
359 407
359 453
360 59
360 322
360 340
360 346
360 361
360 368
360 376
360 391
360 453
361 52
361 340
361 345
361 346
361 353
361 360
361 368
361 376
361 453
362 214
362 363
362 366
362 367
362 369
362 375
362 445
362 472
362 498
363 356
363 362
363 366
363 367
363 369
363 375
363 377
363 379
363 498
364 140
364 182
364 206
364 217
364 220
364 254
364 373
364 404
364 476
365 12
365 26
365 78
365 359
365 390
365 403
365 407
365 438
365 464
366 362
366 363
366 367
366 369
366 375
366 377
366 379
366 397
366 428
367 34
367 356
367 362
367 363
367 366
367 369
367 375
367 377
367 379
368 278
368 340
368 346
368 353
368 354
368 360
368 361
368 376
368 479
369 362
369 363
369 366
369 367
369 375
369 377
369 379
369 386
369 442
370 160
370 234
370 258
370 294
370 316
370 330
370 332
370 342
370 372
371 89
371 193
371 277
371 316
371 334
371 391
371 401
371 433
371 435
371 444
371 454
371 462
371 475
372 3
372 258
372 316
372 324
372 330
372 332
372 342
372 370
373 78
373 364
373 380
373 384
373 385
373 397
373 405
373 408
373 410
374 317
374 338
374 344
374 403
374 456
375 362
375 363
375 366
375 367
375 369
375 377
375 379
375 386
375 457
376 276
376 340
376 346
376 353
376 360
376 361
376 368
376 391
376 432
377 347
377 356
377 363
377 366
377 367
377 369
377 375
377 428
377 500
378 265
378 279
378 383
378 388
378 400
378 420
379 45
379 363
379 366
379 367
379 369
379 375
379 381
379 386
379 412
380 219
380 358
380 373
380 384
380 397
380 405
380 406
380 410
380 429
381 45
381 306
381 379
381 386
381 387
381 409
381 412
381 427
381 447
382 191
382 247
382 456
382 461
382 474
383 259
383 312
383 313
383 323
383 326
383 351
383 378
383 457
383 471
384 219
384 259
384 325
384 373
384 380
384 392
384 399
384 405
384 410
385 198
385 273
385 294
385 323
385 342
385 353
385 373
385 434
385 453
386 45
386 369
386 375
386 379
386 381
386 409
386 412
386 427
386 447
387 43
387 60
387 299
387 319
387 327
387 336
387 381
387 408
387 444
387 482
387 484
387 490
387 493
387 496
387 497
387 500
388 325
388 339
388 378
388 400
388 420
389 393
389 416
389 418
389 441
389 451
389 457
389 476
389 494
389 497
390 78
390 104
390 160
390 359
390 365
390 397
390 403
390 407
390 453
391 40
391 88
391 340
391 359
391 360
391 371
391 376
391 453
391 469
392 219
392 264
392 384
392 399
392 405
392 407
392 411
392 439
392 488
393 43
393 389
393 418
393 439
393 441
393 457
393 459
393 476
393 490
393 500
394 88
394 89
394 277
394 401
394 402
394 455
394 463
394 468
394 473
394 483
395 161
395 210
395 336
395 355
395 417
395 419
395 422
395 431
395 434
395 466
396 52
396 54
396 55
396 56
396 57
397 78
397 89
397 330
397 366
397 373
397 380
397 390
397 403
397 410
397 414
398 240
398 415
398 418
398 424
398 425
398 438
398 451
398 459
398 476
398 480
399 87
399 219
399 257
399 384
399 392
399 405
399 410
399 411
399 488
399 490
400 265
400 279
400 378
400 388
400 420
401 89
401 104
401 277
401 371
401 394
401 402
401 433
401 462
401 468
401 475
402 89
402 156
402 277
402 336
402 394
402 401
402 433
402 462
402 468
402 473
403 78
403 196
403 337
403 359
403 365
403 374
403 390
403 397
403 407
403 453
404 9
404 132
404 182
404 184
404 188
404 199
404 206
404 364
404 443
404 459
405 219
405 313
405 316
405 373
405 380
405 384
405 392
405 399
405 410
405 477
406 337
406 343
406 346
406 349
406 350
406 353
406 380
406 450
406 475
406 499
407 78
407 145
407 207
407 359
407 365
407 390
407 392
407 403
407 416
407 496
408 60
408 270
408 286
408 295
408 299
408 327
408 336
408 351
408 373
408 387
408 463
408 482
408 489
408 492
408 493
408 496
408 497
408 498
408 500
409 45
409 185
409 381
409 386
409 412
409 417
409 427
409 446
409 447
409 455
410 117
410 219
410 288
410 373
410 380
410 384
410 397
410 399
410 405
410 495
411 26
411 32
411 61
411 65
411 95
411 174
411 318
411 392
411 399
411 488
412 45
412 58
412 221
412 379
412 381
412 386
412 409
412 417
412 427
412 447
413 11
413 30
413 56
413 177
413 320
413 326
413 328
413 331
413 357
413 500
414 122
414 259
414 292
414 295
414 296
414 308
414 312
414 397
414 445
414 486
415 398
415 424
415 425
415 436
415 438
415 439
415 459
415 468
415 472
415 480
416 17
416 33
416 335
416 389
416 407
416 436
416 439
416 440
416 441
416 457
417 45
417 210
417 261
417 355
417 395
417 409
417 412
417 427
417 447
417 495
418 188
418 389
418 393
418 398
418 440
418 441
418 451
418 457
418 459
418 476
419 172
419 210
419 305
419 355
419 395
419 422
419 431
419 434
419 466
419 483
420 265
420 279
420 378
420 388
420 400
421 107
421 263
421 282
421 333
421 334
421 335
421 349
421 432
421 459
421 499
422 34
422 312
422 355
422 395
422 419
422 424
422 431
422 434
422 436
422 466
423 1
423 2
423 9
423 228
423 284
424 291
424 305
424 345
424 398
424 415
424 422
424 425
424 436
424 438
424 459
424 480
425 90
425 256
425 398
425 415
425 424
425 431
425 438
425 459
425 476
425 480
425 500
426 5
426 163
426 166
426 255
426 257
426 262
426 264
426 266
426 275
426 465
426 482
427 45
427 210
427 228
427 273
427 297
427 381
427 386
427 409
427 412
427 417
427 447
428 34
428 100
428 201
428 321
428 347
428 356
428 366
428 377
428 439
428 445
428 472
429 134
429 137
429 138
429 139
429 144
429 380
430 151
430 153
430 162
430 215
430 449
431 210
431 331
431 355
431 395
431 419
431 422
431 425
431 434
431 436
431 456
431 466
432 40
432 107
432 180
432 337
432 343
432 349
432 350
432 376
432 421
432 438
432 499
433 89
433 99
433 277
433 324
433 371
433 401
433 402
433 444
433 462
433 468
433 475
434 52
434 210
434 355
434 385
434 395
434 419
434 422
434 431
434 436
434 457
434 466
435 34
435 100
435 321
435 371
435 444
435 445
435 451
435 454
435 472
435 475
435 490
436 24
436 290
436 355
436 415
436 416
436 422
436 424
436 431
436 434
436 466
436 480
437 19
437 114
437 116
437 121
437 135
437 250
438 365
438 398
438 415
438 424
438 425
438 432
438 451
438 459
438 463
438 480
438 483
439 17
439 250
439 296
439 392
439 393
439 415
439 416
439 428
439 440
439 441
439 451
439 476
440 17
440 33
440 37
440 198
440 343
440 416
440 418
440 439
440 441
440 448
440 454
440 457
441 227
441 278
441 280
441 287
441 389
441 393
441 416
441 418
441 439
441 440
441 457
441 476
442 26
442 155
442 221
442 327
442 336
442 369
442 446
442 448
442 467
442 469
442 484
442 490
443 88
443 145
443 173
443 176
443 404
443 450
443 458
443 464
443 465
443 478
443 479
443 491
444 34
444 89
444 277
444 310
444 322
444 371
444 387
444 433
444 435
444 454
444 462
444 475
445 34
445 100
445 111
445 321
445 347
445 356
445 362
445 414
445 428
445 435
445 454
445 469
445 472
446 14
446 26
446 80
446 88
446 155
446 173
446 221
446 409
446 442
446 448
446 467
446 469
446 478
446 479
446 491
447 2
447 45
447 209
447 210
447 223
447 381
447 386
447 409
447 412
447 417
447 427
447 461
448 26
448 155
448 221
448 327
448 336
448 440
448 442
448 446
448 467
448 469
448 484
448 490
449 120
449 151
449 153
449 215
449 430
450 88
450 110
450 173
450 176
450 406
450 443
450 452
450 458
450 464
450 465
450 478
450 479
451 217
451 336
451 389
451 398
451 418
451 435
451 438
451 439
451 457
451 459
451 478
451 480
452 176
452 211
452 251
452 255
452 327
452 450
452 455
452 458
452 463
452 464
452 465
452 473
452 483
453 41
453 340
453 359
453 360
453 361
453 385
453 390
453 391
453 403
454 34
454 100
454 185
454 301
454 321
454 371
454 435
454 440
454 444
454 445
454 467
454 472
454 475
455 176
455 342
455 394
455 409
455 452
455 458
455 463
455 464
455 465
455 468
455 473
455 483
455 484
456 338
456 344
456 374
456 382
456 431
457 216
457 375
457 383
457 389
457 393
457 416
457 418
457 434
457 440
457 441
457 451
457 476
458 173
458 176
458 228
458 330
458 443
458 450
458 452
458 455
458 463
458 464
458 465
458 468
458 483
459 393
459 398
459 404
459 415
459 418
459 421
459 424
459 425
459 438
459 451
459 480
459 484
459 493
460 69
460 137
460 161
460 281
460 306
460 309
461 191
461 382
461 447
461 474
461 477
462 53
462 89
462 277
462 291
462 330
462 358
462 371
462 401
462 402
462 433
462 444
462 475
462 493
463 11
463 176
463 244
463 394
463 408
463 438
463 452
463 455
463 458
463 464
463 473
463 483
463 496
464 176
464 291
464 365
464 443
464 450
464 452
464 455
464 458
464 463
464 465
464 466
464 473
464 483
465 173
465 176
465 272
465 426
465 443
465 450
465 452
465 455
465 458
465 464
465 473
465 479
465 483
466 146
466 157
466 210
466 241
466 265
466 355
466 395
466 419
466 422
466 431
466 434
466 436
466 464
467 155
467 221
467 327
467 336
467 442
467 446
467 448
467 454
467 469
467 482
467 484
467 490
467 491
468 85
468 89
468 168
468 394
468 401
468 402
468 415
468 433
468 455
468 458
468 473
468 475
468 479
468 483
469 26
469 88
469 155
469 221
469 391
469 442
469 445
469 446
469 448
469 467
469 478
469 479
469 490
469 491
470 178
470 202
470 230
470 274
470 279
471 259
471 312
471 313
471 351
471 383
471 486
472 34
472 90
472 100
472 248
472 321
472 337
472 347
472 362
472 415
472 428
472 435
472 445
472 454
472 495
473 176
473 179
473 302
473 307
473 356
473 394
473 402
473 452
473 455
473 463
473 464
473 465
473 468
473 483
474 191
474 358
474 382
474 461
474 477
475 146
475 270
475 277
475 335
475 371
475 401
475 406
475 433
475 435
475 444
475 454
475 462
475 468
475 476
476 37
476 237
476 364
476 389
476 393
476 398
476 418
476 425
476 439
476 441
476 457
476 475
476 480
476 497
477 36
477 191
477 405
477 461
477 474
478 26
478 77
478 88
478 92
478 155
478 173
478 221
478 229
478 443
478 446
478 450
478 451
478 469
478 479
478 491
479 26
479 88
479 173
479 221
479 247
479 368
479 443
479 446
479 450
479 465
479 468
479 469
479 478
479 491
479 499
480 229
480 247
480 316
480 398
480 415
480 424
480 425
480 436
480 438
480 451
480 459
480 476
481 21
481 97
481 162
481 163
481 237
481 496
482 60
482 299
482 327
482 336
482 352
482 387
482 408
482 426
482 467
482 484
482 489
482 490
482 493
482 496
482 497
482 500
483 60
483 176
483 256
483 316
483 327
483 394
483 419
483 438
483 452
483 455
483 458
483 463
483 464
483 465
483 468
483 473
484 60
484 193
484 299
484 327
484 336
484 387
484 442
484 448
484 455
484 459
484 467
484 482
484 490
484 493
484 496
484 497
485 98
485 122
485 126
485 127
485 132
485 135
485 250
485 500
486 296
486 308
486 312
486 313
486 351
486 414
486 471
487 39
487 41
487 42
487 47
487 315
488 32
488 61
488 65
488 83
488 199
488 219
488 392
488 399
488 411
488 494
489 36
489 60
489 189
489 199
489 270
489 281
489 299
489 408
489 482
489 492
489 493
489 494
489 495
489 496
489 498
489 500
490 79
490 103
490 155
490 299
490 327
490 336
490 387
490 393
490 399
490 435
490 442
490 448
490 467
490 469
490 482
490 484
490 497
491 26
491 88
491 155
491 157
491 158
491 160
491 173
491 221
491 284
491 349
491 357
491 443
491 446
491 467
491 469
491 478
491 479
492 54
492 189
492 195
492 201
492 270
492 344
492 408
492 489
492 493
492 494
492 495
492 498
492 500
493 60
493 251
493 270
493 299
493 350
493 387
493 408
493 459
493 462
493 482
493 484
493 489
493 492
493 495
493 496
493 497
493 498
493 500
494 58
494 189
494 270
494 389
494 488
494 489
494 492
494 495
494 498
495 189
495 206
495 270
495 410
495 417
495 472
495 489
495 492
495 493
495 494
495 498
495 500
496 60
496 155
496 222
496 270
496 299
496 324
496 327
496 336
496 387
496 407
496 408
496 463
496 481
496 482
496 484
496 489
496 493
496 497
496 500
497 60
497 124
497 169
497 200
497 270
497 299
497 308
497 327
497 336
497 387
497 389
497 408
497 476
497 482
497 484
497 490
497 493
497 496
497 500
498 189
498 226
498 270
498 326
498 333
498 362
498 363
498 408
498 489
498 492
498 493
498 494
498 495
498 500
499 107
499 229
499 329
499 333
499 334
499 335
499 406
499 421
499 432
499 479
500 60
500 135
500 270
500 294
500 299
500 377
500 387
500 393
500 408
500 413
500 425
500 482
500 485
500 489
500 492
500 493
500 495
500 496
500 497
500 498
