1 12
1 241
1 423
1 431
1 500
2 166
2 280
2 318
2 480
2 489
3 65
3 176
3 184
3 237
3 266
4 9
4 325
4 361
4 401
4 490
5 119
5 121
5 180
5 255
5 440
6 100
6 219
6 354
6 451
6 483
7 76
7 95
7 459
7 462
7 477
8 208
8 273
8 286
8 304
8 385
9 4
9 250
9 421
9 452
9 498
10 184
10 196
10 271
10 475
10 482
11 180
11 405
11 429
11 443
11 479
12 1
12 21
12 87
12 298
12 312
13 96
13 409
13 430
13 448
13 494
14 59
14 207
14 294
14 442
14 498
15 51
15 236
15 322
15 409
15 464
16 149
16 370
16 405
16 463
16 485
17 302
17 307
17 464
17 472
17 499
18 78
18 303
18 313
18 368
18 410
19 51
19 186
19 248
19 419
19 467
20 117
20 228
20 301
20 314
20 385
21 12
21 261
21 319
21 336
21 473
22 25
22 222
22 373
22 476
22 482
23 77
23 166
23 239
23 300
23 492
24 327
24 331
24 387
24 447
24 486
25 22
25 179
25 331
25 454
25 459
26 64
26 127
26 370
26 375
26 499
27 150
27 368
27 379
27 487
27 492
28 300
28 345
28 401
28 419
28 444
29 170
29 275
29 335
29 383
29 493
30 91
30 187
30 238
30 374
30 498
31 274
31 289
31 418
31 447
31 495
32 207
32 277
32 455
32 478
32 491
33 73
33 255
33 415
33 448
33 472
34 74
34 265
34 390
34 441
34 491
35 58
35 358
35 411
35 416
35 453
36 111
36 188
36 332
36 348
36 455
37 69
37 145
37 433
37 470
37 489
38 109
38 301
38 413
38 480
38 482
39 73
39 209
39 212
39 343
39 464
40 128
40 168
40 444
40 476
40 478
41 109
41 230
41 328
41 362
41 450
42 93
42 134
42 285
42 296
42 500
43 47
43 120
43 350
43 429
43 472
44 52
44 313
44 363
44 372
44 469
45 46
45 181
45 262
45 285
45 413
46 45
46 230
46 303
46 412
46 484
47 43
47 84
47 366
47 469
47 483
48 67
48 125
48 211
48 389
48 423
49 104
49 173
49 201
49 226
49 241
50 68
50 155
50 175
50 314
50 448
51 15
51 19
51 133
51 287
51 454
52 44
52 57
52 318
52 404
52 482
53 57
53 104
53 125
53 355
53 417
54 116
54 205
54 294
54 298
54 453
55 189
55 321
55 367
55 460
55 469
56 62
56 80
56 134
56 218
56 466
57 52
57 53
57 169
57 244
57 252
58 35
58 189
58 351
58 406
58 451
59 14
59 207
59 337
59 404
59 485
60 119
60 223
60 437
60 495
60 497
61 353
61 379
61 446
61 449
61 480
62 56
62 238
62 365
62 434
62 497
63 190
63 196
63 201
63 334
63 383
64 26
64 241
64 254
64 429
64 490
65 3
65 188
65 335
65 382
65 462
66 151
66 269
66 286
66 327
66 477
67 48
67 165
67 173
67 484
67 485
68 50
68 170
68 218
68 372
68 378
69 37
69 415
69 426
69 460
69 488
70 115
70 149
70 225
70 304
70 369
71 77
71 385
71 428
71 448
71 461
72 155
72 194
72 394
72 403
72 496
73 33
73 39
73 422
73 473
73 500
74 34
74 451
74 481
74 485
74 492
75 199
75 235
75 244
75 447
75 469
76 7
76 103
76 397
76 467
76 500
77 23
77 71
77 117
77 222
77 466
78 18
78 151
78 265
78 466
78 487
79 179
79 196
79 416
79 442
79 450
80 56
80 213
80 349
80 419
80 436
81 103
81 317
81 464
81 471
81 481
82 183
82 281
82 415
82 438
82 446
83 212
83 220
83 266
83 452
83 499
84 47
84 98
84 306
84 454
84 500
85 151
85 277
85 288
85 446
85 474
86 191
86 252
86 403
86 443
86 486
87 12
87 97
87 155
87 191
87 493
88 118
88 131
88 337
88 467
88 468
89 231
89 242
89 414
89 425
89 489
90 183
90 396
90 453
90 469
90 493
91 30
91 161
91 325
91 381
91 444
92 160
92 199
92 405
92 421
92 498
93 42
93 369
93 383
93 477
93 499
94 113
94 387
94 471
94 476
94 486
95 7
95 109
95 440
95 457
95 472
96 13
96 296
96 325
96 427
96 497
97 87
97 176
97 405
97 478
97 482
98 84
98 143
98 231
98 413
98 476
99 136
99 160
99 164
99 234
99 437
100 6
100 108
100 310
100 436
100 445
101 441
101 479
101 490
101 491
101 493
102 257
102 319
102 432
102 465
102 474
103 76
103 81
103 163
103 451
103 453
104 49
104 53
104 299
104 432
104 498
105 156
105 293
105 339
105 427
105 477
106 194
106 208
106 378
106 402
106 447
107 110
107 211
107 345
107 393
107 455
108 100
108 216
108 327
108 358
108 375
109 38
109 41
109 95
109 472
109 488
110 107
110 177
110 373
110 407
110 480
111 36
111 215
111 363
111 457
111 496
112 174
112 260
112 291
112 359
112 380
113 94
113 222
113 368
113 465
113 493
114 214
114 330
114 350
114 481
114 494
115 70
115 179
115 215
115 316
115 493
116 54
116 267
116 303
116 380
116 490
117 20
117 77
117 354
117 438
117 481
118 88
118 305
118 375
118 400
118 489
119 5
119 60
119 243
119 327
119 429
120 43
120 268
120 301
120 439
120 497
121 5
121 338
121 408
121 454
121 493
122 197
122 221
122 271
122 351
122 484
123 165
123 234
123 317
123 361
123 429
124 326
124 399
124 400
124 477
124 494
125 48
125 53
125 269
125 488
125 499
126 171
126 324
126 366
126 401
126 464
127 26
127 164
127 253
127 273
127 341
128 40
128 211
128 302
128 418
128 495
129 185
129 219
129 227
129 295
129 461
130 153
130 203
130 210
130 245
130 499
131 88
131 332
131 338
131 475
131 485
132 293
132 354
132 405
132 424
132 448
133 51
133 200
133 307
133 439
133 491
134 42
134 56
134 274
134 367
134 490
135 148
135 273
135 365
135 409
135 414
136 99
136 187
136 249
136 325
136 498
137 208
137 278
137 310
137 345
137 458
138 413
138 436
138 448
138 460
138 499
139 295
139 361
139 456
139 460
139 471
140 141
140 147
140 195
140 453
140 457
141 140
141 297
141 430
141 449
141 461
142 312
142 315
142 473
142 481
142 499
143 98
143 174
143 337
143 445
143 455
144 291
144 340
144 393
144 455
144 481
145 37
145 282
145 371
145 407
145 425
146 292
146 302
146 364
146 468
146 475
147 140
147 294
147 381
147 436
147 489
148 135
148 304
148 444
148 460
148 495
149 16
149 70
149 394
149 402
149 413
150 27
150 426
150 452
150 492
150 494
151 66
151 78
151 85
151 209
151 349
152 346
152 364
152 384
152 488
152 497
153 130
153 156
153 245
153 335
153 451
154 168
154 416
154 422
154 443
154 486
155 50
155 72
155 87
155 383
155 480
156 105
156 153
156 281
156 381
156 411
157 175
157 289
157 421
157 451
157 474
158 261
158 455
158 481
158 483
158 484
159 209
159 246
159 381
159 434
159 479
160 92
160 99
160 339
160 373
160 477
161 91
161 257
161 333
161 438
161 452
162 256
162 310
162 387
162 410
162 499
163 103
163 224
163 333
163 397
163 432
164 99
164 127
164 249
164 340
164 385
165 67
165 123
165 204
165 424
165 492
166 2
166 23
166 340
166 430
166 466
167 341
167 406
167 465
167 474
167 475
168 40
168 154
168 190
168 217
168 463
169 57
169 184
169 451
169 472
169 482
170 29
170 68
170 309
170 428
170 493
171 126
171 192
171 392
171 479
171 481
171 492
172 219
172 339
172 401
172 420
172 426
172 459
173 49
173 67
173 273
173 320
173 386
173 480
174 112
174 143
174 187
174 299
174 395
174 471
175 50
175 157
175 195
175 396
175 452
175 499
176 3
176 97
176 200
176 354
176 406
176 447
177 110
177 246
177 343
177 355
177 388
177 463
178 411
178 432
178 453
178 477
178 483
178 500
179 25
179 79
179 115
179 304
179 312
179 449
180 5
180 11
180 203
180 271
180 336
180 464
181 45
181 259
181 275
181 419
181 454
181 468
182 188
182 190
182 200
182 256
182 445
182 474
183 82
183 90
183 210
183 284
183 324
183 408
184 3
184 10
184 169
184 302
184 377
184 459
185 129
185 395
185 457
185 468
185 482
185 498
186 19
186 383
186 388
186 406
186 454
186 495
187 30
187 136
187 174
187 358
187 411
187 416
188 36
188 65
188 182
188 312
188 409
188 487
189 55
189 58
189 197
189 410
189 459
189 498
190 63
190 168
190 182
190 290
190 486
190 500
191 86
191 87
191 237
191 368
191 390
191 488
192 171
192 193
192 224
192 330
192 487
192 491
193 192
193 336
193 416
193 468
193 477
193 497
194 72
194 106
194 280
194 465
194 474
194 482
195 140
195 175
195 245
195 436
195 441
195 479
196 10
196 63
196 79
196 307
196 383
196 404
197 122
197 189
197 374
197 425
197 435
197 494
198 220
198 279
198 321
198 389
198 424
198 444
199 75
199 92
199 291
199 420
199 482
199 488
200 133
200 176
200 182
200 397
200 430
200 437
201 49
201 63
201 355
201 380
201 484
201 490
202 258
202 277
202 342
202 423
202 443
202 476
203 130
203 180
203 223
203 261
203 306
203 489
204 165
204 209
204 252
204 292
204 316
204 494
205 54
205 206
205 355
205 424
205 442
205 497
206 205
206 208
206 276
206 329
206 330
206 449
207 14
207 32
207 59
207 297
207 461
207 491
208 8
208 106
208 137
208 206
208 214
208 398
209 39
209 151
209 159
209 204
209 340
209 376
210 130
210 183
210 285
210 414
210 432
210 435
211 48
211 107
211 128
211 309
211 350
211 491
212 39
212 83
212 279
212 377
212 470
212 473
213 80
213 239
213 371
213 409
213 410
213 441
214 114
214 208
214 415
214 439
214 471
214 490
215 111
215 115
215 262
215 347
215 462
215 496
216 108
216 243
216 282
216 339
216 382
216 471
217 168
217 296
217 367
217 439
217 471
217 497
218 56
218 68
218 232
218 289
218 416
218 486
219 6
219 129
219 172
219 299
219 468
219 474
220 83
220 198
220 260
220 335
220 414
220 479
221 122
221 222
221 254
221 289
221 339
221 485
222 22
222 77
222 113
222 221
222 371
222 482
223 60
223 203
223 231
223 299
223 431
223 496
224 163
224 192
224 238
224 318
224 362
224 380
225 70
225 280
225 334
225 485
225 487
225 496
226 49
226 284
226 299
226 420
226 461
226 491
227 129
227 235
227 322
227 422
227 469
227 498
228 20
228 236
228 306
228 382
228 389
228 461
229 233
229 336
229 343
229 448
229 454
229 498
230 41
230 46
230 297
230 353
230 425
230 438
231 89
231 98
231 223
231 264
231 343
231 379
232 218
232 306
232 417
232 442
232 446
232 488
233 229
233 322
233 332
233 367
233 372
233 498
234 99
234 123
234 345
234 360
234 431
234 467
235 75
235 227
235 239
235 363
235 456
235 500
236 15
236 228
236 304
236 315
236 424
236 495
237 3
237 191
237 243
237 249
237 279
237 479
238 30
238 62
238 224
238 371
238 401
238 494
239 23
239 213
239 235
239 372
239 399
239 495
240 274
240 292
240 323
240 418
240 469
240 493
241 1
241 49
241 64
241 397
241 462
241 478
242 89
242 244
242 275
242 403
242 436
242 498
243 119
243 216
243 237
243 355
243 361
243 487
244 57
244 75
244 242
244 247
244 284
244 488
245 130
245 153
245 195
245 396
245 457
245 479
246 159
246 177
246 308
246 366
246 444
246 478
247 244
247 369
247 456
247 470
247 487
247 492
248 19
248 251
248 307
248 384
248 418
248 450
249 136
249 164
249 237
249 264
249 336
249 366
250 9
250 260
250 329
250 367
250 439
250 457
251 248
251 259
251 313
251 342
251 439
251 454
252 57
252 86
252 204
252 384
252 483
252 490
253 127
253 265
253 405
253 422
253 426
253 490
254 64
254 221
254 295
254 416
254 484
254 493
255 5
255 33
255 259
255 288
255 387
255 483
256 162
256 182
256 289
256 359
256 412
256 444
257 102
257 161
257 394
257 458
257 459
257 471
257 485
258 202
258 362
258 369
258 390
258 446
258 447
259 181
259 251
259 255
259 350
259 490
259 491
260 112
260 220
260 250
260 287
260 312
260 474
261 21
261 158
261 203
261 438
261 482
261 484
262 45
262 215
262 337
262 402
262 449
262 492
263 283
263 287
263 344
263 366
263 427
263 500
264 231
264 249
264 281
264 342
264 425
264 470
265 34
265 78
265 253
265 364
265 413
265 487
266 3
266 83
266 283
266 404
266 425
266 479
267 116
267 274
267 342
267 372
267 419
267 498
268 120
268 295
268 319
268 379
268 433
268 497
269 66
269 125
269 290
269 458
269 480
269 495
270 271
270 330
270 370
270 431
270 446
270 490
271 10
271 122
271 180
271 270
271 319
271 341
272 386
272 397
272 439
272 452
272 464
272 478
273 8
273 127
273 135
273 173
273 483
273 500
274 31
274 134
274 240
274 267
274 278
274 337
275 29
275 181
275 242
275 368
275 441
275 462
276 206
276 339
276 360
276 420
276 449
276 497
277 32
277 85
277 202
277 435
277 439
277 466
278 137
278 274
278 397
278 431
278 434
278 471
278 488
279 198
279 212
279 237
279 359
279 480
279 489
280 2
280 194
280 225
280 314
280 465
280 496
281 82
281 156
281 264
281 358
281 430
281 462
282 145
282 216
282 294
282 339
282 373
282 415
282 472
283 263
283 266
283 378
283 380
283 463
283 479
283 484
284 183
284 226
284 244
284 323
284 409
284 469
284 496
285 42
285 45
285 210
285 432
285 435
285 446
285 462
286 8
286 66
286 340
286 399
286 473
286 478
286 489
287 51
287 260
287 263
287 323
287 416
287 430
287 458
288 85
288 255
288 362
288 396
288 447
288 477
288 479
289 31
289 157
289 218
289 221
289 256
289 292
289 298
290 190
290 269
290 314
290 392
290 441
290 457
290 459
291 112
291 144
291 199
291 334
291 406
291 490
291 497
292 146
292 204
292 240
292 289
292 357
292 390
292 396
293 105
293 132
293 338
293 405
293 458
293 476
293 490
294 14
294 54
294 147
294 282
294 389
294 442
294 469
295 129
295 139
295 254
295 268
295 352
295 398
295 463
296 42
296 96
296 217
296 301
296 386
296 397
296 455
297 141
297 207
297 230
297 415
297 438
297 447
297 498
298 12
298 54
298 289
298 402
298 451
298 456
298 460
299 104
299 174
299 219
299 223
299 226
299 326
299 414
300 23
300 28
300 446
300 462
300 471
300 475
300 491
301 20
301 38
301 120
301 296
301 308
301 471
301 482
302 17
302 128
302 146
302 184
302 323
302 483
302 496
303 18
303 46
303 116
303 398
303 420
303 425
303 495
304 8
304 70
304 148
304 179
304 236
304 319
304 490
305 118
305 329
305 344
305 358
305 462
305 487
305 494
306 84
306 203
306 228
306 232
306 361
306 455
306 493
307 17
307 133
307 196
307 248
307 311
307 486
307 491
308 246
308 301
308 357
308 366
308 384
308 404
308 484
309 170
309 211
309 358
309 428
309 446
309 482
309 485
310 100
310 137
310 162
310 340
310 378
310 450
310 485
311 307
311 324
311 421
311 454
311 455
311 483
311 499
312 12
312 142
312 179
312 188
312 260
312 314
312 401
313 18
313 44
313 251
313 315
313 492
313 498
313 499
314 20
314 50
314 280
314 290
314 312
314 411
314 497
315 142
315 236
315 313
315 352
315 385
315 444
315 464
316 115
316 204
316 328
316 428
316 437
316 466
316 495
317 81
317 123
317 330
317 393
317 459
317 464
317 500
318 2
318 52
318 224
318 380
318 399
318 461
318 499
319 21
319 102
319 268
319 271
319 304
319 436
319 473
320 173
320 345
320 402
320 412
320 423
320 437
320 478
321 55
321 198
321 360
321 426
321 460
321 475
321 476
322 15
322 227
322 233
322 397
322 446
322 495
322 499
323 240
323 284
323 287
323 302
323 389
323 407
323 470
324 126
324 183
324 311
324 422
324 456
324 470
324 497
325 4
325 91
325 96
325 136
325 434
325 486
325 487
326 124
326 299
326 327
326 331
326 352
326 434
326 447
327 24
327 66
327 108
327 119
327 326
327 407
327 493
328 41
328 316
328 354
328 371
328 401
328 420
328 448
329 206
329 250
329 305
329 341
329 381
329 465
329 473
330 114
330 192
330 206
330 270
330 317
330 417
330 491
331 24
331 25
331 326
331 351
331 359
331 453
331 475
332 36
332 131
332 233
332 375
332 393
332 440
332 487
333 161
333 163
333 377
333 391
333 419
333 441
333 458
334 63
334 225
334 291
334 413
334 424
334 433
334 496
335 29
335 65
335 153
335 220
335 398
335 485
335 491
336 21
336 180
336 193
336 229
336 249
336 345
336 441
337 59
337 88
337 143
337 262
337 274
337 350
337 404
338 121
338 131
338 293
338 358
338 419
338 427
338 441
338 489
339 105
339 160
339 172
339 216
339 221
339 276
339 282
339 408
340 144
340 164
340 166
340 209
340 286
340 310
340 351
340 496
341 127
341 167
341 271
341 329
341 391
341 411
341 442
341 466
342 202
342 251
342 264
342 267
342 353
342 385
342 414
342 415
343 39
343 177
343 229
343 231
343 367
343 380
343 474
343 483
344 263
344 305
344 347
344 349
344 408
344 423
344 454
344 496
345 28
345 107
345 137
345 234
345 320
345 336
345 398
345 467
346 152
346 353
346 364
346 379
346 389
346 417
346 428
346 482
347 215
347 344
347 396
347 399
347 435
347 477
347 479
347 485
348 36
348 354
348 361
348 379
348 391
348 460
348 483
348 496
349 80
349 151
349 344
349 383
349 385
349 399
349 445
349 485
350 43
350 114
350 211
350 259
350 337
350 359
350 370
350 487
351 58
351 122
351 331
351 340
351 353
351 429
351 452
351 486
352 295
352 315
352 326
352 376
352 382
352 395
352 461
352 491
353 61
353 230
353 342
353 346
353 351
353 395
353 399
353 462
354 6
354 117
354 132
354 176
354 328
354 348
354 453
354 493
355 53
355 177
355 201
355 205
355 243
355 405
355 424
355 435
356 357
356 394
356 401
356 403
356 446
356 462
356 498
356 500
357 292
357 308
357 356
357 376
357 421
357 424
357 425
357 492
358 35
358 108
358 187
358 281
358 305
358 309
358 338
358 499
359 112
359 256
359 279
359 331
359 350
359 406
359 418
359 433
360 234
360 276
360 321
360 377
360 430
360 450
360 461
360 497
361 4
361 123
361 139
361 243
361 306
361 348
361 365
361 463
362 41
362 224
362 258
362 288
362 477
362 479
362 480
362 489
363 44
363 111
363 235
363 411
363 437
363 469
363 480
363 482
364 146
364 152
364 265
364 346
364 388
364 440
364 457
364 491
365 62
365 135
365 361
365 438
365 462
365 465
365 467
365 492
366 47
366 126
366 246
366 249
366 263
366 308
366 450
366 491
367 55
367 134
367 217
367 233
367 250
367 343
367 451
367 459
368 18
368 27
368 113
368 191
368 275
368 422
368 441
368 492
369 70
369 93
369 247
369 258
369 373
369 420
369 444
369 477
370 16
370 26
370 270
370 350
370 412
370 465
370 478
370 500
371 145
371 213
371 222
371 238
371 328
371 378
371 471
371 487
372 44
372 68
372 233
372 239
372 267
372 374
372 460
372 470
373 22
373 110
373 160
373 282
373 369
373 407
373 448
373 456
374 30
374 197
374 372
374 386
374 390
374 455
374 459
374 484
375 26
375 108
375 118
375 332
375 377
375 391
375 414
375 468
376 209
376 352
376 357
376 409
376 420
376 422
376 468
376 488
377 184
377 212
377 333
377 360
377 375
377 411
377 434
377 468
378 68
378 106
378 283
378 310
378 371
378 384
378 391
378 493
379 27
379 61
379 231
379 268
379 346
379 348
379 418
379 488
380 112
380 116
380 201
380 224
380 283
380 318
380 343
380 417
381 91
381 147
381 156
381 159
381 329
381 450
381 458
381 470
382 65
382 216
382 228
382 352
382 393
382 398
382 400
382 421
382 461
383 29
383 63
383 93
383 155
383 186
383 196
383 349
383 405
383 483
384 152
384 248
384 252
384 308
384 378
384 389
384 391
384 460
384 497
385 8
385 20
385 71
385 164
385 315
385 342
385 349
385 445
385 494
386 173
386 272
386 296
386 374
386 418
386 435
386 447
386 482
386 492
387 24
387 94
387 162
387 255
387 433
387 437
387 458
387 484
387 499
388 177
388 186
388 364
388 390
388 400
388 445
388 471
388 494
388 500
389 48
389 198
389 228
389 294
389 323
389 346
389 384
389 465
389 488
390 34
390 191
390 258
390 292
390 374
390 388
390 413
390 432
390 457
391 333
391 341
391 348
391 375
391 378
391 384
391 399
391 454
391 484
392 171
392 290
392 395
392 418
392 423
392 427
392 466
392 472
392 480
393 107
393 144
393 317
393 332
393 382
393 424
393 449
393 463
393 486
394 72
394 149
394 257
394 356
394 421
394 433
394 476
394 481
394 483
395 174
395 185
395 352
395 353
395 392
395 416
395 446
395 466
395 489
396 90
396 175
396 245
396 288
396 292
396 347
396 471
396 473
396 478
397 76
397 163
397 200
397 241
397 272
397 278
397 296
397 322
397 454
398 208
398 295
398 303
398 335
398 345
398 382
398 466
398 490
398 492
399 124
399 239
399 286
399 318
399 347
399 349
399 353
399 391
399 429
400 118
400 124
400 382
400 388
400 418
400 447
400 450
400 487
400 492
401 4
401 28
401 126
401 172
401 238
401 312
401 328
401 356
401 475
402 106
402 149
402 262
402 298
402 320
402 408
402 418
402 485
402 497
403 72
403 86
403 242
403 356
403 423
403 428
403 438
403 447
403 468
404 52
404 59
404 196
404 266
404 308
404 337
404 466
404 482
404 500
405 11
405 16
405 92
405 97
405 132
405 253
405 293
405 355
405 383
406 58
406 167
406 176
406 186
406 291
406 359
406 433
406 438
406 499
407 110
407 145
407 323
407 327
407 373
407 440
407 478
407 480
407 498
408 121
408 183
408 339
408 344
408 402
408 456
408 477
408 480
408 497
409 13
409 15
409 135
409 188
409 213
409 284
409 376
409 449
409 496
410 18
410 162
410 189
410 213
410 419
410 448
410 450
410 467
410 481
411 35
411 156
411 178
411 187
411 314
411 341
411 363
411 377
411 442
412 46
412 256
412 320
412 370
412 427
412 428
412 443
412 445
412 459
413 38
413 45
413 98
413 138
413 149
413 265
413 334
413 390
413 451
414 89
414 135
414 210
414 220
414 299
414 342
414 375
414 460
414 500
415 33
415 69
415 82
415 214
415 282
415 297
415 342
415 452
415 500
416 35
416 79
416 154
416 187
416 193
416 218
416 254
416 287
416 395
416 426
417 53
417 232
417 330
417 346
417 380
417 421
417 436
417 448
417 484
417 488
418 31
418 128
418 240
418 248
418 359
418 379
418 386
418 392
418 400
418 402
419 19
419 28
419 80
419 181
419 267
419 333
419 338
419 410
419 467
419 495
420 172
420 199
420 226
420 276
420 303
420 328
420 369
420 376
420 443
420 492
421 9
421 92
421 157
421 311
421 357
421 382
421 394
421 417
421 452
421 470
422 73
422 154
422 227
422 253
422 324
422 368
422 376
422 423
422 439
422 476
423 1
423 48
423 202
423 320
423 344
423 392
423 403
423 422
423 425
423 493
424 132
424 165
424 198
424 205
424 236
424 334
424 355
424 357
424 393
424 473
425 89
425 145
425 197
425 230
425 264
425 266
425 303
425 357
425 423
425 443
426 69
426 150
426 172
426 253
426 321
426 416
426 444
426 453
426 487
426 494
427 96
427 105
427 263
427 338
427 392
427 412
427 428
427 445
427 467
427 475
428 71
428 170
428 309
428 316
428 346
428 403
428 412
428 427
428 437
428 463
429 11
429 43
429 64
429 119
429 123
429 351
429 399
429 450
429 453
429 476
430 13
430 141
430 166
430 200
430 281
430 287
430 360
430 440
430 474
430 480
431 1
431 223
431 234
431 270
431 278
431 441
431 443
431 476
431 495
431 498
432 102
432 104
432 163
432 178
432 210
432 285
432 390
432 450
432 464
432 495
433 37
433 268
433 334
433 359
433 387
433 394
433 406
433 461
433 463
433 483
434 62
434 159
434 278
434 325
434 326
434 377
434 440
434 476
434 488
434 494
435 197
435 210
435 277
435 285
435 347
435 355
435 386
435 481
435 496
435 498
436 80
436 100
436 138
436 147
436 195
436 242
436 319
436 417
436 469
436 472
437 60
437 99
437 200
437 316
437 320
437 363
437 387
437 428
437 439
437 488
437 489
438 82
438 117
438 161
438 230
438 261
438 297
438 365
438 403
438 406
438 453
438 497
439 120
439 133
439 214
439 217
439 250
439 251
439 272
439 277
439 422
439 437
439 443
440 5
440 95
440 332
440 364
440 407
440 430
440 434
440 452
440 457
440 473
440 477
441 34
441 101
441 195
441 213
441 275
441 290
441 333
441 336
441 338
441 368
441 431
442 14
442 79
442 205
442 232
442 294
442 341
442 411
442 452
442 463
442 477
442 486
443 11
443 86
443 154
443 202
443 412
443 420
443 425
443 431
443 439
443 478
443 495
444 28
444 40
444 91
444 148
444 198
444 246
444 256
444 315
444 369
444 426
444 449
445 100
445 143
445 182
445 349
445 385
445 388
445 412
445 427
445 473
445 481
445 483
445 499
446 61
446 82
446 85
446 232
446 258
446 270
446 285
446 300
446 309
446 322
446 356
446 395
447 24
447 31
447 75
447 106
447 176
447 258
447 288
447 297
447 326
447 386
447 400
447 403
448 13
448 33
448 50
448 71
448 132
448 138
448 229
448 328
448 373
448 410
448 417
448 473
449 61
449 141
449 179
449 206
449 262
449 276
449 393
449 409
449 444
449 456
449 472
449 488
450 41
450 79
450 248
450 310
450 360
450 366
450 381
450 400
450 410
450 429
450 432
450 484
451 6
451 58
451 74
451 103
451 153
451 157
451 169
451 298
451 367
451 413
451 456
451 464
452 9
452 83
452 150
452 161
452 175
452 272
452 351
452 415
452 421
452 440
452 442
452 487
453 35
453 54
453 90
453 103
453 140
453 178
453 331
453 354
453 426
453 429
453 438
453 463
454 25
454 51
454 84
454 121
454 181
454 186
454 229
454 251
454 311
454 344
454 391
454 397
455 32
455 36
455 107
455 143
455 144
455 158
455 296
455 306
455 311
455 374
455 465
455 476
456 139
456 235
456 247
456 298
456 324
456 373
456 408
456 449
456 451
456 463
456 469
456 478
457 95
457 111
457 140
457 185
457 245
457 250
457 290
457 364
457 390
457 440
457 475
457 478
458 137
458 257
458 269
458 287
458 293
458 333
458 381
458 387
458 472
458 479
458 489
458 490
459 7
459 25
459 172
459 184
459 189
459 257
459 290
459 317
459 367
459 374
459 412
459 466
459 473
460 55
460 69
460 138
460 139
460 148
460 298
460 321
460 348
460 372
460 384
460 414
460 467
460 496
461 71
461 129
461 141
461 207
461 226
461 228
461 318
461 352
461 360
461 382
461 433
461 474
461 490
462 7
462 65
462 215
462 241
462 275
462 281
462 285
462 300
462 305
462 353
462 356
462 365
462 467
463 16
463 168
463 177
463 283
463 295
463 361
463 393
463 428
463 433
463 442
463 453
463 456
463 500
464 15
464 17
464 39
464 81
464 126
464 180
464 272
464 315
464 317
464 432
464 451
464 476
464 498
465 102
465 113
465 167
465 194
465 280
465 329
465 365
465 370
465 389
465 455
465 468
465 481
465 494
466 56
466 77
466 78
466 166
466 277
466 316
466 341
466 392
466 395
466 398
466 404
466 459
466 485
467 19
467 76
467 88
467 234
467 345
467 365
467 410
467 419
467 427
467 460
467 462
467 473
467 478
468 88
468 146
468 181
468 185
468 193
468 219
468 375
468 376
468 377
468 403
468 465
468 483
468 484
469 44
469 47
469 55
469 75
469 90
469 227
469 240
469 284
469 294
469 363
469 436
469 456
469 472
469 489
470 37
470 212
470 247
470 264
470 323
470 324
470 372
470 381
470 421
470 472
470 474
470 475
470 489
470 491
471 81
471 94
471 139
471 174
471 214
471 216
471 217
471 257
471 278
471 300
471 301
471 371
471 388
471 396
472 17
472 33
472 43
472 95
472 109
472 169
472 282
472 392
472 436
472 449
472 458
472 469
472 470
472 474
472 487
473 21
473 73
473 142
473 212
473 286
473 319
473 329
473 396
473 424
473 440
473 445
473 448
473 459
473 467
473 489
474 85
474 102
474 157
474 167
474 182
474 194
474 219
474 260
474 343
474 430
474 461
474 470
474 472
474 486
474 495
475 10
475 131
475 146
475 167
475 300
475 321
475 331
475 401
475 427
475 457
475 470
475 479
475 486
475 488
475 495
476 22
476 40
476 94
476 98
476 202
476 293
476 321
476 394
476 422
476 429
476 431
476 434
476 455
476 464
476 479
476 486
477 7
477 66
477 93
477 105
477 124
477 160
477 178
477 193
477 288
477 347
477 362
477 369
477 408
477 440
477 442
477 487
478 32
478 40
478 97
478 241
478 246
478 272
478 286
478 320
478 370
478 396
478 407
478 443
478 456
478 457
478 467
478 496
479 11
479 101
479 159
479 171
479 195
479 220
479 237
479 245
479 266
479 283
479 288
479 347
479 362
479 458
479 475
479 476
480 2
480 38
480 61
480 110
480 155
480 173
480 269
480 279
480 362
480 363
480 392
480 407
480 408
480 430
480 485
480 492
481 74
481 81
481 114
481 117
481 142
481 144
481 158
481 171
481 394
481 410
481 435
481 445
481 465
481 485
481 486
481 494
481 496
482 10
482 22
482 38
482 52
482 97
482 169
482 185
482 194
482 199
482 222
482 261
482 301
482 309
482 346
482 363
482 386
482 404
483 6
483 47
483 158
483 178
483 252
483 255
483 273
483 302
483 311
483 343
483 348
483 383
483 394
483 433
483 445
483 468
483 486
484 46
484 67
484 122
484 158
484 201
484 254
484 261
484 283
484 308
484 374
484 387
484 391
484 417
484 450
484 468
484 496
484 499
485 16
485 59
485 67
485 74
485 131
485 221
485 225
485 257
485 309
485 310
485 335
485 347
485 349
485 402
485 466
485 480
485 481
486 24
486 86
486 94
486 154
486 190
486 218
486 307
486 325
486 351
486 393
486 442
486 474
486 475
486 476
486 481
486 483
486 496
487 27
487 78
487 188
487 192
487 225
487 243
487 247
487 265
487 305
487 325
487 332
487 350
487 371
487 400
487 426
487 452
487 472
487 477
488 69
488 109
488 125
488 152
488 191
488 199
488 232
488 244
488 278
488 376
488 379
488 389
488 417
488 434
488 437
488 449
488 475
488 491
489 2
489 37
489 89
489 118
489 147
489 203
489 279
489 286
489 338
489 362
489 395
489 437
489 458
489 469
489 470
489 473
489 493
489 500
490 4
490 64
490 101
490 116
490 134
490 201
490 214
490 252
490 253
490 259
490 270
490 291
490 293
490 304
490 398
490 458
490 461
490 497
491 32
491 34
491 101
491 133
491 192
491 207
491 211
491 226
491 259
491 300
491 307
491 330
491 335
491 352
491 364
491 366
491 470
491 488
492 23
492 27
492 74
492 150
492 165
492 171
492 247
492 262
492 313
492 357
492 365
492 368
492 386
492 398
492 400
492 420
492 480
492 494
493 29
493 87
493 90
493 101
493 113
493 115
493 121
493 170
493 240
493 254
493 306
493 327
493 354
493 378
493 423
493 489
493 494
493 497
493 500
494 13
494 114
494 124
494 150
494 197
494 204
494 238
494 305
494 385
494 388
494 426
494 434
494 465
494 481
494 492
494 493
494 495
494 496
494 499
495 31
495 60
495 128
495 148
495 186
495 236
495 239
495 269
495 303
495 316
495 322
495 419
495 431
495 432
495 443
495 474
495 475
495 494
495 498
495 500
496 72
496 111
496 215
496 223
496 225
496 280
496 284
496 302
496 334
496 340
496 344
496 348
496 409
496 435
496 460
496 478
496 481
496 484
496 486
496 494
497 60
497 62
497 96
497 120
497 152
497 193
497 205
497 217
497 268
497 276
497 291
497 314
497 324
497 360
497 384
497 402
497 408
497 438
497 490
497 493
497 499
498 9
498 14
498 30
498 92
498 104
498 136
498 185
498 189
498 227
498 229
498 233
498 242
498 267
498 297
498 313
498 356
498 407
498 431
498 435
498 464
498 495
499 17
499 26
499 83
499 93
499 125
499 130
499 138
499 142
499 162
499 175
499 311
499 313
499 318
499 322
499 358
499 387
499 406
499 445
499 484
499 494
499 497
500 1
500 42
500 73
500 76
500 84
500 178
500 190
500 235
500 263
500 273
500 317
500 356
500 370
500 388
500 404
500 414
500 415
500 463
500 489
500 493
500 495
