1 19
2 20
3 18
4 10
5 12
6 20
7 23
8 3
9 31
10 2
11 23
12 3
13 39
14 32
15 36
16 17
17 14
18 7
19 17
20 16
21 42
22 30
23 2
24 36
25 33
26 8
27 27
28 5
29 33
30 18
31 29
32 29
33 22
34 1
35 23
36 29
37 29
38 31
39 35
40 28
41 13
42 15
43 25
44 5
45 22
46 5
47 16
48 1
49 4
50 40
51 30
52 7
53 16
54 14
55 27
56 28
57 35
58 38
59 7
60 12
61 6
62 6
63 26
64 13
65 2
66 30
67 11
68 9
69 18
70 27
71 32
72 28
73 29
74 9
75 36
76 25
77 23
78 4
79 17
80 37
81 40
82 36
83 36
84 34
85 14
86 27
87 2
88 10
89 10
90 38
91 28
92 39
93 36
94 35
95 22
96 41
97 39
98 34
99 5
100 15
101 8
102 8
103 17
104 8
105 42
106 29
107 17
108 1
109 11
110 35
111 13
112 20
113 33
114 39
115 40
116 28
117 27
118 29
119 12
120 41
121 7
122 32
123 24
124 21
125 30
126 38
127 1
128 14
129 18
130 7
131 9
132 3
133 11
134 29
135 9
136 7
137 24
138 4
139 24
140 24
141 7
142 36
143 27
144 34
145 31
146 6
147 38
148 9
149 10
150 25
151 3
152 41
153 14
154 33
155 16
156 28
157 23
158 26
159 16
160 19
161 39
162 16
163 41
164 19
165 14
166 8
167 26
168 35
169 42
170 34
171 34
172 20
173 36
174 42
175 25
176 15
177 30
178 5
179 6
180 24
181 32
182 41
183 6
184 33
185 35
186 4
187 22
188 24
189 14
190 15
191 27
192 31
193 40
194 13
195 10
196 16
197 16
198 14
199 20
200 27
201 31
202 41
203 42
204 33
205 19
206 12
207 22
208 1
209 9
210 13
211 25
212 25
213 31
214 10
215 24
216 21
217 7
218 21
219 39
220 4
221 17
222 39
223 17
224 37
225 28
226 3
227 38
228 27
229 27
230 18
231 14
232 41
233 32
234 38
235 6
236 14
237 41
238 22
239 24
240 1
241 20
242 26
243 35
244 28
245 33
246 35
247 7
248 29
249 8
250 15
251 24
252 21
253 7
254 13
255 25
256 19
257 9
258 21
259 28
260 24
261 38
262 7
263 28
264 29
265 31
266 23
267 7
268 30
269 9
270 9
271 4
272 15
273 6
274 14
275 25
276 30
277 31
278 33
279 11
280 38
281 42
282 29
283 4
284 32
285 39
286 10
287 38
288 9
289 42
290 39
291 39
292 30
293 33
294 15
295 16
296 26
297 37
298 30
299 17
300 9
301 38
302 1
303 37
304 18
305 7
306 37
307 33
308 21
309 40
310 13
311 6
312 35
313 5
314 13
315 13
316 35
317 7
318 8
319 34
320 10
321 26
322 37
323 15
324 5
325 19
326 24
327 34
328 22
329 29
330 39
331 38
332 27
333 32
334 8
335 21
336 37
337 37
338 24
339 26
340 19
341 17
342 21
343 21
344 10
345 23
346 13
347 18
348 11
349 42
350 23
351 41
352 23
353 6
354 37
355 19
356 20
357 27
358 10
359 39
360 7
361 31
362 39
363 18
364 24
365 40
366 37
367 11
368 1
369 4
370 8
371 28
372 19
373 15
374 39
375 26
376 11
377 9
378 15
379 33
380 28
381 9
382 27
383 39
384 22
385 21
386 6
387 28
388 36
389 29
390 27
391 32
392 24
393 12
394 35
395 16
396 6
397 28
398 18
399 40
400 4
401 9
402 38
403 32
404 30
405 10
406 41
407 7
408 19
409 18
410 30
411 11
412 18
413 20
414 14
415 17
416 18
417 32
418 4
419 32
420 23
421 9
422 38
423 39
424 25
425 20
426 15
427 25
428 13
429 35
430 9
431 27
432 39
433 2
434 26
435 15
436 9
437 20
438 39
439 28
440 16
441 27
442 8
443 41
444 9
445 13
446 16
447 34
448 15
449 38
450 28
451 38
452 10
453 6
454 35
455 5
456 4
457 40
458 4
459 28
460 35
461 9
462 35
463 9
464 15
465 6
466 24
467 35
468 38
469 15
470 4
471 36
472 7
473 15
474 23
475 27
476 27
477 24
478 28
479 19
480 24
481 4
482 38
483 39
484 35
485 28
486 28
487 9
488 15
489 7
490 9
491 35
492 35
493 28
494 27
495 39
496 9
497 4
498 19
499 35
500 17
