1 37
2 14
3 10
4 12
5 18
6 29
7 23
8 12
9 40
10 24
11 1
12 34
13 39
14 2
15 15
16 7
17 31
18 3
19 35
20 35
21 9
22 29
23 17
24 36
25 24
26 6
27 40
28 18
29 39
30 28
31 31
32 27
33 22
34 16
35 19
36 20
37 12
38 11
39 11
40 28
41 23
42 8
43 24
44 18
45 5
46 25
47 15
48 37
49 7
50 10
51 31
52 29
53 4
54 22
55 9
56 7
57 36
58 2
59 32
60 36
61 9
62 12
63 11
64 43
65 29
66 18
67 37
68 20
69 26
70 8
71 24
72 3
73 37
74 20
75 8
76 27
77 34
78 39
79 42
80 9
81 32
82 24
83 7
84 38
85 2
86 42
87 38
88 24
89 32
90 5
91 33
92 28
93 5
94 20
95 1
96 15
97 39
98 36
99 3
100 11
101 40
102 8
103 34
104 42
105 30
106 35
107 36
108 20
109 12
110 14
111 43
112 17
113 11
114 26
115 30
116 25
117 29
118 1
119 33
120 42
121 22
122 21
123 33
124 10
125 28
126 29
127 25
128 14
129 39
130 6
131 2
132 11
133 38
134 21
135 22
136 40
137 43
138 3
139 18
140 21
141 22
142 36
143 36
144 18
145 14
146 38
147 14
148 5
149 21
150 43
151 14
152 34
153 15
154 28
155 27
156 4
157 35
158 31
159 37
160 17
161 42
162 1
163 12
164 25
165 40
166 41
167 3
168 37
169 30
170 3
171 34
172 21
173 28
174 30
175 1
176 30
177 10
178 37
179 8
180 30
181 30
182 20
183 7
184 10
185 6
186 17
187 13
188 27
189 18
190 43
191 19
192 17
193 24
194 9
195 4
196 29
197 6
198 34
199 23
200 6
201 24
202 1
203 24
204 16
205 39
206 23
207 5
208 32
209 4
210 41
211 8
212 23
213 7
214 19
215 16
216 24
217 35
218 5
219 14
220 4
221 18
222 21
223 29
224 16
225 31
226 10
227 27
228 8
229 12
230 32
231 11
232 10
233 38
234 39
235 29
236 16
237 9
238 14
239 31
240 26
241 2
242 4
243 9
244 20
245 33
246 23
247 13
248 2
249 35
250 35
251 20
252 42
253 6
254 36
255 38
256 16
257 13
258 1
259 8
260 7
261 11
262 34
263 40
264 26
265 13
266 1
267 26
268 25
269 21
270 20
271 11
272 1
273 19
274 9
275 27
276 19
277 31
278 7
279 41
280 1
281 19
282 1
283 8
284 32
285 2
286 19
287 35
288 33
289 15
290 5
291 15
292 13
293 26
294 39
295 42
296 37
297 39
298 15
299 31
300 28
301 6
302 26
303 13
304 33
305 38
306 20
307 38
308 32
309 23
310 13
311 4
312 16
313 11
314 17
315 20
316 17
317 6
318 42
319 22
320 25
321 1
322 1
323 40
324 43
325 21
326 28
327 42
328 32
329 19
330 39
331 41
332 33
333 31
334 14
335 10
336 4
337 29
338 18
339 21
340 16
341 6
342 26
343 24
344 36
345 42
346 13
347 1
348 27
349 32
350 8
351 25
352 30
353 23
354 41
355 36
356 39
357 16
358 35
359 40
360 11
361 24
362 22
363 22
364 43
365 30
366 6
367 17
368 15
369 31
370 35
371 15
372 43
373 32
374 28
375 32
376 35
377 43
378 33
379 23
380 25
381 4
382 33
383 14
384 21
385 17
386 43
387 23
388 8
389 40
390 25
391 14
392 36
393 4
394 33
395 26
396 15
397 43
398 25
399 16
400 27
401 6
402 15
403 40
404 26
405 4
406 26
407 21
408 29
409 14
410 1
411 35
412 35
413 25
414 41
415 29
416 24
417 42
418 42
419 41
420 4
421 4
422 35
423 6
424 31
425 25
426 1
427 27
428 27
429 31
430 31
431 29
432 33
433 6
434 33
435 27
436 40
437 27
438 27
439 24
440 27
441 40
442 24
443 42
444 27
445 26
446 25
447 27
448 33
449 26
450 35
451 42
452 24
453 41
454 25
455 33
456 42
457 42
458 33
459 40
460 40
461 35
462 40
463 26
464 41
465 33
466 27
467 1
468 24
469 1
470 26
471 26
472 33
473 41
474 35
475 33
476 26
477 35
478 24
479 35
480 26
481 41
482 41
483 26
484 41
485 1
486 26
487 41
488 41
489 1
490 41
491 41
492 41
493 1
494 1
495 41
496 41
497 41
498 41
499 41
500 41
