1 34
2 41
3 46
4 7
5 16
6 29
7 45
8 26
9 44
10 44
11 2
12 11
13 41
14 45
15 13
16 3
17 7
18 7
19 21
20 14
21 34
22 47
23 4
24 34
25 18
26 49
27 5
28 9
29 47
30 44
31 22
32 8
33 13
34 18
35 19
36 34
37 30
38 48
39 8
40 37
41 48
42 34
43 7
44 21
45 49
46 12
47 40
48 7
49 20
50 46
51 29
52 29
53 12
54 15
55 6
56 23
57 28
58 36
59 14
60 7
61 33
62 3
63 42
64 33
65 28
66 15
67 47
68 20
69 6
70 5
71 4
72 12
73 16
74 31
75 11
76 29
77 20
78 8
79 42
80 45
81 41
82 37
83 28
84 8
85 33
86 39
87 2
88 18
89 37
90 23
91 29
92 47
93 17
94 15
95 46
96 7
97 25
98 40
99 12
100 46
101 37
102 26
103 18
104 47
105 11
106 41
107 11
108 18
109 45
110 47
111 22
112 19
113 49
114 27
115 3
116 6
117 35
118 12
119 49
120 39
121 29
122 12
123 14
124 37
125 34
126 2
127 24
128 46
129 6
130 14
131 49
132 47
133 24
134 26
135 41
136 29
137 45
138 18
139 12
140 31
141 41
142 11
143 25
144 4
145 22
146 23
147 32
148 19
149 38
150 46
151 33
152 39
153 49
154 32
155 39
156 24
157 29
158 23
159 6
160 18
161 38
162 30
163 2
164 17
165 41
166 19
167 3
168 45
169 33
170 48
171 46
172 17
173 9
174 40
175 37
176 23
177 2
178 10
179 10
180 17
181 4
182 39
183 14
184 48
185 42
186 36
187 3
188 23
189 35
190 34
191 23
192 47
193 12
194 10
195 7
196 23
197 43
198 41
199 46
200 20
201 47
202 42
203 18
204 42
205 47
206 47
207 18
208 30
209 31
210 8
211 41
212 49
213 30
214 32
215 41
216 2
217 23
218 47
219 26
220 1
221 32
222 2
223 46
224 15
225 20
226 26
227 8
228 34
229 25
230 41
231 40
232 23
233 20
234 27
235 40
236 32
237 37
238 33
239 34
240 14
241 5
242 25
243 29
244 8
245 13
246 14
247 31
248 34
249 5
250 9
251 2
252 44
253 22
254 25
255 25
256 19
257 35
258 43
259 27
260 49
261 13
262 26
263 17
264 16
265 31
266 45
267 42
268 18
269 35
270 48
271 45
272 45
273 17
274 19
275 44
276 46
277 38
278 41
279 14
280 17
281 4
282 6
283 22
284 21
285 12
286 26
287 49
288 42
289 42
290 40
291 10
292 29
293 3
294 28
295 1
296 7
297 10
298 5
299 33
300 33
301 43
302 18
303 7
304 29
305 44
306 44
307 19
308 47
309 44
310 6
311 33
312 7
313 10
314 34
315 12
316 43
317 44
318 32
319 9
320 1
321 42
322 37
323 5
324 49
325 20
326 24
327 24
328 10
329 45
330 26
331 46
332 34
333 18
334 32
335 6
336 35
337 43
338 47
339 15
340 25
341 22
342 42
343 12
344 46
345 33
346 25
347 41
348 7
349 41
350 10
351 14
352 11
353 49
354 45
355 31
356 7
357 12
358 7
359 38
360 36
361 38
362 2
363 46
364 23
365 18
366 2
367 1
368 23
369 1
370 18
371 45
372 32
373 43
374 5
375 40
376 11
377 7
378 10
379 5
380 44
381 45
382 45
383 2
384 48
385 32
386 39
387 27
388 7
389 5
390 13
391 35
392 6
393 29
394 49
395 7
396 34
397 48
398 25
399 16
400 4
401 46
402 7
403 39
404 47
405 7
406 45
407 3
408 34
409 2
410 13
411 20
412 33
413 43
414 45
415 5
416 6
417 42
418 48
419 24
420 21
421 47
422 9
423 47
424 17
425 12
426 7
427 19
428 27
429 27
430 48
431 46
432 5
433 28
434 44
435 46
436 7
437 12
438 23
439 48
440 44
441 33
442 47
443 38
444 30
445 5
446 8
447 47
448 40
449 15
450 47
451 47
452 21
453 9
454 12
455 41
456 20
457 19
458 40
459 39
460 33
461 46
462 28
463 37
464 36
465 14
466 36
467 18
468 7
469 6
470 16
471 8
472 30
473 39
474 8
475 46
476 43
477 43
478 1
479 6
480 41
481 11
482 45
483 44
484 46
485 24
486 45
487 36
488 49
489 13
490 25
491 5
492 18
493 9
494 1
495 11
496 49
497 41
498 12
499 11
500 10
