1 63
1 138
1 205
1 226
1 279
2 250
2 431
2 435
2 470
2 476
3 116
3 148
3 154
3 249
3 395
4 50
4 87
4 118
4 173
4 498
5 48
5 94
5 300
5 353
5 387
6 164
6 253
6 254
6 297
6 316
7 73
7 226
7 333
7 431
7 475
8 12
8 215
8 236
8 304
8 366
9 161
9 371
9 446
9 484
9 497
10 419
10 474
10 491
10 494
10 500
11 67
11 382
11 431
11 435
11 470
12 8
12 236
12 335
12 412
12 466
13 34
13 49
13 100
13 128
13 133
14 172
14 330
14 345
14 450
14 454
15 306
15 440
15 483
15 488
15 493
16 88
16 449
16 477
16 482
16 488
17 240
17 301
17 403
17 422
17 424
18 263
18 375
18 445
18 451
18 459
19 51
19 52
19 82
19 124
19 154
20 330
20 363
20 409
20 454
20 474
21 108
21 216
21 442
21 447
21 481
22 28
22 56
22 59
22 83
22 393
23 188
23 286
23 366
23 385
23 399
24 237
24 440
24 445
24 451
24 459
25 183
25 233
25 332
25 381
25 394
26 208
26 235
26 252
26 259
26 374
27 58
27 110
27 201
27 204
27 272
28 22
28 56
28 59
28 83
28 218
29 259
29 293
29 445
29 451
29 459
30 210
30 441
30 448
30 466
30 489
31 185
31 220
31 463
31 483
31 499
32 41
32 287
32 442
32 447
32 481
33 114
33 202
33 261
33 294
33 309
34 13
34 49
34 100
34 128
34 313
35 84
35 320
35 455
35 464
35 465
36 391
36 419
36 474
36 491
36 500
37 325
37 383
37 391
37 485
37 492
38 325
38 341
38 386
38 417
38 429
39 368
39 436
39 441
39 448
39 489
40 293
40 328
40 360
40 378
40 418
41 32
41 267
41 271
41 344
41 374
42 334
42 381
42 436
42 466
42 489
43 216
43 347
43 388
43 442
43 481
44 123
44 387
44 423
44 428
44 433
45 63
45 138
45 205
45 279
45 355
46 148
46 438
46 474
46 494
46 500
47 95
47 419
47 465
47 491
47 500
48 5
48 108
48 300
48 353
48 396
49 13
49 34
49 100
49 128
49 364
50 4
50 87
50 118
50 173
50 444
51 19
51 52
51 82
51 124
51 324
52 19
52 51
52 82
52 102
52 124
53 187
53 354
53 358
53 369
53 497
54 236
54 304
54 312
54 412
54 475
55 133
55 169
55 188
55 385
55 399
56 22
56 28
56 59
56 74
56 83
57 435
57 461
57 470
57 476
57 479
58 27
58 110
58 201
58 204
58 272
59 22
59 28
59 56
59 83
59 465
60 283
60 390
60 449
60 482
60 493
61 67
61 91
61 162
61 172
61 186
62 75
62 339
62 439
62 455
62 464
63 1
63 45
63 138
63 205
63 279
64 243
64 268
64 303
64 401
64 486
65 87
65 89
65 101
65 310
65 377
66 252
66 292
66 342
66 376
66 404
67 11
67 61
67 91
67 186
67 220
68 70
68 181
68 300
68 331
68 353
69 183
69 293
69 332
69 381
69 394
70 68
70 72
70 117
70 181
70 416
71 166
71 332
71 381
71 394
71 454
72 70
72 94
72 241
72 300
72 353
73 7
73 268
73 420
73 473
73 475
74 56
74 194
74 280
74 291
74 298
75 62
75 324
75 426
75 455
75 464
76 282
76 452
76 458
76 479
76 486
77 161
77 328
77 400
77 425
77 457
78 103
78 177
78 180
78 246
78 367
79 114
79 125
79 479
79 486
79 495
80 251
80 280
80 291
80 298
80 360
81 281
81 323
81 338
81 413
81 499
82 19
82 51
82 52
82 83
82 124
83 22
83 28
83 56
83 59
83 82
84 35
84 320
84 437
84 464
84 476
85 308
85 363
85 409
85 450
85 454
86 104
86 132
86 229
86 237
86 445
87 4
87 50
87 65
87 118
87 173
88 16
88 224
88 275
88 313
88 318
89 65
89 310
89 322
89 377
89 449
90 299
90 301
90 321
90 469
90 492
91 61
91 67
91 162
91 220
91 467
92 246
92 248
92 288
92 367
92 469
93 150
93 364
93 369
93 395
93 414
94 5
94 72
94 108
94 181
94 223
95 47
95 402
95 421
95 422
95 424
96 304
96 312
96 335
96 366
96 412
97 282
97 289
97 302
97 386
97 417
98 121
98 182
98 209
98 256
98 295
99 147
99 241
99 271
99 344
99 374
100 13
100 34
100 49
100 128
100 217
101 65
101 310
101 322
101 377
101 433
102 52
102 343
102 352
102 402
102 426
103 78
103 180
103 246
103 248
103 367
104 86
104 191
104 263
104 451
104 459
105 179
105 275
105 313
105 318
105 457
106 160
106 330
106 356
106 409
106 450
107 196
107 274
107 468
107 480
107 498
108 21
108 48
108 94
108 241
108 300
109 113
109 192
109 274
109 453
109 480
110 27
110 58
110 201
110 204
110 272
111 152
111 188
111 286
111 385
111 399
112 125
112 127
112 342
112 376
112 404
113 109
113 140
113 163
113 211
113 372
114 33
114 79
114 350
114 479
114 495
115 210
115 325
115 341
115 386
115 417
116 3
116 148
116 154
116 249
116 444
117 70
117 241
117 300
117 353
117 388
118 4
118 50
118 87
118 173
118 493
119 314
119 327
119 432
119 472
119 496
120 127
120 453
120 468
120 490
120 498
121 98
121 144
121 182
121 256
121 295
122 168
122 197
122 465
122 490
122 498
123 44
123 276
123 423
123 428
123 433
124 19
124 51
124 52
124 82
124 453
125 79
125 112
125 127
125 376
125 404
126 163
126 203
126 211
126 372
126 381
127 112
127 120
127 125
127 292
127 342
128 13
128 34
128 49
128 100
128 176
129 214
129 283
129 333
129 417
129 473
130 200
130 292
130 342
130 376
130 404
131 183
131 185
131 413
131 462
131 499
132 86
132 221
132 429
132 463
132 483
133 13
133 55
133 152
133 286
133 385
134 373
134 460
134 478
134 492
134 496
135 282
135 341
135 346
135 386
135 417
136 177
136 310
136 322
136 377
136 402
137 140
137 351
137 362
137 427
137 430
138 1
138 45
138 63
138 205
138 279
139 258
139 425
139 469
139 473
139 475
140 113
140 137
140 203
140 211
140 372
141 394
141 479
141 486
141 487
141 495
142 334
142 338
142 410
142 466
142 489
143 324
143 415
143 437
143 455
143 464
144 121
144 182
144 209
144 256
144 295
145 375
145 387
145 423
145 428
145 433
146 171
146 329
146 380
146 431
146 476
147 99
147 265
147 267
147 344
147 374
148 3
148 46
148 116
148 154
148 249
149 247
149 273
149 278
149 365
149 379
150 93
150 151
150 359
150 395
150 414
151 150
151 184
151 273
151 278
151 365
152 111
152 133
152 153
152 385
152 399
153 152
153 193
153 268
153 331
153 401
154 3
154 19
154 116
154 148
154 249
155 157
155 359
155 395
155 414
155 480
156 165
156 262
156 364
156 395
156 414
157 155
157 262
157 359
157 385
157 414
158 199
158 362
158 392
158 427
158 430
159 267
159 271
159 344
159 374
159 405
160 106
160 278
160 326
160 363
160 409
161 9
161 77
161 277
161 378
161 408
162 61
162 91
162 186
162 220
162 316
163 113
163 126
163 185
163 203
163 372
164 6
164 253
164 297
164 316
164 482
165 156
165 438
165 491
165 494
165 500
166 71
166 332
166 381
166 394
166 468
167 264
167 339
167 447
167 478
167 481
168 122
168 444
168 468
168 490
168 498
169 55
169 452
169 486
169 487
169 495
170 247
170 296
170 392
170 427
170 430
171 146
171 225
171 269
171 380
171 495
172 14
172 61
172 308
172 450
172 454
173 4
173 50
173 87
173 118
173 430
174 474
174 487
174 491
174 494
174 500
175 254
175 432
175 472
175 485
175 496
176 128
176 208
176 235
176 252
176 259
176 441
177 78
177 136
177 310
177 322
177 377
177 480
178 354
178 411
178 425
178 439
178 471
178 473
179 105
179 224
179 275
179 313
179 318
179 407
180 78
180 103
180 248
180 288
180 367
180 485
181 68
181 70
181 94
181 241
181 353
181 434
182 98
182 121
182 144
182 256
182 295
182 456
183 25
183 69
183 131
183 332
183 381
183 394
184 151
184 247
184 273
184 278
184 365
184 432
185 31
185 131
185 163
185 338
185 429
185 463
186 61
186 67
186 162
186 188
186 220
186 485
187 53
187 337
187 354
187 358
187 369
187 389
188 23
188 55
188 111
188 186
188 385
188 399
189 270
189 307
189 465
189 491
189 494
189 500
190 193
190 452
190 479
190 486
190 487
190 495
191 104
191 229
191 445
191 451
191 459
191 490
192 109
192 357
192 361
192 447
192 453
192 498
193 153
193 190
193 243
193 255
193 331
193 401
194 74
194 251
194 280
194 291
194 298
194 454
195 438
195 472
195 478
195 485
195 492
195 496
196 107
196 410
196 436
196 441
196 448
196 489
197 122
197 212
197 453
197 473
197 490
197 498
198 300
198 356
198 468
198 480
198 490
198 498
199 158
199 206
199 337
199 354
199 358
199 369
200 130
200 292
200 342
200 376
200 404
200 483
201 27
201 58
201 110
201 204
201 272
201 419
202 33
202 209
202 261
202 294
202 309
202 378
203 126
203 140
203 163
203 211
203 311
203 372
204 27
204 58
204 110
204 201
204 272
204 461
205 1
205 45
205 63
205 138
205 279
205 280
206 199
206 242
206 337
206 354
206 358
206 369
207 290
207 360
207 393
207 418
207 457
207 499
208 26
208 176
208 235
208 252
208 259
208 401
209 98
209 144
209 202
209 261
209 294
209 309
210 30
210 115
210 285
210 408
210 441
210 448
211 113
211 126
211 140
211 203
211 360
211 372
212 197
212 286
212 294
212 468
212 490
212 498
213 276
213 317
213 367
213 370
213 484
213 497
214 129
214 411
214 439
214 473
214 475
214 478
215 8
215 307
215 406
215 415
215 437
215 455
216 21
216 43
216 254
216 339
216 389
216 447
217 100
217 351
217 362
217 392
217 427
217 430
218 28
218 375
218 387
218 423
218 428
218 433
219 321
219 425
219 439
219 452
219 470
219 471
220 31
220 67
220 91
220 162
220 186
220 469
221 132
221 338
221 347
221 462
221 483
221 499
222 233
222 468
222 480
222 486
222 490
222 498
223 94
223 407
223 419
223 491
223 494
223 500
224 88
224 179
224 275
224 313
224 318
224 436
225 171
225 382
225 435
225 446
225 461
225 470
226 1
226 7
226 425
226 439
226 469
226 471
227 336
227 399
227 465
227 474
227 491
227 494
228 443
228 477
228 482
228 488
228 493
228 499
229 86
229 191
229 422
229 445
229 451
229 459
230 266
230 396
230 411
230 444
230 463
230 499
231 358
231 375
231 387
231 423
231 428
231 433
232 236
232 312
232 335
232 366
232 412
232 491
233 25
233 222
233 453
233 480
233 490
233 498
234 395
234 458
234 479
234 486
234 487
234 495
235 26
235 176
235 208
235 252
235 259
235 295
236 8
236 12
236 54
236 232
236 304
236 366
237 24
237 86
237 263
237 293
237 445
237 459
238 307
238 406
238 415
238 455
238 464
238 500
239 265
239 396
239 444
239 483
239 486
239 499
240 17
240 421
240 422
240 424
240 426
240 496
241 72
241 99
241 108
241 117
241 181
241 353
242 206
242 329
242 396
242 463
242 483
242 499
243 64
243 193
243 303
243 331
243 401
243 493
244 339
244 347
244 388
244 442
244 481
244 490
245 370
245 371
245 390
245 434
245 456
245 497
246 78
246 92
246 103
246 288
246 367
246 384
247 149
247 170
247 184
247 273
247 278
247 365
248 92
248 103
248 180
248 288
248 367
248 477
249 3
249 116
249 148
249 154
249 317
249 413
250 2
250 284
250 327
250 461
250 470
250 476
251 80
251 194
251 280
251 291
251 298
251 305
252 26
252 66
252 176
252 208
252 235
252 259
253 6
253 164
253 254
253 297
253 316
253 481
254 6
254 175
254 216
254 253
254 297
254 316
255 193
255 268
255 303
255 331
255 401
255 437
256 98
256 121
256 144
256 182
256 284
256 295
257 407
257 438
257 449
257 491
257 494
257 500
258 139
258 440
258 443
258 482
258 488
258 493
259 26
259 29
259 176
259 208
259 235
259 252
260 440
260 462
260 477
260 482
260 488
260 493
261 33
261 202
261 209
261 294
261 309
261 473
262 156
262 157
262 343
262 359
262 364
262 414
263 18
263 104
263 237
263 316
263 451
263 459
264 167
264 388
264 389
264 442
264 470
264 481
265 147
265 239
265 396
265 463
265 483
265 499
266 230
266 444
266 448
266 462
266 483
266 499
267 41
267 147
267 159
267 271
267 344
267 374
268 64
268 73
268 153
268 255
268 331
268 361
268 401
269 171
269 382
269 435
269 455
269 461
269 470
269 476
270 189
270 305
270 438
270 474
270 494
270 499
270 500
271 41
271 99
271 159
271 267
271 344
271 374
271 478
272 27
272 58
272 110
272 201
272 204
272 477
272 483
273 149
273 151
273 184
273 247
273 278
273 365
273 397
274 107
274 109
274 314
274 356
274 453
274 480
274 490
275 88
275 105
275 179
275 224
275 313
275 318
275 475
276 123
276 213
276 416
276 446
276 456
276 484
276 497
277 161
277 380
277 393
277 405
277 418
277 457
277 484
278 149
278 151
278 160
278 184
278 247
278 273
278 365
279 1
279 45
279 63
279 138
279 205
279 398
279 430
280 74
280 80
280 194
280 205
280 251
280 291
280 298
281 81
281 383
281 460
281 472
281 478
281 492
281 496
282 76
282 97
282 135
282 325
282 341
282 386
282 417
283 60
283 129
283 302
283 321
283 333
283 462
283 469
284 250
284 256
284 431
284 435
284 461
284 470
284 476
285 210
285 333
285 334
285 392
285 408
285 436
285 489
286 23
286 111
286 133
286 212
286 385
286 399
286 442
287 32
287 288
287 379
287 388
287 389
287 447
287 481
288 92
288 180
288 246
288 248
288 287
288 289
288 367
289 97
289 288
289 452
289 458
289 479
289 486
289 495
290 207
290 360
290 378
290 400
290 418
290 435
290 457
291 74
291 80
291 194
291 251
291 280
291 298
291 493
292 66
292 127
292 130
292 200
292 376
292 404
292 428
293 29
293 40
293 69
293 237
293 445
293 451
293 459
294 33
294 202
294 209
294 212
294 261
294 309
294 329
295 98
295 121
295 144
295 182
295 235
295 256
295 364
296 170
296 297
296 351
296 392
296 404
296 427
296 430
297 6
297 164
297 253
297 254
297 296
297 316
297 403
298 74
298 80
298 194
298 251
298 280
298 291
298 489
299 90
299 356
299 425
299 439
299 469
299 471
299 475
300 5
300 48
300 68
300 72
300 108
300 117
300 198
301 17
301 90
301 321
301 420
301 425
301 471
301 473
302 97
302 283
302 411
302 469
302 471
302 473
302 475
303 64
303 243
303 255
303 331
303 352
303 400
303 401
304 8
304 54
304 96
304 236
304 335
304 345
304 412
305 251
305 270
305 465
305 474
305 491
305 494
305 500
306 15
306 340
306 390
306 477
306 482
306 488
306 493
307 189
307 215
307 238
307 324
307 415
307 437
307 464
308 85
308 172
308 345
308 409
308 450
308 454
308 488
309 33
309 202
309 209
309 261
309 294
309 322
309 500
310 65
310 89
310 101
310 136
310 177
310 322
310 377
311 203
311 452
311 458
311 479
311 486
311 487
311 495
312 54
312 96
312 232
312 335
312 350
312 366
312 412
313 34
313 88
313 105
313 179
313 224
313 275
313 318
314 119
314 274
314 349
314 472
314 485
314 492
314 496
315 350
315 450
315 458
315 479
315 486
315 487
315 495
316 6
316 162
316 164
316 253
316 254
316 263
316 297
317 213
317 249
317 398
317 434
317 446
317 484
317 497
318 88
318 105
318 179
318 224
318 275
318 313
318 488
319 398
319 434
319 456
319 463
319 467
319 484
319 497
320 35
320 84
320 357
320 406
320 437
320 455
320 464
321 90
321 219
321 283
321 301
321 420
321 471
321 487
322 89
322 101
322 136
322 177
322 309
322 310
322 377
323 81
323 336
323 444
323 462
323 463
323 483
323 499
324 51
324 75
324 143
324 307
324 406
324 437
324 455
325 37
325 38
325 115
325 282
325 341
325 386
325 417
326 160
326 330
326 342
326 345
326 409
326 450
326 454
327 119
327 250
327 379
327 434
327 467
327 484
327 497
328 40
328 77
328 400
328 405
328 418
328 457
328 484
329 146
329 242
329 294
329 413
329 468
329 483
329 499
330 14
330 20
330 106
330 326
330 410
330 450
330 454
331 68
331 153
331 193
331 243
331 255
331 268
331 303
331 401
332 25
332 69
332 71
332 166
332 183
332 381
332 394
332 427
333 7
333 129
333 283
333 285
333 420
333 439
333 455
333 469
334 42
334 142
334 285
334 335
334 408
334 448
334 466
334 489
335 12
335 96
335 232
335 304
335 312
335 334
335 366
335 412
336 227
336 323
336 407
336 433
336 438
336 474
336 491
336 500
337 187
337 199
337 206
337 354
337 358
337 369
337 423
337 460
338 81
338 142
338 185
338 221
338 444
338 462
338 463
338 499
339 62
339 167
339 216
339 244
339 388
339 442
339 447
339 481
340 306
340 350
340 439
340 452
340 458
340 486
340 487
340 495
341 38
341 115
341 135
341 282
341 325
341 386
341 417
341 473
342 66
342 112
342 127
342 130
342 200
342 326
342 376
342 404
343 102
343 262
343 348
343 352
343 403
343 421
343 424
343 426
344 41
344 99
344 147
344 159
344 267
344 271
344 374
344 494
345 14
345 304
345 308
345 326
345 362
345 363
345 450
345 454
346 135
346 349
346 390
346 440
346 443
346 449
346 488
346 493
347 43
347 221
347 244
347 349
347 389
347 442
347 447
347 481
348 343
348 440
348 443
348 449
348 477
348 482
348 488
348 493
349 314
349 346
349 347
349 440
349 443
349 477
349 488
349 493
350 114
350 312
350 315
350 340
350 452
350 458
350 487
350 495
351 137
351 217
351 296
351 362
351 392
351 425
351 427
351 430
352 102
352 303
352 343
352 402
352 403
352 421
352 422
352 426
353 5
353 48
353 68
353 72
353 117
353 181
353 241
353 489
354 53
354 178
354 187
354 199
354 206
354 337
354 358
354 369
355 45
355 384
355 397
355 472
355 478
355 485
355 492
355 496
356 106
356 198
356 274
356 299
356 361
356 468
356 480
356 498
357 192
357 320
357 361
357 453
357 468
357 480
357 490
357 498
358 53
358 187
358 199
358 206
358 231
358 337
358 354
358 369
359 150
359 155
359 157
359 262
359 364
359 395
359 414
359 467
360 40
360 80
360 207
360 211
360 290
360 400
360 405
360 457
361 192
361 268
361 356
361 357
361 453
361 480
361 490
361 498
362 137
362 158
362 217
362 345
362 351
362 392
362 427
362 430
363 20
363 85
363 160
363 345
363 405
363 409
363 450
363 454
364 49
364 93
364 156
364 262
364 295
364 359
364 395
364 414
365 149
365 151
365 184
365 247
365 273
365 278
365 368
365 372
366 8
366 23
366 96
366 232
366 236
366 312
366 335
366 412
367 78
367 92
367 103
367 180
367 213
367 246
367 248
367 288
368 39
368 365
368 408
368 436
368 437
368 441
368 466
368 489
369 53
369 93
369 187
369 199
369 206
369 337
369 354
369 358
370 213
370 245
370 446
370 456
370 457
370 467
370 484
370 497
371 9
371 245
371 398
371 403
371 456
371 467
371 484
371 497
372 113
372 126
372 140
372 163
372 203
372 211
372 365
372 409
373 134
373 383
373 427
373 469
373 472
373 485
373 492
373 496
374 26
374 41
374 99
374 147
374 159
374 267
374 271
374 344
375 18
375 145
375 218
375 231
375 387
375 423
375 428
375 433
376 66
376 112
376 125
376 130
376 200
376 292
376 342
376 404
377 65
377 89
377 101
377 136
377 177
377 310
377 322
377 378
377 475
378 40
378 161
378 202
378 290
378 377
378 393
378 405
378 418
378 457
379 149
379 287
379 327
379 416
379 446
379 456
379 467
379 484
379 497
380 146
380 171
380 277
380 382
380 431
380 435
380 448
380 461
380 476
381 25
381 42
381 69
381 71
381 126
381 166
381 183
381 332
381 394
382 11
382 225
382 269
382 380
382 431
382 461
382 470
382 476
382 489
383 37
383 281
383 373
383 391
383 418
383 460
383 478
383 485
383 496
384 246
384 355
384 397
384 447
384 472
384 478
384 485
384 492
384 496
385 23
385 55
385 111
385 133
385 152
385 157
385 188
385 286
385 399
386 38
386 97
386 115
386 135
386 282
386 325
386 341
386 417
386 424
387 5
387 44
387 145
387 218
387 231
387 375
387 423
387 428
387 433
388 43
388 117
388 244
388 264
388 287
388 339
388 389
388 409
388 481
389 187
389 216
389 264
389 287
389 347
389 388
389 442
389 447
389 481
390 60
390 245
390 306
390 346
390 421
390 449
390 477
390 482
390 493
391 36
391 37
391 383
391 394
391 460
391 472
391 485
391 492
391 496
392 158
392 170
392 217
392 285
392 296
392 351
392 362
392 427
392 430
393 22
393 207
393 277
393 378
393 400
393 405
393 418
393 453
393 457
394 25
394 69
394 71
394 141
394 166
394 183
394 332
394 381
394 391
395 3
395 93
395 150
395 155
395 156
395 234
395 359
395 364
395 414
396 48
396 230
396 239
396 242
396 265
396 413
396 429
396 462
396 483
397 273
397 355
397 384
397 432
397 460
397 478
397 485
397 492
397 496
398 279
398 317
398 319
398 371
398 399
398 416
398 434
398 456
398 497
399 23
399 55
399 111
399 152
399 188
399 227
399 286
399 385
399 398
400 77
400 290
400 303
400 328
400 360
400 393
400 405
400 457
400 460
401 64
401 153
401 193
401 208
401 243
401 255
401 268
401 303
401 331
402 95
402 102
402 136
402 352
402 403
402 421
402 422
402 424
402 426
402 466
403 17
403 297
403 343
403 352
403 371
403 402
403 421
403 422
403 424
403 426
404 66
404 112
404 125
404 130
404 200
404 292
404 296
404 342
404 376
404 436
405 159
405 277
405 328
405 360
405 363
405 378
405 393
405 400
405 418
405 457
406 215
406 238
406 320
406 324
406 414
406 415
406 437
406 455
406 464
406 495
407 179
407 223
407 257
407 336
407 438
407 465
407 487
407 491
407 494
407 500
408 161
408 210
408 285
408 334
408 368
408 410
408 448
408 466
408 488
408 489
409 20
409 85
409 106
409 160
409 308
409 326
409 363
409 372
409 388
409 450
410 142
410 196
410 330
410 408
410 431
410 436
410 441
410 448
410 466
410 489
411 178
411 214
411 230
411 302
411 420
411 432
411 439
411 469
411 471
411 475
412 12
412 54
412 96
412 232
412 304
412 312
412 335
412 366
412 459
412 477
413 81
413 131
413 249
413 329
413 396
413 415
413 429
413 444
413 463
413 499
414 93
414 150
414 155
414 156
414 157
414 262
414 359
414 364
414 395
414 406
415 143
415 215
415 238
415 307
415 406
415 413
415 437
415 455
415 464
415 482
416 70
416 276
416 379
416 398
416 434
416 446
416 459
416 467
416 484
416 497
417 38
417 97
417 115
417 129
417 135
417 282
417 325
417 341
417 386
417 443
418 40
418 207
418 277
418 290
418 328
418 378
418 383
418 393
418 405
418 457
419 10
419 36
419 47
419 201
419 223
419 464
419 465
419 474
419 491
419 494
419 500
420 73
420 301
420 321
420 333
420 411
420 425
420 439
420 471
420 475
420 476
420 494
421 95
421 240
421 343
421 352
421 390
421 402
421 403
421 422
421 424
421 426
421 498
422 17
422 95
422 229
422 240
422 352
422 402
422 403
422 421
422 424
422 426
422 497
423 44
423 123
423 145
423 218
423 231
423 337
423 375
423 387
423 428
423 433
423 490
424 17
424 95
424 240
424 343
424 386
424 402
424 403
424 421
424 422
424 426
424 481
425 77
425 139
425 178
425 219
425 226
425 299
425 301
425 351
425 420
425 471
425 473
426 75
426 102
426 240
426 343
426 352
426 402
426 403
426 421
426 422
426 424
426 472
427 137
427 158
427 170
427 217
427 296
427 332
427 351
427 362
427 373
427 392
427 430
428 44
428 123
428 145
428 218
428 231
428 292
428 375
428 387
428 423
428 433
428 464
429 38
429 132
429 185
429 396
429 413
429 444
429 462
429 463
429 466
429 483
429 499
430 137
430 158
430 170
430 173
430 217
430 279
430 296
430 351
430 362
430 392
430 427
431 2
431 7
431 11
431 146
431 284
431 380
431 382
431 410
431 461
431 470
431 476
432 119
432 175
432 184
432 397
432 411
432 460
432 472
432 478
432 485
432 492
432 496
433 44
433 101
433 123
433 145
433 218
433 231
433 336
433 375
433 387
433 423
433 428
434 181
434 245
434 317
434 319
434 327
434 398
434 416
434 442
434 446
434 467
434 484
435 2
435 11
435 57
435 225
435 269
435 284
435 290
435 380
435 456
435 461
435 476
436 39
436 42
436 196
436 224
436 285
436 368
436 404
436 410
436 441
436 466
436 489
437 84
437 143
437 215
437 255
437 307
437 320
437 324
437 368
437 406
437 415
437 455
437 464
438 46
438 165
438 195
438 257
438 270
438 336
438 407
438 458
438 465
438 474
438 494
438 500
439 62
439 178
439 214
439 219
439 226
439 299
439 333
439 340
439 411
439 420
439 473
439 475
440 15
440 24
440 258
440 260
440 346
440 348
440 349
440 477
440 480
440 482
440 488
440 493
441 30
441 39
441 176
441 196
441 210
441 368
441 410
441 436
441 448
441 464
441 466
441 489
442 21
442 32
442 43
442 244
442 264
442 286
442 339
442 347
442 389
442 434
442 447
442 481
443 228
443 258
443 346
443 348
443 349
443 417
443 445
443 449
443 477
443 482
443 488
443 493
444 50
444 116
444 168
444 230
444 239
444 266
444 323
444 338
444 413
444 429
444 462
444 483
445 18
445 24
445 29
445 86
445 191
445 229
445 237
445 293
445 443
445 451
445 458
445 459
446 9
446 225
446 276
446 317
446 370
446 379
446 416
446 434
446 467
446 484
446 492
446 497
447 21
447 32
447 167
447 192
447 216
447 287
447 339
447 347
447 384
447 389
447 442
447 481
448 30
448 39
448 196
448 210
448 266
448 334
448 380
448 408
448 410
448 441
448 466
448 489
449 16
449 60
449 89
449 257
449 346
449 348
449 390
449 443
449 477
449 482
449 488
449 493
450 14
450 85
450 106
450 172
450 308
450 315
450 326
450 330
450 345
450 363
450 409
450 454
451 18
451 24
451 29
451 104
451 191
451 229
451 263
451 293
451 445
451 452
451 459
451 487
452 76
452 169
452 190
452 219
452 289
452 311
452 340
452 350
452 451
452 479
452 486
452 487
452 495
453 109
453 120
453 124
453 192
453 197
453 233
453 274
453 357
453 361
453 393
453 468
453 480
453 498
454 14
454 20
454 71
454 85
454 172
454 194
454 308
454 326
454 330
454 345
454 363
454 450
454 474
455 35
455 62
455 75
455 143
455 215
455 238
455 269
455 320
455 324
455 333
455 406
455 415
455 437
456 182
456 245
456 276
456 319
456 370
456 371
456 379
456 398
456 435
456 461
456 467
456 484
456 497
457 77
457 105
457 207
457 277
457 290
457 328
457 360
457 370
457 378
457 393
457 400
457 405
457 418
458 76
458 234
458 289
458 311
458 315
458 340
458 350
458 438
458 445
458 479
458 486
458 487
458 495
459 18
459 24
459 29
459 104
459 191
459 229
459 237
459 263
459 293
459 412
459 416
459 445
459 451
460 134
460 281
460 337
460 383
460 391
460 397
460 400
460 432
460 472
460 478
460 485
460 492
460 496
461 57
461 204
461 225
461 250
461 269
461 284
461 380
461 382
461 431
461 435
461 456
461 470
461 476
461 498
462 131
462 221
462 260
462 266
462 283
462 323
462 338
462 396
462 429
462 444
462 463
462 483
462 495
462 499
463 31
463 132
463 185
463 230
463 242
463 265
463 319
463 323
463 338
463 413
463 429
463 462
463 476
463 499
464 35
464 62
464 75
464 84
464 143
464 238
464 307
464 320
464 406
464 415
464 419
464 428
464 437
464 441
465 35
465 47
465 59
465 122
465 189
465 227
465 305
465 407
465 419
465 438
465 474
465 491
465 494
465 500
466 12
466 30
466 42
466 142
466 334
466 368
466 402
466 408
466 410
466 429
466 436
466 441
466 448
466 489
467 91
467 319
467 327
467 359
467 370
467 371
467 379
467 416
467 434
467 446
467 456
467 484
467 491
467 497
468 107
468 120
468 166
468 168
468 198
468 212
468 222
468 329
468 356
468 357
468 453
468 480
468 490
468 498
469 90
469 92
469 139
469 220
469 226
469 283
469 299
469 302
469 333
469 373
469 411
469 471
469 473
469 475
470 2
470 11
470 57
470 219
470 225
470 250
470 264
470 269
470 284
470 382
470 431
470 461
470 476
470 492
471 178
471 219
471 226
471 299
471 301
471 302
471 321
471 411
471 420
471 425
471 469
471 473
471 475
471 489
471 494
472 119
472 175
472 195
472 281
472 314
472 355
472 373
472 384
472 391
472 426
472 432
472 460
472 478
472 479
472 492
473 73
473 129
473 139
473 178
473 197
473 214
473 261
473 301
473 302
473 341
473 425
473 439
473 469
473 471
473 475
474 10
474 20
474 36
474 46
474 174
474 227
474 270
474 305
474 336
474 419
474 438
474 454
474 465
474 491
474 494
475 7
475 54
475 73
475 139
475 214
475 275
475 299
475 302
475 377
475 411
475 420
475 439
475 469
475 471
475 473
476 2
476 57
476 84
476 146
476 250
476 269
476 284
476 380
476 382
476 420
476 431
476 435
476 461
476 463
476 470
477 16
477 228
477 248
477 260
477 272
477 306
477 348
477 349
477 390
477 412
477 440
477 443
477 449
477 482
477 488
477 493
478 134
478 167
478 195
478 214
478 271
478 281
478 355
478 383
478 384
478 397
478 432
478 460
478 472
478 485
478 492
478 496
479 57
479 76
479 79
479 114
479 141
479 190
479 234
479 289
479 311
479 315
479 452
479 458
479 472
479 486
479 487
479 495
480 107
480 109
480 155
480 177
480 198
480 222
480 233
480 274
480 356
480 357
480 361
480 440
480 453
480 468
480 490
480 498
481 21
481 32
481 43
481 167
481 244
481 253
481 264
481 287
481 339
481 347
481 388
481 389
481 424
481 442
481 447
481 490
481 497
482 16
482 60
482 164
482 228
482 258
482 260
482 306
482 348
482 390
482 415
482 440
482 443
482 449
482 477
482 484
482 488
482 493
483 15
483 31
483 132
483 200
483 221
483 239
483 242
483 265
483 266
483 272
483 323
483 329
483 396
483 429
483 444
483 462
483 499
484 9
484 213
484 276
484 277
484 317
484 319
484 327
484 328
484 370
484 371
484 379
484 416
484 434
484 446
484 456
484 467
484 482
484 497
485 37
485 175
485 180
485 186
485 195
485 314
485 355
485 373
485 383
485 384
485 391
485 397
485 432
485 460
485 478
485 491
485 492
485 496
486 64
486 76
486 79
486 141
486 169
486 190
486 222
486 234
486 239
486 289
486 311
486 315
486 340
486 452
486 458
486 479
486 487
486 495
487 141
487 169
487 174
487 190
487 234
487 311
487 315
487 321
487 340
487 350
487 407
487 451
487 452
487 458
487 479
487 486
487 495
487 497
488 15
488 16
488 228
488 258
488 260
488 306
488 308
488 318
488 346
488 348
488 349
488 408
488 440
488 443
488 449
488 477
488 482
488 493
489 30
489 39
489 42
489 142
489 196
489 285
489 298
489 334
489 353
489 368
489 382
489 408
489 410
489 436
489 441
489 448
489 466
489 471
490 120
490 122
490 168
490 191
490 197
490 198
490 212
490 222
490 233
490 244
490 274
490 357
490 361
490 423
490 468
490 480
490 481
490 498
491 10
491 36
491 47
491 165
491 174
491 189
491 223
491 227
491 232
491 257
491 305
491 336
491 407
491 419
491 465
491 467
491 474
491 485
491 500
492 37
492 90
492 134
492 195
492 281
492 314
492 355
492 373
492 384
492 391
492 397
492 432
492 446
492 460
492 470
492 472
492 478
492 485
492 496
493 15
493 60
493 118
493 228
493 243
493 258
493 260
493 291
493 306
493 346
493 348
493 349
493 390
493 440
493 443
493 449
493 477
493 482
493 488
494 10
494 46
494 165
494 174
494 189
494 223
494 227
494 257
494 270
494 305
494 344
494 407
494 419
494 420
494 438
494 465
494 471
494 474
494 500
495 79
495 114
495 141
495 169
495 171
495 190
495 234
495 289
495 311
495 315
495 340
495 350
495 406
495 452
495 458
495 462
495 479
495 486
495 487
496 119
496 134
496 175
496 195
496 240
496 281
496 314
496 355
496 373
496 383
496 384
496 391
496 397
496 432
496 460
496 478
496 485
496 492
496 499
496 500
497 9
497 53
497 213
497 245
497 276
497 317
497 319
497 327
497 370
497 371
497 379
497 398
497 416
497 422
497 446
497 456
497 467
497 481
497 484
497 487
498 4
498 107
498 120
498 122
498 168
498 192
498 197
498 198
498 212
498 222
498 233
498 356
498 357
498 361
498 421
498 453
498 461
498 468
498 480
498 490
499 31
499 81
499 131
499 207
499 221
499 228
499 230
499 239
499 242
499 265
499 266
499 270
499 323
499 329
499 338
499 413
499 429
499 462
499 463
499 483
499 496
500 10
500 36
500 46
500 47
500 165
500 174
500 189
500 223
500 238
500 257
500 270
500 305
500 309
500 336
500 407
500 419
500 438
500 465
500 491
500 494
500 496
