1 10
2 31
3 9
4 4
5 33
6 48
7 46
8 9
9 37
10 41
11 27
12 6
13 47
14 24
15 15
16 19
17 38
18 24
19 4
20 47
21 25
22 43
23 26
24 45
25 6
26 31
27 4
28 34
29 30
30 49
31 34
32 26
33 24
34 20
35 18
36 28
37 47
38 47
39 49
40 13
41 5
42 26
43 28
44 23
45 36
46 42
47 47
48 46
49 6
50 38
51 8
52 20
53 39
54 3
55 1
56 49
57 20
58 34
59 22
60 5
61 44
62 46
63 9
64 2
65 1
66 47
67 14
68 37
69 41
70 15
71 24
72 10
73 2
74 33
75 31
76 8
77 19
78 25
79 14
80 13
81 17
82 49
83 24
84 35
85 31
86 9
87 44
88 19
89 19
90 5
91 2
92 46
93 5
94 37
95 49
96 24
97 30
98 47
99 28
100 19
101 31
102 8
103 45
104 31
105 13
106 48
107 23
108 24
109 37
110 6
111 27
112 1
113 10
114 20
115 8
116 46
117 48
118 37
119 19
120 31
121 5
122 13
123 49
124 8
125 6
126 25
127 5
128 5
129 49
130 33
131 25
132 32
133 17
134 1
135 4
136 11
137 37
138 24
139 31
140 5
141 43
142 43
143 38
144 8
145 19
146 1
147 24
148 23
149 9
150 5
151 34
152 21
153 6
154 49
155 47
156 37
157 1
158 23
159 47
160 13
161 19
162 44
163 27
164 48
165 28
166 4
167 30
168 24
169 5
170 22
171 47
172 32
173 29
174 49
175 30
176 7
177 5
178 40
179 7
180 1
181 16
182 12
183 3
184 14
185 16
186 45
187 31
188 46
189 31
190 25
191 24
192 30
193 29
194 19
195 10
196 22
197 28
198 37
199 39
200 36
201 22
202 6
203 6
204 48
205 16
206 32
207 23
208 25
209 31
210 45
211 30
212 49
213 44
214 6
215 49
216 24
217 41
218 39
219 49
220 47
221 24
222 37
223 46
224 22
225 22
226 10
227 24
228 40
229 9
230 18
231 7
232 34
233 39
234 39
235 13
236 37
237 7
238 19
239 22
240 46
241 24
242 49
243 15
244 47
245 9
246 37
247 36
248 19
249 5
250 33
251 24
252 23
253 16
254 37
255 7
256 5
257 49
258 47
259 16
260 40
261 40
262 39
263 26
264 9
265 34
266 41
267 41
268 42
269 1
270 36
271 43
272 31
273 17
274 28
275 10
276 22
277 47
278 49
279 24
280 47
281 10
282 45
283 28
284 6
285 7
286 8
287 16
288 37
289 24
290 7
291 7
292 5
293 5
294 47
295 9
296 48
297 3
298 2
299 37
300 16
301 42
302 14
303 17
304 15
305 33
306 8
307 48
308 42
309 22
310 8
311 28
312 4
313 47
314 46
315 6
316 40
317 25
318 11
319 32
320 2
321 27
322 28
323 35
324 3
325 5
326 38
327 5
328 6
329 18
330 4
331 47
332 49
333 37
334 36
335 25
336 15
337 2
338 10
339 49
340 29
341 12
342 12
343 15
344 38
345 36
346 47
347 36
348 19
349 32
350 31
351 36
352 26
353 45
354 4
355 42
356 7
357 29
358 19
359 17
360 6
361 29
362 13
363 10
364 18
365 15
366 26
367 21
368 7
369 6
370 47
371 49
372 6
373 24
374 31
375 35
376 31
377 43
378 17
379 6
380 32
381 34
382 38
383 37
384 19
385 24
386 5
387 37
388 48
389 13
390 13
391 37
392 4
393 20
394 14
395 25
396 5
397 6
398 9
399 37
400 20
401 49
402 37
403 19
404 15
405 2
406 6
407 32
408 13
409 15
410 15
411 2
412 3
413 15
414 49
415 26
416 25
417 1
418 11
419 44
420 23
421 5
422 13
423 12
424 1
425 31
426 36
427 46
428 44
429 24
430 33
431 48
432 49
433 1
434 21
435 19
436 24
437 19
438 2
439 15
440 34
441 37
442 49
443 17
444 12
445 29
446 49
447 41
448 41
449 34
450 11
451 29
452 27
453 47
454 3
455 15
456 45
457 1
458 36
459 2
460 28
461 10
462 5
463 21
464 33
465 19
466 18
467 35
468 19
469 35
470 5
471 39
472 5
473 12
474 8
475 2
476 31
477 34
478 32
479 37
480 2
481 21
482 34
483 23
484 2
485 48
486 31
487 46
488 6
489 34
490 18
491 19
492 22
493 24
494 47
495 4
496 8
497 42
498 11
499 46
500 37
