1 10
2 46
3 23
4 37
5 37
6 47
7 21
8 16
9 14
10 20
11 37
12 47
13 12
14 45
15 20
16 20
17 14
18 10
19 13
20 2
21 19
22 13
23 23
24 11
25 23
26 15
27 15
28 19
29 29
30 41
31 40
32 23
33 4
34 36
35 11
36 42
37 44
38 19
39 13
40 39
41 1
42 32
43 29
44 17
45 23
46 9
47 1
48 34
49 39
50 1
51 29
52 17
53 26
54 37
55 15
56 30
57 39
58 4
59 22
60 38
61 25
62 3
63 19
64 29
65 18
66 27
67 14
68 33
69 30
70 17
71 15
72 28
73 13
74 13
75 13
76 5
77 25
78 14
79 37
80 25
81 15
82 37
83 5
84 46
85 3
86 12
87 12
88 45
89 40
90 25
91 6
92 27
93 22
94 35
95 29
96 14
97 14
98 43
99 24
100 39
101 43
102 41
103 39
104 34
105 5
106 30
107 20
108 22
109 2
110 47
111 5
112 18
113 36
114 30
115 5
116 37
117 30
118 12
119 21
120 20
121 31
122 20
123 13
124 19
125 25
126 22
127 12
128 10
129 29
130 11
131 22
132 6
133 26
134 4
135 3
136 25
137 21
138 6
139 39
140 21
141 3
142 29
143 34
144 23
145 41
146 4
147 5
148 19
149 46
150 19
151 37
152 37
153 14
154 6
155 13
156 1
157 46
158 31
159 12
160 3
161 20
162 4
163 18
164 12
165 36
166 19
167 36
168 38
169 38
170 5
171 4
172 37
173 27
174 27
175 5
176 39
177 8
178 27
179 8
180 4
181 10
182 11
183 23
184 27
185 27
186 29
187 11
188 27
189 45
190 13
191 35
192 27
193 2
194 20
195 36
196 9
197 13
198 3
199 44
200 21
201 39
202 15
203 23
204 39
205 12
206 15
207 26
208 41
209 47
210 6
211 46
212 36
213 27
214 18
215 45
216 30
217 34
218 22
219 46
220 37
221 37
222 29
223 21
224 16
225 7
226 42
227 38
228 6
229 37
230 8
231 1
232 30
233 22
234 27
235 37
236 20
237 36
238 35
239 37
240 33
241 10
242 40
243 13
244 1
245 6
246 37
247 39
248 28
249 38
250 28
251 32
252 31
253 34
254 22
255 14
256 16
257 6
258 44
259 20
260 5
261 37
262 39
263 32
264 30
265 3
266 5
267 14
268 5
269 23
270 14
271 43
272 29
273 27
274 7
275 41
276 1
277 23
278 25
279 4
280 29
281 9
282 43
283 36
284 22
285 29
286 29
287 3
288 7
289 7
290 9
291 6
292 36
293 14
294 46
295 30
296 16
297 25
298 17
299 1
300 17
301 45
302 11
303 37
304 22
305 13
306 40
307 17
308 5
309 13
310 8
311 32
312 46
313 5
314 32
315 20
316 20
317 11
318 42
319 15
320 36
321 25
322 36
323 8
324 13
325 29
326 36
327 21
328 4
329 6
330 38
331 34
332 3
333 6
334 30
335 17
336 18
337 20
338 13
339 25
340 20
341 36
342 20
343 3
344 36
345 3
346 6
347 23
348 25
349 24
350 14
351 44
352 13
353 38
354 23
355 21
356 20
357 24
358 26
359 43
360 42
361 3
362 11
363 3
364 3
365 22
366 14
367 41
368 25
369 42
370 38
371 38
372 8
373 3
374 26
375 46
376 27
377 24
378 42
379 46
380 26
381 2
382 34
383 11
384 4
385 38
386 20
387 27
388 32
389 46
390 23
391 15
392 38
393 43
394 5
395 21
396 14
397 14
398 38
399 16
400 44
401 6
402 39
403 46
404 43
405 36
406 4
407 3
408 36
409 27
410 20
411 22
412 30
413 25
414 25
415 23
416 47
417 15
418 3
419 44
420 35
421 13
422 2
423 46
424 34
425 43
426 20
427 40
428 28
429 1
430 5
431 23
432 38
433 3
434 7
435 17
436 14
437 11
438 36
439 30
440 28
441 6
442 10
443 39
444 33
445 7
446 39
447 23
448 12
449 41
450 4
451 21
452 13
453 34
454 1
455 15
456 45
457 6
458 40
459 5
460 30
461 21
462 2
463 1
464 26
465 15
466 19
467 27
468 19
469 14
470 31
471 35
472 33
473 36
474 22
475 14
476 1
477 37
478 31
479 36
480 27
481 9
482 13
483 37
484 16
485 37
486 38
487 33
488 21
489 32
490 16
491 5
492 29
493 19
494 4
495 2
496 24
497 36
498 6
499 32
500 19
