1 12
2 28
3 29
4 32
5 19
6 30
7 18
8 22
9 33
10 26
11 14
12 26
13 34
14 26
15 29
16 29
17 10
18 6
19 8
20 39
21 41
22 38
23 38
24 42
25 35
26 38
27 31
28 10
29 31
30 31
31 41
32 16
33 15
34 9
35 16
36 41
37 46
38 5
39 18
40 22
41 23
42 24
43 41
44 2
45 1
46 20
47 45
48 20
49 35
50 23
51 11
52 22
53 44
54 12
55 2
56 30
57 41
58 26
59 19
60 17
61 10
62 21
63 29
64 34
65 12
66 1
67 30
68 33
69 27
70 1
71 31
72 38
73 46
74 24
75 15
76 4
77 20
78 44
79 21
80 42
81 25
82 34
83 23
84 37
85 25
86 23
87 41
88 5
89 25
90 7
91 37
92 12
93 29
94 42
95 16
96 13
97 26
98 12
99 6
100 36
101 33
102 24
103 35
104 19
105 39
106 16
107 18
108 14
109 35
110 15
111 1
112 26
113 26
114 24
115 27
116 7
117 7
118 32
119 5
120 20
121 30
122 19
123 29
124 44
125 2
126 34
127 35
128 46
129 43
130 32
131 24
132 44
133 28
134 29
135 15
136 27
137 12
138 30
139 17
140 34
141 29
142 46
143 31
144 45
145 19
146 38
147 32
148 38
149 38
150 1
151 24
152 25
153 14
154 22
155 25
156 24
157 39
158 21
159 38
160 3
161 7
162 36
163 8
164 9
165 42
166 35
167 22
168 36
169 14
170 34
171 3
172 18
173 35
174 16
175 29
176 36
177 38
178 3
179 6
180 23
181 28
182 9
183 4
184 40
185 11
186 31
187 18
188 27
189 22
190 5
191 22
192 10
193 25
194 14
195 25
196 25
197 8
198 33
199 30
200 22
201 30
202 32
203 12
204 15
205 33
206 23
207 29
208 39
209 23
210 30
211 26
212 26
213 23
214 43
215 18
216 23
217 41
218 43
219 26
220 27
221 31
222 19
223 23
224 13
225 14
226 16
227 9
228 34
229 44
230 1
231 44
232 31
233 42
234 23
235 11
236 24
237 6
238 31
239 18
240 28
241 18
242 18
243 37
244 29
245 19
246 1
247 12
248 44
249 40
250 34
251 7
252 8
253 29
254 11
255 41
256 14
257 27
258 21
259 18
260 46
261 13
262 6
263 44
264 19
265 1
266 29
267 27
268 22
269 39
270 35
271 2
272 11
273 24
274 35
275 14
276 14
277 40
278 16
279 32
280 18
281 29
282 37
283 6
284 37
285 15
286 4
287 27
288 22
289 41
290 23
291 35
292 41
293 13
294 11
295 18
296 29
297 1
298 8
299 32
300 13
301 18
302 11
303 26
304 4
305 18
306 21
307 16
308 35
309 38
310 3
311 43
312 4
313 45
314 18
315 42
316 22
317 13
318 26
319 1
320 28
321 24
322 8
323 28
324 39
325 3
326 26
327 16
328 35
329 24
330 23
331 26
332 23
333 4
334 27
335 32
336 31
337 38
338 35
339 17
340 32
341 31
342 39
343 38
344 38
345 2
346 29
347 45
348 23
349 5
350 12
351 11
352 42
353 1
354 16
355 18
356 28
357 19
358 41
359 20
360 41
361 16
362 30
363 14
364 14
365 12
366 3
367 24
368 45
369 26
370 4
371 4
372 16
373 32
374 6
375 31
376 20
377 41
378 7
379 22
380 22
381 22
382 40
383 29
384 23
385 9
386 22
387 26
388 25
389 21
390 4
391 35
392 31
393 24
394 3
395 21
396 1
397 22
398 14
399 30
400 26
401 14
402 41
403 16
404 1
405 37
406 14
407 42
408 29
409 23
410 31
411 15
412 10
413 1
414 44
415 27
416 39
417 19
418 41
419 13
420 25
421 44
422 31
423 14
424 43
425 37
426 44
427 18
428 6
429 1
430 36
431 30
432 31
433 37
434 30
435 17
436 34
437 13
438 27
439 8
440 13
441 18
442 46
443 15
444 24
445 14
446 26
447 31
448 29
449 11
450 38
451 12
452 14
453 23
454 17
455 31
456 40
457 42
458 16
459 14
460 38
461 15
462 22
463 46
464 44
465 12
466 15
467 35
468 41
469 46
470 25
471 26
472 38
473 32
474 26
475 14
476 43
477 7
478 14
479 18
480 14
481 40
482 29
483 24
484 18
485 19
486 33
487 35
488 41
489 32
490 19
491 19
492 29
493 18
494 29
495 46
496 35
497 31
498 39
499 11
500 31
