1 25
1 31
1 70
1 195
1 224
2 59
2 71
2 95
2 303
2 494
3 36
3 125
3 270
3 294
4 6
4 39
4 75
4 91
4 204
4 211
4 274
5 142
5 240
5 316
5 377
5 428
6 4
6 84
6 152
6 352
6 474
7 12
7 319
7 392
7 411
7 426
8 11
8 26
8 130
8 256
8 295
8 437
9 22
9 77
9 206
9 251
9 288
10 213
10 215
10 297
10 394
10 431
10 434
10 477
10 481
11 8
11 33
11 130
11 256
11 287
11 289
11 295
11 321
11 345
11 395
11 437
11 444
11 449
11 497
12 7
12 131
12 362
12 454
12 464
13 14
13 37
13 67
13 107
13 323
13 338
13 339
13 353
13 417
13 427
13 439
13 448
13 472
13 476
14 13
14 85
14 182
14 199
14 285
15 16
15 93
15 258
15 277
15 473
16 15
16 33
16 112
16 173
16 232
16 433
17 20
17 96
17 120
17 153
17 179
17 357
17 432
18 23
18 170
18 278
18 364
18 416
19 72
19 104
19 238
19 314
19 396
20 17
20 176
20 220
20 291
20 414
21 22
21 43
21 117
21 149
21 253
21 265
21 370
22 9
22 21
22 66
22 154
22 178
22 288
23 18
23 24
23 34
23 51
23 126
23 171
23 196
23 278
23 364
23 402
24 23
24 133
24 248
24 257
24 262
24 376
24 423
24 445
25 1
25 31
25 70
25 195
25 261
26 8
26 256
26 289
26 437
26 444
27 29
27 64
27 180
27 306
27 309
28 421
28 429
28 441
28 443
28 471
29 27
29 35
29 38
29 128
29 348
30 44
30 183
30 310
30 320
30 340
31 1
31 25
31 32
31 70
31 224
31 261
32 31
32 88
32 220
32 254
32 291
32 386
32 414
33 11
33 16
33 50
33 62
33 67
33 140
33 173
33 218
33 219
33 221
33 232
33 433
33 446
34 23
34 35
34 126
34 170
34 416
35 29
35 34
35 38
35 128
35 348
36 3
36 38
36 54
36 125
36 270
36 294
37 13
37 338
37 339
37 472
37 476
38 29
38 35
38 36
38 128
38 348
39 4
39 75
39 91
39 204
39 211
39 274
39 494
40 41
40 44
40 55
40 310
40 320
40 340
41 40
41 243
41 301
41 327
41 335
42 43
42 139
42 216
42 325
42 336
43 21
43 42
43 265
43 370
43 422
44 30
44 40
44 45
44 55
44 159
44 310
44 320
45 44
45 86
45 205
45 208
45 368
45 374
45 462
45 463
45 482
45 483
45 488
45 491
45 495
45 499
45 500
46 74
46 102
46 122
46 124
46 163
46 188
46 229
46 235
46 239
46 383
46 421
46 451
46 460
46 486
46 487
46 494
46 496
47 49
47 138
47 160
47 166
47 192
48 369
48 484
48 490
48 497
49 47
49 139
49 244
49 267
49 331
49 336
49 403
49 415
49 458
49 475
49 480
50 33
50 51
50 62
50 173
50 218
50 219
50 221
50 232
50 433
50 446
51 23
51 50
51 170
51 196
51 402
52 58
52 362
52 425
52 454
52 464
53 142
53 191
53 240
53 281
53 316
53 377
53 398
53 428
54 36
54 125
54 270
54 294
55 40
55 44
55 183
55 320
55 340
56 292
56 328
56 334
56 385
56 447
57 87
57 108
57 185
57 194
57 408
58 52
58 141
58 154
58 178
58 206
59 2
59 60
59 71
59 95
59 303
60 59
60 160
60 166
60 167
60 192
61 62
61 369
61 478
61 484
61 490
61 497
62 33
62 50
62 61
62 218
62 446
63 94
63 282
63 296
63 304
63 438
64 27
64 180
64 306
64 309
64 347
64 438
65 137
65 147
65 212
65 311
65 380
66 22
66 141
66 154
66 206
66 251
66 288
67 13
67 33
67 102
67 323
67 338
67 339
67 365
67 417
67 427
67 439
67 448
67 456
67 472
67 476
68 131
68 362
68 425
68 454
68 464
69 70
69 81
69 82
69 186
69 209
69 305
70 1
70 25
70 31
70 69
70 195
70 224
70 261
71 2
71 59
71 77
71 95
71 303
72 19
72 80
72 106
72 238
72 314
73 215
73 394
73 469
73 477
73 479
74 46
74 239
74 492
74 494
74 496
75 4
75 39
75 204
75 211
75 274
76 144
76 241
76 246
76 440
76 470
77 9
77 71
77 132
77 141
77 225
78 81
78 151
78 230
78 271
78 280
79 100
79 302
79 337
79 418
79 442
80 72
80 104
80 106
80 248
80 314
81 69
81 78
81 82
81 186
81 378
82 69
82 81
82 84
82 186
82 209
82 305
82 378
83 127
83 172
83 263
83 350
83 355
84 6
84 82
84 152
84 352
84 474
85 14
85 87
85 182
85 199
85 285
85 401
86 45
86 197
86 205
86 208
86 368
86 374
86 383
86 412
86 462
86 463
86 482
86 483
86 488
86 491
86 499
86 500
87 57
87 85
87 185
87 194
87 290
88 32
88 89
88 150
88 175
88 176
88 184
88 291
88 308
88 386
88 414
89 88
89 131
89 387
89 419
89 425
89 454
89 464
90 145
90 237
90 344
90 399
91 4
91 39
91 92
91 204
91 211
92 91
92 193
92 343
92 366
92 400
93 15
93 95
93 258
93 277
93 473
94 63
94 207
94 233
94 282
94 296
94 455
95 2
95 59
95 71
95 93
95 303
96 17
96 97
96 120
96 153
96 179
96 357
97 96
97 362
97 425
97 454
97 464
98 101
98 145
98 200
98 237
98 249
98 344
98 399
99 369
99 382
99 438
99 452
99 466
99 478
99 484
99 497
100 79
100 165
100 302
100 337
100 372
100 391
100 404
100 442
101 98
101 127
101 172
101 263
101 350
101 355
102 46
102 67
102 151
102 239
102 421
102 451
102 460
102 487
102 492
102 493
102 494
102 496
103 107
103 253
103 265
103 351
103 370
104 19
104 80
104 106
104 314
104 396
105 271
105 272
105 299
105 390
105 413
106 72
106 80
106 104
106 238
106 396
107 13
107 103
107 353
107 427
107 439
107 476
108 57
108 185
108 290
108 408
109 168
109 210
109 268
109 279
109 363
109 410
110 111
110 215
110 394
110 469
110 477
110 479
111 110
111 319
111 375
111 392
111 411
111 426
112 16
112 114
112 173
112 232
112 433
113 131
113 362
113 419
113 425
113 464
114 112
114 273
114 298
114 343
114 366
115 156
115 292
115 324
115 328
115 334
115 385
115 447
116 203
116 284
116 301
116 327
116 367
117 21
117 149
117 158
117 367
117 370
118 120
118 155
118 158
118 326
118 393
119 121
119 302
119 337
119 391
119 404
120 17
120 96
120 118
120 153
120 179
120 357
120 432
121 119
121 122
121 302
121 337
121 404
121 418
122 46
122 121
122 492
122 494
122 496
123 124
123 323
123 338
123 439
123 476
124 46
124 123
124 492
124 494
124 496
125 3
125 36
125 54
125 128
125 270
125 294
126 23
126 34
126 170
126 364
126 416
127 83
127 101
127 263
127 350
127 355
128 29
128 35
128 38
128 125
128 348
129 132
129 228
129 330
129 346
129 435
129 467
129 489
130 8
130 11
130 256
130 287
130 437
130 444
131 12
131 68
131 89
131 113
131 275
131 318
131 419
131 450
131 464
132 77
132 129
132 141
132 225
132 288
133 24
133 136
133 248
133 257
133 262
133 313
133 376
133 423
133 445
134 236
134 346
134 356
134 435
134 489
135 215
135 394
135 469
135 477
135 479
136 133
136 269
136 356
136 435
136 467
137 65
137 147
137 212
137 311
137 380
138 47
138 160
138 167
138 192
138 469
139 42
139 49
139 142
139 216
139 244
139 267
139 276
139 325
139 331
139 336
139 403
139 458
139 475
140 33
140 173
140 219
140 221
140 433
141 58
141 66
141 77
141 132
141 206
141 288
142 5
142 53
142 139
142 247
142 316
142 377
143 177
143 189
143 312
143 354
143 388
144 76
144 145
144 241
144 246
144 440
144 470
145 90
145 98
145 144
145 200
145 237
145 344
146 147
146 429
146 436
146 441
146 471
147 65
147 137
147 146
147 212
147 311
147 380
148 152
148 245
148 319
148 392
148 411
148 426
148 430
149 21
149 117
149 253
149 351
149 370
150 88
150 175
150 184
150 254
150 414
151 78
151 102
151 193
151 272
151 299
151 341
151 390
151 413
152 6
152 84
152 148
152 352
152 474
153 17
153 96
153 120
153 156
153 179
153 357
153 432
154 22
154 58
154 66
154 206
154 288
155 118
155 161
155 198
155 326
155 379
156 115
156 153
156 292
156 328
156 334
156 385
156 447
157 160
157 369
157 382
157 466
157 478
157 484
157 490
157 497
158 117
158 118
158 286
158 315
158 480
159 44
159 183
159 320
159 340
160 47
160 60
160 138
160 157
160 166
160 167
161 155
161 162
161 198
161 315
161 326
161 393
161 409
162 161
162 332
162 429
162 441
162 471
163 46
163 164
163 492
163 494
163 496
164 163
164 201
164 283
164 360
164 424
165 100
165 166
165 337
165 372
165 442
166 47
166 60
166 160
166 165
166 192
167 60
167 138
167 160
167 170
167 192
168 109
168 171
168 210
168 231
168 279
168 300
168 361
168 363
168 410
169 180
169 306
169 309
169 347
170 18
170 34
170 51
170 126
170 167
170 171
170 278
170 364
170 416
171 23
171 168
171 170
171 364
171 416
172 83
172 101
172 217
172 350
172 355
173 16
173 33
173 50
173 112
173 140
173 174
173 218
173 219
173 221
173 232
173 433
173 446
174 173
174 319
174 392
174 411
174 426
174 430
175 88
175 150
175 176
175 184
175 291
175 386
176 20
176 88
176 175
176 177
176 308
176 386
176 414
177 143
177 176
177 189
177 250
177 312
177 322
177 354
177 388
177 420
178 22
178 58
178 225
178 251
178 288
179 17
179 96
179 120
179 153
180 27
180 64
180 169
180 181
180 306
180 309
181 180
181 332
181 381
181 407
181 429
181 436
181 441
181 443
181 471
182 14
182 85
182 183
182 199
182 285
182 401
183 30
183 55
183 159
183 182
183 320
183 340
184 88
184 150
184 175
184 185
184 308
184 386
184 414
185 57
185 87
185 108
185 184
185 194
185 290
185 408
186 69
186 81
186 82
186 209
186 378
186 500
187 191
187 316
187 358
187 398
188 46
188 239
188 492
188 494
188 496
188 499
189 143
189 177
189 190
189 250
189 312
189 322
189 388
189 420
190 189
190 215
190 394
190 469
190 479
191 53
191 187
191 247
191 358
191 398
192 47
192 60
192 138
192 166
192 167
192 194
193 92
193 151
193 236
193 273
193 293
193 298
193 343
193 366
193 400
194 57
194 87
194 185
194 192
194 408
195 1
195 25
195 70
195 197
195 224
195 261
196 23
196 51
196 402
196 416
197 86
197 195
197 482
197 483
197 491
197 495
197 499
197 500
198 155
198 161
198 199
198 234
198 286
198 315
198 379
198 393
198 409
199 14
199 85
199 182
199 198
199 285
199 401
200 98
200 145
200 202
200 249
200 344
200 399
201 164
201 226
201 360
201 384
201 397
201 424
202 200
202 369
202 382
202 478
202 484
202 490
202 497
203 116
203 204
203 243
203 284
203 301
203 327
203 335
203 367
204 4
204 39
204 75
204 91
204 203
204 274
205 45
205 86
205 206
205 462
205 482
205 483
205 491
205 495
205 499
205 500
206 9
206 58
206 66
206 141
206 154
206 205
206 288
207 94
207 208
207 233
207 282
207 296
207 304
207 455
208 45
208 86
208 207
208 266
208 349
208 368
208 374
208 383
208 412
208 462
208 463
208 482
208 483
208 488
208 491
208 495
208 499
208 500
209 69
209 82
209 186
209 210
209 305
210 109
210 168
210 209
210 300
210 361
210 410
211 4
211 39
211 75
211 91
212 65
212 137
212 147
212 213
212 311
212 380
213 10
213 212
213 215
213 394
213 434
213 469
213 477
213 479
213 481
214 215
214 244
214 267
214 458
214 480
215 10
215 73
215 110
215 135
215 190
215 213
215 214
215 297
215 373
215 394
215 431
215 434
215 469
215 477
215 479
215 481
216 42
216 139
216 218
216 259
216 267
216 336
216 458
217 172
217 219
217 263
217 350
217 355
218 33
218 50
218 62
218 173
218 216
218 219
218 446
219 33
219 50
219 140
219 173
219 217
219 218
219 221
219 232
219 433
220 20
220 32
220 291
220 386
220 414
221 33
221 50
221 140
221 173
221 219
221 433
222 223
222 482
222 491
222 495
222 499
222 500
223 222
223 248
223 257
223 313
223 376
223 389
224 1
224 31
224 70
224 195
224 225
224 261
225 77
225 132
225 178
225 224
225 251
225 288
226 201
226 227
226 260
226 283
226 360
226 384
226 397
226 424
227 226
227 394
227 469
227 477
227 479
228 129
228 230
228 269
228 330
228 346
228 435
229 46
229 239
229 363
229 460
229 492
229 494
229 496
230 78
230 228
230 272
230 299
230 341
230 390
231 168
231 232
231 279
231 300
231 361
231 410
232 16
232 33
232 50
232 112
232 173
232 219
232 231
233 94
233 207
233 237
233 282
233 296
233 455
234 198
234 286
234 315
234 379
234 393
234 409
235 46
235 239
235 460
235 492
235 494
235 496
236 134
236 193
236 257
236 330
236 346
236 356
236 435
237 90
237 98
237 145
237 233
237 249
237 344
238 19
238 72
238 106
238 241
238 314
238 396
239 46
239 74
239 102
239 188
239 229
239 235
239 358
239 421
239 451
239 460
239 486
239 487
239 493
239 494
239 496
240 5
240 53
240 247
240 281
240 371
240 428
241 76
241 144
241 238
241 246
241 440
241 470
242 243
242 248
242 257
242 313
242 376
242 389
242 445
243 41
243 203
243 242
243 284
243 301
243 327
243 335
243 367
244 49
244 139
244 214
244 245
244 267
244 336
244 415
244 458
244 480
245 148
245 244
245 319
245 392
245 411
245 426
245 430
246 76
246 144
246 241
246 247
246 440
246 470
247 142
247 191
247 240
247 246
247 281
247 358
247 371
247 377
247 428
248 24
248 80
248 133
248 223
248 242
248 257
248 262
248 313
248 342
248 389
248 423
248 445
249 98
249 200
249 237
249 250
249 344
249 399
250 177
250 189
250 249
250 312
250 354
250 388
251 9
251 66
251 178
251 225
251 254
251 288
252 260
252 360
252 384
252 424
253 21
253 103
253 149
253 265
253 351
253 370
253 422
254 32
254 150
254 251
254 308
254 414
255 369
255 382
255 466
255 478
255 484
255 490
255 497
256 8
256 11
256 26
256 130
256 258
256 287
256 289
256 295
256 321
256 437
256 444
256 449
257 24
257 133
257 223
257 236
257 242
257 248
257 261
257 262
257 313
257 376
257 389
257 423
258 15
258 93
258 256
258 277
258 473
259 216
259 260
259 267
259 325
259 336
259 458
260 226
260 252
260 259
260 360
260 384
260 424
261 25
261 31
261 70
261 195
261 224
261 257
261 264
262 24
262 133
262 248
262 257
262 376
262 389
262 423
263 83
263 101
263 127
263 217
263 265
263 350
263 355
264 261
264 268
264 332
264 381
264 406
264 407
264 429
264 436
264 441
264 443
264 468
264 471
265 21
265 43
265 103
265 253
265 263
265 317
265 351
265 422
266 208
266 271
266 482
266 491
266 495
266 499
266 500
267 49
267 139
267 214
267 216
267 244
267 259
267 276
267 325
267 331
267 336
267 403
267 415
267 458
267 475
267 480
268 109
268 264
268 300
268 301
268 361
268 363
268 410
269 136
269 228
269 346
269 435
269 489
270 3
270 36
270 54
270 125
270 294
271 78
271 105
271 266
271 272
271 390
271 413
272 105
272 151
272 230
272 271
272 273
272 280
272 341
272 390
272 413
273 114
273 193
273 272
273 293
273 298
273 343
273 366
274 4
274 39
274 75
274 204
274 275
275 131
275 274
275 425
275 454
275 464
276 139
276 267
276 277
276 336
276 403
276 458
277 15
277 93
277 258
277 276
277 473
278 18
278 23
278 170
278 364
278 402
278 416
279 109
279 168
279 231
279 300
279 363
279 410
279 465
280 78
280 272
280 299
280 341
280 390
280 413
281 53
281 240
281 247
281 284
281 358
281 371
281 428
282 63
282 94
282 207
282 233
282 296
282 304
282 455
283 164
283 226
283 360
283 384
283 424
283 426
284 116
284 203
284 243
284 281
284 301
284 327
284 367
285 14
285 85
285 182
285 199
285 286
285 401
286 158
286 198
286 234
286 285
286 379
286 393
286 409
287 11
287 130
287 256
287 288
287 321
287 437
288 9
288 22
288 66
288 132
288 141
288 154
288 178
288 206
288 225
288 251
288 287
289 11
289 26
289 256
289 290
289 321
289 395
289 437
289 444
290 87
290 108
290 185
290 289
290 408
291 20
291 32
291 88
291 175
291 220
291 293
291 386
292 56
292 115
292 156
292 324
292 328
292 385
292 447
293 193
293 273
293 291
293 298
293 343
293 366
293 400
294 3
294 36
294 54
294 125
294 270
295 8
295 11
295 256
295 296
295 321
295 345
295 444
296 63
296 94
296 207
296 233
296 282
296 295
296 304
297 10
297 215
297 298
297 394
297 434
297 469
297 479
298 114
298 193
298 273
298 293
298 297
298 343
298 366
299 105
299 151
299 230
299 280
299 300
299 413
300 168
300 210
300 231
300 268
300 279
300 299
300 363
300 410
300 465
301 41
301 116
301 203
301 243
301 268
301 284
301 327
301 329
301 335
301 367
302 79
302 100
302 119
302 121
302 303
302 337
302 391
302 404
302 418
302 442
303 2
303 59
303 71
303 95
303 302
304 63
304 207
304 282
304 296
304 305
304 455
305 69
305 82
305 209
305 304
305 378
306 27
306 64
306 169
306 180
306 307
306 309
306 347
307 306
307 332
307 407
307 429
307 436
307 441
307 471
308 88
308 176
308 184
308 254
308 309
308 386
308 414
309 27
309 64
309 169
309 180
309 306
309 308
309 347
310 30
310 40
310 44
310 311
310 340
311 65
311 137
311 147
311 212
311 310
311 380
312 143
312 177
312 189
312 250
312 322
312 388
312 420
313 133
313 223
313 242
313 248
313 257
313 314
313 376
313 423
314 19
314 72
314 80
314 104
314 238
314 313
314 396
315 158
315 161
315 198
315 234
315 316
315 393
315 409
316 5
316 53
316 142
316 187
316 315
316 358
316 377
316 398
316 428
317 265
317 351
317 370
317 422
318 131
318 319
318 387
318 419
318 425
318 454
318 464
319 7
319 111
319 148
319 174
319 245
319 318
319 375
319 411
319 426
319 430
320 30
320 40
320 44
320 55
320 159
320 183
320 321
320 340
321 11
321 256
321 287
321 289
321 295
321 320
321 437
321 444
321 449
322 177
322 189
322 312
322 323
322 388
322 420
323 13
323 67
323 123
323 322
323 427
323 439
323 476
324 115
324 292
324 325
324 385
325 42
325 139
325 259
325 267
325 324
325 336
325 458
326 118
326 155
326 161
326 327
326 379
326 393
327 41
327 116
327 203
327 243
327 284
327 301
327 326
327 367
328 56
328 115
328 156
328 292
328 330
328 334
328 385
328 447
329 301
329 332
329 336
329 407
329 429
329 436
329 443
329 471
330 129
330 228
330 236
330 328
330 346
330 435
330 467
330 489
331 49
331 139
331 267
331 332
331 336
331 403
331 458
331 475
332 162
332 181
332 264
332 307
332 329
332 331
332 381
332 406
332 407
332 429
332 436
332 441
332 443
332 468
333 334
333 369
333 466
333 478
333 484
333 490
333 497
334 56
334 115
334 156
334 328
334 333
334 385
334 447
335 41
335 203
335 243
335 301
335 337
335 367
336 42
336 49
336 139
336 216
336 244
336 259
336 267
336 276
336 325
336 329
336 331
336 372
336 403
336 458
336 475
336 480
337 79
337 100
337 119
337 121
337 165
337 302
337 335
337 372
337 391
337 404
337 418
337 442
338 13
338 37
338 67
338 123
338 339
338 340
338 365
338 417
338 448
338 472
338 476
339 13
339 37
339 67
339 338
339 365
339 372
339 404
339 427
339 439
339 456
339 472
339 476
340 30
340 40
340 55
340 159
340 183
340 310
340 320
340 338
341 151
341 230
341 272
341 280
341 390
341 413
342 248
342 343
342 376
342 423
342 445
343 92
343 114
343 193
343 273
343 293
343 298
343 342
343 400
344 90
344 98
344 145
344 200
344 237
344 249
344 345
344 399
345 11
345 295
345 344
345 395
345 437
345 444
346 129
346 134
346 228
346 236
346 269
346 330
346 356
346 435
346 467
346 489
347 64
347 169
347 306
347 309
347 348
348 29
348 35
348 38
348 128
348 347
349 208
349 350
349 483
349 491
349 495
349 499
349 500
350 83
350 101
350 127
350 172
350 217
350 263
350 349
350 355
351 103
351 149
351 253
351 265
351 317
351 352
351 370
351 422
352 6
352 84
352 152
352 351
352 474
353 13
353 107
353 354
353 427
353 439
353 476
354 143
354 177
354 250
354 353
354 388
355 83
355 101
355 127
355 172
355 217
355 263
355 350
355 356
356 134
356 136
356 236
356 346
356 355
356 435
356 467
356 489
357 17
357 96
357 120
357 153
357 432
358 187
358 191
358 239
358 247
358 281
358 316
358 371
358 377
359 360
359 369
359 382
359 466
359 478
359 484
359 490
359 497
360 164
360 201
360 226
360 252
360 260
360 283
360 359
360 384
360 424
361 168
361 210
361 231
361 268
361 362
361 363
361 410
361 465
362 12
362 52
362 68
362 97
362 113
362 361
362 419
362 450
362 464
363 109
363 168
363 229
363 268
363 279
363 300
363 361
363 465
364 18
364 23
364 126
364 170
364 171
364 278
364 365
365 67
365 338
365 339
365 364
365 427
365 476
366 92
366 114
366 193
366 273
366 293
366 298
366 400
366 480
367 116
367 117
367 203
367 243
367 284
367 301
367 327
367 335
368 45
368 86
368 208
368 483
368 491
368 495
368 499
368 500
369 48
369 61
369 99
369 157
369 202
369 255
369 333
369 359
369 370
369 382
369 452
369 453
369 457
369 461
369 478
369 484
369 490
369 497
369 498
370 21
370 43
370 103
370 117
370 149
370 253
370 317
370 351
370 369
370 422
371 240
371 247
371 281
371 358
371 373
371 428
372 100
372 165
372 336
372 337
372 339
372 391
372 404
373 215
373 371
373 394
373 434
373 469
373 477
373 479
374 45
374 86
374 208
374 375
374 462
374 463
374 482
374 483
374 491
374 495
374 499
374 500
375 111
375 319
375 374
375 392
375 411
375 430
376 24
376 133
376 223
376 242
376 257
376 262
376 313
376 342
376 377
377 5
377 53
377 142
377 247
377 316
377 358
377 376
377 398
377 428
378 81
378 82
378 186
378 305
378 379
379 155
379 198
379 234
379 286
379 326
379 378
379 409
380 65
380 137
380 147
380 212
380 311
380 381
381 181
381 264
381 332
381 380
381 407
381 429
381 436
381 441
381 443
381 471
382 99
382 157
382 202
382 255
382 359
382 369
382 438
382 452
382 453
382 457
382 466
382 478
382 482
382 483
382 484
382 485
382 490
382 497
382 498
383 46
383 86
383 208
383 482
383 483
383 491
383 495
383 499
383 500
384 201
384 226
384 252
384 260
384 283
384 360
384 385
384 397
384 424
385 56
385 115
385 156
385 292
385 324
385 328
385 334
385 384
385 447
386 32
386 88
386 175
386 176
386 184
386 220
386 291
386 308
386 387
387 89
387 318
387 386
387 419
387 425
387 454
387 464
388 143
388 177
388 189
388 250
388 312
388 322
388 354
388 389
388 420
389 223
389 242
389 248
389 257
389 262
389 388
389 423
390 105
390 151
390 230
390 271
390 272
390 280
390 341
390 391
390 413
391 100
391 119
391 302
391 337
391 372
391 390
391 404
391 442
392 7
392 111
392 148
392 174
392 245
392 375
392 393
392 426
392 430
393 118
393 161
393 198
393 234
393 286
393 315
393 326
393 392
393 409
394 10
394 73
394 110
394 135
394 190
394 213
394 215
394 227
394 297
394 373
394 395
394 431
394 434
394 459
394 477
394 479
394 481
395 11
395 289
395 345
395 394
395 444
395 449
396 19
396 104
396 106
396 238
396 314
396 397
397 201
397 226
397 384
397 396
397 424
398 53
398 187
398 191
398 316
398 377
398 399
399 90
399 98
399 200
399 249
399 344
399 398
400 92
400 193
400 293
400 343
400 366
401 85
401 182
401 199
401 285
401 402
402 23
402 51
402 196
402 278
402 401
403 49
403 139
403 267
403 276
403 331
403 336
403 405
403 415
403 475
403 480
404 100
404 119
404 121
404 302
404 337
404 339
404 372
404 391
404 407
404 418
404 442
405 403
405 482
405 483
405 491
405 495
405 499
405 500
406 264
406 332
406 407
406 408
406 429
406 436
406 441
406 443
406 471
407 181
407 264
407 307
407 329
407 332
407 381
407 404
407 406
407 415
407 429
407 436
407 441
407 443
407 468
407 471
408 57
408 108
408 185
408 194
408 290
408 406
409 161
409 198
409 234
409 286
409 315
409 379
409 393
409 410
410 109
410 168
410 210
410 231
410 268
410 279
410 300
410 361
410 409
410 465
411 7
411 111
411 148
411 174
411 245
411 319
411 375
411 412
411 426
411 430
412 86
412 208
412 411
412 483
412 491
412 495
412 499
412 500
413 105
413 151
413 271
413 272
413 280
413 299
413 341
413 390
413 414
414 20
414 32
414 88
414 150
414 176
414 184
414 220
414 254
414 308
414 413
415 49
415 244
415 267
415 403
415 407
415 423
416 18
416 34
416 126
416 170
416 171
416 196
416 278
416 417
417 13
417 67
417 338
417 416
417 427
417 439
417 448
417 476
418 79
418 121
418 302
418 337
418 404
418 419
419 89
419 113
419 131
419 318
419 362
419 387
419 418
419 454
419 464
420 177
420 189
420 312
420 322
420 388
421 28
421 46
421 102
421 239
421 451
421 460
421 492
421 493
421 494
421 496
422 43
422 253
422 265
422 317
422 351
422 370
422 424
423 24
423 133
423 248
423 257
423 262
423 313
423 342
423 389
423 415
423 439
424 164
424 201
424 226
424 252
424 260
424 283
424 360
424 384
424 397
424 422
425 52
425 68
425 89
425 97
425 113
425 275
425 318
425 387
425 427
425 450
425 454
426 7
426 111
426 148
426 174
426 245
426 283
426 319
426 392
426 411
426 430
426 434
427 13
427 67
427 107
427 323
427 339
427 353
427 365
427 417
427 425
427 448
427 472
427 476
428 5
428 53
428 240
428 247
428 281
428 316
428 371
428 377
428 492
428 493
428 496
429 28
429 146
429 162
429 181
429 264
429 307
429 329
429 332
429 381
429 406
429 407
429 430
429 441
429 443
429 468
430 148
430 174
430 245
430 319
430 375
430 392
430 411
430 426
430 429
431 10
431 215
431 394
431 434
431 439
431 456
431 479
432 17
432 120
432 153
432 357
432 433
433 16
433 33
433 50
433 112
433 140
433 173
433 219
433 221
433 432
434 10
434 213
434 215
434 297
434 373
434 394
434 426
434 431
434 469
434 481
435 129
435 134
435 136
435 228
435 236
435 269
435 330
435 346
435 356
435 436
435 489
436 146
436 181
436 264
436 307
436 329
436 332
436 381
436 406
436 407
436 435
436 468
436 471
437 8
437 11
437 26
437 130
437 256
437 287
437 289
437 321
437 345
437 441
437 444
437 449
438 63
438 64
438 99
438 382
438 452
438 466
438 484
438 490
439 13
439 67
439 107
439 123
439 323
439 339
439 353
439 417
439 423
439 431
439 448
439 456
440 76
440 144
440 241
440 246
440 470
441 28
441 146
441 162
441 181
441 264
441 307
441 332
441 381
441 406
441 407
441 429
441 437
442 79
442 100
442 165
442 302
442 337
442 391
442 404
442 443
443 28
443 181
443 264
443 329
443 332
443 381
443 406
443 407
443 429
443 442
443 468
443 471
444 11
444 26
444 130
444 256
444 289
444 295
444 321
444 345
444 395
444 437
444 445
444 449
445 24
445 133
445 242
445 248
445 342
445 444
446 33
446 50
446 62
446 173
446 218
446 447
447 56
447 115
447 156
447 292
447 328
447 334
447 385
447 446
448 13
448 67
448 338
448 417
448 427
448 439
448 449
448 476
449 11
449 256
449 321
449 395
449 437
449 444
449 448
450 131
450 362
450 425
450 452
450 454
450 464
451 46
451 102
451 239
451 421
451 453
451 460
451 492
451 493
451 494
451 496
452 99
452 369
452 382
452 438
452 450
452 453
452 466
452 478
452 490
452 498
453 369
453 382
453 451
453 452
453 466
453 478
453 484
453 490
453 497
454 12
454 52
454 68
454 89
454 97
454 275
454 318
454 387
454 419
454 425
454 450
454 463
454 464
455 94
455 207
455 233
455 282
455 304
456 67
456 339
456 431
456 439
456 458
456 472
457 369
457 382
457 478
457 484
457 490
457 497
458 49
458 139
458 214
458 216
458 244
458 259
458 267
458 276
458 325
458 331
458 336
458 456
458 461
459 394
459 469
459 477
459 479
460 46
460 102
460 229
460 235
460 239
460 421
460 451
460 487
460 492
460 493
460 494
460 496
461 369
461 458
461 468
461 478
461 484
461 490
461 497
462 45
462 86
462 205
462 208
462 374
462 463
462 468
462 471
462 482
462 488
462 495
462 500
463 45
463 86
463 208
463 374
463 454
463 462
463 488
463 491
463 495
463 499
463 500
464 12
464 52
464 68
464 89
464 97
464 113
464 131
464 275
464 318
464 362
464 387
464 419
464 450
464 454
465 279
465 300
465 361
465 363
465 410
466 99
466 157
466 255
466 333
466 359
466 382
466 438
466 452
466 453
466 467
466 478
466 497
466 498
467 129
467 136
467 330
467 346
467 356
467 466
467 489
468 264
468 332
468 407
468 429
468 436
468 443
468 461
468 462
468 471
469 73
469 110
469 135
469 138
469 190
469 213
469 215
469 227
469 297
469 373
469 434
469 459
469 477
469 479
469 481
470 76
470 144
470 241
470 246
470 440
471 28
471 146
471 162
471 181
471 264
471 307
471 329
471 381
471 406
471 407
471 436
471 443
471 462
471 468
471 472
472 13
472 37
472 67
472 338
472 339
472 427
472 456
472 471
472 476
472 486
473 15
473 93
473 258
473 277
473 474
474 6
474 84
474 152
474 352
474 473
475 49
475 139
475 267
475 331
475 336
475 403
475 477
475 486
476 13
476 37
476 67
476 107
476 123
476 323
476 338
476 339
476 353
476 365
476 417
476 427
476 448
476 472
476 478
476 481
477 10
477 73
477 110
477 135
477 213
477 215
477 227
477 373
477 394
477 459
477 469
477 475
477 479
477 481
477 486
478 61
478 99
478 157
478 202
478 255
478 333
478 359
478 369
478 382
478 452
478 453
478 457
478 461
478 466
478 476
478 481
478 490
479 73
479 110
479 135
479 190
479 213
479 215
479 227
479 297
479 373
479 394
479 431
479 459
479 469
479 477
479 481
479 483
479 484
480 49
480 158
480 214
480 244
480 267
480 336
480 366
480 403
481 10
481 213
481 215
481 394
481 434
481 469
481 476
481 477
481 478
481 479
482 45
482 86
482 197
482 205
482 208
482 222
482 266
482 374
482 382
482 383
482 405
482 462
482 484
482 485
482 488
482 495
482 499
482 500
483 45
483 86
483 197
483 205
483 208
483 349
483 368
483 374
483 382
483 383
483 405
483 412
483 479
483 491
483 495
483 499
484 48
484 61
484 99
484 157
484 202
484 255
484 333
484 359
484 369
484 382
484 438
484 453
484 457
484 461
484 479
484 482
484 497
484 498
485 382
485 482
485 487
485 491
485 495
485 499
485 500
486 46
486 239
486 472
486 475
486 477
486 492
486 494
486 496
487 46
487 102
487 239
487 460
487 485
487 488
487 492
487 494
487 496
488 45
488 86
488 208
488 462
488 463
488 482
488 487
488 490
488 495
488 499
488 500
489 129
489 134
489 269
489 330
489 346
489 356
489 435
489 467
489 495
490 48
490 61
490 157
490 202
490 255
490 333
490 359
490 369
490 382
490 438
490 452
490 453
490 457
490 461
490 478
490 488
490 491
490 497
490 498
491 45
491 86
491 197
491 205
491 208
491 222
491 266
491 349
491 368
491 374
491 383
491 405
491 412
491 463
491 483
491 485
491 490
491 494
491 500
492 74
492 102
492 122
492 124
492 163
492 188
492 229
492 235
492 421
492 428
492 451
492 460
492 486
492 487
492 493
492 494
492 496
493 102
493 239
493 421
493 428
493 451
493 460
493 492
493 494
493 496
493 497
494 2
494 39
494 46
494 74
494 102
494 122
494 124
494 163
494 188
494 229
494 235
494 239
494 421
494 451
494 460
494 486
494 487
494 491
494 492
494 493
495 45
495 197
495 205
495 208
495 222
495 266
495 349
495 368
495 374
495 383
495 405
495 412
495 462
495 463
495 482
495 483
495 485
495 488
495 489
495 499
496 46
496 74
496 102
496 122
496 124
496 163
496 188
496 229
496 235
496 239
496 421
496 428
496 451
496 460
496 486
496 487
496 492
496 493
496 497
497 11
497 48
497 61
497 99
497 157
497 202
497 255
497 333
497 359
497 369
497 382
497 453
497 457
497 461
497 466
497 484
497 490
497 493
497 496
497 498
498 369
498 382
498 452
498 466
498 484
498 490
498 497
498 499
498 500
499 45
499 86
499 188
499 197
499 205
499 208
499 222
499 266
499 349
499 368
499 374
499 383
499 405
499 412
499 463
499 482
499 483
499 485
499 488
499 495
499 498
500 45
500 86
500 186
500 197
500 205
500 208
500 222
500 266
500 349
500 368
500 374
500 383
500 405
500 412
500 462
500 463
500 482
500 485
500 488
500 491
500 498
