1 43
2 48
3 7
4 18
5 32
6 31
7 39
8 20
9 31
10 41
11 24
12 51
13 41
14 14
15 50
16 15
17 21
18 17
19 47
20 9
21 13
22 45
23 13
24 52
25 44
26 33
27 42
28 7
29 3
30 23
31 49
32 21
33 6
34 14
35 20
36 37
37 41
38 31
39 17
40 50
41 15
42 21
43 37
44 21
45 49
46 37
47 19
48 7
49 8
50 27
51 35
52 25
53 7
54 7
55 24
56 17
57 44
58 25
59 34
60 11
61 9
62 26
63 3
64 10
65 43
66 15
67 30
68 7
69 2
70 37
71 52
72 46
73 7
74 46
75 14
76 39
77 28
78 9
79 4
80 32
81 37
82 27
83 7
84 29
85 45
86 28
87 44
88 32
89 28
90 37
91 37
92 27
93 23
94 47
95 25
96 25
97 43
98 44
99 14
100 23
101 20
102 11
103 44
104 47
105 17
106 46
107 8
108 36
109 11
110 3
111 36
112 36
113 3
114 25
115 17
116 37
117 51
118 20
119 21
120 17
121 17
122 21
123 18
124 5
125 16
126 48
127 48
128 37
129 10
130 22
131 46
132 5
133 43
134 31
135 35
136 52
137 21
138 34
139 45
140 14
141 21
142 50
143 1
144 48
145 25
146 32
147 18
148 14
149 28
150 50
151 2
152 14
153 23
154 4
155 2
156 4
157 22
158 25
159 10
160 7
161 32
162 43
163 34
164 48
165 6
166 27
167 12
168 42
169 19
170 49
171 26
172 51
173 41
174 37
175 11
176 1
177 22
178 1
179 33
180 3
181 35
182 2
183 2
184 17
185 9
186 20
187 38
188 46
189 12
190 51
191 7
192 43
193 19
194 42
195 39
196 52
197 13
198 44
199 21
200 13
201 43
202 33
203 23
204 37
205 48
206 33
207 37
208 12
209 49
210 2
211 37
212 12
213 33
214 19
215 22
216 24
217 11
218 26
219 2
220 41
221 12
222 10
223 24
224 43
225 33
226 8
227 51
228 51
229 3
230 23
231 21
232 7
233 12
234 17
235 9
236 21
237 15
238 6
239 6
240 4
241 50
242 15
243 11
244 32
245 40
246 48
247 43
248 16
249 46
250 51
251 40
252 17
253 43
254 34
255 43
256 43
257 35
258 50
259 3
260 44
261 33
262 26
263 17
264 15
265 23
266 7
267 36
268 24
269 52
270 51
271 2
272 44
273 2
274 51
275 37
276 43
277 41
278 47
279 51
280 44
281 37
282 51
283 17
284 46
285 7
286 40
287 17
288 32
289 42
290 45
291 9
292 24
293 37
294 46
295 7
296 11
297 49
298 43
299 1
300 6
301 35
302 52
303 40
304 46
305 30
306 29
307 33
308 21
309 38
310 32
311 20
312 49
313 24
314 17
315 41
316 12
317 37
318 5
319 15
320 4
321 21
322 43
323 44
324 30
325 7
326 23
327 36
328 4
329 17
330 24
331 8
332 39
333 38
334 49
335 39
336 18
337 2
338 33
339 33
340 52
341 46
342 40
343 11
344 33
345 26
346 25
347 23
348 42
349 46
350 45
351 23
352 31
353 49
354 3
355 21
356 15
357 8
358 47
359 21
360 21
361 52
362 7
363 51
364 3
365 33
366 16
367 32
368 43
369 46
370 25
371 5
372 49
373 21
374 43
375 29
376 17
377 26
378 5
379 10
380 29
381 1
382 37
383 37
384 34
385 44
386 38
387 43
388 13
389 20
390 48
391 16
392 28
393 16
394 3
395 46
396 45
397 20
398 7
399 29
400 50
401 32
402 13
403 32
404 44
405 41
406 43
407 48
408 16
409 33
410 17
411 3
412 21
413 24
414 24
415 19
416 28
417 17
418 15
419 9
420 35
421 31
422 31
423 52
424 46
425 21
426 40
427 37
428 36
429 30
430 18
431 42
432 46
433 17
434 27
435 14
436 17
437 21
438 22
439 27
440 33
441 35
442 7
443 24
444 4
445 26
446 45
447 21
448 43
449 31
450 15
451 21
452 1
453 32
454 2
455 38
456 34
457 23
458 44
459 12
460 13
461 16
462 14
463 21
464 14
465 52
466 37
467 11
468 49
469 20
470 40
471 49
472 8
473 43
474 49
475 7
476 4
477 48
478 32
479 46
480 49
481 48
482 28
483 17
484 51
485 17
486 35
487 43
488 48
489 50
490 32
491 7
492 23
493 7
494 43
495 4
496 30
497 49
498 9
499 40
500 48
