1 1
2 12
3 10
4 13
5 42
6 28
7 35
8 26
9 23
10 27
11 26
12 38
13 24
14 6
15 31
16 46
17 22
18 29
19 37
20 33
21 41
22 23
23 29
24 2
25 1
26 26
27 39
28 17
29 16
30 3
31 1
32 33
33 46
34 29
35 16
36 10
37 24
38 16
39 13
40 3
41 45
42 40
43 41
44 3
45 47
46 25
47 43
48 15
49 40
50 46
51 29
52 38
53 42
54 10
55 3
56 11
57 44
58 23
59 12
60 43
61 15
62 46
63 30
64 39
65 7
66 23
67 24
68 38
69 8
70 1
71 12
72 37
73 27
74 25
75 13
76 14
77 23
78 36
79 9
80 37
81 8
82 8
83 4
84 28
85 6
86 47
87 44
88 33
89 38
90 5
91 13
92 18
93 31
94 30
95 12
96 22
97 38
98 5
99 15
100 9
101 4
102 25
103 41
104 37
105 36
106 37
107 24
108 44
109 32
110 27
111 35
112 46
113 38
114 18
115 11
116 45
117 41
118 34
119 9
120 22
121 9
122 25
123 24
124 25
125 10
126 29
127 4
128 16
129 21
130 26
131 38
132 23
133 2
134 21
135 27
136 21
137 7
138 43
139 40
140 46
141 23
142 42
143 19
144 14
145 5
146 17
147 7
148 35
149 41
150 33
151 36
152 28
153 22
154 23
155 34
156 11
157 15
158 34
159 3
160 43
161 34
162 17
163 25
164 20
165 9
166 43
167 43
168 32
169 39
170 29
171 29
172 4
173 46
174 35
175 33
176 33
177 19
178 23
179 22
180 39
181 17
182 6
183 3
184 33
185 44
186 8
187 42
188 25
189 19
190 27
191 42
192 43
193 18
194 44
195 1
196 29
197 47
198 34
199 6
200 5
201 20
202 15
203 45
204 13
205 47
206 23
207 30
208 47
209 8
210 32
211 13
212 7
213 27
214 40
215 27
216 40
217 4
218 46
219 46
220 33
221 46
222 47
223 2
224 1
225 23
226 20
227 27
228 21
229 25
230 36
231 32
232 46
233 30
234 34
235 25
236 21
237 5
238 37
239 25
240 42
241 14
242 2
243 45
244 40
245 35
246 14
247 42
248 2
249 5
250 19
251 23
252 20
253 41
254 33
255 15
256 26
257 2
258 31
259 40
260 20
261 1
262 2
263 4
264 17
265 41
266 47
267 40
268 32
269 21
270 10
271 36
272 36
273 18
274 13
275 38
276 40
277 31
278 29
279 32
280 36
281 42
282 30
283 20
284 45
285 6
286 34
287 26
288 23
289 26
290 44
291 33
292 11
293 18
294 10
295 26
296 30
297 27
298 18
299 36
300 32
301 45
302 9
303 12
304 30
305 8
306 39
307 17
308 33
309 39
310 3
311 7
312 19
313 2
314 37
315 34
316 42
317 41
318 38
319 35
320 3
321 26
322 19
323 24
324 11
325 40
326 34
327 45
328 11
329 17
330 21
331 40
332 17
333 15
334 11
335 45
336 40
337 9
338 24
339 24
340 3
341 36
342 2
343 18
344 5
345 26
346 21
347 39
348 16
349 47
350 4
351 41
352 28
353 24
354 19
355 4
356 21
357 22
358 42
359 15
360 20
361 32
362 38
363 32
364 29
365 24
366 18
367 45
368 47
369 15
370 41
371 42
372 9
373 27
374 47
375 35
376 2
377 42
378 8
379 34
380 7
381 17
382 15
383 47
384 20
385 11
386 33
387 38
388 19
389 2
390 36
391 9
392 35
393 34
394 27
395 26
396 37
397 20
398 42
399 5
400 18
401 6
402 29
403 40
404 9
405 47
406 17
407 17
408 44
409 34
410 32
411 35
412 47
413 36
414 33
415 40
416 29
417 24
418 9
419 38
420 19
421 25
422 41
423 2
424 20
425 38
426 35
427 24
428 42
429 17
430 35
431 27
432 22
433 46
434 27
435 21
436 17
437 26
438 15
439 24
440 14
441 17
442 9
443 17
444 26
445 2
446 46
447 11
448 24
449 26
450 38
451 25
452 15
453 15
454 38
455 30
456 24
457 15
458 40
459 27
460 25
461 15
462 47
463 47
464 38
465 32
466 15
467 21
468 17
469 27
470 14
471 17
472 24
473 31
474 28
475 40
476 24
477 27
478 15
479 27
480 40
481 27
482 47
483 47
484 15
485 47
486 25
487 25
488 47
489 21
490 15
491 47
492 25
493 25
494 25
495 47
496 25
497 15
498 15
499 47
500 47
