1 3
2 7
3 7
4 15
5 47
6 21
7 30
8 6
9 35
10 19
11 36
12 8
13 43
14 8
15 19
16 8
17 36
18 19
19 46
20 39
21 27
22 11
23 40
24 26
25 16
26 39
27 7
28 24
29 19
30 28
31 15
32 32
33 9
34 20
35 9
36 30
37 26
38 13
39 19
40 40
41 39
42 3
43 15
44 19
45 38
46 24
47 7
48 37
49 6
50 25
51 42
52 26
53 23
54 47
55 37
56 43
57 9
58 5
59 31
60 30
61 3
62 37
63 47
64 15
65 2
66 12
67 9
68 16
69 34
70 15
71 44
72 39
73 41
74 39
75 20
76 2
77 27
78 40
79 4
80 18
81 17
82 29
83 24
84 6
85 25
86 20
87 31
88 24
89 32
90 6
91 45
92 27
93 1
94 35
95 14
96 17
97 30
98 4
99 9
100 40
101 29
102 10
103 31
104 24
105 18
106 4
107 45
108 32
109 27
110 41
111 25
112 41
113 40
114 12
115 18
116 14
117 37
118 3
119 2
120 15
121 1
122 17
123 10
124 19
125 30
126 13
127 6
128 15
129 18
130 17
131 17
132 19
133 18
134 4
135 30
136 31
137 24
138 21
139 37
140 21
141 3
142 10
143 23
144 46
145 34
146 13
147 1
148 16
149 10
150 29
151 28
152 25
153 7
154 9
155 33
156 7
157 22
158 29
159 45
160 30
161 39
162 19
163 17
164 3
165 17
166 11
167 12
168 18
169 23
170 27
171 16
172 14
173 15
174 27
175 23
176 10
177 39
178 38
179 1
180 44
181 15
182 36
183 9
184 32
185 27
186 19
187 11
188 5
189 24
190 21
191 39
192 3
193 17
194 5
195 2
196 3
197 41
198 37
199 47
200 25
201 32
202 9
203 12
204 24
205 10
206 28
207 47
208 2
209 9
210 44
211 24
212 32
213 18
214 19
215 14
216 20
217 33
218 36
219 39
220 2
221 24
222 1
223 30
224 11
225 41
226 16
227 23
228 35
229 17
230 37
231 2
232 8
233 40
234 5
235 26
236 33
237 19
238 43
239 17
240 30
241 8
242 37
243 39
244 28
245 17
246 35
247 44
248 30
249 38
250 42
251 20
252 25
253 5
254 43
255 41
256 3
257 6
258 38
259 17
260 14
261 33
262 44
263 42
264 9
265 46
266 19
267 1
268 1
269 5
270 13
271 20
272 31
273 9
274 8
275 1
276 46
277 16
278 30
279 17
280 16
281 30
282 47
283 22
284 20
285 25
286 30
287 13
288 43
289 9
290 26
291 24
292 41
293 3
294 35
295 47
296 20
297 34
298 15
299 40
300 18
301 43
302 38
303 43
304 16
305 13
306 12
307 20
308 39
309 5
310 17
311 46
312 17
313 6
314 13
315 47
316 18
317 25
318 3
319 10
320 37
321 6
322 15
323 5
324 30
325 17
326 40
327 39
328 40
329 40
330 42
331 18
332 12
333 17
334 30
335 24
336 22
337 14
338 28
339 10
340 39
341 35
342 7
343 13
344 11
345 8
346 18
347 29
348 37
349 17
350 17
351 40
352 28
353 17
354 13
355 5
356 32
357 42
358 37
359 43
360 43
361 7
362 10
363 13
364 12
365 39
366 24
367 13
368 20
369 42
370 45
371 6
372 35
373 37
374 47
375 38
376 4
377 19
378 3
379 25
380 47
381 35
382 18
383 40
384 15
385 9
386 24
387 40
388 12
389 1
390 4
391 4
392 39
393 22
394 30
395 33
396 19
397 29
398 42
399 24
400 3
401 6
402 6
403 31
404 1
405 33
406 16
407 22
408 28
409 20
410 46
411 24
412 1
413 17
414 15
415 36
416 41
417 13
418 13
419 35
420 7
421 8
422 11
423 8
424 1
425 26
426 19
427 19
428 32
429 32
430 5
431 7
432 6
433 47
434 24
435 17
436 39
437 6
438 37
439 13
440 45
441 20
442 31
443 4
444 43
445 39
446 6
447 47
448 30
449 40
450 20
451 15
452 1
453 30
454 11
455 19
456 1
457 30
458 37
459 7
460 15
461 47
462 19
463 18
464 32
465 40
466 32
467 24
468 43
469 39
470 8
471 47
472 24
473 47
474 15
475 17
476 26
477 39
478 12
479 18
480 16
481 38
482 37
483 34
484 12
485 34
486 35
487 30
488 19
489 37
490 19
491 20
492 43
493 30
494 21
495 47
496 40
497 3
498 40
499 19
500 19
