1 406
1 412
1 436
1 465
1 491
2 331
2 358
2 418
2 428
2 480
3 22
3 155
3 164
3 173
3 253
4 266
4 417
4 449
4 472
4 479
5 184
5 231
5 339
5 427
5 479
6 302
6 388
6 414
6 418
6 430
7 271
7 294
7 335
7 343
7 466
8 26
8 29
8 276
8 316
8 383
9 44
9 202
9 210
9 215
9 262
10 101
10 190
10 358
10 406
10 448
11 122
11 244
11 407
11 489
11 491
12 69
12 86
12 170
12 241
12 281
13 73
13 206
13 322
13 408
13 478
14 107
14 160
14 214
14 455
14 484
15 128
15 237
15 257
15 340
15 426
16 54
16 79
16 249
16 431
16 475
17 40
17 204
17 312
17 345
17 440
18 177
18 291
18 409
18 420
18 423
19 227
19 228
19 400
19 439
19 440
20 188
20 452
20 481
20 483
20 494
21 168
21 380
21 475
21 478
21 495
22 3
22 58
22 157
22 173
22 253
23 83
23 156
23 420
23 438
23 451
24 30
24 34
24 60
24 107
24 360
25 178
25 205
25 391
25 425
25 438
26 8
26 59
26 129
26 218
26 344
27 268
27 321
27 403
27 421
27 492
28 441
28 446
28 449
28 490
28 497
29 8
29 32
29 61
29 94
29 108
30 24
30 34
30 60
30 144
30 149
31 68
31 126
31 154
31 204
31 345
32 29
32 61
32 94
32 182
32 422
33 50
33 182
33 200
33 320
33 357
34 24
34 30
34 60
34 107
34 480
35 44
35 146
35 186
35 275
35 332
36 239
36 314
36 338
36 377
36 477
37 205
37 254
37 328
37 367
37 475
38 218
38 434
38 445
38 467
38 493
39 263
39 444
39 494
39 497
39 500
40 17
40 215
40 216
40 262
40 454
41 43
41 76
41 136
41 233
41 438
42 183
42 353
42 355
42 398
42 411
43 41
43 87
43 381
43 423
43 463
44 9
44 35
44 71
44 186
44 275
45 156
45 324
45 366
45 438
45 451
46 50
46 317
46 357
46 373
46 434
47 256
47 276
47 447
47 483
47 492
48 293
48 404
48 418
48 472
48 480
49 83
49 391
49 425
49 429
49 457
50 33
50 46
50 195
50 320
50 373
51 188
51 266
51 313
51 388
51 442
52 252
52 285
52 387
52 445
52 487
53 116
53 128
53 202
53 237
53 257
54 16
54 100
54 220
54 238
54 377
55 268
55 325
55 337
55 403
55 421
56 209
56 348
56 404
56 462
56 488
57 218
57 235
57 251
57 351
57 435
58 22
58 66
58 116
58 164
58 253
59 26
59 74
59 300
59 351
59 447
60 24
60 30
60 34
60 67
60 107
61 29
61 32
61 108
61 182
61 496
62 140
62 468
62 486
62 498
62 499
63 237
63 424
63 456
63 470
63 477
64 66
64 274
64 379
64 426
64 437
65 266
65 409
65 433
65 434
65 491
66 58
66 64
66 76
66 136
66 233
67 60
67 131
67 175
67 243
67 389
68 31
68 239
68 246
68 314
68 338
69 12
69 170
69 241
69 382
69 396
70 144
70 152
70 453
70 459
70 473
71 44
71 146
71 186
71 275
71 457
72 274
72 419
72 435
72 437
72 452
73 13
73 77
73 253
73 321
73 495
74 59
74 117
74 134
74 192
74 226
75 263
75 322
75 414
75 453
75 495
76 41
76 66
76 136
76 233
76 388
77 73
77 334
77 346
77 356
77 365
78 109
78 247
78 410
78 446
78 454
79 16
79 100
79 238
79 333
79 377
80 259
80 261
80 357
80 406
80 465
81 173
81 319
81 339
81 485
81 487
82 168
82 254
82 296
82 345
82 460
83 23
83 49
83 92
83 124
83 472
84 199
84 270
84 308
84 385
84 493
85 178
85 435
85 467
85 493
85 495
86 12
86 170
86 241
86 434
87 43
87 452
87 481
87 492
87 494
88 280
88 426
88 434
88 437
88 482
89 152
89 309
89 329
89 361
89 364
90 200
90 254
90 298
90 422
90 466
91 199
91 270
91 310
91 385
91 477
92 83
92 123
92 130
92 150
92 198
93 195
93 238
93 249
93 377
93 390
94 29
94 32
94 108
94 182
94 319
95 268
95 279
95 429
95 482
95 484
96 139
96 201
96 256
96 414
96 432
97 354
97 404
97 418
97 462
97 488
98 122
98 283
98 323
98 408
98 500
99 335
99 407
99 409
99 433
99 471
99 491
100 54
100 79
100 180
100 249
100 377
101 10
101 340
101 416
101 445
101 487
102 109
102 172
102 410
102 421
102 489
103 196
103 228
103 245
103 355
103 439
104 436
104 459
104 497
104 498
104 499
105 121
105 159
105 185
105 213
105 258
106 230
106 288
106 410
106 448
106 489
107 14
107 24
107 34
107 60
107 298
108 29
108 61
108 94
108 182
108 491
109 78
109 102
109 454
109 482
109 489
110 112
110 127
110 371
110 462
110 475
111 299
111 346
111 356
111 365
111 498
112 110
112 317
112 436
112 447
112 475
113 133
113 156
113 297
113 395
113 451
114 137
114 436
114 462
114 471
114 499
115 337
115 372
115 403
115 421
115 475
116 53
116 58
116 121
116 258
116 379
117 74
117 189
117 217
117 400
117 439
118 395
118 438
118 440
118 451
118 490
119 390
119 452
119 458
119 492
119 494
120 394
120 399
120 423
120 463
120 478
121 105
121 116
121 159
121 233
121 258
122 11
122 98
122 167
122 221
122 363
123 92
123 124
123 130
123 376
123 480
124 83
124 123
124 130
124 234
124 274
125 163
125 374
125 389
125 415
125 476
126 31
126 154
126 204
126 345
126 497
127 110
127 452
127 483
127 492
127 494
128 15
128 53
128 254
128 257
128 340
129 26
129 161
129 220
129 235
129 351
130 92
130 123
130 124
130 262
130 446
131 67
131 155
131 175
131 243
131 363
132 226
132 296
132 442
132 459
132 498
133 113
133 234
133 312
133 438
133 442
134 74
134 140
134 192
134 226
134 497
135 193
135 279
135 295
135 368
135 482
136 41
136 66
136 76
136 211
136 233
137 114
137 245
137 403
137 498
137 499
138 163
138 171
138 180
138 269
138 449
139 96
139 247
139 248
139 489
139 495
140 62
140 134
140 192
140 226
140 424
141 269
141 282
141 392
141 431
141 476
142 162
142 283
142 354
142 392
142 431
143 354
143 360
143 392
143 431
143 451
144 30
144 70
144 473
144 474
144 495
145 219
145 325
145 396
145 465
145 472
146 35
146 71
146 186
146 214
146 275
147 382
147 416
147 464
147 471
147 485
148 154
148 481
148 483
148 492
148 494
149 30
149 198
149 381
149 399
149 463
150 92
150 329
150 435
150 467
150 493
151 366
151 378
151 383
151 414
151 432
152 70
152 89
152 380
152 450
152 474
153 376
153 419
153 450
153 458
153 461
154 31
154 126
154 148
154 333
154 345
155 3
155 131
155 175
155 243
155 407
156 23
156 45
156 113
156 432
156 451
157 22
157 236
157 397
157 466
157 489
158 174
158 255
158 279
158 361
158 364
159 105
159 121
159 187
159 258
159 466
160 14
160 170
160 193
160 334
160 482
160 484
161 129
161 176
161 384
161 419
161 458
161 461
162 142
162 282
162 354
162 392
162 431
162 477
163 125
163 138
163 333
163 389
163 415
163 498
164 3
164 58
164 173
164 253
164 379
164 426
165 286
165 348
165 427
165 449
165 469
165 479
166 341
166 417
166 449
166 469
166 470
166 479
167 122
167 191
167 195
167 221
167 363
167 410
168 21
168 82
168 342
168 447
168 460
168 475
169 190
169 272
169 307
169 311
169 358
169 435
170 12
170 69
170 86
170 160
170 184
170 241
171 138
171 180
171 217
171 374
171 415
171 422
172 102
172 207
172 350
172 370
172 386
172 489
173 3
173 22
173 81
173 164
173 221
173 253
174 158
174 200
174 260
174 309
174 329
174 364
175 67
175 131
175 155
175 243
175 271
175 459
176 161
176 305
176 307
176 342
176 346
176 472
177 18
177 407
177 409
177 433
177 443
177 488
178 25
178 85
178 265
178 426
178 434
178 493
179 277
179 301
179 442
179 496
179 498
179 500
180 100
180 138
180 171
180 336
180 389
180 415
181 183
181 305
181 419
181 458
181 461
181 474
182 32
182 33
182 61
182 94
182 108
182 486
183 42
183 181
183 347
183 462
183 480
183 488
184 5
184 170
184 330
184 397
184 402
184 466
185 105
185 327
185 380
185 423
185 450
185 478
186 35
186 44
186 71
186 146
186 275
186 482
187 159
187 190
187 358
187 386
187 441
187 448
188 20
188 51
188 223
188 313
188 388
188 492
189 117
189 228
189 245
189 400
189 439
189 456
190 10
190 169
190 187
190 447
190 448
190 460
191 167
191 283
191 323
191 362
191 363
191 380
192 74
192 134
192 140
192 196
192 226
192 428
193 135
193 160
193 356
193 455
193 482
193 484
194 195
194 208
194 223
194 270
194 313
194 388
195 50
195 93
195 167
195 194
195 238
195 377
196 103
196 192
196 287
196 400
196 439
196 478
197 241
197 284
197 379
197 402
197 422
197 466
198 92
198 149
198 211
198 335
198 343
198 398
199 84
199 91
199 213
199 308
199 335
199 419
200 33
200 90
200 174
200 320
200 357
200 373
201 96
201 258
201 287
201 316
201 414
201 430
202 9
202 53
202 215
202 216
202 262
202 499
203 337
203 360
203 391
203 393
203 413
203 425
204 17
204 31
204 126
204 311
204 345
204 464
205 25
205 37
205 360
205 393
205 425
205 439
206 13
206 428
206 462
206 472
206 480
206 500
207 172
207 230
207 280
207 284
207 288
207 306
208 194
208 218
208 223
208 313
208 375
208 388
209 56
209 340
209 468
209 486
209 498
209 499
210 9
210 302
210 322
210 383
210 430
210 432
211 136
211 198
211 271
211 294
211 335
211 343
212 240
212 316
212 424
212 427
212 457
212 477
213 105
213 199
213 270
213 308
213 310
213 385
214 14
214 146
214 222
214 334
214 341
214 429
215 9
215 40
215 202
215 216
215 262
215 429
216 40
216 202
216 215
216 262
216 463
216 480
217 117
217 171
217 287
217 400
217 439
217 481
218 26
218 38
218 57
218 208
218 344
218 351
219 145
219 277
219 289
219 378
219 412
219 414
220 54
220 129
220 235
220 300
220 344
220 474
221 122
221 167
221 173
221 283
221 323
221 363
222 214
222 286
222 292
222 341
222 375
222 482
223 188
223 194
223 208
223 377
223 388
223 495
224 231
224 290
224 429
224 455
224 481
224 484
225 272
225 360
225 367
225 391
225 393
225 425
226 74
226 132
226 134
226 140
226 192
226 390
227 19
227 476
227 485
227 490
227 496
227 500
228 19
228 103
228 189
228 287
228 439
228 499
229 230
229 350
229 410
229 454
229 468
229 489
230 106
230 207
230 229
230 454
230 489
230 493
231 5
231 224
231 427
231 469
231 479
231 497
232 282
232 382
232 387
232 464
232 485
232 490
233 41
233 66
233 76
233 121
233 136
233 463
234 124
234 133
234 332
234 366
234 413
234 451
235 57
235 129
235 220
235 244
235 300
235 344
236 157
236 330
236 344
236 397
236 422
236 466
237 15
237 53
237 63
237 257
237 340
237 488
238 54
238 79
238 93
238 195
238 478
238 483
239 36
239 68
239 242
239 246
239 338
239 411
240 212
240 353
240 355
240 392
240 396
240 411
241 12
241 69
241 86
241 170
241 197
241 467
242 239
242 246
242 314
242 338
242 361
242 496
243 67
243 131
243 155
243 175
243 409
243 500
244 11
244 235
244 359
244 409
244 471
244 491
245 103
245 137
245 189
245 400
245 439
245 500
246 68
246 239
246 242
246 314
246 338
246 446
247 78
247 139
247 370
247 410
247 449
247 459
248 139
248 413
248 436
248 486
248 498
248 499
249 16
249 93
249 100
249 373
249 377
249 386
250 330
250 459
250 468
250 486
250 498
250 499
251 57
251 261
251 337
251 372
251 403
251 421
252 52
252 353
252 389
252 396
252 398
252 411
253 3
253 22
253 58
253 73
253 164
253 173
254 37
254 82
254 90
254 128
254 401
254 475
255 158
255 382
255 416
255 463
255 485
255 487
256 47
256 96
256 481
256 483
256 492
256 494
257 15
257 53
257 128
257 237
257 340
257 393
258 105
258 116
258 121
258 159
258 201
258 300
259 80
259 277
259 322
259 450
259 474
259 495
260 174
260 278
260 348
260 369
260 417
260 427
261 80
261 251
261 406
261 412
261 465
261 494
262 9
262 40
262 130
262 202
262 215
262 216
263 39
263 75
263 437
263 473
263 474
263 478
264 325
264 440
264 456
264 457
264 470
264 477
265 178
265 375
265 379
265 426
265 437
265 476
265 493
266 4
266 51
266 65
266 304
266 420
266 433
266 491
267 273
267 346
267 356
267 365
267 384
267 445
268 27
268 55
268 95
268 372
268 403
268 421
268 488
269 138
269 141
269 333
269 368
269 374
269 389
269 415
270 84
270 91
270 194
270 213
270 310
270 385
270 496
271 7
271 175
271 211
271 272
271 294
271 335
271 343
272 169
272 225
272 271
272 299
272 326
272 386
272 448
273 267
273 346
273 356
273 365
273 400
273 487
274 64
274 72
274 124
274 312
274 417
274 437
274 493
275 35
275 44
275 71
275 146
275 186
275 387
275 457
276 8
276 47
276 293
276 383
276 414
276 432
276 487
277 179
277 219
277 259
277 490
277 496
277 497
277 500
278 260
278 369
278 387
278 449
278 469
278 479
278 493
279 95
279 135
279 158
279 290
279 334
279 459
279 482
280 88
280 207
280 288
280 350
280 454
280 473
280 489
281 12
281 352
281 381
281 399
281 423
281 428
281 463
282 141
282 162
282 232
282 284
282 354
282 392
282 431
283 98
283 142
283 191
283 221
283 323
283 363
283 482
284 197
284 207
284 282
284 298
284 330
284 402
284 422
285 52
285 382
285 385
285 387
285 445
285 485
285 487
286 165
286 222
286 429
286 448
286 455
286 482
286 484
287 196
287 201
287 217
287 228
287 400
287 431
287 439
288 106
288 207
288 280
288 412
288 448
288 454
288 489
289 219
289 325
289 359
289 378
289 416
289 446
289 465
290 224
290 279
290 398
290 429
290 452
290 455
290 482
291 18
291 433
291 443
291 455
291 471
291 491
291 495
292 222
292 348
292 369
292 427
292 469
292 479
292 492
293 48
293 276
293 302
293 316
293 413
293 430
293 432
294 7
294 211
294 271
294 335
294 343
294 349
294 490
295 135
295 309
295 334
295 429
295 455
295 479
295 484
296 82
296 132
296 415
296 459
296 486
296 498
296 499
297 113
297 319
297 324
297 440
297 456
297 457
297 478
298 90
298 107
298 284
298 357
298 402
298 422
298 466
299 111
299 272
299 311
299 326
299 374
299 386
299 448
300 59
300 220
300 235
300 258
300 344
300 351
300 494
301 179
301 394
301 444
301 496
301 497
301 499
301 500
302 6
302 210
302 293
302 316
302 357
302 383
302 432
303 332
303 395
303 438
303 444
303 451
303 464
303 473
304 266
304 420
304 443
304 471
304 483
304 484
304 491
305 176
305 181
305 321
305 342
305 356
305 376
305 461
306 207
306 326
306 368
306 490
306 496
306 497
306 500
307 169
307 176
307 384
307 391
307 419
307 458
307 461
308 84
308 199
308 213
308 310
308 328
308 385
308 471
309 89
309 174
309 295
309 329
309 361
309 364
309 411
310 91
310 213
310 270
310 308
310 369
310 385
310 455
311 169
311 204
311 299
311 326
311 358
311 448
311 465
312 17
312 133
312 274
312 379
312 426
312 435
312 493
313 51
313 188
313 194
313 208
313 345
313 388
313 486
314 36
314 68
314 242
314 246
314 338
314 409
314 481
315 341
315 380
315 413
315 460
315 486
315 498
315 499
316 8
316 201
316 212
316 293
316 302
316 399
316 430
317 46
317 112
317 367
317 401
317 447
317 460
317 475
318 321
318 408
318 443
318 451
318 453
318 473
318 478
319 81
319 94
319 297
319 324
319 424
319 470
319 477
320 33
320 50
320 200
320 357
320 373
320 393
320 396
321 27
321 73
321 305
321 318
321 408
321 453
321 495
322 13
322 75
322 210
322 259
322 473
322 481
322 495
323 98
323 191
323 221
323 283
323 363
323 365
323 450
324 45
324 297
324 319
324 400
324 440
324 470
324 477
325 55
325 145
325 264
325 289
325 378
325 406
325 412
326 272
326 299
326 306
326 311
326 386
326 420
326 448
327 185
327 418
327 450
327 453
327 470
327 473
327 495
328 37
328 308
328 404
328 405
328 418
328 480
328 488
329 89
329 150
329 174
329 309
329 334
329 361
329 364
330 184
330 236
330 250
330 284
330 397
330 466
330 496
331 2
331 336
331 418
331 452
331 481
331 483
331 492
331 494
332 35
332 234
332 303
332 366
332 395
332 437
332 438
332 469
333 79
333 154
333 163
333 269
333 374
333 389
333 415
333 433
334 77
334 160
334 214
334 279
334 295
334 329
334 482
334 484
335 7
335 99
335 198
335 199
335 211
335 271
335 294
335 343
336 180
336 331
336 390
336 445
336 481
336 483
336 492
336 494
337 55
337 115
337 203
337 251
337 372
337 403
337 421
337 476
338 36
338 68
338 239
338 242
338 246
338 314
338 381
338 499
339 5
339 81
339 445
339 464
339 483
339 485
339 487
339 494
340 15
340 101
340 128
340 209
340 237
340 257
340 384
340 432
341 166
341 214
341 222
341 315
341 429
341 455
341 482
341 484
342 168
342 176
342 305
342 345
342 376
342 384
342 458
342 461
343 7
343 198
343 211
343 271
343 294
343 335
343 344
343 491
344 26
344 218
344 220
344 235
344 236
344 300
344 343
344 351
345 17
345 31
345 82
345 126
345 154
345 204
345 313
345 342
346 77
346 111
346 176
346 267
346 273
346 356
346 365
346 404
347 183
347 405
347 462
347 472
347 480
347 484
347 488
347 491
348 56
348 165
348 260
348 292
348 412
348 427
348 449
348 479
349 294
349 432
349 442
349 444
349 490
349 496
349 497
349 500
350 172
350 229
350 280
350 370
350 431
350 454
350 467
350 489
351 57
351 59
351 129
351 218
351 300
351 344
351 465
351 468
352 281
352 381
352 394
352 399
352 421
352 423
352 430
352 463
353 42
353 240
353 252
353 355
353 396
353 398
353 408
353 411
354 97
354 142
354 143
354 162
354 282
354 392
354 431
354 441
355 42
355 103
355 240
355 353
355 396
355 398
355 411
355 474
356 77
356 111
356 193
356 267
356 273
356 305
356 346
356 365
357 33
357 46
357 80
357 200
357 298
357 302
357 320
357 373
358 2
358 10
358 169
358 187
358 311
358 386
358 444
358 448
359 244
359 289
359 378
359 406
359 412
359 424
359 431
359 465
360 24
360 143
360 203
360 205
360 225
360 391
360 393
360 425
361 89
361 158
361 242
361 309
361 329
361 364
361 436
361 437
362 191
362 424
362 440
362 456
362 457
362 465
362 470
362 477
363 122
363 131
363 167
363 191
363 221
363 283
363 323
363 364
364 89
364 158
364 174
364 309
364 329
364 361
364 363
364 395
365 77
365 111
365 267
365 273
365 323
365 346
365 356
365 367
366 45
366 151
366 234
366 332
366 395
366 438
366 451
366 499
367 37
367 225
367 317
367 365
367 371
367 401
367 447
367 460
368 135
368 269
368 306
368 476
368 490
368 496
368 497
368 500
369 260
369 278
369 292
369 310
369 373
369 417
369 449
369 469
370 172
370 247
370 350
370 401
370 410
370 454
370 489
370 493
371 110
371 367
371 372
371 384
371 401
371 447
371 460
371 475
372 115
372 251
372 268
372 337
372 371
372 403
372 421
372 428
373 46
373 50
373 200
373 249
373 320
373 357
373 369
373 453
374 125
374 171
374 269
374 299
374 333
374 389
374 430
374 462
375 208
375 222
375 265
375 404
375 405
375 462
375 472
375 480
375 488
376 123
376 153
376 305
376 342
376 407
376 416
376 419
376 458
376 461
377 36
377 54
377 79
377 93
377 100
377 195
377 223
377 249
377 443
378 151
378 219
378 289
378 325
378 359
378 406
378 412
378 420
378 465
379 64
379 116
379 164
379 197
379 265
379 312
379 435
379 467
379 493
380 21
380 152
380 185
380 191
380 315
380 450
380 473
380 478
380 495
381 43
381 149
381 281
381 338
381 352
381 394
381 415
381 423
381 463
382 69
382 147
382 232
382 255
382 285
382 390
382 464
382 485
382 487
383 8
383 151
383 210
383 276
383 302
383 414
383 430
383 475
383 479
384 161
384 267
384 307
384 340
384 342
384 371
384 419
384 458
384 461
385 84
385 91
385 213
385 270
385 285
385 308
385 310
385 453
385 485
386 172
386 187
386 249
386 272
386 299
386 326
386 358
386 448
386 453
387 52
387 232
387 275
387 278
387 285
387 403
387 445
387 464
387 487
388 6
388 51
388 76
388 188
388 194
388 208
388 223
388 313
388 485
389 67
389 125
389 163
389 180
389 252
389 269
389 333
389 374
389 415
390 93
390 119
390 226
390 336
390 382
390 481
390 483
390 492
390 494
391 25
391 49
391 203
391 225
391 307
391 360
391 393
391 425
391 488
392 141
392 142
392 143
392 162
392 240
392 282
392 354
392 410
392 431
393 203
393 205
393 225
393 257
393 320
393 360
393 391
393 425
393 429
394 120
394 301
394 352
394 381
394 399
394 401
394 423
394 427
394 463
395 113
395 118
395 303
395 332
395 364
395 366
395 424
395 438
395 451
396 69
396 145
396 240
396 252
396 320
396 353
396 355
396 398
396 411
397 157
397 184
397 236
397 330
397 402
397 422
397 466
397 467
397 500
398 42
398 198
398 252
398 290
398 353
398 355
398 396
398 411
398 421
399 120
399 149
399 281
399 316
399 352
399 394
399 423
399 458
399 463
399 464
400 19
400 117
400 189
400 196
400 217
400 245
400 273
400 287
400 324
400 485
401 254
401 317
401 367
401 370
401 371
401 394
401 406
401 447
401 460
401 475
402 184
402 197
402 284
402 298
402 397
402 408
402 415
402 422
402 464
402 466
403 27
403 55
403 115
403 137
403 251
403 268
403 337
403 372
403 387
403 421
404 48
404 56
404 97
404 328
404 346
404 375
404 428
404 434
404 460
404 472
405 328
405 347
405 375
405 418
405 428
405 472
405 473
405 480
405 488
405 489
406 1
406 10
406 80
406 261
406 325
406 359
406 378
406 401
406 461
406 465
407 11
407 99
407 155
407 177
407 376
407 417
407 420
407 443
407 471
407 491
408 13
408 98
408 318
408 321
408 353
408 402
408 450
408 474
408 478
408 495
409 18
409 65
409 99
409 177
409 243
409 244
409 314
409 420
409 443
409 471
410 78
410 102
410 106
410 167
410 229
410 247
410 370
410 392
410 412
410 489
411 42
411 239
411 240
411 252
411 309
411 353
411 355
411 396
411 398
411 485
412 1
412 219
412 261
412 288
412 325
412 348
412 359
412 378
412 410
412 465
413 203
413 234
413 248
413 293
413 315
413 436
413 468
413 486
413 498
413 499
414 6
414 75
414 96
414 151
414 201
414 219
414 276
414 383
414 430
414 468
415 125
415 163
415 171
415 180
415 269
415 296
415 333
415 381
415 389
415 402
416 101
416 147
416 255
416 289
416 376
416 423
416 445
416 464
416 485
416 487
417 4
417 166
417 260
417 274
417 369
417 407
417 449
417 469
417 479
417 494
418 2
418 6
418 48
418 97
418 327
418 328
418 331
418 405
418 428
418 480
418 488
419 72
419 153
419 161
419 181
419 199
419 307
419 376
419 384
419 456
419 458
419 461
420 18
420 23
420 266
420 304
420 326
420 378
420 407
420 409
420 443
420 471
420 491
421 27
421 55
421 102
421 115
421 251
421 268
421 337
421 352
421 372
421 398
421 403
422 32
422 90
422 171
422 197
422 236
422 284
422 298
422 397
422 402
422 425
422 466
423 18
423 43
423 120
423 185
423 281
423 352
423 381
423 394
423 399
423 416
423 463
424 63
424 140
424 212
424 319
424 359
424 362
424 395
424 440
424 456
424 457
424 477
425 25
425 49
425 203
425 205
425 225
425 360
425 391
425 393
425 422
425 454
425 487
426 15
426 64
426 88
426 164
426 178
426 265
426 312
426 437
426 467
426 486
426 493
427 5
427 165
427 212
427 231
427 260
427 292
427 348
427 394
427 469
427 470
427 479
428 2
428 192
428 206
428 281
428 372
428 404
428 405
428 418
428 462
428 472
428 488
429 49
429 95
429 214
429 215
429 224
429 286
429 290
429 295
429 341
429 393
429 455
430 6
430 201
430 210
430 293
430 316
430 352
430 374
430 383
430 414
430 432
430 473
431 16
431 141
431 142
431 143
431 162
431 282
431 287
431 350
431 354
431 359
431 392
432 96
432 151
432 156
432 210
432 276
432 293
432 302
432 340
432 349
432 430
432 498
433 65
433 99
433 177
433 266
433 291
433 333
433 443
433 468
433 471
433 491
433 495
434 38
434 46
434 65
434 86
434 88
434 178
434 404
434 435
434 437
434 467
434 493
435 57
435 72
435 85
435 150
435 169
435 312
435 379
435 434
435 439
435 467
435 493
436 1
436 104
436 112
436 114
436 248
436 361
436 413
436 459
436 468
436 486
436 498
436 499
437 64
437 72
437 88
437 263
437 265
437 274
437 332
437 361
437 426
437 434
437 467
437 493
438 23
438 25
438 41
438 45
438 118
438 133
438 303
438 332
438 366
438 395
438 444
438 497
439 19
439 103
439 117
439 189
439 196
439 205
439 217
439 228
439 245
439 287
439 435
439 490
440 17
440 19
440 118
440 264
440 297
440 324
440 362
440 424
440 456
440 457
440 470
440 477
441 28
441 187
441 354
441 442
441 444
441 446
441 451
441 476
441 490
441 496
441 497
441 500
442 51
442 132
442 133
442 179
442 349
442 441
442 444
442 446
442 456
442 476
442 496
442 497
443 177
443 291
443 304
443 318
443 377
443 407
443 409
443 420
443 433
443 454
443 471
443 491
444 39
444 301
444 303
444 349
444 358
444 438
444 441
444 442
444 476
444 496
444 497
444 500
445 38
445 52
445 101
445 267
445 285
445 336
445 339
445 387
445 416
445 464
445 485
445 487
446 28
446 78
446 130
446 246
446 289
446 441
446 442
446 476
446 490
446 496
446 497
446 500
447 47
447 59
447 112
447 168
447 190
447 317
447 367
447 371
447 401
447 460
447 461
447 475
448 10
448 106
448 187
448 190
448 272
448 286
448 288
448 299
448 311
448 326
448 358
448 386
449 4
449 28
449 138
449 165
449 166
449 247
449 278
449 348
449 369
449 417
449 469
449 479
450 152
450 153
450 185
450 259
450 323
450 327
450 380
450 408
450 453
450 474
450 478
450 495
451 23
451 45
451 113
451 118
451 143
451 156
451 234
451 303
451 318
451 366
451 395
451 441
452 20
452 72
452 87
452 119
452 127
452 290
452 331
452 481
452 483
452 492
452 494
452 499
453 70
453 75
453 318
453 321
453 327
453 373
453 385
453 386
453 450
453 473
453 474
453 495
454 40
454 78
454 109
454 229
454 230
454 280
454 288
454 350
454 370
454 425
454 443
454 489
455 14
455 193
455 224
455 286
455 290
455 291
455 295
455 310
455 341
455 429
455 458
455 482
455 484
456 63
456 189
456 264
456 297
456 362
456 419
456 424
456 440
456 442
456 457
456 470
456 477
456 498
457 49
457 71
457 212
457 264
457 275
457 297
457 362
457 424
457 440
457 456
457 470
457 477
457 496
458 119
458 153
458 161
458 181
458 307
458 342
458 376
458 384
458 399
458 419
458 455
458 460
458 461
459 70
459 104
459 132
459 175
459 247
459 250
459 279
459 296
459 436
459 468
459 486
459 498
459 499
460 82
460 168
460 190
460 315
460 317
460 367
460 371
460 401
460 404
460 447
460 458
460 475
460 481
461 153
461 161
461 181
461 305
461 307
461 342
461 376
461 384
461 406
461 419
461 447
461 458
461 466
462 56
462 97
462 110
462 114
462 183
462 206
462 347
462 374
462 375
462 428
462 469
462 472
462 488
463 43
463 120
463 149
463 216
463 233
463 255
463 281
463 352
463 381
463 394
463 399
463 423
463 483
464 147
464 204
464 232
464 303
464 339
464 382
464 387
464 399
464 402
464 416
464 445
464 485
464 487
465 1
465 80
465 145
465 261
465 289
465 311
465 351
465 359
465 362
465 378
465 406
465 412
465 500
466 7
466 90
466 157
466 159
466 184
466 197
466 236
466 298
466 330
466 397
466 402
466 422
466 461
467 38
467 85
467 150
467 241
467 350
467 379
467 397
467 426
467 434
467 435
467 437
467 471
467 493
468 62
468 209
468 229
468 250
468 351
468 413
468 414
468 433
468 436
468 459
468 486
468 498
468 499
469 165
469 166
469 231
469 278
469 292
469 332
469 369
469 417
469 427
469 449
469 462
469 479
469 487
470 63
470 166
470 264
470 319
470 324
470 327
470 362
470 427
470 440
470 456
470 457
470 477
470 484
471 99
471 114
471 147
471 244
471 291
471 304
471 308
471 407
471 409
471 420
471 433
471 443
471 467
471 491
472 4
472 48
472 83
472 145
472 176
472 206
472 347
472 375
472 404
472 405
472 428
472 462
472 480
472 488
473 70
473 144
473 263
473 280
473 303
473 318
473 322
473 327
473 380
473 405
473 430
473 453
473 474
473 478
474 144
474 152
474 181
474 220
474 259
474 263
474 355
474 408
474 450
474 453
474 473
474 477
474 478
474 495
475 16
475 21
475 37
475 110
475 112
475 115
475 168
475 254
475 317
475 371
475 383
475 401
475 447
475 460
476 125
476 141
476 227
476 265
476 337
476 368
476 441
476 442
476 444
476 446
476 490
476 496
476 497
476 500
477 36
477 63
477 91
477 162
477 212
477 264
477 319
477 324
477 362
477 424
477 440
477 456
477 457
477 470
477 474
478 13
478 21
478 120
478 185
478 196
478 238
478 263
478 297
478 318
478 380
478 408
478 450
478 473
478 474
478 495
479 4
479 5
479 165
479 166
479 231
479 278
479 292
479 295
479 348
479 383
479 417
479 427
479 449
479 469
479 492
480 2
480 34
480 48
480 123
480 183
480 206
480 216
480 328
480 347
480 375
480 405
480 418
480 472
480 486
480 488
481 20
481 87
481 148
481 217
481 224
481 256
481 314
481 322
481 331
481 336
481 390
481 452
481 460
481 483
481 492
481 494
482 88
482 95
482 109
482 135
482 160
482 186
482 193
482 222
482 279
482 283
482 286
482 290
482 334
482 341
482 455
482 484
483 20
483 47
483 127
483 148
483 238
483 256
483 304
483 331
483 336
483 339
483 390
483 452
483 463
483 481
483 492
483 494
484 14
484 95
484 160
484 193
484 224
484 286
484 295
484 304
484 334
484 341
484 347
484 455
484 470
484 482
484 488
484 492
485 81
485 147
485 227
485 232
485 255
485 285
485 339
485 382
485 385
485 388
485 400
485 411
485 416
485 445
485 464
485 487
486 62
486 182
486 209
486 248
486 250
486 296
486 313
486 315
486 413
486 426
486 436
486 459
486 468
486 480
486 491
486 498
486 499
487 52
487 81
487 101
487 255
487 273
487 276
487 285
487 339
487 382
487 387
487 416
487 425
487 445
487 464
487 469
487 485
487 493
488 56
488 97
488 177
488 183
488 237
488 268
488 328
488 347
488 375
488 391
488 405
488 418
488 428
488 462
488 472
488 480
488 484
489 11
489 102
489 106
489 109
489 139
489 157
489 172
489 229
489 230
489 280
489 288
489 350
489 370
489 405
489 410
489 454
489 490
490 28
490 118
490 227
490 232
490 277
490 294
490 306
490 349
490 368
490 439
490 441
490 446
490 476
490 489
490 496
490 497
490 500
491 1
491 11
491 65
491 99
491 108
491 244
491 266
491 291
491 304
491 343
491 347
491 407
491 420
491 433
491 443
491 471
491 486
492 27
492 47
492 87
492 119
492 127
492 148
492 188
492 256
492 292
492 331
492 336
492 390
492 452
492 479
492 481
492 483
492 484
492 494
493 38
493 84
493 85
493 150
493 178
493 230
493 265
493 274
493 278
493 312
493 370
493 379
493 426
493 434
493 435
493 437
493 467
493 487
494 20
494 39
494 87
494 119
494 127
494 148
494 256
494 261
494 300
494 331
494 336
494 339
494 390
494 417
494 452
494 481
494 483
494 492
495 21
495 73
495 75
495 85
495 139
495 144
495 223
495 259
495 291
495 321
495 322
495 327
495 380
495 408
495 433
495 450
495 453
495 474
495 478
496 61
496 179
496 227
496 242
496 270
496 277
496 301
496 306
496 330
496 349
496 368
496 441
496 442
496 444
496 446
496 457
496 476
496 490
496 497
496 500
497 28
497 39
497 104
497 126
497 134
497 231
497 277
497 301
497 306
497 349
497 368
497 438
497 441
497 442
497 444
497 446
497 476
497 490
497 496
497 498
497 500
498 62
498 104
498 111
498 132
498 137
498 163
498 179
498 209
498 248
498 250
498 296
498 315
498 413
498 432
498 436
498 456
498 459
498 468
498 486
498 497
498 499
499 62
499 104
499 114
499 137
499 202
499 209
499 228
499 248
499 250
499 296
499 301
499 315
499 338
499 366
499 413
499 436
499 452
499 459
499 468
499 486
499 498
500 39
500 98
500 179
500 206
500 227
500 243
500 245
500 277
500 301
500 306
500 349
500 368
500 397
500 441
500 444
500 446
500 465
500 476
500 490
500 496
500 497
