1 17
2 30
3 25
4 47
5 30
6 27
7 17
8 47
9 19
10 32
11 1
12 50
13 20
14 38
15 1
16 17
17 12
18 51
19 28
20 46
21 20
22 6
23 20
24 18
25 34
26 38
27 51
28 40
29 32
30 21
31 37
32 20
33 39
34 16
35 30
36 26
37 10
38 36
39 5
40 24
41 29
42 50
43 18
44 23
45 2
46 48
47 38
48 34
49 47
50 51
51 19
52 1
53 39
54 50
55 3
56 50
57 3
58 40
59 43
60 39
61 43
62 23
63 40
64 37
65 12
66 50
67 36
68 40
69 19
70 7
71 13
72 26
73 17
74 17
75 29
76 49
77 34
78 13
79 29
80 13
81 15
82 29
83 42
84 21
85 5
86 11
87 5
88 25
89 30
90 32
91 38
92 21
93 11
94 43
95 23
96 50
97 35
98 43
99 5
100 27
101 19
102 4
103 17
104 39
105 11
106 4
107 18
108 27
109 41
110 13
111 1
112 25
113 25
114 49
115 38
116 2
117 33
118 17
119 43
120 41
121 11
122 14
123 17
124 42
125 26
126 50
127 38
128 46
129 51
130 9
131 37
132 29
133 22
134 1
135 16
136 22
137 17
138 19
139 43
140 43
141 37
142 21
143 35
144 8
145 29
146 43
147 45
148 35
149 5
150 34
151 42
152 6
153 20
154 23
155 39
156 1
157 51
158 33
159 39
160 21
161 48
162 22
163 46
164 1
165 25
166 31
167 44
168 26
169 25
170 19
171 5
172 30
173 46
174 51
175 41
176 39
177 10
178 40
179 47
180 13
181 49
182 39
183 8
184 13
185 42
186 14
187 20
188 14
189 18
190 37
191 31
192 35
193 2
194 30
195 38
196 30
197 45
198 41
199 25
200 37
201 34
202 11
203 2
204 8
205 32
206 39
207 32
208 45
209 18
210 7
211 34
212 5
213 7
214 48
215 5
216 43
217 14
218 21
219 1
220 21
221 29
222 17
223 51
224 20
225 50
226 10
227 17
228 4
229 51
230 44
231 36
232 49
233 33
234 7
235 8
236 4
237 47
238 9
239 10
240 9
241 31
242 33
243 13
244 39
245 2
246 29
247 21
248 31
249 49
250 1
251 51
252 21
253 21
254 8
255 7
256 40
257 4
258 43
259 3
260 26
261 44
262 4
263 3
264 27
265 8
266 12
267 20
268 16
269 39
270 43
271 46
272 9
273 50
274 50
275 36
276 16
277 51
278 27
279 38
280 30
281 25
282 7
283 40
284 39
285 3
286 51
287 41
288 31
289 9
290 4
291 4
292 1
293 27
294 6
295 15
296 50
297 7
298 11
299 30
300 16
301 15
302 35
303 42
304 28
305 29
306 2
307 15
308 47
309 13
310 40
311 1
312 9
313 7
314 33
315 42
316 23
317 6
318 27
319 15
320 38
321 7
322 19
323 39
324 38
325 21
326 23
327 14
328 48
329 3
330 41
331 7
332 45
333 21
334 25
335 10
336 21
337 17
338 39
339 10
340 10
341 21
342 12
343 27
344 24
345 27
346 29
347 50
348 25
349 18
350 12
351 3
352 38
353 20
354 24
355 2
356 43
357 39
358 48
359 33
360 10
361 30
362 24
363 45
364 51
365 43
366 1
367 43
368 40
369 2
370 27
371 40
372 51
373 10
374 48
375 4
376 27
377 21
378 20
379 26
380 43
381 6
382 51
383 13
384 43
385 51
386 50
387 49
388 33
389 10
390 50
391 30
392 13
393 12
394 33
395 16
396 36
397 39
398 18
399 29
400 27
401 46
402 43
403 4
404 39
405 44
406 51
407 24
408 19
409 51
410 41
411 24
412 20
413 1
414 8
415 4
416 39
417 42
418 14
419 16
420 7
421 27
422 41
423 7
424 6
425 22
426 28
427 28
428 21
429 15
430 6
431 51
432 39
433 40
434 51
435 41
436 14
437 21
438 41
439 51
440 18
441 20
442 12
443 25
444 24
445 6
446 18
447 23
448 28
449 1
450 4
451 27
452 50
453 23
454 44
455 25
456 44
457 39
458 16
459 51
460 29
461 21
462 3
463 27
464 6
465 27
466 38
467 13
468 38
469 39
470 40
471 51
472 20
473 38
474 17
475 33
476 3
477 25
478 43
479 21
480 6
481 29
482 20
483 33
484 10
485 41
486 39
487 41
488 40
489 22
490 22
491 13
492 25
493 29
494 20
495 7
496 20
497 13
498 40
499 51
500 13
