1 5
2 6
3 28
4 26
5 6
6 10
7 14
8 35
9 2
10 35
11 21
12 11
13 7
14 39
15 19
16 9
17 40
18 36
19 22
20 1
21 18
22 17
23 5
24 35
25 15
26 7
27 24
28 15
29 31
30 3
31 35
32 17
33 28
34 40
35 30
36 33
37 40
38 3
39 20
40 14
41 22
42 4
43 18
44 25
45 12
46 16
47 27
48 11
49 5
50 39
51 30
52 8
53 31
54 26
55 23
56 8
57 21
58 10
59 39
60 2
61 36
62 25
63 26
64 39
65 11
66 8
67 37
68 38
69 26
70 39
71 18
72 1
73 20
74 33
75 21
76 8
77 38
78 40
79 28
80 13
81 8
82 20
83 40
84 6
85 39
86 13
87 39
88 34
89 34
90 7
91 19
92 22
93 36
94 35
95 29
96 36
97 14
98 9
99 33
100 33
101 8
102 35
103 13
104 13
105 24
106 30
107 19
108 16
109 23
110 22
111 4
112 16
113 24
114 6
115 5
116 19
117 25
118 19
119 22
120 23
121 17
122 3
123 3
124 9
125 15
126 5
127 24
128 37
129 33
130 30
131 37
132 35
133 34
134 31
135 15
136 17
137 4
138 12
139 12
140 32
141 7
142 29
143 1
144 32
145 12
146 7
147 26
148 25
149 6
150 19
151 24
152 20
153 34
154 15
155 33
156 32
157 38
158 5
159 2
160 15
161 20
162 32
163 15
164 31
165 19
166 38
167 20
168 1
169 27
170 32
171 38
172 4
173 32
174 14
175 27
176 9
177 13
178 35
179 9
180 11
181 27
182 3
183 30
184 20
185 40
186 10
187 37
188 36
189 1
190 10
191 4
192 22
193 23
194 7
195 23
196 4
197 10
198 18
199 36
200 12
201 26
202 27
203 38
204 28
205 17
206 8
207 10
208 1
209 25
210 14
211 11
212 28
213 19
214 33
215 25
216 38
217 31
218 35
219 1
220 21
221 3
222 8
223 33
224 30
225 9
226 29
227 24
228 23
229 24
230 6
231 21
232 36
233 39
234 16
235 31
236 16
237 13
238 7
239 13
240 19
241 40
242 4
243 1
244 10
245 10
246 20
247 25
248 21
249 34
250 12
251 29
252 5
253 11
254 22
255 38
256 15
257 11
258 31
259 35
260 27
261 5
262 34
263 13
264 2
265 40
266 15
267 14
268 39
269 19
270 23
271 27
272 30
273 32
274 28
275 3
276 21
277 33
278 16
279 24
280 2
281 26
282 1
283 5
284 33
285 21
286 14
287 29
288 7
289 27
290 13
291 4
292 30
293 3
294 29
295 40
296 1
297 15
298 28
299 28
300 31
301 37
302 13
303 39
304 38
305 25
306 17
307 36
308 9
309 30
310 13
311 11
312 26
313 10
314 15
315 26
316 33
317 38
318 15
319 5
320 36
321 18
322 18
323 20
324 18
325 30
326 6
327 13
328 34
329 18
330 32
331 29
332 19
333 31
334 29
335 37
336 30
337 36
338 20
339 16
340 18
341 17
342 33
343 40
344 34
345 37
346 34
347 37
348 34
349 22
350 18
351 7
352 17
353 21
354 15
355 11
356 26
357 13
358 3
359 21
360 16
361 40
362 2
363 8
364 37
365 36
366 21
367 1
368 22
369 26
370 30
371 24
372 31
373 24
374 15
375 37
376 17
377 25
378 9
379 2
380 24
381 9
382 31
383 15
384 33
385 11
386 38
387 24
388 22
389 39
390 12
391 5
392 30
393 4
394 13
395 32
396 13
397 14
398 14
399 11
400 9
401 20
402 21
403 18
404 12
405 1
406 3
407 21
408 7
409 19
410 3
411 3
412 11
413 12
414 7
415 35
416 2
417 34
418 5
419 33
420 9
421 37
422 2
423 13
424 19
425 15
426 24
427 37
428 40
429 12
430 5
431 14
432 19
433 2
434 4
435 34
436 30
437 19
438 13
439 33
440 30
441 37
442 21
443 13
444 3
445 7
446 30
447 15
448 37
449 15
450 12
451 12
452 15
453 14
454 35
455 35
456 14
457 5
458 34
459 33
460 24
461 21
462 15
463 34
464 19
465 19
466 21
467 3
468 37
469 3
470 19
471 14
472 34
473 34
474 3
475 15
476 15
477 33
478 14
479 24
480 24
481 33
482 14
483 14
484 33
485 14
486 33
487 34
488 13
489 14
490 19
491 33
492 24
493 24
494 24
495 24
496 24
497 24
498 33
499 24
500 33
