1 42
1 61
1 118
1 141
1 164
1 196
1 256
1 293
1 318
1 378
1 400
1 413
1 430
1 497
2 47
2 84
2 140
2 361
2 420
3 4
3 27
3 153
3 342
3 361
3 396
3 420
3 459
4 3
4 64
4 298
4 396
4 414
5 6
5 374
5 396
5 433
5 473
6 5
6 8
6 138
6 140
6 494
7 223
7 240
7 304
7 394
7 484
8 6
8 84
8 304
8 371
8 437
9 89
9 94
9 294
9 341
9 372
9 381
9 419
9 479
9 484
9 486
9 489
10 120
10 121
10 426
10 427
10 462
11 14
11 17
11 182
11 304
11 415
12 14
12 345
12 470
12 494
13 16
13 238
13 288
13 444
13 479
14 11
14 12
14 15
14 345
14 470
15 14
15 16
15 396
15 455
15 462
15 488
15 499
15 500
16 13
16 15
16 345
16 421
16 470
17 11
17 19
17 182
17 218
17 359
17 415
18 39
18 44
18 53
18 222
18 490
18 499
19 17
19 144
19 265
19 311
19 359
20 35
20 67
20 161
20 219
20 308
20 327
20 365
20 392
20 436
20 445
20 487
20 497
20 498
21 109
21 170
21 174
21 185
21 233
21 446
22 166
22 187
22 233
22 422
22 488
23 24
23 25
23 113
23 465
23 496
24 23
24 25
24 290
24 425
24 476
25 23
25 24
25 68
25 171
25 226
25 280
26 27
26 28
26 41
26 243
26 327
27 3
27 26
27 28
27 156
27 342
27 361
27 420
27 431
27 459
28 26
28 27
28 104
28 204
28 434
29 214
29 377
29 396
29 443
29 448
29 465
29 488
29 490
30 31
30 206
30 352
30 408
30 462
31 30
31 34
31 181
31 384
31 451
32 108
32 184
32 201
32 334
32 339
32 340
32 429
32 464
32 466
33 35
33 44
33 154
33 289
33 443
33 465
34 31
34 37
34 75
34 441
34 491
35 20
35 33
35 67
35 122
35 154
35 181
35 183
35 202
35 264
35 273
35 289
35 385
35 497
35 498
36 38
36 135
36 223
36 286
36 394
36 450
36 453
36 487
36 493
37 34
37 38
37 235
37 425
37 476
38 36
38 37
38 287
38 314
38 354
38 367
39 18
39 226
39 266
39 337
39 490
39 499
40 41
40 42
40 78
40 299
40 496
41 26
41 40
41 42
41 72
41 74
42 1
42 40
42 41
42 61
42 141
42 400
42 497
43 64
43 353
43 451
43 460
43 489
44 18
44 33
44 266
44 443
44 465
45 48
45 258
45 302
45 353
45 481
46 48
46 211
46 291
46 353
46 467
47 2
47 55
47 73
47 75
47 153
48 45
48 46
48 242
48 482
48 489
49 54
49 56
49 313
49 321
49 371
49 402
49 432
49 446
50 68
50 72
50 85
50 152
50 317
51 158
51 250
51 263
51 330
51 357
51 364
51 369
51 398
51 412
51 436
52 190
52 235
52 378
52 382
52 425
52 476
53 18
53 143
53 161
53 169
53 175
53 227
54 49
54 56
54 63
54 199
54 295
54 433
54 447
55 47
55 73
55 75
55 230
55 348
56 49
56 54
56 238
56 303
56 492
57 58
57 59
57 67
57 202
57 209
58 57
58 59
58 188
58 234
58 253
58 269
58 323
58 430
59 57
59 58
59 272
59 403
59 442
60 61
60 286
60 394
60 448
60 458
61 1
61 42
61 60
61 63
61 141
61 400
61 497
62 117
62 176
62 177
62 358
62 438
63 54
63 61
63 64
63 282
63 315
63 380
63 433
63 447
63 473
63 495
64 4
64 43
64 63
64 181
64 414
64 456
64 460
64 474
65 66
65 76
65 195
65 220
65 493
66 65
66 68
66 167
66 306
66 484
67 20
67 35
67 57
67 99
67 154
67 183
67 196
67 202
67 209
67 264
67 273
67 289
67 385
67 453
67 487
67 488
67 497
67 498
68 25
68 50
68 66
68 148
68 480
69 123
69 125
69 145
69 297
69 483
69 485
70 72
70 298
70 414
70 430
70 460
71 74
71 180
71 210
71 262
71 413
72 41
72 50
72 70
72 74
72 469
73 47
73 55
73 75
73 197
73 225
73 292
73 416
74 41
74 71
74 72
74 77
74 469
75 34
75 47
75 55
75 73
75 441
75 491
76 65
76 119
76 208
76 248
76 249
77 74
77 78
77 92
77 170
77 185
78 40
78 77
78 79
78 328
78 498
79 78
79 80
79 98
79 106
79 376
79 390
79 391
80 79
80 105
80 115
80 213
80 300
80 346
80 354
80 382
80 479
81 82
81 96
81 124
81 163
81 245
82 81
82 101
82 124
82 150
82 158
82 347
82 397
83 87
83 88
83 124
83 137
83 399
84 2
84 8
84 127
84 229
84 401
85 50
85 87
85 152
85 317
85 496
86 107
86 108
86 271
86 284
86 491
87 83
87 85
87 272
87 403
87 442
88 83
88 90
88 117
88 386
88 399
89 9
89 113
89 183
89 201
89 205
89 356
89 464
89 466
90 88
90 91
90 257
90 432
90 446
91 90
91 93
91 107
91 370
91 440
92 77
92 170
92 185
92 314
92 315
92 316
93 91
93 95
93 147
93 389
93 456
94 9
94 109
94 110
94 115
94 294
94 341
94 381
94 486
95 93
95 96
95 116
95 172
95 215
95 260
95 337
96 81
96 95
96 98
96 131
96 165
97 99
97 135
97 286
97 453
97 478
98 79
98 96
98 99
98 376
98 443
99 67
99 97
99 98
99 273
99 385
100 101
100 102
100 329
100 387
100 449
100 496
100 498
101 82
101 100
101 102
101 158
101 347
102 100
102 101
102 149
102 319
103 104
103 106
103 136
103 272
103 442
104 28
104 103
104 106
104 189
104 472
105 80
105 115
105 129
105 193
105 201
105 300
105 307
105 316
105 317
105 331
105 346
105 382
105 463
105 479
105 493
105 499
106 79
106 103
106 104
106 134
106 443
107 86
107 91
107 111
107 159
107 370
108 32
108 86
108 111
108 464
108 466
109 21
109 94
109 110
109 115
109 170
109 185
110 94
110 109
110 115
110 255
110 292
110 416
111 107
111 108
111 200
111 317
111 379
112 197
112 260
112 262
112 292
112 416
113 23
113 89
113 183
113 205
113 214
113 326
113 387
113 465
113 496
113 498
114 116
114 118
114 332
114 478
114 484
115 80
115 94
115 105
115 109
115 110
115 133
115 168
115 479
116 95
116 114
116 118
116 172
116 215
116 337
117 62
117 88
117 139
117 198
117 242
117 438
117 458
117 460
117 463
117 470
117 474
117 479
117 482
117 489
118 1
118 114
118 116
118 141
118 164
118 497
119 76
119 132
119 139
119 143
119 195
119 208
119 220
119 231
120 10
120 121
120 128
120 173
120 474
121 10
121 120
121 275
121 404
121 412
121 452
122 35
122 181
122 193
122 259
122 295
122 312
122 319
122 350
122 413
122 429
122 435
123 69
123 125
123 319
123 339
123 362
124 81
124 82
124 83
124 132
124 186
124 396
124 488
124 490
125 69
125 123
125 240
125 248
125 281
125 394
125 453
125 487
126 127
126 270
126 305
126 417
126 491
127 84
127 126
127 128
127 313
127 402
128 120
128 127
128 322
128 390
128 474
129 105
129 130
129 316
129 331
129 390
129 479
130 129
130 133
130 193
130 239
130 310
130 333
130 435
131 96
131 133
131 229
131 239
131 390
132 119
132 124
132 139
132 143
132 186
132 490
132 499
133 115
133 130
133 131
133 331
133 479
134 106
134 135
134 136
134 391
134 443
135 36
135 97
135 134
135 136
135 223
135 493
136 103
136 134
136 135
136 403
136 442
137 83
137 138
137 229
137 411
137 467
138 6
138 137
138 190
138 229
138 494
139 117
139 119
139 132
139 143
139 198
139 458
139 482
139 489
140 2
140 6
140 141
140 190
140 494
141 1
141 42
141 61
141 118
141 140
141 142
141 164
141 192
141 196
141 256
141 293
141 318
141 378
142 141
142 309
142 319
142 339
142 362
143 53
143 119
143 132
143 139
143 227
144 19
144 265
144 276
144 302
144 345
145 69
145 297
145 309
145 310
145 483
146 147
146 310
146 417
146 418
146 439
147 93
147 146
147 275
147 310
147 424
148 68
148 167
148 170
148 174
148 277
148 304
149 102
149 150
149 151
149 319
150 82
150 149
150 151
150 347
150 397
151 149
151 150
151 244
151 338
151 408
152 50
152 85
152 153
152 154
152 200
152 317
153 3
153 47
153 152
153 154
153 420
154 33
154 35
154 67
154 152
154 153
154 183
154 289
154 385
155 156
155 217
155 236
155 405
155 464
156 27
156 155
156 157
156 361
156 431
157 156
157 158
157 283
157 336
157 393
158 51
158 82
158 101
158 157
158 347
159 107
159 160
159 263
159 370
159 440
160 159
160 240
160 248
160 263
160 324
161 20
161 53
161 223
161 243
161 392
161 445
161 477
162 163
162 165
162 237
162 427
162 462
163 81
163 162
163 165
163 229
163 263
164 1
164 118
164 141
164 364
164 402
164 497
165 96
165 162
165 163
165 229
165 402
166 22
166 168
166 187
166 402
166 422
166 454
167 66
167 148
167 170
167 174
167 306
167 388
167 478
167 484
168 115
168 166
168 169
168 346
168 382
169 53
169 168
169 171
169 175
169 227
170 21
170 77
170 92
170 109
170 148
170 167
170 174
170 185
170 188
171 25
171 169
171 172
171 226
171 277
171 280
172 95
172 116
172 171
172 173
172 337
173 120
173 172
173 175
173 322
173 474
174 21
174 148
174 167
174 170
174 185
174 188
175 53
175 169
175 173
175 176
175 227
176 62
176 175
176 319
176 339
176 362
177 62
177 219
177 308
177 351
177 436
178 182
178 249
178 258
178 302
178 375
179 216
179 267
179 351
179 424
179 456
180 71
180 207
180 208
180 212
180 247
180 262
181 31
181 35
181 64
181 122
181 295
181 298
181 319
181 414
181 429
181 451
181 460
181 474
182 11
182 17
182 178
182 218
182 415
183 35
183 67
183 89
183 113
183 154
183 202
183 205
183 214
183 264
183 385
184 32
184 187
184 216
184 429
184 466
185 21
185 77
185 92
185 109
185 170
185 174
185 403
185 446
185 448
185 467
185 471
186 124
186 132
186 187
186 216
186 396
186 490
186 499
187 22
187 166
187 184
187 186
187 422
188 58
188 170
188 174
188 192
188 234
188 253
188 269
188 323
189 104
189 204
189 366
189 381
189 403
190 52
190 138
190 140
190 377
190 378
191 195
191 340
191 381
191 392
191 477
192 141
192 188
192 194
192 199
192 318
192 497
193 105
193 122
193 130
193 201
193 279
193 307
193 312
193 317
193 333
193 350
193 413
193 435
193 493
193 499
194 192
194 199
194 203
194 309
194 323
194 355
195 65
195 119
195 191
195 208
195 381
196 1
196 67
196 141
196 201
196 307
196 317
196 378
196 404
196 487
196 488
197 73
197 112
197 210
197 292
197 408
197 416
198 117
198 139
198 210
198 438
198 455
198 489
199 54
199 192
199 194
199 203
199 447
199 495
200 111
200 152
200 252
200 317
200 408
200 455
201 32
201 89
201 105
201 193
201 196
201 212
201 307
201 317
201 356
201 428
201 429
201 464
201 466
201 499
202 35
202 57
202 67
202 183
202 207
202 455
203 194
203 199
203 206
203 388
203 478
203 484
204 28
204 189
204 211
204 312
204 366
204 434
204 467
204 472
205 89
205 113
205 183
205 214
205 339
205 362
206 30
206 203
206 209
206 211
206 352
206 408
207 180
207 202
207 282
207 295
207 315
207 461
208 76
208 119
208 180
208 195
208 213
208 220
209 57
209 67
209 206
209 211
209 264
209 465
210 71
210 197
210 198
210 247
210 262
210 408
211 46
211 204
211 206
211 209
211 366
211 427
212 180
212 201
212 213
212 429
212 464
212 466
213 80
213 208
213 212
213 300
213 382
214 29
214 113
214 183
214 205
214 272
214 377
214 396
214 488
215 95
215 116
215 218
215 219
215 260
216 179
216 184
216 186
216 251
216 307
216 441
217 155
217 231
217 236
217 261
217 395
217 405
217 427
217 428
218 17
218 182
218 215
218 219
218 415
219 20
219 177
219 215
219 218
219 327
219 445
220 65
220 119
220 208
220 221
220 326
221 220
221 326
221 335
221 366
221 386
221 434
221 467
221 472
222 18
222 268
222 326
222 412
222 456
223 7
223 36
223 135
223 161
223 224
223 493
224 223
224 225
224 344
224 422
224 454
225 73
225 224
225 226
225 255
225 416
226 25
226 39
226 171
226 225
226 280
226 304
226 406
226 480
227 53
227 143
227 169
227 175
227 230
227 337
228 230
228 246
228 337
228 341
228 486
229 84
229 131
229 137
229 138
229 163
229 165
230 55
230 227
230 228
230 320
230 482
230 489
231 119
231 217
231 427
231 428
232 238
232 274
232 423
232 428
232 443
232 470
233 21
233 22
233 299
233 328
233 359
233 498
234 58
234 188
234 235
234 236
234 269
234 355
235 37
235 52
235 234
235 236
235 290
235 476
236 155
236 217
236 234
236 235
236 395
236 405
237 162
237 239
237 244
237 462
237 500
238 13
238 56
238 232
238 240
238 241
238 492
239 130
239 131
239 237
239 244
239 333
239 435
240 7
240 125
240 160
240 238
240 241
240 242
241 238
241 240
241 242
241 274
241 423
241 470
242 48
242 117
242 240
242 241
242 243
242 458
242 489
243 26
243 161
243 242
243 245
243 246
243 469
244 151
244 237
244 239
244 338
244 352
244 408
245 81
245 243
245 246
245 247
245 325
245 475
246 228
246 243
246 245
246 247
246 341
246 486
247 180
247 210
247 245
247 246
247 251
247 262
248 76
248 125
248 160
248 250
248 457
248 493
249 76
249 178
249 250
249 375
250 51
250 248
250 249
250 330
250 357
250 398
251 216
251 247
251 252
251 254
251 307
251 441
251 450
251 491
252 200
252 251
252 254
252 255
252 285
252 317
253 58
253 188
253 256
253 258
253 269
253 430
254 251
254 252
254 255
254 288
254 301
254 303
254 359
254 468
255 110
255 225
255 252
255 254
255 257
255 416
256 1
256 141
256 253
256 258
256 293
257 90
257 255
257 261
257 271
257 371
257 432
258 45
258 178
258 253
258 256
258 375
258 481
259 122
259 260
259 312
259 353
259 413
259 422
260 95
260 112
260 215
260 259
260 337
261 217
261 257
261 271
261 274
261 395
261 405
262 71
262 112
262 180
262 210
262 247
262 264
263 51
263 159
263 160
263 163
263 357
263 398
264 35
264 67
264 183
264 209
264 262
264 426
265 19
265 144
265 266
265 267
265 410
266 39
266 44
266 265
266 267
266 396
267 179
267 265
267 266
267 424
267 452
267 456
268 222
268 269
268 270
268 412
268 424
268 452
269 58
269 188
269 234
269 253
269 268
269 270
270 126
270 268
270 269
270 363
270 417
271 86
271 257
271 261
271 274
271 307
271 409
272 59
272 87
272 103
272 214
272 306
272 358
272 380
272 403
272 442
273 35
273 67
273 99
273 275
273 356
273 385
274 232
274 241
274 261
274 271
274 276
274 345
274 421
274 470
275 121
275 147
275 273
275 302
275 404
275 452
276 144
276 274
276 277
276 278
276 311
276 410
277 148
277 171
277 276
277 278
277 280
277 448
278 276
278 277
278 291
278 334
278 457
278 493
279 193
279 280
279 345
279 350
279 353
279 413
280 25
280 171
280 226
280 277
280 279
280 282
281 125
281 284
281 324
281 444
281 453
281 487
282 63
282 207
282 280
282 284
282 315
282 433
282 447
282 471
282 495
283 157
283 291
283 294
283 336
283 407
283 467
284 86
284 281
284 282
284 307
284 368
284 450
285 252
285 286
285 317
285 379
285 402
286 36
286 60
286 97
286 285
286 386
286 487
287 38
287 288
287 289
287 314
287 343
287 367
288 13
288 254
288 287
288 289
288 303
288 359
288 468
289 33
289 35
289 67
289 154
289 287
289 288
290 24
290 235
290 292
290 293
290 425
290 476
291 46
291 278
291 283
291 294
291 434
291 467
292 73
292 110
292 112
292 197
292 290
292 293
293 1
293 141
293 256
293 290
293 292
294 9
294 94
294 283
294 291
294 298
294 381
294 419
295 54
295 122
295 181
295 207
295 319
295 374
295 429
295 433
295 438
296 305
296 307
296 346
296 347
296 368
296 441
296 491
297 69
297 145
297 299
297 303
297 485
298 4
298 70
298 181
298 294
298 300
298 301
298 460
299 40
299 233
299 297
299 303
299 496
299 498
300 80
300 105
300 213
300 298
300 301
300 313
300 382
301 254
301 298
301 300
301 313
301 360
301 444
301 468
302 45
302 144
302 178
302 275
302 345
302 375
302 481
303 56
303 254
303 288
303 297
303 299
303 468
304 7
304 8
304 11
304 148
304 226
304 406
305 126
305 296
305 341
305 342
305 363
305 418
306 66
306 167
306 272
306 358
306 364
306 380
306 383
306 388
306 478
306 484
307 105
307 193
307 196
307 201
307 216
307 251
307 271
307 284
307 296
307 317
307 368
307 409
307 441
307 450
307 491
307 499
308 20
308 177
308 311
308 365
308 433
308 436
308 445
309 142
309 145
309 194
309 323
309 430
309 472
310 130
310 145
310 146
310 147
310 333
310 349
310 435
311 19
311 276
311 308
311 322
311 410
312 122
312 193
312 204
312 259
312 353
312 413
312 435
313 49
313 127
313 300
313 301
313 314
313 321
313 401
313 432
313 437
314 38
314 92
314 287
314 313
314 315
314 354
314 367
314 417
314 418
314 439
315 63
315 92
315 207
315 282
315 314
315 316
315 380
315 433
315 447
315 471
315 473
316 92
316 105
316 129
316 315
316 318
316 463
317 50
317 85
317 105
317 111
317 152
317 193
317 196
317 200
317 201
317 252
317 285
317 307
317 379
317 488
318 1
318 141
318 192
318 316
318 320
318 321
319 102
319 122
319 123
319 142
319 149
319 176
319 181
319 295
319 339
319 362
319 429
319 438
320 230
320 318
320 321
320 373
320 458
320 471
320 482
321 49
321 313
321 318
321 320
321 324
321 371
321 402
321 446
322 128
322 173
322 311
322 328
322 474
323 58
323 188
323 194
323 309
323 328
323 329
323 355
324 160
324 281
324 321
324 325
324 441
324 487
324 493
325 245
325 324
325 327
325 349
325 435
325 441
325 475
326 113
326 220
326 221
326 222
326 329
326 351
326 387
326 449
326 465
326 496
327 20
327 26
327 219
327 325
327 334
327 441
327 445
328 78
328 233
328 322
328 323
328 498
329 100
329 323
329 326
329 332
329 383
329 449
329 498
330 51
330 250
330 357
330 398
330 492
331 105
331 129
331 133
331 367
331 368
331 374
331 479
332 114
332 329
332 333
332 478
332 484
333 130
333 193
333 239
333 310
333 332
333 335
333 435
334 32
334 278
334 327
334 339
334 448
334 493
335 221
335 333
335 336
335 366
335 411
335 434
335 472
336 157
336 283
336 335
336 338
336 393
336 407
337 39
337 95
337 116
337 172
337 227
337 228
337 260
338 151
338 244
338 336
338 343
338 352
338 408
339 32
339 123
339 142
339 176
339 205
339 319
339 334
339 441
340 32
340 191
340 341
340 342
340 365
340 436
341 9
341 94
341 228
341 246
341 305
341 340
341 342
341 486
342 3
342 27
342 305
342 340
342 341
342 361
342 420
342 431
343 287
343 338
343 344
343 354
343 417
344 224
344 343
344 350
344 422
344 454
345 12
345 14
345 16
345 144
345 274
345 279
345 302
345 421
346 80
346 105
346 168
346 296
346 347
346 349
346 463
346 479
347 82
347 101
347 150
347 158
347 296
347 346
347 349
347 397
348 55
348 373
348 394
348 395
348 400
348 458
348 482
348 489
349 310
349 325
349 346
349 347
349 352
349 475
350 122
350 193
350 279
350 344
350 360
350 413
350 435
351 177
351 179
351 326
351 383
351 387
351 390
351 496
351 498
352 30
352 206
352 244
352 338
352 349
352 355
352 357
352 408
353 43
353 45
353 46
353 259
353 279
353 312
354 38
354 80
354 314
354 343
354 367
354 418
354 456
354 458
354 472
354 482
355 194
355 234
355 323
355 352
355 357
355 361
356 89
356 201
356 273
356 386
356 426
356 444
356 464
356 466
357 51
357 250
357 263
357 330
357 352
357 355
357 361
357 369
358 62
358 272
358 306
358 380
358 383
358 438
358 458
358 482
358 489
359 17
359 19
359 233
359 254
359 288
359 360
359 468
359 492
360 301
360 350
360 359
360 363
360 444
361 2
361 3
361 27
361 156
361 342
361 355
361 357
361 362
362 123
362 142
362 176
362 205
362 319
362 361
362 365
362 434
363 270
363 305
363 360
363 366
363 367
364 51
364 164
364 306
364 388
364 412
364 436
364 478
364 484
365 20
365 308
365 340
365 362
365 368
365 434
365 436
365 445
366 189
366 204
366 211
366 221
366 335
366 363
366 369
366 472
367 38
367 287
367 314
367 331
367 354
367 363
367 368
367 417
367 418
367 434
367 439
368 284
368 296
368 307
368 331
368 365
368 367
368 450
368 491
369 51
369 357
369 366
369 370
369 398
370 91
370 107
370 159
370 369
370 371
370 440
371 8
371 49
371 257
371 321
371 370
371 372
371 432
372 9
372 371
372 373
372 381
372 419
373 320
373 348
373 372
373 379
373 458
373 482
373 489
374 5
374 295
374 331
374 375
374 376
374 433
374 495
375 178
375 249
375 258
375 302
375 374
375 376
375 377
376 79
376 98
376 374
376 375
376 377
376 390
376 391
376 443
377 29
377 190
377 214
377 375
377 376
377 396
377 488
378 1
378 52
378 141
378 190
378 196
378 382
379 111
379 285
379 317
379 373
379 393
380 63
380 272
380 306
380 315
380 358
380 383
380 433
380 447
380 471
381 9
381 94
381 189
381 191
381 195
381 294
381 372
382 52
382 80
382 105
382 168
382 213
382 300
382 378
382 384
382 479
383 306
383 329
383 351
383 358
383 380
383 389
383 496
384 31
384 382
384 385
384 387
384 451
384 460
384 474
385 35
385 67
385 99
385 154
385 183
385 273
385 384
385 387
385 388
386 88
386 221
386 286
386 356
386 399
386 411
386 426
386 444
386 472
387 100
387 113
387 326
387 351
387 384
387 385
387 388
387 449
387 498
388 167
388 203
388 306
388 364
388 385
388 387
388 392
388 478
388 484
389 93
389 383
389 397
389 398
389 401
389 404
389 412
389 452
389 456
390 79
390 128
390 129
390 131
390 351
390 376
390 443
391 79
391 134
391 376
391 393
391 407
391 443
392 20
392 161
392 191
392 388
392 394
392 395
392 436
392 445
392 477
393 157
393 336
393 379
393 391
393 407
394 7
394 36
394 60
394 125
394 348
394 392
394 395
394 453
394 487
395 217
395 236
395 261
395 348
395 392
395 394
395 405
396 3
396 4
396 5
396 15
396 29
396 124
396 186
396 214
396 266
396 377
396 426
396 455
396 462
396 488
396 490
397 82
397 150
397 347
397 389
397 398
397 401
397 405
398 51
398 250
398 263
398 330
398 369
398 389
398 397
398 401
398 405
399 83
399 88
399 386
399 400
399 404
399 472
399 473
400 1
400 42
400 61
400 348
400 399
400 473
401 84
401 313
401 389
401 397
401 398
401 405
401 437
402 49
402 127
402 164
402 165
402 166
402 285
402 321
402 432
402 446
403 59
403 87
403 136
403 185
403 189
403 272
403 422
403 436
403 442
404 121
404 196
404 275
404 389
404 399
404 412
404 424
404 456
404 473
405 155
405 217
405 236
405 261
405 395
405 397
405 398
405 401
405 411
406 226
406 304
406 409
406 415
406 433
406 480
407 283
407 336
407 391
407 393
407 410
408 30
408 151
408 197
408 200
408 206
408 210
408 244
408 338
408 352
409 271
409 307
409 406
409 415
409 433
409 441
409 450
409 491
410 265
410 276
410 311
410 407
410 421
411 137
411 335
411 386
411 405
411 414
411 416
411 417
412 51
412 121
412 222
412 268
412 364
412 389
412 404
412 413
412 430
412 456
413 1
413 71
413 122
413 193
413 259
413 279
413 312
413 350
413 412
413 430
414 4
414 64
414 70
414 181
414 411
414 416
414 417
414 418
414 451
414 460
415 11
415 17
415 182
415 218
415 406
415 409
415 433
416 73
416 110
416 112
416 197
416 225
416 255
416 411
416 414
416 417
416 418
417 126
417 146
417 270
417 314
417 343
417 367
417 411
417 414
417 416
417 420
418 146
418 305
418 314
418 354
418 367
418 414
418 416
418 420
418 439
418 469
419 9
419 294
419 372
419 421
419 423
420 2
420 3
420 27
420 153
420 342
420 417
420 418
420 425
420 459
420 469
421 16
421 274
421 345
421 410
421 419
421 470
422 22
422 166
422 187
422 224
422 259
422 344
422 403
422 436
422 454
422 489
423 232
423 241
423 419
423 437
423 470
424 147
424 179
424 267
424 268
424 404
424 425
424 431
424 432
424 452
424 469
425 24
425 37
425 52
425 290
425 420
425 424
425 431
425 469
425 476
426 10
426 264
426 356
426 386
426 396
426 427
426 444
426 462
426 490
426 499
427 10
427 162
427 211
427 217
427 231
427 426
427 428
427 488
427 490
427 499
428 201
428 217
428 231
428 232
428 427
428 429
428 464
428 466
429 32
429 122
429 181
429 184
429 201
429 212
429 295
429 319
429 428
429 438
430 1
430 58
430 70
430 253
430 309
430 412
430 413
431 27
431 156
431 342
431 424
431 425
431 432
431 435
432 49
432 90
432 257
432 313
432 371
432 402
432 424
432 431
432 435
432 469
433 5
433 54
433 63
433 282
433 295
433 308
433 315
433 374
433 380
433 406
433 409
433 415
433 447
433 461
433 473
433 495
434 28
434 204
434 221
434 291
434 335
434 362
434 365
434 367
434 472
434 487
435 122
435 130
435 193
435 239
435 310
435 312
435 325
435 333
435 350
435 431
435 432
435 447
435 478
436 20
436 51
436 177
436 308
436 340
436 364
436 365
436 392
436 403
436 422
436 445
437 8
437 313
437 401
437 423
437 440
438 62
438 117
438 198
438 295
438 319
438 358
438 429
438 442
438 449
438 482
438 489
439 146
439 314
439 367
439 418
439 447
439 464
439 476
439 478
440 91
440 159
440 370
440 437
440 445
441 34
441 75
441 216
441 251
441 296
441 307
441 324
441 325
441 327
441 339
441 409
442 59
442 87
442 103
442 136
442 272
442 403
442 438
442 449
442 452
442 453
442 457
443 29
443 33
443 44
443 98
443 106
443 134
443 232
443 376
443 390
443 391
443 465
444 13
444 281
444 301
444 356
444 360
444 386
444 426
444 468
445 20
445 161
445 219
445 308
445 327
445 365
445 392
445 436
445 440
445 454
446 21
446 49
446 90
446 185
446 321
446 402
446 462
446 467
446 471
447 54
447 63
447 199
447 282
447 315
447 380
447 433
447 435
447 439
447 476
447 478
448 29
448 60
448 185
448 277
448 334
448 467
448 471
448 493
449 100
449 326
449 329
449 387
449 438
449 442
449 452
449 453
449 457
449 496
449 498
450 36
450 251
450 284
450 307
450 368
450 409
450 461
450 462
450 466
450 482
450 491
451 31
451 43
451 181
451 384
451 414
451 456
451 458
451 461
451 474
451 482
452 121
452 267
452 268
452 275
452 389
452 424
452 442
452 449
452 453
452 457
452 459
453 36
453 67
453 97
453 125
453 281
453 394
453 442
453 449
453 452
453 459
453 487
453 493
454 166
454 224
454 344
454 422
454 445
454 468
455 15
455 198
455 200
455 202
455 396
455 488
455 500
456 64
456 93
456 179
456 222
456 267
456 354
456 389
456 404
456 412
456 451
456 458
456 482
457 248
457 278
457 442
457 449
457 452
457 459
457 460
457 487
458 60
458 117
458 139
458 242
458 320
458 348
458 354
458 358
458 373
458 451
458 456
458 472
459 3
459 27
459 420
459 452
459 453
459 457
459 460
459 463
460 43
460 64
460 70
460 117
460 181
460 298
460 384
460 414
460 457
460 459
460 463
460 470
461 207
461 433
461 450
461 451
461 462
461 466
461 473
462 10
462 15
462 30
462 162
462 237
462 396
462 426
462 446
462 450
462 461
462 466
462 499
463 105
463 117
463 316
463 346
463 459
463 460
463 470
463 497
464 32
464 89
464 108
464 155
464 201
464 212
464 356
464 428
464 439
464 472
464 476
464 478
465 23
465 29
465 33
465 44
465 113
465 209
465 326
465 443
465 496
465 498
466 32
466 89
466 108
466 184
466 201
466 212
466 356
466 428
466 450
466 461
466 462
466 482
467 46
467 137
467 185
467 204
467 221
467 283
467 291
467 446
467 448
467 471
468 254
468 288
468 301
468 303
468 359
468 444
468 454
468 475
468 492
469 72
469 74
469 243
469 418
469 420
469 424
469 425
469 432
470 12
470 14
470 16
470 117
470 232
470 241
470 274
470 421
470 423
470 460
470 463
470 474
470 489
471 185
471 282
471 315
471 320
471 380
471 446
471 448
471 467
471 495
472 104
472 204
472 221
472 309
472 335
472 354
472 366
472 386
472 399
472 434
472 458
472 464
472 476
473 5
473 63
473 315
473 399
473 400
473 404
473 433
473 461
474 64
474 117
474 120
474 128
474 173
474 181
474 322
474 384
474 451
474 470
474 479
474 484
474 489
475 245
475 325
475 349
475 468
475 477
476 24
476 37
476 52
476 235
476 290
476 425
476 439
476 447
476 464
476 472
477 161
477 191
477 392
477 475
477 480
478 97
478 114
478 167
478 203
478 306
478 332
478 364
478 388
478 435
478 439
478 447
478 464
478 484
478 498
479 9
479 13
479 80
479 105
479 115
479 117
479 129
479 133
479 331
479 346
479 382
479 474
479 484
479 489
480 68
480 226
480 406
480 477
480 483
481 45
481 258
481 302
481 483
481 485
482 48
482 117
482 139
482 230
482 320
482 348
482 354
482 358
482 373
482 438
482 450
482 451
482 456
482 466
483 69
483 145
483 480
483 481
483 485
484 7
484 9
484 66
484 114
484 167
484 203
484 306
484 332
484 364
484 388
484 474
484 478
484 479
484 489
484 499
485 69
485 297
485 481
485 483
485 486
486 9
486 94
486 228
486 246
486 341
486 485
486 494
487 20
487 36
487 67
487 125
487 196
487 281
487 286
487 324
487 394
487 434
487 453
487 457
487 488
487 493
487 497
487 498
488 15
488 22
488 29
488 67
488 124
488 196
488 214
488 317
488 377
488 396
488 427
488 455
488 487
488 490
488 497
488 498
488 499
489 9
489 43
489 48
489 117
489 139
489 198
489 230
489 242
489 348
489 358
489 373
489 422
489 438
489 470
489 474
489 479
489 484
490 18
490 29
490 39
490 124
490 132
490 186
490 396
490 426
490 427
490 488
490 491
490 493
490 495
490 496
490 499
491 34
491 75
491 86
491 126
491 251
491 296
491 307
491 368
491 409
491 450
491 490
491 493
491 495
491 496
491 499
491 500
492 56
492 238
492 330
492 359
492 468
493 36
493 65
493 105
493 135
493 193
493 223
493 248
493 278
493 324
493 334
493 448
493 453
493 487
493 490
493 491
493 495
493 496
493 499
494 6
494 12
494 138
494 140
494 486
495 63
495 199
495 282
495 374
495 433
495 471
495 490
495 491
495 493
495 496
495 500
496 23
496 40
496 85
496 100
496 113
496 299
496 326
496 351
496 383
496 449
496 465
496 490
496 491
496 493
496 495
496 498
496 499
496 500
497 1
497 20
497 35
497 42
497 61
497 67
497 118
497 164
497 192
497 463
497 487
497 488
497 498
498 20
498 35
498 67
498 78
498 100
498 113
498 233
498 299
498 328
498 329
498 351
498 387
498 449
498 465
498 478
498 487
498 488
498 496
498 497
499 15
499 18
499 39
499 105
499 132
499 186
499 193
499 201
499 307
499 426
499 427
499 462
499 484
499 488
499 490
499 491
499 493
499 496
500 15
500 237
500 455
500 491
500 495
500 496
