1 83
1 416
1 438
1 451
1 471
2 16
2 142
2 288
2 446
2 462
3 417
3 424
3 433
3 438
3 466
4 5
4 123
4 244
4 338
4 421
5 4
5 130
5 366
5 390
5 417
6 13
6 255
6 296
6 377
6 485
7 218
7 267
7 366
7 472
7 488
8 103
8 305
8 466
8 478
8 496
9 95
9 324
9 336
9 424
9 433
10 263
10 312
10 411
10 441
10 484
11 311
11 419
11 437
11 460
11 491
12 323
12 437
12 440
12 447
12 460
13 6
13 190
13 252
13 340
13 476
14 360
14 416
14 420
14 434
14 470
15 168
15 416
15 428
15 438
15 478
16 2
16 38
16 110
16 285
16 482
17 58
17 326
17 339
17 341
17 449
18 46
18 194
18 273
18 331
18 428
19 101
19 175
19 272
19 301
19 488
20 52
20 274
20 278
20 281
20 483
21 28
21 43
21 200
21 203
21 370
22 102
22 151
22 250
22 338
22 421
23 201
23 378
23 414
23 488
23 490
24 33
24 392
24 436
24 448
24 486
25 202
25 223
25 356
25 488
25 495
26 262
26 278
26 326
26 341
26 449
27 193
27 309
27 457
27 467
27 486
28 21
28 50
28 194
28 253
28 362
29 89
29 139
29 373
29 407
29 431
30 117
30 220
30 374
30 379
30 457
31 226
31 282
31 436
31 451
31 494
32 98
32 233
32 308
32 462
32 498
33 24
33 103
33 422
33 448
33 462
34 156
34 229
34 322
34 422
34 500
35 48
35 209
35 296
35 484
35 492
36 95
36 153
36 409
36 418
36 491
37 156
37 251
37 322
37 372
37 456
38 16
38 200
38 342
38 404
38 498
39 155
39 178
39 232
39 335
39 457
40 53
40 163
40 245
40 393
40 491
41 104
41 139
41 243
41 360
41 468
42 187
42 335
42 435
42 482
42 498
43 21
43 92
43 188
43 288
43 367
44 132
44 136
44 380
44 402
44 485
45 54
45 219
45 411
45 461
45 499
46 18
46 194
46 362
46 441
46 448
47 115
47 385
47 395
47 442
47 447
48 35
48 255
48 312
48 413
48 427
49 110
49 216
49 375
49 444
49 479
50 28
50 275
50 400
50 406
50 500
51 160
51 217
51 278
51 299
51 435
52 20
52 235
52 274
52 281
52 391
53 40
53 170
53 245
53 289
53 378
54 45
54 177
54 241
54 338
54 470
55 83
55 287
55 311
55 326
55 449
56 98
56 187
56 233
56 308
56 489
57 238
57 373
57 431
57 450
57 497
58 17
58 341
58 438
58 449
58 484
59 137
59 192
59 382
59 396
59 476
60 153
60 188
60 217
60 330
60 487
61 101
61 221
61 351
61 388
61 397
62 303
62 384
62 402
62 408
62 497
63 112
63 224
63 231
63 279
63 481
64 70
64 218
64 267
64 487
64 500
65 176
65 182
65 219
65 382
65 446
66 238
66 250
66 277
66 295
66 463
67 268
67 350
67 351
67 397
67 421
68 85
68 336
68 340
68 407
68 476
69 108
69 364
69 380
69 471
69 500
70 64
70 218
70 267
70 407
70 456
71 305
71 383
71 407
71 442
71 447
72 159
72 326
72 348
72 443
72 459
73 79
73 206
73 264
73 356
73 447
74 154
74 248
74 276
74 495
74 500
75 76
75 80
75 95
75 364
75 388
76 75
76 80
76 93
76 150
76 364
77 118
77 126
77 284
77 381
77 398
78 128
78 283
78 326
78 402
78 425
79 73
79 239
79 341
79 356
79 486
80 75
80 76
80 221
80 364
80 445
81 134
81 336
81 428
81 476
81 495
82 335
82 385
82 411
82 441
82 453
83 1
83 55
83 310
83 326
83 438
84 104
84 187
84 272
84 337
84 344
85 68
85 126
85 423
85 478
85 494
86 97
86 247
86 386
86 446
86 458
87 116
87 205
87 246
87 277
87 442
88 174
88 268
88 275
88 295
88 342
89 29
89 300
89 370
89 376
89 485
90 337
90 435
90 453
90 482
90 491
91 158
91 354
91 381
91 439
91 448
92 43
92 155
92 200
92 203
92 248
93 76
93 251
93 260
93 322
93 392
94 171
94 225
94 355
94 356
94 494
95 9
95 36
95 75
95 160
95 364
96 102
96 262
96 338
96 421
96 495
97 86
97 296
97 333
97 366
97 377
98 32
98 56
98 148
98 308
98 410
99 144
99 234
99 400
99 409
99 491
100 332
100 352
100 376
100 394
100 464
101 19
101 61
101 208
101 246
101 362
102 22
102 96
102 338
102 421
102 491
103 8
103 33
103 390
103 434
103 499
104 41
104 84
104 388
104 485
104 493
105 194
105 348
105 350
105 455
105 477
106 128
106 222
106 230
106 287
106 497
107 178
107 232
107 256
107 290
107 306
108 69
108 127
108 323
108 389
108 402
109 250
109 349
109 410
109 463
109 476
110 16
110 49
110 160
110 446
110 490
111 193
111 370
111 371
111 383
111 493
112 63
112 234
112 365
112 377
112 499
113 198
113 340
113 382
113 473
113 476
114 157
114 285
114 459
114 465
114 469
115 47
115 149
115 459
115 468
115 494
116 87
116 208
116 246
116 273
116 457
117 30
117 339
117 359
117 379
117 499
118 77
118 352
118 468
118 484
118 500
119 211
119 233
119 374
119 383
119 442
120 273
120 383
120 389
120 456
120 482
121 152
121 341
121 471
121 472
121 497
122 176
122 283
122 389
122 396
122 477
123 4
123 144
123 294
123 444
123 471
124 190
124 290
124 307
124 319
124 463
125 340
125 372
125 464
125 476
125 495
126 77
126 85
126 314
126 487
126 494
127 108
127 297
127 390
127 391
127 454
128 78
128 106
128 159
128 315
128 497
129 142
129 268
129 321
129 404
129 495
130 5
130 184
130 296
130 302
130 347
131 211
131 313
131 395
131 431
131 447
132 44
132 399
132 467
132 471
132 497
133 224
133 370
133 419
133 450
133 462
134 81
134 170
134 309
134 323
134 368
135 428
135 451
135 468
135 494
135 496
136 44
136 390
136 450
136 464
136 484
137 59
137 471
137 482
137 490
137 495
138 185
138 226
138 426
138 456
138 498
139 29
139 41
139 286
139 360
139 411
140 189
140 335
140 411
140 441
140 474
141 191
141 223
141 303
141 449
141 492
142 2
142 129
142 243
142 286
142 309
143 289
143 370
143 373
143 376
143 403
144 99
144 123
144 192
144 404
144 439
145 284
145 303
145 367
145 432
145 472
146 175
146 272
146 301
146 330
146 397
147 199
147 247
147 250
147 418
147 488
148 98
148 415
148 435
148 443
148 498
149 115
149 427
149 436
149 451
149 480
150 76
150 300
150 370
150 430
150 480
151 22
151 347
151 485
151 488
151 490
152 121
152 249
152 295
152 432
152 446
153 36
153 60
153 188
153 278
153 458
154 74
154 428
154 445
154 455
154 465
155 39
155 92
155 178
155 232
155 472
156 34
156 37
156 223
156 253
156 322
157 114
157 248
157 333
157 410
157 439
158 91
158 392
158 395
158 448
158 470
159 72
159 128
159 258
159 346
159 473
160 51
160 95
160 110
160 432
160 458
161 256
161 339
161 379
161 412
161 477
162 427
162 436
162 455
162 457
162 499
163 40
163 170
163 245
163 489
163 493
164 169
164 397
164 413
164 491
164 499
165 242
165 402
165 431
165 441
165 469
166 167
166 234
166 303
166 406
166 479
167 166
167 346
167 369
167 391
167 423
167 468
168 15
168 177
168 396
168 409
168 416
168 438
169 164
169 190
169 240
169 261
169 413
169 441
170 53
170 134
170 163
170 245
170 463
170 476
171 94
171 197
171 225
171 254
171 355
171 453
172 244
172 279
172 315
172 472
172 474
172 481
173 245
173 271
173 370
173 376
173 416
173 430
174 88
174 268
174 294
174 314
174 404
174 468
175 19
175 146
175 272
175 301
175 409
175 493
176 65
176 122
176 192
176 319
176 382
176 456
177 54
177 168
177 323
177 434
177 457
177 461
178 39
178 107
178 155
178 232
178 277
178 292
179 443
179 459
179 466
179 469
179 473
179 478
180 183
180 211
180 300
180 358
180 416
180 438
181 263
181 297
181 321
181 417
181 451
181 463
182 65
182 224
182 231
182 279
182 308
182 457
183 180
183 330
183 416
183 420
183 435
183 438
184 130
184 255
184 306
184 366
184 430
184 448
185 138
185 347
185 464
185 490
185 495
185 500
186 349
186 353
186 381
186 398
186 418
186 496
187 42
187 56
187 84
187 292
187 328
187 387
188 43
188 60
188 153
188 276
188 299
188 427
189 140
189 205
189 411
189 441
189 449
189 469
190 13
190 124
190 169
190 290
190 307
190 359
191 141
191 364
191 475
191 489
191 493
191 496
192 59
192 144
192 176
192 264
192 359
192 382
193 27
193 111
193 405
193 430
193 462
193 485
194 18
194 28
194 46
194 105
194 245
194 463
195 204
195 301
195 309
195 424
195 440
195 460
196 363
196 415
196 452
196 475
196 478
196 489
197 171
197 213
197 353
197 414
197 444
197 483
198 113
198 284
198 372
198 431
198 452
198 476
199 147
199 320
199 325
199 418
199 429
199 496
200 21
200 38
200 92
200 203
200 403
200 415
201 23
201 215
201 450
201 478
201 487
201 490
202 25
202 264
202 373
202 384
202 490
202 500
203 21
203 92
203 200
203 267
203 318
203 368
204 195
204 210
204 291
204 356
204 380
204 389
205 87
205 189
205 208
205 246
205 331
205 499
206 73
206 378
206 385
206 453
206 458
206 470
207 253
207 273
207 340
207 362
207 429
207 463
208 101
208 116
208 205
208 412
208 418
208 437
209 35
209 396
209 405
209 462
209 475
209 487
210 204
210 212
210 254
210 283
210 443
210 497
211 119
211 131
211 180
211 281
211 442
211 487
212 210
212 303
212 329
212 386
212 467
212 474
213 197
213 290
213 371
213 386
213 474
213 480
214 254
214 346
214 432
214 435
214 459
214 473
215 201
215 258
215 282
215 450
215 454
215 464
216 49
216 262
216 350
216 351
216 397
216 439
217 51
217 60
217 278
217 362
217 368
217 461
218 7
218 64
218 70
218 247
218 267
218 316
219 45
219 65
219 249
219 332
219 382
219 494
220 30
220 257
220 375
220 466
220 475
220 496
221 61
221 80
221 444
221 456
221 482
221 498
222 106
222 304
222 399
222 472
222 481
222 483
223 25
223 141
223 156
223 282
223 426
223 492
224 63
224 133
224 182
224 279
224 376
224 471
225 94
225 171
225 254
225 355
225 400
225 469
226 31
226 138
226 230
226 259
226 401
226 496
227 242
227 292
227 334
227 418
227 429
227 477
228 317
228 395
228 417
228 424
228 433
228 447
229 34
229 251
229 287
229 322
229 383
229 485
230 106
230 226
230 316
230 407
230 431
230 495
231 63
231 182
231 279
231 407
231 449
231 485
232 39
232 107
232 155
232 178
232 294
232 426
233 32
233 56
233 119
233 308
233 424
233 488
234 99
234 112
234 166
234 257
234 452
234 491
235 52
235 274
235 281
235 345
235 369
235 473
236 337
236 374
236 425
236 442
236 455
236 477
237 286
237 320
237 334
237 378
237 429
237 446
238 57
238 66
238 262
238 275
238 316
238 407
239 79
239 264
239 318
239 356
239 443
239 483
240 169
240 384
240 386
240 397
240 489
240 496
241 54
241 412
241 453
241 454
241 498
241 500
242 165
242 227
242 439
242 443
242 469
242 476
243 41
243 142
243 286
243 360
243 376
243 497
244 4
244 172
244 367
244 454
244 472
244 481
245 40
245 53
245 163
245 170
245 173
245 194
246 87
246 101
246 116
246 205
246 438
246 461
247 86
247 147
247 218
247 280
247 389
247 432
248 74
248 92
248 157
248 275
248 439
248 443
249 152
249 219
249 288
249 432
249 458
249 470
250 22
250 66
250 109
250 147
250 447
250 463
251 37
251 93
251 229
251 337
251 383
251 479
252 13
252 336
252 372
252 398
252 417
252 476
253 28
253 156
253 207
253 273
253 290
253 440
254 171
254 210
254 214
254 225
254 301
254 355
255 6
255 48
255 184
255 377
255 437
255 459
256 107
256 161
256 339
256 367
256 379
256 395
257 220
257 234
257 287
257 408
257 471
257 497
258 159
258 215
258 265
258 393
258 415
258 477
259 226
259 401
259 432
259 456
259 466
259 489
260 93
260 382
260 406
260 479
260 482
260 483
261 169
261 329
261 365
261 484
261 491
261 498
262 26
262 96
262 216
262 238
262 350
262 351
262 397
263 10
263 181
263 266
263 267
263 353
263 381
263 398
264 73
264 192
264 202
264 239
264 349
264 356
264 475
265 258
265 325
265 425
265 434
265 455
265 477
265 486
266 263
266 348
266 434
266 442
266 451
266 474
266 483
267 7
267 64
267 70
267 203
267 218
267 263
267 315
268 67
268 88
268 129
268 174
268 342
268 444
268 450
269 270
269 285
269 354
269 392
269 422
269 448
269 485
270 269
270 329
270 399
270 419
270 452
270 473
270 491
271 173
271 330
271 345
271 391
271 436
271 464
271 468
272 19
272 84
272 146
272 175
272 301
272 334
272 413
273 18
273 116
273 120
273 207
273 253
273 362
273 495
274 20
274 52
274 235
274 276
274 281
274 480
274 494
275 50
275 88
275 238
275 248
275 437
275 490
275 500
276 74
276 188
276 274
276 354
276 400
276 495
276 500
277 66
277 87
277 178
277 321
277 410
277 414
277 463
278 20
278 26
278 51
278 153
278 217
278 299
278 478
279 63
279 172
279 182
279 224
279 231
279 365
279 369
280 247
280 382
280 414
280 430
280 432
280 446
280 458
281 20
281 52
281 211
281 235
281 274
281 347
281 449
282 31
282 215
282 223
282 311
282 322
282 394
282 492
283 78
283 122
283 210
283 373
283 381
283 491
283 497
284 77
284 145
284 198
284 403
284 405
284 427
284 457
285 16
285 114
285 269
285 373
285 378
285 432
285 458
286 139
286 142
286 237
286 243
286 360
286 452
286 497
287 55
287 106
287 229
287 257
287 402
287 464
287 471
288 2
288 43
288 249
288 370
288 414
288 415
288 458
289 53
289 143
289 300
289 376
289 379
289 430
289 490
290 107
290 124
290 190
290 213
290 253
290 307
290 359
291 204
291 327
291 434
291 467
291 480
291 486
291 498
292 178
292 187
292 227
292 344
292 345
292 349
292 353
293 331
293 361
293 427
293 428
293 446
293 465
293 471
294 123
294 174
294 232
294 342
294 396
294 404
294 422
295 66
295 88
295 152
295 324
295 399
295 481
295 488
296 6
296 35
296 97
296 130
296 377
296 451
296 493
297 127
297 181
297 321
297 391
297 410
297 460
297 463
298 360
298 368
298 440
298 460
298 463
298 466
298 489
299 51
299 188
299 278
299 316
299 387
299 403
299 474
300 89
300 150
300 180
300 289
300 302
300 430
300 494
301 19
301 146
301 175
301 195
301 254
301 272
301 332
302 130
302 300
302 338
302 437
302 488
302 495
302 500
303 62
303 141
303 145
303 166
303 212
303 406
303 483
304 222
304 360
304 378
304 390
304 470
304 479
304 499
305 8
305 71
305 427
305 480
305 485
305 486
305 493
306 107
306 184
306 318
306 332
306 361
306 445
306 493
307 124
307 190
307 290
307 359
307 421
307 429
307 449
308 32
308 56
308 98
308 182
308 233
308 363
308 413
309 27
309 134
309 142
309 195
309 310
309 312
309 460
310 83
310 309
310 323
310 357
310 368
310 440
310 460
310 464
311 11
311 55
311 282
311 365
311 409
311 423
311 452
311 491
312 10
312 48
312 309
312 403
312 425
312 457
312 470
312 499
313 131
313 343
313 346
313 393
313 439
313 459
313 469
313 474
314 126
314 174
314 355
314 423
314 450
314 454
314 491
314 494
315 128
315 172
315 267
315 324
315 448
315 455
315 472
315 481
316 218
316 230
316 238
316 299
316 373
316 431
316 467
316 472
317 228
317 345
317 368
317 401
317 417
317 424
317 433
317 474
318 203
318 239
318 306
318 325
318 331
318 332
318 428
318 465
319 124
319 176
319 348
319 357
319 405
319 445
319 474
319 483
320 199
320 237
320 334
320 406
320 418
320 429
320 430
320 433
321 129
321 181
321 277
321 297
321 339
321 451
321 463
321 497
322 34
322 37
322 93
322 156
322 229
322 282
322 425
322 452
323 12
323 108
323 134
323 177
323 310
323 331
323 368
323 440
324 9
324 295
324 315
324 325
324 351
324 394
324 399
324 492
325 199
325 265
325 318
325 324
325 399
325 472
325 481
325 498
326 17
326 26
326 55
326 72
326 78
326 83
326 423
326 449
327 291
327 388
327 421
327 426
327 480
327 492
327 493
327 494
328 187
328 337
328 344
328 345
328 349
328 374
328 404
328 473
329 212
329 261
329 270
329 345
329 380
329 409
329 413
329 475
330 60
330 146
330 183
330 271
330 391
330 454
330 468
330 494
331 18
331 205
331 293
331 318
331 323
331 428
331 445
331 465
332 100
332 219
332 301
332 306
332 318
332 420
332 445
332 465
333 97
333 157
333 462
333 464
333 472
333 487
333 491
333 492
334 227
334 237
334 272
334 320
334 401
334 418
334 429
334 461
335 39
335 42
335 82
335 140
335 411
335 431
335 441
335 453
336 9
336 68
336 81
336 252
336 343
336 344
336 476
336 492
337 84
337 90
337 236
337 251
337 328
337 345
337 349
337 387
338 4
338 22
338 54
338 96
338 102
338 302
338 421
338 422
339 17
339 117
339 161
339 256
339 321
339 356
339 379
339 465
340 13
340 68
340 113
340 125
340 207
340 342
340 372
340 444
341 17
341 26
341 58
341 79
341 121
341 389
341 433
341 449
342 38
342 88
342 268
342 294
342 340
342 404
342 498
342 500
343 313
343 336
343 354
343 366
343 459
343 461
343 469
343 473
344 84
344 292
344 328
344 336
344 349
344 380
344 387
344 473
345 235
345 271
345 292
345 317
345 328
345 329
345 337
345 387
346 159
346 167
346 214
346 313
346 386
346 468
346 473
346 474
347 130
347 151
347 185
347 281
347 366
347 400
347 488
347 490
348 72
348 105
348 266
348 319
348 412
348 444
348 474
348 475
349 109
349 186
349 264
349 292
349 328
349 337
349 344
349 387
350 67
350 105
350 216
350 262
350 351
350 361
350 397
350 496
351 61
351 67
351 216
351 262
351 324
351 350
351 371
351 422
352 100
352 118
352 434
352 454
352 462
352 483
352 487
352 492
353 186
353 197
353 263
353 292
353 354
353 381
353 398
353 406
354 91
354 269
354 276
354 343
354 353
354 379
354 392
354 422
355 94
355 171
355 225
355 254
355 314
355 357
355 440
355 469
356 25
356 73
356 79
356 94
356 204
356 239
356 264
356 339
357 310
357 319
357 355
357 375
357 381
357 386
357 424
357 483
358 180
358 416
358 421
358 464
358 467
358 480
358 485
358 486
359 117
359 190
359 192
359 290
359 307
359 372
359 389
359 455
360 14
360 41
360 139
360 243
360 286
360 298
360 304
360 365
361 293
361 306
361 350
361 405
361 406
361 428
361 445
361 465
362 28
362 46
362 101
362 207
362 217
362 273
362 393
362 403
363 196
363 308
363 364
363 385
363 390
363 434
363 459
363 470
364 69
364 75
364 76
364 80
364 95
364 191
364 363
364 456
365 112
365 261
365 279
365 311
365 360
365 409
365 419
365 436
366 5
366 7
366 97
366 184
366 343
366 347
366 377
366 467
367 43
367 145
367 244
367 256
367 436
367 469
367 472
367 481
368 134
368 203
368 217
368 298
368 310
368 317
368 323
368 417
368 460
369 167
369 235
369 279
369 413
369 419
369 436
369 454
369 468
369 494
370 21
370 89
370 111
370 133
370 143
370 150
370 173
370 288
370 430
371 111
371 213
371 351
371 372
371 480
371 485
371 486
371 493
371 498
372 37
372 125
372 198
372 252
372 340
372 359
372 371
372 460
372 476
373 29
373 57
373 143
373 202
373 283
373 285
373 316
373 407
373 431
374 30
374 119
374 236
374 328
374 393
374 425
374 450
374 455
374 477
375 49
375 220
375 357
375 386
375 402
375 408
375 479
375 483
375 498
376 89
376 100
376 143
376 173
376 224
376 243
376 289
376 377
376 430
377 6
377 97
377 112
377 255
377 296
377 366
377 376
377 491
377 494
378 23
378 53
378 206
378 237
378 285
378 304
378 420
378 457
378 461
379 30
379 117
379 161
379 256
379 289
379 339
379 354
379 458
379 495
380 44
380 69
380 204
380 329
380 344
380 408
380 425
380 471
380 493
381 77
381 91
381 186
381 263
381 283
381 353
381 357
381 385
381 398
382 59
382 65
382 113
382 176
382 192
382 219
382 260
382 280
382 388
383 71
383 111
383 119
383 120
383 229
383 251
383 395
383 442
383 447
384 62
384 202
384 240
384 385
384 433
384 466
384 478
384 489
384 496
385 47
385 82
385 206
385 363
385 381
385 384
385 434
385 461
385 499
386 86
386 212
386 213
386 240
386 346
386 357
386 375
386 411
386 479
387 187
387 299
387 337
387 344
387 345
387 349
387 410
387 424
387 494
388 61
388 75
388 104
388 327
388 382
388 467
388 479
388 485
388 493
389 108
389 120
389 122
389 204
389 247
389 341
389 359
389 471
389 497
390 5
390 103
390 127
390 136
390 304
390 363
390 403
390 461
390 478
391 52
391 127
391 167
391 271
391 297
391 330
391 412
391 452
391 468
392 24
392 93
392 158
392 269
392 354
392 414
392 422
392 448
392 477
393 40
393 258
393 313
393 362
393 374
393 425
393 443
393 455
393 477
394 100
394 282
394 324
394 398
394 400
394 462
394 487
394 490
394 492
395 47
395 131
395 158
395 228
395 256
395 383
395 442
395 447
395 488
396 59
396 122
396 168
396 209
396 294
396 464
396 484
396 487
396 492
397 61
397 67
397 146
397 164
397 216
397 240
397 262
397 350
397 485
398 77
398 186
398 252
398 263
398 353
398 381
398 394
398 445
398 477
399 132
399 222
399 270
399 295
399 324
399 325
399 400
399 459
399 481
400 50
400 99
400 225
400 276
400 347
400 394
400 399
400 414
400 500
401 226
401 259
401 317
401 334
401 459
401 460
401 475
401 478
401 489
402 44
402 62
402 78
402 108
402 165
402 287
402 375
402 408
402 410
402 486
403 143
403 200
403 284
403 299
403 312
403 362
403 390
403 419
403 461
403 499
404 38
404 129
404 144
404 174
404 294
404 328
404 342
404 465
404 475
404 484
405 193
405 209
405 284
405 319
405 361
405 452
405 467
405 480
405 486
405 493
406 50
406 166
406 260
406 303
406 320
406 353
406 361
406 449
406 474
406 479
407 29
407 68
407 70
407 71
407 230
407 231
407 238
407 373
407 431
407 473
408 62
408 257
408 375
408 380
408 402
408 419
408 422
408 471
408 481
408 497
409 36
409 99
409 168
409 175
409 311
409 329
409 365
409 475
409 479
409 491
410 98
410 109
410 157
410 277
410 297
410 387
410 402
410 441
410 463
410 466
411 10
411 45
411 82
411 139
411 140
411 189
411 335
411 386
411 441
411 468
412 161
412 208
412 241
412 348
412 391
412 426
412 453
412 456
412 482
412 498
413 48
413 164
413 169
413 272
413 308
413 329
413 369
413 419
413 425
413 452
414 23
414 197
414 277
414 280
414 288
414 392
414 400
414 488
414 490
414 495
415 148
415 196
415 200
415 258
415 288
415 426
415 435
415 453
415 482
415 498
416 1
416 14
416 15
416 168
416 173
416 180
416 183
416 358
416 440
416 466
417 3
417 5
417 181
417 228
417 252
417 317
417 368
417 424
417 433
417 484
418 36
418 147
418 186
418 199
418 208
418 227
418 320
418 334
418 429
418 450
419 11
419 133
419 270
419 365
419 369
419 403
419 408
419 413
419 445
419 452
420 14
420 183
420 332
420 378
420 434
420 457
420 469
420 470
420 487
420 499
421 4
421 22
421 67
421 96
421 102
421 307
421 327
421 338
421 358
421 489
422 33
422 34
422 269
422 294
422 338
422 351
422 354
422 392
422 408
422 448
423 85
423 167
423 311
423 314
423 326
423 436
423 451
423 454
423 480
423 497
424 3
424 9
424 195
424 228
424 233
424 317
424 357
424 387
424 417
424 433
425 78
425 236
425 265
425 312
425 322
425 374
425 380
425 393
425 413
425 455
425 477
426 138
426 223
426 232
426 327
426 412
426 415
426 456
426 476
426 482
426 498
426 499
427 48
427 149
427 162
427 188
427 284
427 293
427 305
427 455
427 457
427 470
427 499
428 15
428 18
428 81
428 135
428 154
428 293
428 318
428 331
428 361
428 445
428 465
429 199
429 207
429 227
429 237
429 307
429 320
429 334
429 418
429 432
429 448
429 477
430 150
430 173
430 184
430 193
430 280
430 289
430 300
430 320
430 370
430 376
430 466
431 29
431 57
431 131
431 165
431 198
431 230
431 316
431 335
431 373
431 407
431 442
432 145
432 152
432 160
432 214
432 247
432 249
432 259
432 280
432 285
432 429
432 436
433 3
433 9
433 228
433 317
433 320
433 341
433 384
433 417
433 424
433 434
433 465
434 14
434 103
434 177
434 265
434 266
434 291
434 352
434 363
434 385
434 420
434 433
435 42
435 51
435 90
435 148
435 183
435 214
435 415
435 447
435 453
435 470
435 482
436 24
436 31
436 149
436 162
436 271
436 365
436 367
436 369
436 423
436 432
436 468
437 11
437 12
437 208
437 255
437 275
437 302
437 438
437 488
437 490
437 495
437 500
438 1
438 3
438 15
438 58
438 83
438 168
438 180
438 183
438 246
438 437
438 440
439 91
439 144
439 157
439 216
439 242
439 248
439 313
439 443
439 444
439 473
439 483
440 12
440 195
440 253
440 298
440 310
440 323
440 355
440 416
440 438
440 460
440 481
441 10
441 46
441 82
441 140
441 165
441 169
441 189
441 335
441 410
441 411
441 493
442 47
442 71
442 87
442 119
442 211
442 236
442 266
442 383
442 395
442 431
442 447
442 453
443 72
443 148
443 179
443 210
443 239
443 242
443 248
443 393
443 439
443 467
443 469
443 473
444 49
444 123
444 197
444 221
444 268
444 340
444 348
444 439
444 446
444 474
444 479
444 483
445 80
445 154
445 306
445 319
445 331
445 332
445 361
445 398
445 419
445 428
445 448
445 465
446 2
446 65
446 86
446 110
446 152
446 237
446 280
446 293
446 444
446 458
446 477
446 481
447 12
447 47
447 71
447 73
447 131
447 228
447 250
447 383
447 395
447 435
447 442
447 460
448 24
448 33
448 46
448 91
448 158
448 184
448 269
448 315
448 392
448 422
448 429
448 445
449 17
449 26
449 55
449 58
449 141
449 189
449 231
449 281
449 307
449 326
449 341
449 406
450 57
450 133
450 136
450 201
450 215
450 268
450 314
450 374
450 418
450 472
450 484
450 487
451 1
451 31
451 135
451 149
451 181
451 266
451 296
451 321
451 423
451 454
451 471
451 494
452 196
452 198
452 234
452 270
452 286
452 311
452 322
452 391
452 405
452 413
452 419
452 491
453 82
453 90
453 171
453 206
453 241
453 335
453 412
453 415
453 435
453 442
453 456
453 498
454 127
454 215
454 241
454 244
454 314
454 330
454 352
454 369
454 423
454 451
454 479
454 494
455 105
455 154
455 162
455 236
455 265
455 315
455 359
455 374
455 393
455 425
455 427
455 477
455 490
456 37
456 70
456 120
456 138
456 176
456 221
456 259
456 364
456 412
456 426
456 453
456 480
456 498
457 27
457 30
457 39
457 116
457 162
457 177
457 182
457 284
457 312
457 378
457 420
457 427
457 478
458 86
458 153
458 160
458 206
458 249
458 280
458 285
458 288
458 379
458 446
458 481
458 482
458 489
459 72
459 114
459 115
459 179
459 214
459 255
459 313
459 343
459 363
459 399
459 401
459 469
459 473
460 11
460 12
460 195
460 297
460 298
460 309
460 310
460 368
460 372
460 401
460 440
460 447
460 482
461 45
461 177
461 217
461 246
461 334
461 343
461 378
461 385
461 390
461 403
461 465
461 470
461 499
462 2
462 32
462 33
462 133
462 193
462 209
462 333
462 352
462 394
462 464
462 481
462 484
462 490
463 66
463 109
463 124
463 170
463 181
463 194
463 207
463 250
463 277
463 297
463 298
463 321
463 410
463 472
464 100
464 125
464 136
464 185
464 215
464 271
464 287
464 310
464 333
464 358
464 396
464 462
464 484
464 487
465 114
465 154
465 293
465 318
465 331
465 332
465 339
465 361
465 404
465 428
465 433
465 445
465 461
465 468
466 3
466 8
466 179
466 220
466 259
466 298
466 384
466 410
466 416
466 430
466 475
466 478
466 489
466 496
467 27
467 132
467 212
467 291
467 316
467 358
467 366
467 388
467 405
467 443
467 480
467 484
467 485
467 486
468 41
468 115
468 118
468 135
468 167
468 174
468 271
468 330
468 346
468 369
468 391
468 411
468 436
468 465
469 114
469 165
469 179
469 189
469 225
469 242
469 313
469 343
469 355
469 367
469 420
469 443
469 459
469 480
470 14
470 54
470 158
470 206
470 249
470 304
470 312
470 363
470 420
470 427
470 435
470 461
470 479
470 496
470 499
471 1
471 69
471 121
471 123
471 132
471 137
471 224
471 257
471 287
471 293
471 380
471 389
471 408
471 451
471 497
472 7
472 121
472 145
472 155
472 172
472 222
472 244
472 315
472 316
472 325
472 333
472 367
472 450
472 463
472 481
473 113
473 159
473 179
473 214
473 235
473 270
473 328
473 343
473 344
473 346
473 407
473 439
473 443
473 459
473 486
474 140
474 172
474 212
474 213
474 266
474 299
474 313
474 317
474 319
474 346
474 348
474 406
474 444
474 479
474 483
475 191
475 196
475 209
475 220
475 264
475 329
475 348
475 401
475 404
475 409
475 466
475 478
475 489
475 492
475 496
476 13
476 59
476 68
476 81
476 109
476 113
476 125
476 170
476 198
476 242
476 252
476 336
476 372
476 426
476 489
477 105
477 122
477 161
477 227
477 236
477 258
477 265
477 374
477 392
477 393
477 398
477 425
477 429
477 446
477 455
478 8
478 15
478 85
478 179
478 196
478 201
478 278
478 384
478 390
478 401
478 457
478 466
478 475
478 488
478 489
478 496
479 49
479 166
479 251
479 260
479 304
479 375
479 386
479 388
479 406
479 409
479 444
479 454
479 470
479 474
479 483
479 486
480 149
480 150
480 213
480 274
480 291
480 305
480 327
480 358
480 371
480 405
480 423
480 456
480 467
480 469
480 486
480 493
481 63
481 172
481 222
481 244
481 295
481 315
481 325
481 367
481 399
481 408
481 440
481 446
481 458
481 462
481 472
481 497
482 16
482 42
482 90
482 120
482 137
482 221
482 260
482 412
482 415
482 426
482 435
482 458
482 460
482 486
482 495
482 498
483 20
483 197
483 222
483 239
483 260
483 266
483 303
483 319
483 352
483 357
483 375
483 439
483 444
483 474
483 479
483 500
484 10
484 35
484 58
484 118
484 136
484 261
484 396
484 404
484 417
484 450
484 462
484 464
484 467
484 487
484 488
484 492
484 496
485 6
485 44
485 89
485 104
485 151
485 193
485 229
485 231
485 269
485 305
485 358
485 371
485 388
485 397
485 467
485 486
485 493
486 24
486 27
486 79
486 265
486 291
486 305
486 358
486 371
486 402
486 405
486 467
486 473
486 479
486 480
486 482
486 485
486 493
487 60
487 64
487 126
487 201
487 209
487 211
487 333
487 352
487 394
487 396
487 420
487 450
487 464
487 484
487 489
487 492
487 499
488 7
488 19
488 23
488 25
488 147
488 151
488 233
488 295
488 302
488 347
488 395
488 414
488 437
488 478
488 484
488 495
488 500
489 56
489 163
489 191
489 196
489 240
489 259
489 298
489 384
489 401
489 421
489 458
489 466
489 475
489 476
489 478
489 487
489 496
490 23
490 110
490 137
490 151
490 185
490 201
490 202
490 275
490 289
490 347
490 394
490 414
490 437
490 455
490 462
490 497
490 500
491 11
491 36
491 40
491 90
491 99
491 102
491 164
491 234
491 261
491 270
491 283
491 311
491 314
491 333
491 377
491 409
491 452
492 35
492 141
492 223
492 282
492 324
492 327
492 333
492 336
492 352
492 394
492 396
492 475
492 484
492 487
492 496
492 497
492 499
493 104
493 111
493 163
493 175
493 191
493 296
493 305
493 306
493 327
493 371
493 380
493 388
493 405
493 441
493 480
493 485
493 486
494 31
494 85
494 94
494 115
494 126
494 135
494 219
494 274
494 300
494 314
494 327
494 330
494 369
494 377
494 387
494 451
494 454
495 25
495 74
495 81
495 96
495 125
495 129
495 137
495 185
495 230
495 273
495 276
495 302
495 379
495 414
495 437
495 482
495 488
495 500
496 8
496 135
496 186
496 191
496 199
496 220
496 226
496 240
496 350
496 384
496 466
496 470
496 475
496 478
496 484
496 489
496 492
496 500
497 57
497 62
497 106
497 121
497 128
497 132
497 210
497 243
497 257
497 283
497 286
497 321
497 389
497 408
497 423
497 471
497 481
497 490
497 492
498 32
498 38
498 42
498 138
498 148
498 221
498 241
498 261
498 291
498 325
498 342
498 371
498 375
498 412
498 415
498 426
498 453
498 456
498 482
499 45
499 103
499 112
499 117
499 162
499 164
499 205
499 304
499 312
499 385
499 403
499 420
499 426
499 427
499 461
499 470
499 487
499 492
499 500
500 34
500 50
500 64
500 69
500 74
500 118
500 185
500 202
500 241
500 275
500 276
500 302
500 342
500 400
500 437
500 483
500 488
500 490
500 495
500 496
500 499
