1 37
1 102
1 254
1 264
1 356
2 207
2 277
2 395
2 455
2 499
3 183
3 196
3 228
3 382
3 485
4 172
4 310
4 401
4 447
4 450
5 83
5 445
5 466
5 477
5 482
6 104
6 155
6 191
6 289
6 373
7 81
7 177
7 275
7 301
7 423
8 313
8 379
8 423
8 483
8 497
9 91
9 192
9 240
9 315
9 393
10 233
10 342
10 395
10 468
10 472
11 385
11 386
11 399
11 454
11 474
12 125
12 281
12 457
12 491
12 498
13 200
13 261
13 335
13 382
13 411
14 44
14 116
14 125
14 432
14 468
15 193
15 445
15 462
15 482
15 494
16 424
16 438
16 459
16 497
16 500
17 36
17 107
17 118
17 167
17 222
18 212
18 381
18 407
18 472
18 493
19 45
19 181
19 397
19 425
19 450
20 439
20 442
20 467
20 472
20 496
21 210
21 212
21 294
21 408
21 424
22 108
22 274
22 363
22 421
22 436
23 342
23 418
23 453
23 481
23 489
24 101
24 304
24 311
24 325
24 430
25 26
25 248
25 367
25 387
25 406
26 25
26 57
26 82
26 123
26 148
27 221
27 287
27 321
27 329
27 392
28 72
28 113
28 357
28 417
28 441
29 364
29 411
29 467
29 469
29 497
30 76
30 263
30 427
30 461
30 488
31 32
31 140
31 290
31 366
31 404
32 31
32 288
32 434
32 444
32 469
33 72
33 151
33 215
33 318
33 346
34 71
34 160
34 202
34 277
34 341
35 101
35 311
35 325
35 430
35 458
36 17
36 109
36 118
36 167
36 417
37 1
37 102
37 103
37 264
37 424
38 227
38 281
38 463
38 489
38 495
39 348
39 465
39 473
39 485
39 493
40 146
40 237
40 286
40 382
40 394
41 274
41 395
41 421
41 435
41 436
42 358
42 390
42 414
42 418
42 457
43 341
43 380
43 405
43 420
43 434
44 14
44 116
44 128
44 129
44 220
45 19
45 425
45 456
45 466
45 494
46 252
46 326
46 337
46 422
46 440
47 68
47 93
47 163
47 251
47 260
48 427
48 448
48 487
48 492
48 498
49 133
49 303
49 431
49 432
49 480
50 139
50 147
50 193
50 215
50 260
51 52
51 95
51 255
51 318
51 346
52 51
52 159
52 204
52 258
52 276
53 413
53 431
53 442
53 480
53 486
54 148
54 440
54 462
54 467
54 486
55 120
55 245
55 278
55 338
55 375
56 234
56 443
56 461
56 478
56 493
57 26
57 82
57 123
57 148
57 494
58 59
58 98
58 110
58 157
58 162
59 58
59 145
59 367
59 397
59 406
60 250
60 324
60 353
60 369
60 375
61 220
61 263
61 449
61 488
61 499
62 183
62 196
62 228
62 252
62 404
63 245
63 280
63 375
63 455
63 476
64 197
64 433
64 478
64 482
64 494
65 165
65 383
65 465
65 473
65 485
66 278
66 325
66 383
66 465
66 485
67 171
67 462
67 478
67 482
67 494
68 47
68 462
68 478
68 482
68 494
69 202
69 252
69 282
69 391
69 422
70 340
70 376
70 435
70 441
70 470
71 34
71 175
71 408
71 424
71 465
72 28
72 33
72 95
72 111
72 318
73 89
73 304
73 388
73 434
73 441
74 251
74 299
74 304
74 389
74 469
75 122
75 241
75 454
75 474
75 484
76 30
76 161
76 395
76 488
76 499
77 79
77 82
77 396
77 442
77 480
78 136
78 300
78 348
78 389
78 485
79 77
79 144
79 296
79 348
79 456
80 230
80 347
80 468
80 479
80 483
81 7
81 165
81 177
81 275
81 470
82 26
82 57
82 77
82 123
82 148
83 5
83 300
83 445
83 478
83 494
84 176
84 336
84 362
84 415
84 493
85 107
85 332
85 365
85 433
85 461
86 430
86 458
86 464
86 490
86 491
87 310
87 327
87 415
87 447
87 451
88 100
88 151
88 189
88 256
88 307
89 73
89 107
89 334
89 362
89 433
90 106
90 308
90 350
90 460
90 479
91 9
91 240
91 305
91 360
91 393
92 291
92 292
92 297
92 350
92 460
93 47
93 251
93 260
93 414
94 147
94 193
94 215
94 318
94 410
95 51
95 72
95 312
95 346
95 403
96 430
96 461
96 476
96 481
96 493
97 135
97 247
97 265
97 267
97 377
98 58
98 112
98 157
98 162
98 462
99 243
99 432
99 466
99 471
99 485
100 88
100 159
100 189
100 256
100 489
101 24
101 35
101 206
101 342
101 430
102 1
102 37
102 103
102 264
102 365
103 37
103 102
103 158
103 224
103 264
104 6
104 272
104 325
104 357
104 430
105 278
105 338
105 339
105 347
105 369
106 90
106 297
106 335
106 350
106 460
107 17
107 85
107 89
107 142
107 349
108 22
108 268
108 435
108 436
108 500
109 36
109 118
109 121
109 167
109 194
110 58
110 243
110 429
110 465
110 473
111 72
111 318
111 346
111 467
111 470
112 98
112 157
112 162
112 426
112 488
113 28
113 330
113 476
113 477
113 493
114 258
114 336
114 405
114 415
114 484
115 140
115 324
115 336
115 484
115 491
116 14
116 44
116 125
116 129
116 196
117 154
117 252
117 282
117 422
117 436
118 17
118 36
118 109
118 146
118 167
119 222
119 225
119 266
119 489
119 498
120 55
120 166
120 180
120 198
120 371
121 109
121 208
121 227
121 323
121 398
122 75
122 298
122 452
122 454
122 455
123 26
123 57
123 82
123 148
123 465
124 298
124 368
124 452
124 454
124 474
125 12
125 14
125 116
125 129
125 379
126 183
126 386
126 417
126 441
126 472
127 266
127 308
127 350
127 395
127 460
128 44
128 336
128 402
128 440
128 486
129 44
129 116
129 125
129 217
129 448
130 187
130 199
130 397
130 456
130 466
131 178
131 373
131 440
131 479
131 486
132 163
132 380
132 405
132 420
132 429
133 49
133 203
133 207
133 475
133 496
134 343
134 449
134 455
134 497
134 499
135 97
135 139
135 279
135 290
135 305
136 78
136 150
136 383
136 429
136 471
137 205
137 217
137 329
137 364
137 469
138 395
138 427
138 455
138 477
138 499
139 50
139 135
139 265
139 279
139 377
140 31
140 115
140 168
140 171
140 404
141 217
141 230
141 359
141 388
141 411
142 107
142 167
142 365
142 433
142 440
143 200
143 286
143 335
143 392
143 493
144 79
144 293
144 328
144 456
144 466
145 59
145 348
145 387
145 406
145 468
146 40
146 118
146 305
146 426
146 487
147 50
147 94
147 193
147 215
147 372
148 26
148 54
148 57
148 82
148 123
149 344
149 402
149 440
149 449
149 479
150 136
150 363
150 432
150 497
150 500
151 33
151 88
151 189
151 216
151 256
152 154
152 472
152 475
152 480
152 496
153 262
153 353
153 423
153 426
153 437
154 117
154 152
154 282
154 326
154 422
155 6
155 203
155 289
155 373
155 463
156 300
156 383
156 438
156 453
156 485
157 58
157 98
157 112
157 162
157 456
158 103
158 354
158 363
158 463
158 468
159 52
159 100
159 204
159 238
159 276
160 34
160 211
160 219
160 277
160 490
161 76
161 180
161 356
161 362
161 484
162 58
162 98
162 112
162 157
162 275
163 47
163 132
163 165
163 260
163 494
164 247
164 478
164 481
164 488
164 499
165 65
165 81
165 163
165 177
165 275
166 120
166 168
166 302
166 349
166 371
167 17
167 36
167 109
167 118
167 142
167 238
168 140
168 166
168 254
168 366
168 404
168 485
169 201
169 204
169 238
169 276
169 297
169 469
170 171
170 229
170 261
170 262
170 428
170 442
171 67
171 140
171 170
171 254
171 366
171 404
172 4
172 192
172 240
172 315
172 387
172 393
173 340
173 359
173 419
173 441
173 470
173 500
174 322
174 459
174 483
174 493
174 497
174 500
175 71
175 237
175 294
175 346
175 408
175 424
176 84
176 269
176 375
176 410
176 415
176 484
177 7
177 81
177 165
177 178
177 275
177 487
178 131
178 177
178 312
178 467
178 486
178 494
179 296
179 323
179 398
179 419
179 427
179 499
180 120
180 161
180 198
180 253
180 349
180 371
181 19
181 274
181 421
181 435
181 436
181 463
182 360
182 458
182 462
182 464
182 490
182 491
183 3
183 62
183 126
183 196
183 228
183 488
184 259
184 445
184 477
184 478
184 482
184 494
185 414
185 418
185 421
185 453
185 463
185 498
186 229
186 344
186 374
186 437
186 487
186 492
187 130
187 215
187 293
187 425
187 456
187 466
188 226
188 229
188 262
188 348
188 428
188 475
189 88
189 100
189 151
189 225
189 256
189 340
190 257
190 446
190 474
190 477
190 478
190 494
191 6
191 203
191 289
191 373
191 409
191 457
192 9
192 172
192 257
192 315
192 346
192 393
193 15
193 50
193 94
193 147
193 215
193 257
194 109
194 226
194 229
194 262
194 352
194 428
195 357
195 378
195 458
195 464
195 491
195 497
196 3
196 62
196 116
196 183
196 207
196 228
197 64
197 263
197 271
197 353
197 448
197 487
198 120
198 180
198 253
198 349
198 403
198 431
199 130
199 413
199 442
199 475
199 480
199 495
200 13
200 143
200 225
200 293
200 382
200 394
201 169
201 292
201 359
201 386
201 417
201 419
202 34
202 69
202 231
202 235
202 326
202 422
203 133
203 155
203 191
203 289
203 354
203 373
204 52
204 159
204 169
204 238
204 276
204 445
205 137
205 217
205 410
205 411
205 434
205 448
206 101
206 311
206 325
206 369
206 391
206 430
207 2
207 133
207 196
207 431
207 480
207 496
208 121
208 234
208 354
208 461
208 476
208 493
209 313
209 391
209 462
209 477
209 482
209 494
210 21
210 273
210 280
210 294
210 408
210 424
211 160
211 219
211 243
211 271
211 277
212 18
212 21
212 399
212 407
212 434
212 443
213 238
213 383
213 429
213 465
213 473
213 485
214 383
214 440
214 467
214 479
214 486
214 489
215 33
215 50
215 94
215 147
215 187
215 193
216 151
216 299
216 337
216 458
216 490
216 491
217 129
217 137
217 141
217 205
217 338
217 444
218 295
218 341
218 380
218 405
218 418
218 420
219 160
219 211
219 277
219 288
219 498
220 44
220 61
220 400
220 455
220 488
220 499
221 27
221 287
221 288
221 329
221 354
221 392
222 17
222 119
222 230
222 342
222 363
222 468
223 246
223 360
223 422
223 458
223 490
223 491
224 103
224 285
224 327
224 447
224 451
224 473
225 119
225 189
225 200
225 463
225 489
225 498
226 188
226 194
226 261
226 262
226 381
226 428
227 38
227 121
227 323
227 412
227 449
227 499
228 3
228 62
228 183
228 196
228 310
228 398
229 170
229 186
229 188
229 194
229 261
229 428
230 80
230 141
230 222
230 295
230 411
230 468
231 202
231 252
231 272
231 282
231 326
231 368
232 274
232 370
232 382
232 421
232 436
232 498
233 10
233 242
233 262
233 347
233 376
233 468
234 56
234 208
234 330
234 416
234 476
234 481
235 202
235 239
235 287
235 288
235 329
235 392
236 239
236 285
236 332
236 334
236 365
236 433
237 40
237 175
237 286
237 335
237 382
237 394
238 159
238 167
238 169
238 204
238 213
238 276
239 235
239 236
239 332
239 361
239 433
239 479
240 9
240 91
240 172
240 315
240 393
240 453
241 75
241 385
241 452
241 454
241 474
241 483
242 233
242 314
242 354
242 363
242 468
242 488
243 99
243 110
243 211
243 412
243 443
243 471
244 316
244 397
244 437
244 487
244 492
244 496
245 55
245 63
245 250
245 269
245 326
245 338
246 223
246 255
246 283
246 379
246 490
246 491
247 97
247 164
247 281
247 309
247 395
247 488
248 25
248 259
248 367
248 387
248 406
248 417
249 321
249 365
249 423
249 476
249 481
249 493
250 60
250 245
250 338
250 345
250 369
250 482
251 47
251 74
251 93
251 260
251 444
252 46
252 62
252 69
252 117
252 231
252 422
253 180
253 198
253 349
253 371
253 442
253 446
254 1
254 168
254 171
254 316
254 366
254 404
255 51
255 246
255 456
255 464
255 490
255 491
256 88
256 100
256 151
256 189
256 332
256 483
257 190
257 192
257 193
257 477
257 482
257 494
258 52
258 114
258 301
258 359
258 362
258 484
259 184
259 248
259 367
259 387
259 406
259 465
260 47
260 50
260 93
260 163
260 251
260 408
261 13
261 170
261 226
261 229
261 428
261 437
262 153
262 170
262 188
262 194
262 226
262 233
263 30
263 61
263 197
263 331
263 409
263 492
264 1
264 37
264 102
264 103
264 484
264 490
265 97
265 139
265 290
265 377
265 390
265 471
266 119
266 127
266 286
266 489
266 495
266 498
267 97
267 279
267 290
267 344
267 377
267 402
268 108
268 370
268 393
268 435
268 436
268 443
269 176
269 245
269 289
269 301
269 415
269 484
270 291
270 297
270 350
270 358
270 452
270 460
271 197
271 211
271 341
271 380
271 405
271 420
272 104
272 231
272 311
272 325
272 430
272 487
273 210
273 282
273 294
273 333
273 408
273 424
274 22
274 41
274 181
274 232
274 370
274 435
275 7
275 81
275 162
275 165
275 177
275 408
276 52
276 159
276 169
276 204
276 238
276 419
276 491
277 2
277 34
277 160
277 211
277 219
277 388
277 457
278 55
278 66
278 105
278 280
278 369
278 375
278 483
279 135
279 139
279 267
279 290
279 377
279 436
279 458
280 63
280 210
280 278
280 306
280 369
280 375
280 408
281 12
281 38
281 247
281 283
281 435
281 495
281 498
282 69
282 117
282 154
282 231
282 273
282 422
282 496
283 246
283 281
283 352
283 414
283 463
283 474
283 495
284 351
284 385
284 392
284 443
284 452
284 454
284 474
285 224
285 236
285 377
285 401
285 447
285 450
285 451
286 40
286 143
286 237
286 266
286 382
286 394
286 438
287 27
287 221
287 235
287 320
287 329
287 392
287 495
288 32
288 219
288 221
288 235
288 333
288 392
288 451
289 6
289 155
289 191
289 203
289 269
289 373
289 491
290 31
290 135
290 265
290 267
290 279
290 292
290 377
291 92
291 270
291 308
291 321
291 414
291 453
291 460
292 92
292 201
292 290
292 384
292 386
292 441
292 470
293 144
293 187
293 200
293 394
293 425
293 456
293 466
294 21
294 175
294 210
294 273
294 408
294 424
294 450
295 218
295 230
295 342
295 347
295 354
295 363
295 446
296 79
296 179
296 397
296 425
296 456
296 466
296 484
297 92
297 106
297 169
297 270
297 308
297 428
297 460
298 122
298 124
298 333
298 351
298 384
298 452
298 474
299 74
299 216
299 317
299 370
299 388
299 411
299 469
300 78
300 83
300 156
300 303
300 383
300 412
300 471
301 7
301 258
301 269
301 306
301 324
301 356
301 484
302 166
302 341
302 368
302 438
302 483
302 497
302 500
303 49
303 300
303 326
303 439
303 475
303 480
303 496
304 24
304 73
304 74
304 410
304 444
304 469
304 485
305 91
305 135
305 146
305 400
305 409
305 487
305 492
306 280
306 301
306 361
306 458
306 464
306 490
306 491
307 88
307 328
307 407
307 476
307 478
307 481
307 493
308 90
308 127
308 291
308 297
308 428
308 460
308 475
309 247
309 395
309 429
309 449
309 455
309 468
309 499
310 4
310 87
310 228
310 314
310 450
310 451
310 494
311 24
311 35
311 206
311 272
311 315
311 428
311 430
312 95
312 178
312 313
312 327
312 467
312 479
312 485
313 8
313 209
313 312
313 440
313 467
313 479
313 486
314 242
314 310
314 319
314 401
314 447
314 450
314 451
315 9
315 172
315 192
315 240
315 311
315 393
315 402
316 244
316 254
316 426
316 437
316 448
316 449
316 492
317 299
317 331
317 389
317 444
317 458
317 469
317 487
318 33
318 51
318 72
318 94
318 111
318 346
318 461
319 314
319 331
319 338
319 353
319 400
319 492
319 500
320 287
320 355
320 386
320 439
320 472
320 475
320 496
321 27
321 249
321 291
321 399
321 443
321 481
321 493
322 174
322 383
322 453
322 457
322 489
322 495
322 498
323 121
323 179
323 227
323 476
323 488
323 496
323 499
324 60
324 115
324 301
324 329
324 356
324 415
324 484
325 24
325 35
325 66
325 104
325 206
325 272
325 430
326 46
326 154
326 202
326 231
326 245
326 303
326 464
327 87
327 224
327 312
327 401
327 447
327 450
327 451
328 144
328 307
328 407
328 443
328 481
328 492
328 493
329 27
329 137
329 221
329 235
329 287
329 324
329 392
330 113
330 234
330 438
330 461
330 478
330 481
330 493
331 263
331 317
331 319
331 448
331 457
331 487
331 492
332 85
332 236
332 239
332 256
332 334
332 361
332 473
333 273
333 288
333 298
333 351
333 452
333 454
333 474
334 89
334 236
334 332
334 361
334 385
334 433
334 445
335 13
335 106
335 143
335 237
335 382
335 394
335 453
336 84
336 114
336 115
336 128
336 415
336 466
336 484
337 46
337 216
337 342
337 356
337 464
337 490
337 491
338 55
338 105
338 217
338 245
338 250
338 319
338 375
339 105
339 396
339 414
339 453
339 463
339 489
339 495
340 70
340 173
340 189
340 361
340 384
340 417
340 470
341 34
341 43
341 218
341 271
341 302
341 380
341 420
342 10
342 23
342 101
342 222
342 295
342 337
342 354
342 468
343 134
343 344
343 402
343 424
343 440
343 467
343 479
343 486
344 149
344 186
344 267
344 343
344 467
344 474
344 479
344 486
345 250
345 374
345 389
345 410
345 434
345 444
345 469
345 496
346 33
346 51
346 95
346 111
346 175
346 192
346 318
346 396
347 80
347 105
347 233
347 295
347 352
347 354
347 398
347 468
348 39
348 78
348 79
348 145
348 188
348 471
348 473
348 485
349 107
349 166
349 180
349 198
349 253
349 352
349 371
349 447
350 90
350 92
350 106
350 127
350 270
350 353
350 460
350 498
351 284
351 298
351 333
351 434
351 452
351 454
351 474
351 497
352 194
352 283
352 347
352 349
352 453
352 457
352 495
352 498
353 60
353 153
353 197
353 319
353 350
353 374
353 426
353 492
354 158
354 203
354 208
354 221
354 242
354 295
354 342
354 347
355 320
355 396
355 413
355 437
355 439
355 472
355 475
355 496
356 1
356 161
356 301
356 324
356 337
356 362
356 484
356 497
357 28
357 104
357 195
357 359
357 376
357 419
357 441
357 470
358 42
358 270
358 418
358 439
358 453
358 493
358 495
358 498
359 141
359 173
359 201
359 258
359 357
359 384
359 417
359 495
360 91
360 182
360 223
360 371
360 378
360 464
360 490
360 499
361 239
361 306
361 332
361 334
361 340
361 365
361 420
361 433
362 84
362 89
362 161
362 258
362 356
362 452
362 459
362 484
363 22
363 150
363 158
363 222
363 242
363 295
363 460
363 468
364 29
364 137
364 366
364 371
364 389
364 410
364 434
364 458
365 85
365 102
365 142
365 236
365 249
365 361
365 425
365 433
366 31
366 168
366 171
366 254
366 364
366 404
366 428
366 470
367 25
367 59
367 248
367 259
367 387
367 406
367 409
367 436
368 124
368 231
368 302
368 379
368 416
368 483
368 497
368 500
369 60
369 105
369 206
369 250
369 278
369 280
369 374
369 438
370 232
370 268
370 274
370 299
370 421
370 435
370 445
370 497
371 120
371 166
371 180
371 253
371 349
371 360
371 364
371 372
372 147
372 371
372 390
372 438
372 459
372 483
372 497
372 500
373 6
373 131
373 155
373 191
373 203
373 289
373 427
373 479
374 186
374 345
374 353
374 369
374 426
374 448
374 487
374 492
375 55
375 60
375 63
375 176
375 278
375 280
375 338
375 445
376 70
376 233
376 357
376 384
376 386
376 404
376 419
376 466
377 97
377 139
377 265
377 267
377 279
377 285
377 290
377 381
377 454
378 195
378 360
378 407
378 413
378 458
378 464
378 488
378 490
378 491
379 8
379 125
379 246
379 368
379 390
379 478
379 483
379 497
379 500
380 43
380 132
380 218
380 271
380 341
380 405
380 420
380 446
380 474
381 18
381 226
381 377
381 407
381 443
381 461
381 476
381 481
381 489
382 3
382 13
382 40
382 200
382 232
382 237
382 286
382 335
382 394
383 65
383 66
383 136
383 156
383 213
383 214
383 300
383 322
383 473
384 292
384 298
384 340
384 359
384 376
384 393
384 417
384 470
384 473
385 11
385 241
385 284
385 334
385 451
385 452
385 454
385 474
385 493
386 11
386 126
386 201
386 292
386 320
386 376
386 419
386 470
386 492
387 25
387 145
387 172
387 248
387 259
387 367
387 403
387 406
387 413
388 73
388 141
388 277
388 299
388 389
388 393
388 410
388 434
388 490
389 74
389 78
389 317
389 345
389 364
389 388
389 411
389 414
389 444
390 42
390 265
390 372
390 379
390 423
390 438
390 459
390 483
390 500
391 69
391 206
391 209
391 446
391 462
391 465
391 477
391 482
391 494
392 27
392 143
392 221
392 235
392 284
392 287
392 288
392 329
392 471
393 9
393 91
393 172
393 192
393 240
393 268
393 315
393 384
393 388
394 40
394 200
394 237
394 286
394 293
394 335
394 382
394 426
394 462
395 2
395 10
395 41
395 76
395 127
395 138
395 247
395 309
395 488
396 77
396 339
396 346
396 355
396 413
396 439
396 472
396 475
396 480
397 19
397 59
397 130
397 244
397 296
397 425
397 456
397 464
397 466
398 121
398 179
398 228
398 347
398 427
398 435
398 455
398 488
398 499
399 11
399 212
399 321
399 406
399 407
399 443
399 460
399 476
399 481
400 220
400 305
400 319
400 409
400 427
400 448
400 471
400 487
400 492
401 4
401 285
401 314
401 327
401 415
401 447
401 450
401 451
401 472
402 128
402 149
402 267
402 315
402 343
402 467
402 479
402 486
402 498
403 95
403 198
403 387
403 414
403 418
403 453
403 489
403 495
403 498
404 31
404 62
404 140
404 168
404 171
404 254
404 366
404 376
404 446
405 43
405 114
405 132
405 218
405 271
405 380
405 410
405 420
405 448
406 25
406 59
406 145
406 248
406 259
406 367
406 387
406 399
406 454
407 18
407 212
407 307
407 328
407 378
407 381
407 399
407 411
407 430
407 493
408 21
408 71
408 175
408 210
408 260
408 273
408 275
408 280
408 294
408 424
409 191
409 263
409 305
409 367
409 400
409 426
409 437
409 487
409 492
409 495
410 94
410 176
410 205
410 304
410 345
410 364
410 388
410 405
410 444
410 469
411 13
411 29
411 141
411 205
411 230
411 299
411 389
411 407
411 434
411 469
412 227
412 243
412 300
412 429
412 449
412 456
412 465
412 471
412 473
412 485
413 53
413 199
413 355
413 378
413 387
413 396
413 442
413 444
413 472
413 496
414 42
414 93
414 185
414 283
414 291
414 339
414 389
414 403
414 463
414 495
415 84
415 87
415 114
415 176
415 269
415 324
415 336
415 401
415 447
415 484
416 234
416 368
416 417
416 423
416 432
416 459
416 483
416 489
416 497
416 500
417 28
417 36
417 126
417 201
417 248
417 340
417 359
417 384
417 416
417 470
418 23
418 42
418 185
418 218
418 358
418 403
418 420
418 457
418 470
418 489
419 173
419 179
419 201
419 276
419 357
419 376
419 386
419 431
419 441
419 470
420 43
420 132
420 218
420 271
420 341
420 361
420 380
420 405
420 418
420 464
421 22
421 41
421 181
421 185
421 232
421 370
421 422
421 435
421 436
421 437
422 46
422 69
422 117
422 154
422 202
422 223
422 252
422 282
422 421
422 480
423 7
423 8
423 153
423 249
423 390
423 416
423 432
423 482
423 483
423 497
423 500
424 16
424 21
424 37
424 71
424 175
424 210
424 273
424 294
424 343
424 408
424 428
425 19
425 45
425 187
425 293
425 296
425 365
425 397
425 433
425 456
425 466
425 486
426 112
426 146
426 153
426 316
426 353
426 374
426 394
426 409
426 460
426 487
426 492
427 30
427 48
427 138
427 179
427 373
427 398
427 400
427 439
427 449
427 488
427 499
428 170
428 188
428 194
428 226
428 229
428 261
428 297
428 308
428 311
428 366
428 424
429 110
429 132
429 136
429 213
429 309
429 412
429 461
429 465
429 471
429 473
429 485
430 24
430 35
430 86
430 96
430 101
430 104
430 206
430 272
430 311
430 325
430 407
431 49
431 53
431 198
431 207
431 419
431 439
431 472
431 475
431 480
431 483
431 496
432 14
432 49
432 99
432 150
432 416
432 423
432 438
432 459
432 483
432 497
432 500
433 64
433 85
433 89
433 142
433 236
433 239
433 334
433 361
433 365
433 425
433 482
434 32
434 43
434 73
434 205
434 212
434 345
434 351
434 364
434 388
434 411
434 444
435 41
435 70
435 108
435 181
435 268
435 274
435 281
435 370
435 398
435 421
435 436
436 22
436 41
436 108
436 117
436 181
436 232
436 268
436 279
436 367
436 421
436 435
437 153
437 186
437 244
437 261
437 316
437 355
437 409
437 421
437 441
437 448
437 487
437 492
438 16
438 156
438 286
438 302
438 330
438 369
438 372
438 390
438 432
438 459
438 497
438 500
439 20
439 303
439 320
439 355
439 358
439 396
439 427
439 431
439 442
439 472
439 496
439 499
440 46
440 54
440 128
440 131
440 142
440 149
440 214
440 313
440 343
440 471
440 479
440 486
441 28
441 70
441 73
441 126
441 173
441 292
441 357
441 419
441 437
441 470
441 476
441 492
442 20
442 53
442 77
442 170
442 199
442 253
442 413
442 439
442 451
442 472
442 480
442 496
443 56
443 212
443 243
443 268
443 284
443 321
443 328
443 381
443 399
443 461
443 481
443 493
444 32
444 217
444 251
444 304
444 317
444 345
444 389
444 410
444 413
444 434
444 477
444 491
445 5
445 15
445 83
445 184
445 204
445 334
445 370
445 375
445 446
445 462
445 478
445 494
446 190
446 253
446 295
446 380
446 391
446 404
446 445
446 462
446 477
446 478
446 482
446 494
447 4
447 87
447 224
447 285
447 314
447 327
447 349
447 401
447 415
447 450
447 451
447 500
448 48
448 129
448 197
448 205
448 316
448 331
448 374
448 400
448 405
448 437
448 459
448 487
449 61
449 134
449 149
449 227
449 309
449 316
449 412
449 427
449 455
449 469
449 488
449 499
450 4
450 19
450 285
450 294
450 310
450 314
450 327
450 401
450 447
450 451
450 475
450 500
451 87
451 224
451 285
451 288
451 310
451 314
451 327
451 385
451 401
451 442
451 447
451 450
451 455
452 122
452 124
452 241
452 270
452 284
452 298
452 333
452 351
452 362
452 385
452 454
452 474
452 482
453 23
453 156
453 185
453 240
453 291
453 322
453 335
453 339
453 352
453 358
453 403
453 489
453 498
454 11
454 75
454 122
454 124
454 241
454 284
454 333
454 351
454 377
454 385
454 406
454 452
454 496
455 2
455 63
455 122
455 134
455 138
455 220
455 309
455 398
455 449
455 451
455 486
455 488
455 499
456 45
456 79
456 130
456 144
456 157
456 187
456 255
456 293
456 296
456 397
456 412
456 425
456 466
457 12
457 42
457 191
457 277
457 322
457 331
457 352
457 418
457 463
457 476
457 489
457 495
457 498
458 35
458 86
458 182
458 195
458 216
458 223
458 279
458 306
458 317
458 364
458 378
458 490
458 491
459 16
459 174
459 362
459 372
459 390
459 416
459 432
459 438
459 448
459 487
459 490
459 497
459 500
460 90
460 92
460 106
460 127
460 270
460 291
460 297
460 308
460 350
460 363
460 399
460 426
460 467
461 30
461 56
461 85
461 96
461 208
461 318
461 330
461 381
461 429
461 443
461 476
461 481
461 493
462 15
462 54
462 67
462 68
462 98
462 182
462 209
462 391
462 394
462 445
462 446
462 477
462 478
462 482
463 38
463 155
463 158
463 181
463 185
463 225
463 283
463 339
463 414
463 457
463 489
463 495
463 498
463 499
464 86
464 182
464 195
464 255
464 306
464 326
464 337
464 360
464 378
464 397
464 420
464 490
464 491
464 495
465 39
465 65
465 66
465 71
465 110
465 123
465 213
465 259
465 391
465 412
465 429
465 471
465 473
465 485
466 5
466 45
466 99
466 130
466 144
466 187
466 293
466 296
466 336
466 376
466 397
466 425
466 456
466 499
467 20
467 29
467 54
467 111
467 178
467 214
467 312
467 313
467 343
467 344
467 402
467 460
467 479
467 486
468 10
468 14
468 80
468 145
468 158
468 222
468 230
468 233
468 242
468 309
468 342
468 347
468 363
468 469
469 29
469 32
469 74
469 137
469 169
469 299
469 304
469 317
469 345
469 410
469 411
469 449
469 468
469 498
470 70
470 81
470 111
470 173
470 292
470 340
470 357
470 366
470 384
470 386
470 417
470 418
470 419
470 441
471 99
471 136
471 243
471 265
471 300
471 348
471 392
471 400
471 412
471 429
471 440
471 465
471 473
471 485
472 10
472 18
472 20
472 126
472 152
472 320
472 355
472 396
472 401
472 413
472 431
472 439
472 442
472 475
472 496
473 39
473 65
473 110
473 213
473 224
473 332
473 348
473 383
473 384
473 412
473 429
473 465
473 471
473 480
473 485
474 11
474 75
474 124
474 190
474 241
474 283
474 284
474 298
474 333
474 344
474 351
474 380
474 385
474 452
474 482
475 133
475 152
475 188
475 199
475 303
475 308
475 320
475 355
475 396
475 431
475 450
475 472
475 480
475 486
475 496
476 63
476 96
476 113
476 208
476 234
476 249
476 307
476 323
476 381
476 399
476 441
476 457
476 461
476 481
476 493
477 5
477 113
477 138
477 184
477 190
477 209
477 257
477 391
477 444
477 446
477 462
477 478
477 480
477 482
477 494
478 56
478 64
478 67
478 68
478 83
478 164
478 184
478 190
478 307
478 330
478 379
478 445
478 446
478 462
478 477
478 494
479 80
479 90
479 131
479 149
479 214
479 239
479 312
479 313
479 343
479 344
479 373
479 402
479 440
479 467
479 486
479 490
480 49
480 53
480 77
480 152
480 199
480 207
480 303
480 396
480 422
480 431
480 442
480 473
480 475
480 477
480 492
480 496
481 23
481 96
481 164
481 234
481 249
481 307
481 321
481 328
481 330
481 381
481 399
481 443
481 461
481 476
481 485
481 499
482 5
482 15
482 64
482 67
482 68
482 184
482 209
482 250
482 257
482 391
482 423
482 433
482 446
482 452
482 462
482 474
482 477
483 8
483 80
483 174
483 241
483 256
483 278
483 302
483 368
483 372
483 379
483 390
483 416
483 423
483 431
483 432
483 497
483 500
484 75
484 114
484 115
484 161
484 176
484 258
484 264
484 269
484 296
484 301
484 324
484 336
484 356
484 362
484 415
484 489
484 495
485 3
485 39
485 65
485 66
485 78
485 99
485 156
485 168
485 213
485 304
485 312
485 348
485 412
485 429
485 465
485 471
485 473
485 481
486 53
486 54
486 128
486 131
486 178
486 214
486 313
486 343
486 344
486 402
486 425
486 440
486 455
486 467
486 475
486 479
486 490
486 492
487 48
487 146
487 177
487 186
487 197
487 244
487 272
487 305
487 317
487 331
487 374
487 400
487 409
487 426
487 437
487 448
487 459
487 488
488 30
488 61
488 76
488 112
488 164
488 183
488 220
488 242
488 247
488 323
488 378
488 395
488 398
488 427
488 449
488 455
488 487
488 499
489 23
489 38
489 100
489 119
489 214
489 225
489 266
489 322
489 339
489 381
489 403
489 416
489 418
489 453
489 457
489 463
489 484
489 495
489 498
490 86
490 160
490 182
490 216
490 223
490 246
490 255
490 264
490 306
490 337
490 360
490 378
490 388
490 458
490 459
490 464
490 479
490 486
490 491
491 12
491 86
491 115
491 182
491 195
491 216
491 223
491 246
491 255
491 276
491 289
491 306
491 337
491 378
491 444
491 458
491 464
491 490
491 496
492 48
492 186
492 244
492 263
492 305
492 316
492 319
492 328
492 331
492 353
492 374
492 386
492 400
492 409
492 426
492 437
492 441
492 480
492 486
493 18
493 39
493 56
493 84
493 96
493 113
493 143
493 174
493 208
493 249
493 307
493 321
493 328
493 330
493 358
493 385
493 407
493 443
493 461
493 476
494 15
494 45
494 57
494 64
494 67
494 68
494 83
494 163
494 178
494 184
494 190
494 209
494 257
494 310
494 391
494 445
494 446
494 477
494 478
494 500
495 38
495 199
495 266
495 281
495 283
495 287
495 322
495 339
495 352
495 358
495 359
495 403
495 409
495 414
495 457
495 463
495 464
495 484
495 489
495 498
496 20
496 133
496 152
496 207
496 244
496 282
496 303
496 320
496 323
496 345
496 355
496 413
496 431
496 439
496 442
496 454
496 472
496 475
496 480
496 491
497 8
497 16
497 29
497 134
497 150
497 174
497 195
497 302
497 351
497 356
497 368
497 370
497 372
497 379
497 416
497 423
497 432
497 438
497 459
497 483
497 500
498 12
498 48
498 119
498 185
498 219
498 225
498 232
498 266
498 281
498 322
498 350
498 352
498 358
498 402
498 403
498 453
498 457
498 463
498 469
498 489
498 495
499 2
499 61
499 76
499 134
499 138
499 164
499 179
499 220
499 227
499 309
499 323
499 360
499 398
499 427
499 439
499 449
499 455
499 463
499 466
499 481
499 488
500 16
500 108
500 150
500 173
500 174
500 302
500 319
500 368
500 372
500 379
500 390
500 416
500 423
500 432
500 438
500 447
500 450
500 459
500 483
500 494
500 497
