1 3
1 58
1 208
1 250
1 488
2 4
2 5
2 9
2 48
2 217
3 1
3 58
3 375
3 455
3 496
4 2
4 5
4 36
4 217
4 429
4 481
5 2
5 4
5 9
5 11
5 97
6 16
6 113
6 322
6 489
6 496
7 17
7 41
7 86
7 140
7 345
7 385
7 421
7 438
8 58
8 250
8 373
8 428
8 499
9 2
9 5
9 11
9 217
9 481
10 19
10 99
10 250
10 257
10 457
11 5
11 9
11 12
11 16
11 164
11 186
12 11
12 13
12 16
12 78
12 447
13 12
13 16
13 23
13 109
13 396
14 87
14 117
14 119
14 124
14 447
15 18
15 22
15 165
15 187
15 395
16 6
16 11
16 12
16 13
16 23
17 7
17 19
17 20
17 86
17 125
17 254
17 345
17 400
17 413
17 438
17 439
18 15
18 22
18 298
18 448
18 457
19 10
19 17
19 22
19 125
19 457
20 17
20 23
20 26
20 115
20 460
21 24
21 27
21 180
21 217
21 451
22 15
22 18
22 19
22 50
22 180
23 13
23 16
23 20
23 26
23 400
24 21
24 180
24 418
24 448
24 466
25 229
25 237
25 377
25 380
25 386
25 402
25 415
25 432
25 434
25 468
26 20
26 23
26 29
26 31
26 123
27 21
27 82
27 180
27 278
27 399
28 29
28 31
28 32
28 141
28 492
29 26
29 28
29 31
29 32
29 262
30 33
30 37
30 243
30 446
30 500
31 26
31 28
31 29
31 32
31 89
32 28
32 29
32 31
32 38
32 50
33 30
33 37
33 58
33 73
33 180
34 190
34 194
34 195
34 197
34 408
35 220
35 290
35 300
35 369
35 467
36 4
36 38
36 50
36 51
36 299
36 481
37 30
37 33
37 41
37 403
37 497
38 32
38 36
38 51
38 299
38 397
39 41
39 45
39 46
39 267
39 491
40 213
40 214
40 216
40 222
40 228
40 389
40 419
40 456
41 7
41 37
41 39
41 46
41 140
42 117
42 143
42 258
42 260
42 263
42 265
42 271
43 107
43 110
43 114
43 119
43 383
44 105
44 108
44 109
44 111
44 162
45 39
45 46
45 349
45 388
45 421
46 39
46 41
46 45
46 124
46 399
47 49
47 55
47 57
47 60
47 199
48 2
48 57
48 73
48 77
48 386
48 468
49 47
49 55
49 60
49 62
49 104
50 22
50 32
50 36
50 51
50 299
50 367
51 36
51 38
51 50
51 75
51 299
52 67
52 299
52 438
52 454
52 489
53 54
53 92
53 254
53 319
53 346
53 376
53 493
54 53
54 235
54 294
54 319
54 346
54 358
54 493
55 47
55 49
55 60
55 91
55 136
56 77
56 107
56 364
56 452
56 463
56 465
56 467
56 476
56 479
57 47
57 48
57 73
57 77
57 353
57 386
57 468
58 1
58 3
58 8
58 33
58 61
58 250
59 63
59 67
59 69
59 96
59 102
59 181
60 47
60 49
60 55
60 196
60 429
61 58
61 64
61 102
61 205
61 356
62 49
62 72
62 307
62 308
62 309
62 310
62 311
62 313
63 59
63 67
63 69
63 84
63 181
63 224
64 61
64 65
64 149
64 205
64 348
65 64
65 68
65 205
65 357
65 409
66 69
66 71
66 74
66 76
66 393
67 52
67 59
67 63
67 69
67 181
68 65
68 72
68 82
68 170
68 184
69 59
69 63
69 66
69 67
69 181
70 83
70 288
70 364
70 374
70 379
70 420
70 449
70 463
70 476
71 66
71 74
71 76
71 181
71 225
72 62
72 68
72 82
72 205
72 220
73 33
73 48
73 57
73 77
73 120
73 356
73 468
74 66
74 71
74 76
74 468
74 495
75 51
75 141
75 142
75 144
75 147
76 66
76 71
76 74
76 78
76 95
77 48
77 56
77 57
77 73
77 120
77 154
77 230
78 12
78 76
78 79
78 80
78 89
79 78
79 80
79 89
79 319
79 461
80 78
80 79
80 81
80 89
80 94
81 80
81 89
81 91
81 94
81 272
82 27
82 68
82 72
82 83
82 416
83 70
83 82
83 85
83 449
83 455
84 63
84 85
84 88
84 224
84 381
85 83
85 84
85 88
85 427
85 474
86 7
86 17
86 152
86 240
86 247
86 345
86 385
86 413
86 423
86 432
86 438
87 14
87 91
87 94
87 429
87 449
88 84
88 85
88 160
88 240
88 492
89 31
89 78
89 79
89 80
89 81
90 93
90 95
90 122
90 218
90 466
91 55
91 81
91 87
91 93
91 94
91 207
92 53
92 148
92 152
92 156
92 163
92 235
93 90
93 91
93 95
93 98
93 497
94 80
94 81
94 87
94 91
94 98
95 76
95 90
95 93
95 98
95 451
96 59
96 100
96 112
96 118
96 321
96 449
96 453
96 460
97 5
97 263
97 406
97 436
97 487
98 93
98 94
98 95
98 108
98 368
99 10
99 101
99 104
99 243
99 314
100 96
100 112
100 118
100 317
100 328
100 356
100 387
100 426
100 449
100 453
100 460
101 99
101 104
101 340
101 453
101 495
102 59
102 61
102 113
102 208
102 321
102 322
102 496
103 106
103 155
103 469
103 483
103 497
104 49
104 99
104 101
104 106
104 484
105 44
105 108
105 109
105 234
105 448
106 103
106 104
106 110
106 432
106 451
107 43
107 56
107 110
107 114
107 230
108 44
108 98
108 105
108 109
108 463
109 13
109 44
109 105
109 108
109 111
110 43
110 106
110 107
110 276
110 305
111 44
111 109
111 115
111 130
111 471
112 96
112 100
112 118
112 157
112 302
112 449
112 453
112 460
113 6
113 102
113 138
113 208
113 497
114 43
114 107
114 183
114 282
114 481
115 20
115 111
115 116
115 329
115 458
116 115
116 121
116 129
116 329
116 495
117 14
117 42
117 119
117 143
117 219
118 96
118 100
118 112
118 157
118 165
118 365
118 413
118 460
118 473
119 14
119 43
119 117
119 429
119 476
120 73
120 77
120 154
120 167
120 177
120 448
121 116
121 123
121 329
121 467
121 472
122 90
122 125
122 191
122 297
122 481
123 26
123 121
123 125
123 329
123 389
124 14
124 46
124 127
124 352
124 378
125 17
125 19
125 122
125 123
125 126
125 297
126 125
126 128
126 135
126 297
126 326
126 335
127 124
127 219
127 273
127 352
127 423
128 126
128 129
128 272
128 297
128 335
129 116
129 128
129 262
129 335
129 494
130 111
130 138
130 262
130 335
130 378
131 136
131 233
131 352
131 395
131 439
132 162
132 175
132 204
132 218
132 385
132 396
132 397
132 421
132 437
132 438
132 460
133 135
133 384
133 405
133 443
133 480
134 138
134 139
134 321
134 463
134 477
135 126
135 133
135 332
135 384
135 424
136 55
136 131
136 207
136 352
136 384
137 140
137 143
137 179
137 417
137 496
138 113
138 130
138 134
138 139
138 262
139 134
139 138
139 141
139 262
139 265
140 7
140 41
140 137
140 143
140 179
141 28
141 75
141 139
141 144
141 474
142 75
142 144
142 346
142 358
142 428
143 42
143 117
143 137
143 140
143 282
144 75
144 141
144 142
144 145
144 215
145 144
145 147
145 148
145 446
145 472
146 150
146 159
146 241
146 246
146 423
147 75
147 145
147 148
147 322
147 434
148 92
148 145
148 147
148 176
148 493
149 64
149 330
149 331
149 333
149 344
149 362
150 146
150 155
150 191
150 194
150 246
151 196
151 203
151 356
151 365
151 450
151 464
151 475
151 477
151 483
151 486
151 487
151 489
151 490
151 491
151 492
151 495
151 499
151 500
152 86
152 92
152 156
152 384
152 447
153 156
153 163
153 169
153 203
153 238
154 77
154 120
154 167
154 447
154 448
154 459
155 103
155 150
155 158
155 159
155 483
156 92
156 152
156 153
156 238
156 441
157 112
157 118
157 165
157 170
157 240
157 247
157 340
157 373
157 428
158 155
158 159
158 190
158 201
158 301
159 146
159 155
159 158
159 162
159 202
160 88
160 161
160 166
160 387
160 463
161 160
161 166
161 193
161 335
161 387
162 44
162 132
162 159
162 196
162 416
163 92
163 153
163 173
163 238
163 358
164 11
164 186
164 192
164 199
164 467
165 15
165 118
165 157
165 170
165 240
165 247
165 249
165 461
166 160
166 161
166 238
166 289
166 387
167 120
167 154
167 174
167 447
167 448
167 463
168 172
168 173
168 177
168 381
168 387
169 153
169 238
169 294
169 296
169 375
169 455
170 68
170 157
170 165
170 184
170 225
170 240
170 247
170 249
170 472
171 271
171 275
171 276
171 277
171 281
171 468
172 168
172 173
172 177
172 364
172 415
172 497
173 163
173 168
173 172
173 177
173 182
174 167
174 176
174 187
174 431
174 447
174 448
175 132
175 212
175 220
175 301
175 460
175 475
176 148
176 174
176 187
176 193
176 447
176 448
177 120
177 168
177 172
177 173
177 182
178 182
178 183
178 184
178 301
178 319
178 387
179 137
179 140
179 223
179 384
179 412
179 418
180 21
180 22
180 24
180 27
180 33
180 367
181 59
181 63
181 67
181 69
181 71
181 217
182 173
182 177
182 178
182 183
182 184
182 417
183 114
183 178
183 182
183 184
183 186
183 454
184 68
184 170
184 178
184 182
184 183
184 186
185 201
185 260
185 323
185 391
185 424
185 456
185 482
185 489
185 490
185 492
185 495
185 499
185 500
186 11
186 164
186 183
186 184
186 195
186 365
187 15
187 174
187 176
187 189
187 193
187 198
187 461
188 253
188 266
188 382
188 412
188 437
188 445
188 461
188 466
188 471
188 472
188 485
189 187
189 193
189 198
189 458
189 468
189 492
190 34
190 158
190 194
190 195
190 201
190 494
191 122
191 150
191 210
191 346
191 378
191 389
191 429
191 493
192 164
192 199
192 210
192 443
192 480
193 161
193 176
193 187
193 189
193 198
193 200
194 34
194 150
194 190
194 195
194 205
194 479
195 34
195 186
195 190
195 194
195 345
195 416
196 60
196 151
196 162
196 203
196 308
196 365
196 429
196 439
196 476
196 477
196 483
196 486
196 487
196 489
196 490
196 492
196 495
196 499
196 500
197 34
197 203
197 213
197 292
197 465
197 466
198 187
198 189
198 193
198 200
198 209
198 255
199 47
199 164
199 192
199 210
199 353
200 193
200 198
200 209
200 223
200 372
200 464
201 158
201 185
201 190
201 298
201 311
201 323
201 360
201 456
201 470
201 475
201 482
201 484
201 494
201 500
202 159
202 207
202 211
202 219
202 292
202 394
203 151
203 153
203 196
203 197
203 279
203 281
203 330
203 337
203 365
203 398
203 477
203 483
203 486
203 487
203 489
203 491
203 495
204 132
204 218
204 396
204 397
204 421
204 451
205 61
205 64
205 65
205 72
205 194
205 434
206 209
206 223
206 372
206 386
206 410
206 452
207 91
207 136
207 202
207 211
207 219
207 292
208 1
208 102
208 113
208 324
208 496
209 198
209 200
209 206
209 223
209 372
209 500
210 191
210 192
210 199
210 231
210 422
211 202
211 207
211 219
211 292
211 300
211 484
212 175
212 282
212 303
212 314
212 418
212 469
213 40
213 197
213 216
213 219
213 306
213 490
214 40
214 216
214 217
214 219
214 327
214 429
215 144
215 221
215 232
215 368
215 375
215 423
216 40
216 213
216 214
216 222
216 309
216 346
217 2
217 4
217 9
217 21
217 181
217 214
217 389
217 429
217 451
218 90
218 132
218 204
218 314
218 321
218 397
218 425
218 451
218 484
218 494
219 117
219 127
219 202
219 207
219 211
219 213
219 214
219 258
220 35
220 72
220 175
220 290
220 301
220 402
221 215
221 286
221 305
221 311
221 353
221 368
222 40
222 216
222 224
222 229
222 308
222 476
223 179
223 200
223 206
223 209
223 227
223 372
223 377
224 63
224 84
224 222
224 226
224 228
224 229
225 71
225 170
225 240
225 247
225 249
225 261
225 272
225 443
225 458
226 224
226 228
226 229
226 230
226 341
226 466
227 223
227 242
227 248
227 313
227 372
227 449
228 40
228 224
228 226
228 229
228 268
228 323
229 25
229 222
229 224
229 226
229 228
229 237
230 77
230 107
230 226
230 233
230 234
230 394
231 210
231 237
231 259
231 390
231 430
232 215
232 305
232 375
232 413
232 477
232 498
233 131
233 230
233 234
233 238
233 394
233 468
234 105
234 230
234 233
234 394
234 423
234 424
235 54
235 92
235 236
235 394
235 448
235 494
236 235
236 239
236 241
236 423
236 424
236 439
237 25
237 229
237 231
237 259
237 268
237 380
238 153
238 156
238 163
238 166
238 169
238 233
238 286
239 236
239 241
239 293
239 332
239 424
239 470
240 86
240 88
240 157
240 165
240 170
240 225
240 249
240 261
241 146
241 236
241 239
241 243
241 332
241 394
242 227
242 248
242 252
242 253
242 351
242 444
243 30
243 99
243 241
243 244
243 245
243 332
244 243
244 245
244 251
244 298
244 332
244 448
245 243
245 244
245 251
245 286
245 471
245 487
246 146
246 150
246 379
246 387
246 397
246 482
247 86
247 157
247 165
247 170
247 225
247 249
247 261
247 432
248 227
248 242
248 252
248 253
248 269
248 372
249 165
249 170
249 225
249 240
249 247
249 261
250 1
250 8
250 10
250 58
250 393
250 457
251 244
251 245
251 332
251 342
251 409
251 457
252 242
252 248
252 253
252 464
252 489
252 490
253 188
253 242
253 248
253 252
253 264
253 351
253 412
254 17
254 53
254 294
254 319
254 474
254 487
255 198
255 278
255 318
255 320
255 324
255 325
256 257
256 258
256 260
256 427
256 440
256 445
257 10
257 256
257 258
257 260
257 351
257 451
258 42
258 219
258 256
258 257
258 260
258 499
259 231
259 237
259 268
259 405
259 481
260 42
260 185
260 256
260 257
260 258
261 225
261 240
261 247
261 249
261 272
261 285
261 382
261 388
262 29
262 129
262 130
262 138
262 139
262 335
263 42
263 97
263 265
263 291
263 336
263 424
264 253
264 269
264 351
264 377
264 426
264 439
265 42
265 139
265 263
265 271
265 312
266 188
266 406
266 437
266 445
266 452
266 460
266 465
266 466
266 467
266 472
266 479
267 39
267 313
267 316
267 318
267 320
267 399
268 228
268 237
268 259
268 280
268 323
269 248
269 264
269 273
269 351
269 377
269 399
270 290
270 442
270 444
270 462
270 468
270 479
271 42
271 171
271 265
271 312
271 315
271 396
272 81
272 128
272 225
272 261
272 285
272 303
272 327
272 401
272 443
273 127
273 269
273 274
273 377
273 399
273 402
273 499
274 273
274 275
274 276
274 329
274 377
274 399
274 477
275 171
275 274
275 276
275 277
275 391
275 399
275 424
276 110
276 171
276 274
276 275
276 277
276 305
276 399
277 171
277 275
277 276
277 279
277 281
277 469
278 27
278 255
278 324
278 325
278 326
278 328
278 359
279 203
279 277
279 281
279 283
279 284
279 361
280 268
280 304
280 338
280 359
280 474
281 171
281 203
281 277
281 279
281 283
281 361
281 425
282 114
282 143
282 212
282 314
282 322
282 454
282 469
283 279
283 281
283 284
283 287
283 361
283 436
283 494
284 279
284 283
284 287
284 361
284 391
284 424
284 499
285 261
285 272
285 303
285 327
285 376
285 443
285 500
286 221
286 238
286 245
286 353
286 388
286 391
286 423
287 283
287 284
287 289
287 361
287 386
287 408
287 432
288 70
288 363
288 364
288 374
288 379
288 420
288 446
288 463
288 476
288 478
289 166
289 287
289 293
289 306
289 361
289 415
289 426
290 35
290 220
290 270
290 300
290 320
290 369
290 479
291 263
291 293
291 295
291 296
291 306
291 463
291 487
292 197
292 202
292 207
292 211
292 385
292 387
292 499
293 239
293 289
293 291
293 295
293 296
293 306
293 425
294 54
294 169
294 254
294 296
294 346
294 421
294 493
295 291
295 293
295 296
295 306
295 307
295 386
295 408
296 169
296 291
296 293
296 294
296 295
296 307
296 439
297 122
297 125
297 126
297 128
297 329
297 336
297 460
298 18
298 201
298 244
298 331
298 448
298 456
298 466
298 470
298 473
298 475
298 478
298 482
298 484
298 494
298 497
299 36
299 38
299 50
299 51
299 52
299 377
299 421
300 35
300 211
300 290
300 301
300 369
300 484
301 158
301 175
301 178
301 220
301 300
301 369
301 417
302 112
302 319
302 346
302 358
302 378
302 493
303 212
303 272
303 285
303 327
303 339
303 371
303 443
304 280
304 338
304 339
304 349
304 472
305 110
305 221
305 232
305 276
305 368
305 375
305 423
306 213
306 289
306 291
306 293
306 295
306 361
306 495
307 62
307 295
307 296
307 308
307 309
307 486
307 495
308 62
308 196
308 222
308 307
308 309
308 310
308 311
309 62
309 216
309 307
309 308
309 310
309 311
309 346
310 62
310 308
310 309
310 311
310 470
310 479
310 492
311 62
311 201
311 221
311 308
311 309
311 310
311 316
312 265
312 271
312 315
312 334
312 380
313 62
313 227
313 267
313 316
313 370
313 476
313 499
314 99
314 212
314 218
314 282
314 322
314 469
314 494
315 271
315 312
315 322
315 334
315 337
316 267
316 311
316 313
316 318
316 320
316 325
316 485
317 100
317 333
317 340
317 342
317 348
317 362
317 387
318 255
318 267
318 316
318 320
318 344
318 473
318 500
319 53
319 54
319 79
319 178
319 254
319 302
319 358
320 255
320 267
320 290
320 316
320 318
320 324
320 479
321 96
321 102
321 134
321 218
321 405
321 409
321 425
321 451
321 455
322 6
322 102
322 147
322 282
322 314
322 315
322 469
323 185
323 201
323 228
323 268
323 378
323 399
323 456
323 475
323 482
323 484
323 492
323 494
323 495
323 500
324 208
324 255
324 278
324 320
324 325
324 359
325 255
325 278
325 316
325 324
325 326
325 359
325 485
326 126
326 278
326 325
326 328
326 330
326 359
326 415
327 214
327 272
327 285
327 303
327 339
327 371
327 443
328 100
328 278
328 326
328 330
328 357
328 359
328 362
328 376
329 115
329 116
329 121
329 123
329 274
329 297
329 450
330 149
330 203
330 326
330 328
330 331
330 337
330 362
331 149
331 298
331 330
331 344
331 359
331 362
331 372
332 135
332 239
332 241
332 243
332 244
332 251
332 415
333 149
333 317
333 340
333 344
333 355
333 362
333 434
334 312
334 315
334 337
334 347
334 461
335 126
335 128
335 129
335 130
335 161
335 262
335 351
335 363
336 263
336 297
336 355
336 370
336 376
336 391
336 395
336 418
337 203
337 315
337 330
337 334
337 347
337 354
338 280
338 304
338 349
338 458
338 498
339 303
339 304
339 327
339 350
339 371
339 431
339 443
339 472
340 101
340 157
340 317
340 333
340 342
340 343
340 357
340 453
341 226
341 381
341 400
341 405
341 412
341 416
341 458
341 466
342 251
342 317
342 340
342 343
342 344
342 457
342 476
342 491
343 340
343 342
343 348
343 354
343 357
343 390
344 149
344 318
344 331
344 333
344 342
344 362
344 443
344 500
345 7
345 17
345 86
345 195
345 413
345 416
345 432
345 439
346 53
346 54
346 142
346 191
346 216
346 294
346 302
346 309
347 334
347 337
347 348
347 354
347 360
348 64
348 317
348 343
348 347
348 357
348 390
348 392
348 453
349 45
349 304
349 338
349 366
349 447
350 339
350 370
350 371
350 380
350 411
350 431
350 460
350 486
351 242
351 253
351 257
351 264
351 269
351 335
351 438
351 490
352 124
352 127
352 131
352 136
352 463
353 57
353 199
353 221
353 286
353 355
353 388
353 391
353 395
354 337
354 343
354 347
354 360
354 367
355 333
355 336
355 353
355 376
355 391
355 395
355 418
355 422
356 61
356 73
356 100
356 151
356 370
356 382
356 393
356 403
357 65
357 328
357 340
357 343
357 348
357 390
357 409
357 495
358 54
358 142
358 163
358 302
358 319
358 376
358 432
358 478
359 278
359 280
359 324
359 325
359 326
359 328
359 331
359 445
360 201
360 347
360 354
360 367
360 373
361 279
361 281
361 283
361 284
361 287
361 289
361 306
361 492
362 149
362 317
362 328
362 330
362 331
362 333
362 344
362 435
363 288
363 335
363 390
363 398
363 430
363 459
363 478
363 488
364 56
364 70
364 172
364 288
364 374
364 420
364 463
364 476
365 118
365 151
365 186
365 196
365 203
365 404
365 440
365 477
365 483
365 486
365 490
365 491
366 349
366 406
366 436
366 467
366 487
367 50
367 180
367 354
367 360
367 373
367 383
368 98
368 215
368 221
368 305
368 388
368 423
368 471
368 485
369 35
369 290
369 300
369 301
369 371
369 400
369 455
369 497
370 313
370 336
370 350
370 356
370 380
370 382
370 393
370 403
371 303
371 327
371 339
371 350
371 369
371 431
371 443
371 482
372 200
372 206
372 209
372 223
372 227
372 248
372 331
372 435
373 8
373 157
373 360
373 367
373 383
373 392
374 70
374 288
374 364
374 379
374 408
374 411
374 420
374 463
374 492
375 3
375 169
375 215
375 232
375 305
375 470
375 482
375 484
375 498
376 53
376 285
376 328
376 336
376 355
376 358
376 409
376 418
376 461
377 25
377 223
377 264
377 269
377 273
377 274
377 299
377 399
377 447
378 124
378 130
378 191
378 302
378 323
378 389
378 399
378 429
378 484
379 70
379 246
379 288
379 374
379 397
379 408
379 411
379 420
379 463
380 25
380 237
380 312
380 350
380 370
380 382
380 393
380 403
380 431
381 84
381 168
381 341
381 396
381 400
381 404
381 412
381 416
381 458
382 188
382 261
382 356
382 370
382 380
382 388
382 393
382 403
382 431
383 43
383 367
383 373
383 392
383 401
384 133
384 135
384 136
384 152
384 179
385 7
385 86
385 132
385 292
385 421
385 438
385 439
385 471
385 499
386 25
386 48
386 57
386 206
386 287
386 295
386 402
386 434
386 468
387 100
387 160
387 161
387 166
387 168
387 178
387 246
387 292
387 317
388 45
388 261
388 286
388 353
388 368
388 382
388 391
388 426
388 458
389 40
389 123
389 191
389 217
389 378
389 419
389 429
389 456
389 468
390 231
390 343
390 348
390 357
390 363
390 398
391 185
391 275
391 284
391 286
391 336
391 353
391 355
391 388
391 395
392 348
392 373
392 383
392 401
392 407
393 66
393 250
393 356
393 370
393 380
393 382
393 403
393 404
393 488
394 202
394 230
394 233
394 234
394 235
394 241
394 424
395 15
395 131
395 336
395 353
395 355
395 391
395 418
395 471
395 485
396 13
396 132
396 204
396 271
396 381
396 397
396 421
396 425
396 485
397 38
397 132
397 204
397 218
397 246
397 379
397 396
397 421
397 451
398 203
398 363
398 390
398 430
398 459
398 488
399 27
399 46
399 267
399 269
399 273
399 274
399 275
399 276
399 323
399 377
399 378
400 17
400 23
400 341
400 369
400 381
400 405
400 409
400 455
400 458
401 272
401 383
401 392
401 407
401 410
402 25
402 220
402 273
402 386
402 415
402 432
402 434
402 438
402 494
403 37
403 356
403 370
403 380
403 382
403 393
403 404
403 482
403 497
404 365
404 381
404 393
404 403
404 412
404 416
404 440
404 458
404 490
405 133
405 259
405 321
405 341
405 400
405 409
405 425
405 455
405 481
406 97
406 266
406 366
406 436
406 437
407 392
407 401
407 410
407 414
407 451
408 34
408 287
408 295
408 374
408 379
408 411
408 417
408 420
408 427
408 472
409 65
409 251
409 321
409 357
409 376
409 400
409 405
409 425
409 451
409 455
410 206
410 401
410 407
410 414
410 433
411 350
411 374
411 379
411 408
411 417
411 419
411 420
411 427
411 486
411 500
412 179
412 188
412 253
412 341
412 381
412 404
412 416
412 426
412 458
412 495
413 17
413 86
413 118
413 232
413 345
413 415
413 438
413 439
413 473
413 491
414 407
414 410
414 433
414 441
414 442
415 25
415 172
415 289
415 326
415 332
415 402
415 413
415 432
415 434
415 439
416 82
416 162
416 195
416 341
416 345
416 381
416 404
416 412
416 458
416 497
417 137
417 182
417 301
417 408
417 411
417 419
417 420
417 422
417 427
417 440
418 24
418 179
418 212
418 336
418 355
418 376
418 395
418 421
418 431
418 447
419 40
419 389
419 411
419 417
419 422
419 427
419 428
419 440
419 446
419 456
420 70
420 288
420 364
420 374
420 379
420 408
420 411
420 417
420 476
420 492
421 7
421 45
421 132
421 204
421 294
421 299
421 385
421 396
421 397
421 418
422 210
422 355
422 417
422 419
422 427
422 428
422 434
422 440
422 446
422 464
423 86
423 127
423 146
423 215
423 234
423 236
423 286
423 305
423 368
423 439
424 135
424 185
424 234
424 236
424 239
424 263
424 275
424 284
424 394
424 500
425 218
425 281
425 293
425 321
425 396
425 405
425 409
425 451
425 455
425 470
425 492
426 100
426 264
426 289
426 388
426 412
426 428
426 446
426 449
426 453
426 464
426 480
427 85
427 256
427 408
427 411
427 417
427 419
427 422
427 428
427 440
427 474
427 485
428 8
428 142
428 157
428 419
428 422
428 426
428 427
428 440
428 446
428 453
428 464
429 4
429 60
429 87
429 119
429 191
429 196
429 214
429 217
429 378
429 389
429 476
430 231
430 363
430 398
430 438
430 459
430 488
430 498
431 174
431 339
431 350
431 371
431 380
431 382
431 418
431 452
431 460
431 465
431 480
432 25
432 86
432 106
432 247
432 287
432 345
432 358
432 402
432 415
432 434
432 465
433 410
433 414
433 435
433 441
433 480
434 25
434 147
434 205
434 333
434 386
434 402
434 415
434 422
434 432
434 468
434 485
435 362
435 372
435 433
435 441
435 444
435 462
436 97
436 283
436 366
436 406
436 494
437 132
437 188
437 266
437 406
437 445
437 466
437 467
437 471
437 472
437 479
437 485
438 7
438 17
438 52
438 86
438 132
438 351
438 385
438 402
438 413
438 430
438 479
439 17
439 131
439 196
439 236
439 264
439 296
439 345
439 385
439 413
439 415
439 423
440 256
440 365
440 404
440 417
440 419
440 422
440 427
440 428
440 446
440 464
440 490
441 156
441 414
441 433
441 435
441 442
442 270
442 414
442 441
442 444
442 462
443 133
443 192
443 225
443 272
443 285
443 303
443 327
443 339
443 344
443 371
443 452
444 242
444 270
444 435
444 442
444 462
445 188
445 256
445 266
445 359
445 437
445 465
445 466
445 467
445 472
445 474
445 479
446 30
446 145
446 288
446 419
446 422
446 426
446 428
446 440
446 464
446 476
446 478
447 12
447 14
447 152
447 154
447 167
447 174
447 176
447 349
447 377
447 418
447 448
447 467
448 18
448 24
448 105
448 120
448 154
448 167
448 174
448 176
448 235
448 244
448 298
448 447
449 70
449 83
449 87
449 96
449 100
449 112
449 227
449 426
449 453
449 460
449 464
449 478
450 151
450 329
450 454
450 461
450 471
450 474
450 475
450 478
450 480
450 481
450 485
450 497
451 21
451 95
451 106
451 204
451 217
451 218
451 257
451 321
451 397
451 407
451 409
451 425
452 56
452 206
452 266
452 431
452 443
452 463
452 465
452 466
452 467
452 476
452 479
452 480
453 96
453 100
453 101
453 112
453 340
453 348
453 426
453 428
453 449
453 455
453 460
453 464
454 52
454 183
454 282
454 450
454 456
454 461
454 471
454 472
454 474
454 478
454 480
454 481
454 485
455 3
455 83
455 169
455 321
455 369
455 400
455 405
455 409
455 425
455 453
455 458
455 482
455 497
456 40
456 185
456 201
456 298
456 323
456 389
456 419
456 454
456 470
456 473
456 475
456 482
456 484
456 494
457 10
457 18
457 19
457 250
457 251
457 342
458 115
458 189
458 225
458 338
458 341
458 381
458 388
458 400
458 404
458 412
458 416
458 455
458 498
459 154
459 363
459 398
459 430
459 488
459 498
460 20
460 96
460 100
460 112
460 118
460 132
460 175
460 266
460 297
460 350
460 431
460 449
460 453
460 464
461 79
461 165
461 187
461 188
461 334
461 376
461 450
461 454
461 471
461 472
461 474
461 480
461 481
461 485
462 270
462 435
462 442
462 444
462 476
463 56
463 70
463 108
463 134
463 160
463 167
463 288
463 291
463 352
463 364
463 374
463 379
463 452
463 476
464 151
464 200
464 252
464 422
464 426
464 428
464 440
464 446
464 449
464 453
464 460
464 475
464 489
465 56
465 197
465 266
465 431
465 432
465 445
465 452
465 466
465 467
465 476
465 479
465 486
465 495
465 500
466 24
466 90
466 188
466 197
466 226
466 266
466 298
466 341
466 437
466 445
466 452
466 465
466 467
466 479
467 35
467 56
467 121
467 164
467 266
467 366
467 437
467 445
467 447
467 452
467 465
467 466
467 479
467 487
468 25
468 48
468 57
468 73
468 74
468 171
468 189
468 233
468 270
468 386
468 389
468 434
468 479
468 483
469 103
469 212
469 277
469 282
469 314
469 322
469 499
470 201
470 239
470 298
470 310
470 375
470 425
470 456
470 473
470 475
470 478
470 482
470 484
470 492
470 494
470 497
471 111
471 188
471 245
471 368
471 385
471 395
471 437
471 450
471 454
471 461
471 472
471 474
471 480
471 481
471 485
472 121
472 145
472 170
472 188
472 266
472 304
472 339
472 408
472 437
472 445
472 454
472 461
472 471
472 474
472 485
473 118
473 298
473 318
473 413
473 456
473 470
473 475
473 478
473 480
473 482
473 484
473 490
473 491
473 494
473 497
474 85
474 141
474 254
474 280
474 427
474 445
474 450
474 454
474 461
474 471
474 472
474 478
474 480
474 481
474 485
475 151
475 175
475 201
475 298
475 323
475 450
475 456
475 464
475 470
475 473
475 482
475 484
475 489
475 494
475 497
476 56
476 70
476 119
476 196
476 222
476 288
476 313
476 342
476 364
476 420
476 429
476 446
476 452
476 462
476 463
476 465
477 134
477 151
477 196
477 203
477 232
477 274
477 365
477 483
477 486
477 487
477 489
477 490
477 492
477 495
477 499
477 500
478 288
478 298
478 358
478 363
478 446
478 449
478 450
478 454
478 470
478 473
478 474
478 480
478 481
478 484
478 494
478 497
479 56
479 194
479 266
479 270
479 290
479 310
479 320
479 437
479 438
479 445
479 452
479 465
479 466
479 467
479 468
479 483
480 133
480 192
480 426
480 431
480 433
480 450
480 452
480 454
480 461
480 471
480 473
480 474
480 478
480 481
480 485
480 497
481 4
481 9
481 36
481 114
481 122
481 259
481 405
481 450
481 454
481 461
481 471
481 474
481 478
481 480
481 485
481 497
482 185
482 201
482 246
482 298
482 323
482 371
482 375
482 403
482 455
482 456
482 470
482 473
482 475
482 484
482 494
482 497
483 103
483 151
483 155
483 196
483 203
483 365
483 468
483 477
483 479
483 486
483 487
483 489
483 491
484 104
484 201
484 211
484 218
484 298
484 300
484 323
484 375
484 378
484 456
484 470
484 473
484 475
484 478
484 482
484 494
484 497
485 188
485 316
485 325
485 368
485 395
485 396
485 427
485 434
485 437
485 450
485 454
485 461
485 471
485 472
485 474
485 480
485 481
486 151
486 196
486 203
486 307
486 350
486 365
486 411
486 465
486 477
486 483
486 487
486 489
486 490
486 491
486 499
486 500
487 97
487 151
487 196
487 203
487 245
487 254
487 291
487 366
487 467
487 477
487 483
487 486
487 489
487 490
487 492
487 495
487 499
487 500
488 1
488 363
488 393
488 398
488 430
488 459
488 498
489 6
489 52
489 151
489 185
489 196
489 203
489 252
489 464
489 475
489 477
489 483
489 486
489 487
489 490
489 492
489 495
489 499
489 500
490 151
490 185
490 196
490 213
490 252
490 351
490 365
490 404
490 440
490 473
490 477
490 486
490 487
490 489
490 492
490 495
490 499
490 500
491 39
491 151
491 203
491 342
491 365
491 413
491 473
491 483
491 486
492 28
492 88
492 151
492 185
492 189
492 196
492 310
492 323
492 361
492 374
492 420
492 425
492 470
492 477
492 487
492 489
492 490
492 495
492 499
492 500
493 53
493 54
493 148
493 191
493 294
493 302
494 129
494 190
494 201
494 218
494 235
494 283
494 298
494 314
494 323
494 402
494 436
494 456
494 470
494 473
494 475
494 478
494 482
494 484
494 497
495 74
495 101
495 116
495 151
495 185
495 196
495 203
495 306
495 307
495 323
495 357
495 412
495 465
495 477
495 487
495 489
495 490
495 492
495 499
495 500
496 3
496 6
496 102
496 137
496 208
497 37
497 93
497 103
497 113
497 172
497 298
497 369
497 403
497 416
497 450
497 455
497 470
497 473
497 475
497 478
497 480
497 481
497 482
497 484
497 494
498 232
498 338
498 375
498 430
498 458
498 459
498 488
499 8
499 151
499 185
499 196
499 258
499 273
499 284
499 292
499 313
499 385
499 469
499 477
499 486
499 487
499 489
499 490
499 492
499 495
499 500
500 30
500 151
500 185
500 196
500 201
500 209
500 285
500 318
500 323
500 344
500 411
500 424
500 465
500 477
500 486
500 487
500 489
500 490
500 492
500 495
500 499
