1 16
2 14
3 8
4 34
5 17
6 32
7 6
8 16
9 20
10 14
11 25
12 31
13 45
14 40
15 45
16 2
17 12
18 39
19 30
20 3
21 8
22 33
23 12
24 5
25 12
26 35
27 45
28 37
29 37
30 31
31 44
32 39
33 26
34 11
35 6
36 40
37 12
38 37
39 31
40 14
41 12
42 8
43 39
44 22
45 34
46 12
47 4
48 40
49 27
50 11
51 6
52 38
53 22
54 36
55 8
56 14
57 35
58 30
59 35
60 7
61 13
62 25
63 17
64 19
65 16
66 23
67 12
68 4
69 6
70 11
71 6
72 30
73 11
74 39
75 29
76 29
77 29
78 22
79 44
80 11
81 15
82 10
83 33
84 17
85 9
86 31
87 16
88 6
89 6
90 18
91 39
92 32
93 25
94 29
95 31
96 8
97 2
98 35
99 12
100 24
101 13
102 25
103 16
104 20
105 2
106 4
107 16
108 19
109 44
110 44
111 3
112 34
113 45
114 13
115 17
116 25
117 20
118 20
119 42
120 18
121 21
122 40
123 40
124 45
125 3
126 29
127 44
128 3
129 5
130 35
131 43
132 12
133 7
134 8
135 22
136 16
137 4
138 16
139 10
140 44
141 37
142 24
143 41
144 45
145 16
146 21
147 8
148 31
149 45
150 39
151 44
152 36
153 14
154 19
155 12
156 20
157 19
158 3
159 3
160 6
161 14
162 3
163 30
164 2
165 45
166 44
167 27
168 18
169 41
170 39
171 12
172 9
173 7
174 28
175 7
176 14
177 11
178 42
179 44
180 33
181 3
182 7
183 8
184 22
185 4
186 15
187 6
188 17
189 39
190 45
191 4
192 31
193 29
194 12
195 16
196 28
197 39
198 12
199 23
200 44
201 36
202 22
203 17
204 40
205 13
206 20
207 8
208 16
209 41
210 25
211 17
212 3
213 4
214 29
215 26
216 19
217 10
218 3
219 4
220 45
221 9
222 28
223 21
224 22
225 11
226 20
227 3
228 2
229 44
230 17
231 15
232 3
233 31
234 31
235 36
236 39
237 9
238 31
239 30
240 9
241 24
242 22
243 30
244 2
245 15
246 35
247 27
248 16
249 28
250 37
251 2
252 38
253 40
254 3
255 10
256 5
257 3
258 17
259 29
260 22
261 16
262 23
263 18
264 39
265 36
266 37
267 8
268 34
269 45
270 44
271 21
272 16
273 6
274 10
275 2
276 33
277 20
278 44
279 35
280 10
281 3
282 8
283 9
284 41
285 7
286 22
287 12
288 35
289 6
290 37
291 27
292 30
293 6
294 33
295 45
296 3
297 1
298 26
299 25
300 17
301 9
302 39
303 1
304 31
305 34
306 30
307 42
308 43
309 45
310 33
311 23
312 18
313 22
314 2
315 8
316 43
317 41
318 8
319 19
320 4
321 2
322 43
323 31
324 39
325 23
326 35
327 3
328 6
329 14
330 29
331 39
332 37
333 20
334 42
335 14
336 3
337 6
338 31
339 20
340 22
341 40
342 4
343 32
344 12
345 7
346 19
347 17
348 29
349 42
350 39
351 38
352 32
353 38
354 5
355 9
356 21
357 35
358 18
359 44
360 31
361 14
362 25
363 1
364 23
365 19
366 33
367 1
368 11
369 2
370 8
371 44
372 6
373 27
374 1
375 6
376 9
377 4
378 37
379 5
380 16
381 23
382 12
383 8
384 4
385 17
386 44
387 15
388 20
389 31
390 8
391 8
392 21
393 28
394 23
395 23
396 44
397 26
398 31
399 45
400 18
401 8
402 4
403 11
404 24
405 45
406 31
407 44
408 25
409 32
410 31
411 2
412 35
413 2
414 33
415 45
416 28
417 10
418 8
419 13
420 20
421 3
422 33
423 30
424 23
425 38
426 44
427 42
428 3
429 19
430 14
431 22
432 12
433 21
434 35
435 42
436 14
437 26
438 27
439 4
440 43
441 29
442 39
443 37
444 13
445 10
446 30
447 22
448 14
449 11
450 12
451 31
452 20
453 5
454 8
455 36
456 28
457 42
458 30
459 23
460 16
461 12
462 28
463 3
464 12
465 35
466 43
467 2
468 20
469 42
470 25
471 30
472 30
473 42
474 8
475 15
476 35
477 24
478 13
479 43
480 13
481 1
482 14
483 7
484 19
485 41
486 6
487 22
488 6
489 9
490 45
491 44
492 9
493 7
494 19
495 41
496 43
497 8
498 32
499 12
500 19
