1 32
2 43
3 23
4 23
5 29
6 41
7 31
8 18
9 19
10 34
11 21
12 12
13 42
14 33
15 12
16 28
17 34
18 35
19 31
20 39
21 15
22 20
23 40
24 29
25 10
26 24
27 24
28 10
29 10
30 45
31 2
32 40
33 10
34 25
35 46
36 39
37 22
38 29
39 29
40 24
41 7
42 41
43 6
44 22
45 2
46 5
47 14
48 43
49 34
50 35
51 1
52 45
53 20
54 29
55 14
56 34
57 43
58 34
59 27
60 5
61 39
62 9
63 18
64 14
65 6
66 27
67 10
68 22
69 12
70 4
71 12
72 43
73 35
74 1
75 34
76 29
77 9
78 18
79 44
80 39
81 41
82 38
83 39
84 34
85 31
86 22
87 27
88 13
89 4
90 27
91 23
92 8
93 29
94 22
95 34
96 18
97 11
98 31
99 33
100 11
101 43
102 25
103 11
104 15
105 43
106 19
107 10
108 13
109 5
110 17
111 4
112 35
113 36
114 41
115 26
116 9
117 11
118 12
119 6
120 8
121 18
122 45
123 23
124 15
125 39
126 16
127 40
128 27
129 6
130 10
131 41
132 18
133 45
134 35
135 25
136 43
137 16
138 38
139 43
140 1
141 11
142 36
143 45
144 30
145 20
146 11
147 21
148 29
149 41
150 45
151 13
152 16
153 45
154 12
155 37
156 1
157 4
158 9
159 11
160 21
161 45
162 22
163 44
164 14
165 11
166 37
167 3
168 18
169 12
170 4
171 44
172 29
173 35
174 38
175 24
176 3
177 27
178 22
179 40
180 25
181 35
182 44
183 23
184 1
185 23
186 18
187 35
188 5
189 37
190 35
191 40
192 23
193 38
194 22
195 39
196 36
197 30
198 7
199 29
200 41
201 39
202 43
203 29
204 26
205 39
206 30
207 39
208 43
209 35
210 25
211 41
212 33
213 7
214 17
215 14
216 29
217 24
218 35
219 24
220 37
221 24
222 22
223 7
224 18
225 10
226 39
227 18
228 44
229 14
230 45
231 24
232 45
233 32
234 38
235 22
236 3
237 12
238 18
239 23
240 18
241 31
242 46
243 18
244 18
245 6
246 31
247 24
248 8
249 33
250 42
251 10
252 8
253 36
254 23
255 41
256 17
257 22
258 14
259 29
260 10
261 39
262 26
263 17
264 24
265 4
266 23
267 10
268 34
269 14
270 20
271 18
272 34
273 35
274 25
275 7
276 44
277 31
278 46
279 4
280 45
281 2
282 29
283 34
284 37
285 29
286 19
287 38
288 13
289 23
290 27
291 20
292 12
293 40
294 32
295 39
296 23
297 18
298 14
299 15
300 46
301 41
302 13
303 9
304 11
305 21
306 37
307 26
308 24
309 44
310 5
311 45
312 22
313 6
314 17
315 41
316 42
317 9
318 36
319 38
320 2
321 21
322 34
323 41
324 10
325 28
326 16
327 36
328 5
329 10
330 3
331 19
332 13
333 17
334 36
335 35
336 10
337 24
338 28
339 41
340 2
341 32
342 32
343 27
344 37
345 3
346 22
347 45
348 12
349 25
350 9
351 31
352 6
353 22
354 33
355 27
356 29
357 34
358 13
359 1
360 41
361 19
362 38
363 40
364 18
365 42
366 28
367 30
368 19
369 40
370 44
371 10
372 18
373 24
374 39
375 42
376 36
377 22
378 24
379 19
380 31
381 17
382 22
383 3
384 7
385 22
386 23
387 12
388 35
389 36
390 35
391 11
392 23
393 38
394 15
395 29
396 23
397 11
398 21
399 22
400 22
401 34
402 43
403 26
404 34
405 23
406 35
407 8
408 43
409 44
410 24
411 4
412 40
413 34
414 8
415 35
416 36
417 18
418 18
419 22
420 8
421 38
422 42
423 16
424 23
425 8
426 22
427 46
428 6
429 35
430 12
431 33
432 43
433 18
434 27
435 29
436 39
437 17
438 4
439 1
440 46
441 11
442 14
443 34
444 10
445 11
446 31
447 6
448 9
449 13
450 38
451 41
452 8
453 31
454 11
455 28
456 10
457 12
458 2
459 45
460 7
461 5
462 21
463 10
464 24
465 31
466 6
467 12
468 46
469 4
470 12
471 12
472 39
473 23
474 18
475 11
476 4
477 41
478 12
479 17
480 27
481 1
482 1
483 43
484 10
485 10
486 23
487 20
488 6
489 11
490 41
491 30
492 14
493 8
494 13
495 25
496 11
497 18
498 10
499 45
500 24
