1 24
1 201
1 364
1 419
1 442
1 496
2 21
2 30
2 50
2 99
2 163
2 279
2 320
2 402
2 408
2 423
2 425
2 453
2 490
2 500
3 6
3 88
3 106
3 189
3 243
3 253
3 304
3 409
3 451
3 457
4 24
4 201
4 269
4 351
4 364
5 91
5 129
5 397
5 459
5 461
6 3
6 26
6 115
6 219
6 335
6 340
6 355
6 391
6 427
7 11
7 168
7 200
7 324
7 354
7 421
7 484
8 14
8 125
8 316
8 331
8 361
9 10
9 20
9 96
9 262
9 392
10 9
10 20
10 96
10 233
10 262
10 392
10 486
11 7
11 203
11 211
11 287
11 366
12 13
12 49
12 184
12 270
12 303
12 370
13 12
13 101
13 263
13 319
13 414
14 8
14 16
14 125
14 136
14 331
15 28
15 152
15 188
15 345
15 475
16 14
16 34
16 142
16 145
16 185
16 266
16 401
17 187
17 230
17 248
17 288
17 333
18 38
18 121
18 388
18 415
18 419
18 455
18 462
18 471
18 476
18 497
19 306
19 321
19 330
19 441
19 443
20 9
20 10
20 96
20 392
21 2
21 238
21 258
21 406
21 490
21 494
21 499
22 24
22 141
22 153
22 290
22 400
23 85
23 110
23 117
23 358
23 468
24 1
24 4
24 22
24 351
24 364
24 436
24 442
25 26
25 84
25 147
25 255
25 313
26 6
26 25
26 115
26 335
26 355
26 391
26 427
27 29
27 141
27 153
27 290
27 400
28 15
28 152
28 188
28 345
28 475
29 27
29 195
29 207
29 301
29 378
29 492
30 2
30 31
30 40
30 50
30 279
30 402
30 408
30 423
30 453
30 490
31 30
31 40
31 104
31 184
31 270
32 36
32 120
32 134
32 283
32 384
33 37
33 144
33 172
33 418
33 444
34 16
34 142
34 145
34 185
34 266
34 398
34 401
35 141
35 153
35 264
35 353
35 400
36 32
36 177
36 240
36 276
36 298
36 430
37 33
37 42
37 144
37 172
37 418
38 18
38 111
38 121
38 193
38 228
38 455
38 462
38 471
38 497
39 80
39 103
39 225
39 226
39 412
40 30
40 31
40 218
40 238
40 258
40 268
40 406
40 478
40 494
40 498
40 499
41 234
41 345
41 383
41 387
41 475
42 37
42 146
42 177
42 250
42 276
42 430
43 235
43 332
43 341
43 348
43 374
43 452
43 485
44 64
44 75
44 140
44 159
44 212
44 300
44 487
45 93
45 170
45 178
45 346
45 386
45 390
46 47
46 54
46 149
46 252
46 439
47 46
47 141
47 264
47 400
47 420
48 76
48 345
48 368
48 383
48 475
49 12
49 50
49 184
49 270
49 303
49 370
50 2
50 30
50 49
50 63
50 99
50 163
50 224
50 279
50 293
50 320
50 402
50 408
50 425
50 453
50 477
51 54
51 65
51 306
51 443
51 447
52 53
52 157
52 459
52 461
53 52
53 102
53 129
53 148
53 157
53 161
53 265
53 344
53 461
53 464
53 468
54 46
54 51
54 149
54 252
54 439
55 60
55 249
55 272
55 283
55 381
56 177
56 276
56 380
56 410
56 433
57 237
57 246
57 349
57 358
57 373
58 83
58 220
58 238
58 256
58 284
58 305
58 489
59 69
59 78
59 232
59 273
59 295
59 299
59 367
59 395
59 396
59 413
59 426
59 469
59 482
59 483
60 55
60 238
60 249
60 272
60 283
60 446
61 62
61 91
61 321
61 440
61 441
62 61
62 238
62 406
62 494
62 499
63 50
63 64
63 163
63 453
63 490
64 44
64 63
64 74
64 75
64 159
64 212
64 448
64 487
65 51
65 257
65 301
65 306
65 321
65 330
65 441
66 69
66 374
66 452
66 460
66 485
67 89
67 97
67 177
67 240
67 250
67 276
67 380
67 410
67 430
67 431
67 433
68 77
68 116
68 191
68 287
68 366
69 59
69 66
69 78
69 154
69 232
69 273
69 294
69 295
69 299
69 367
69 395
69 396
69 413
69 432
69 469
69 482
69 483
70 71
70 306
70 433
70 440
70 443
71 70
71 306
71 440
71 441
71 443
72 206
72 235
72 341
72 450
72 452
72 485
73 82
73 201
73 364
73 433
73 442
74 64
74 159
74 212
74 267
74 487
75 44
75 64
75 128
75 140
75 159
75 160
75 212
75 340
75 448
75 474
75 487
75 498
76 48
76 80
76 152
76 188
76 475
77 68
77 211
77 287
77 366
77 473
78 59
78 69
78 232
78 299
78 367
78 395
78 396
78 413
78 482
79 93
79 310
79 346
79 386
79 390
80 39
80 76
80 103
80 225
80 226
81 82
81 113
81 194
81 339
81 399
82 73
82 81
82 364
82 419
82 442
83 58
83 84
83 220
83 256
83 275
84 25
84 83
84 147
84 180
84 255
84 313
85 23
85 217
85 237
85 373
85 463
86 87
86 238
86 258
86 268
86 406
86 494
86 498
86 499
87 86
87 235
87 329
87 450
87 485
88 3
88 90
88 216
88 243
88 253
88 304
88 409
88 416
88 451
88 457
88 466
89 67
89 92
89 97
89 107
89 150
89 168
89 200
89 247
89 325
89 421
89 484
90 88
90 97
90 100
90 156
90 182
90 208
91 5
91 61
91 306
91 440
91 441
92 89
92 147
92 171
92 247
92 421
93 45
93 79
93 94
93 170
93 178
93 223
93 346
93 386
93 390
94 93
94 114
94 322
94 327
94 365
95 96
95 113
95 165
95 328
95 339
95 399
96 9
96 10
96 20
96 95
96 392
96 486
97 67
97 89
97 90
97 100
97 156
97 182
97 208
97 285
98 159
98 212
98 448
98 474
98 487
99 2
99 50
99 101
99 402
99 408
99 423
99 425
99 453
99 490
100 90
100 97
100 182
100 472
101 13
101 99
101 175
101 263
101 414
102 53
102 103
102 161
102 344
102 459
102 461
102 464
103 39
103 80
103 102
103 225
103 226
104 31
104 184
104 270
104 303
104 370
105 238
105 368
105 406
105 494
105 499
106 3
106 227
106 243
106 253
106 304
106 451
106 457
106 484
107 89
107 150
107 325
107 368
107 421
108 254
108 261
108 356
108 484
108 491
109 111
109 214
109 326
109 435
109 456
110 23
110 181
110 192
110 349
110 358
111 38
111 109
111 260
111 403
111 462
111 471
112 139
112 190
112 291
112 309
112 315
112 334
112 352
112 363
112 382
112 434
112 458
113 81
113 95
113 118
113 183
113 194
114 94
114 115
114 158
114 322
114 327
114 362
114 365
114 369
114 424
115 6
115 26
115 114
115 204
115 219
115 340
115 391
115 427
116 68
116 117
116 203
116 287
116 366
117 23
117 116
117 133
117 237
117 312
117 373
118 113
118 137
118 153
118 159
118 165
118 183
118 194
118 236
118 328
118 339
118 399
119 205
119 271
119 296
119 350
119 488
120 32
120 249
120 272
120 381
120 384
120 446
121 18
121 38
121 228
121 388
121 415
121 455
121 462
121 471
121 497
122 123
122 126
122 138
122 151
122 155
122 233
122 277
122 280
122 375
123 122
123 125
123 316
123 331
123 361
124 130
124 176
124 179
124 181
124 216
124 289
125 8
125 14
125 123
125 126
125 136
125 316
125 331
125 361
126 122
126 125
126 138
126 277
126 280
127 128
127 175
127 244
127 263
127 343
127 412
127 414
128 75
128 127
128 359
128 474
128 487
129 5
129 53
129 132
129 397
129 459
129 461
130 124
130 176
130 179
130 289
131 134
131 249
131 272
131 384
131 493
132 129
132 235
132 450
132 452
132 485
133 117
133 134
133 217
133 237
133 312
133 349
133 373
134 32
134 131
134 133
134 384
134 493
135 177
135 276
135 380
135 430
135 431
136 14
136 125
136 316
136 331
137 118
137 236
137 328
137 339
137 399
138 122
138 126
138 140
138 151
138 155
138 277
138 280
138 375
139 112
139 174
139 190
139 196
139 291
139 292
139 315
139 317
139 318
139 334
139 352
139 363
139 382
139 434
139 458
139 496
140 44
140 75
140 138
140 159
140 160
140 448
140 474
140 487
141 22
141 27
141 35
141 47
141 143
141 153
141 264
141 290
141 400
141 495
142 16
142 34
142 145
142 185
142 266
142 394
142 398
142 401
143 141
143 352
143 434
143 458
143 496
144 33
144 37
144 172
144 375
144 444
145 16
145 34
145 142
145 146
145 185
145 394
146 42
146 145
146 250
146 380
146 431
147 25
147 84
147 92
147 180
147 255
147 313
148 53
148 344
148 459
148 461
148 468
149 46
149 54
149 151
149 252
149 439
150 89
150 107
150 168
150 200
150 325
151 122
151 138
151 149
151 233
151 277
151 280
151 375
152 15
152 28
152 76
152 155
152 345
152 475
153 22
153 27
153 35
153 118
153 141
153 159
153 264
153 290
153 400
153 420
154 69
154 232
154 299
154 413
154 432
154 469
155 122
155 138
155 152
155 277
155 375
156 90
156 97
156 182
156 208
156 285
156 472
157 52
157 53
157 158
157 397
157 459
157 461
158 114
158 157
158 327
158 365
158 369
159 44
159 64
159 74
159 75
159 98
159 118
159 140
159 153
159 160
159 212
159 405
159 448
159 474
159 487
160 75
160 140
160 159
160 212
160 267
160 487
161 53
161 102
161 162
161 397
161 464
161 468
162 161
162 238
162 258
162 406
162 494
162 499
163 2
163 50
163 63
163 164
163 423
163 453
163 490
164 163
164 198
164 231
164 281
164 310
164 417
165 95
165 118
165 194
165 328
165 339
165 399
166 187
166 230
166 323
166 353
166 371
166 377
166 438
166 449
167 242
167 245
167 286
167 379
167 429
167 437
168 7
168 89
168 150
168 169
168 171
168 200
168 221
168 239
168 247
168 324
168 325
168 338
168 354
168 421
168 480
169 168
169 192
169 241
169 281
169 300
169 310
169 417
170 45
170 93
170 171
170 223
170 386
170 390
171 92
171 168
171 170
171 200
171 247
171 421
172 33
172 37
172 144
172 173
172 418
172 444
173 172
173 176
173 179
173 289
174 139
174 352
174 357
174 382
174 434
174 496
175 101
175 127
175 176
175 263
175 319
175 343
175 414
176 124
176 130
176 173
176 175
176 179
176 289
177 36
177 42
177 56
177 67
177 135
177 186
177 200
177 240
177 250
177 276
177 298
177 380
177 430
177 431
177 433
178 45
178 93
178 179
178 223
178 346
178 386
178 390
179 124
179 130
179 173
179 176
179 178
179 289
180 84
180 147
180 216
180 255
180 313
181 110
181 124
181 237
181 246
181 349
181 373
182 90
182 97
182 100
182 156
182 183
182 208
182 285
182 472
183 113
183 118
183 182
183 328
183 339
183 399
184 12
184 31
184 49
184 104
184 185
184 370
185 16
185 34
185 142
185 145
185 184
185 394
185 398
186 177
186 200
186 215
186 301
186 376
186 378
187 17
187 166
187 188
187 230
187 259
187 377
187 438
188 15
188 28
188 76
188 187
188 372
188 475
189 3
189 191
189 274
189 451
189 457
189 481
190 112
190 139
190 196
190 291
190 318
190 458
190 496
191 68
191 189
191 203
191 211
191 366
191 473
192 110
192 169
192 198
192 241
192 389
192 417
193 38
193 194
193 228
193 388
193 462
193 471
194 81
194 113
194 118
194 165
194 193
194 399
195 29
195 196
195 207
195 215
195 376
195 378
195 407
195 411
195 492
196 139
196 190
196 195
196 309
196 318
196 496
197 198
197 222
197 311
197 385
197 393
197 404
197 428
197 454
198 164
198 192
198 197
198 281
198 310
198 417
199 201
199 260
199 445
199 455
199 471
199 497
200 7
200 89
200 150
200 168
200 171
200 177
200 186
200 221
200 239
200 247
200 324
200 325
200 338
200 354
200 421
200 480
200 484
201 1
201 4
201 73
201 199
201 269
201 297
201 351
201 364
201 419
201 436
201 442
202 242
202 286
202 379
202 437
203 11
203 116
203 191
203 287
203 366
203 473
204 115
204 205
204 335
204 391
204 427
205 119
205 204
205 213
205 271
205 296
205 350
206 72
206 235
206 282
206 341
206 452
206 485
207 29
207 195
207 210
207 215
207 376
207 378
207 407
207 411
207 492
208 90
208 97
208 156
208 182
208 246
208 248
208 285
208 472
209 229
209 251
209 278
209 467
209 470
209 479
210 207
210 234
210 368
210 372
210 383
210 475
211 11
211 77
211 191
211 212
211 287
211 366
212 44
212 64
212 74
212 75
212 98
212 159
212 160
212 211
212 267
212 336
212 359
212 405
212 448
212 474
213 205
213 214
213 271
213 296
213 350
213 488
214 109
214 213
214 326
214 435
214 456
215 186
215 195
215 207
215 217
215 376
215 492
216 88
216 124
216 180
216 243
216 409
216 416
217 85
217 133
217 215
217 237
217 463
218 40
218 221
218 238
218 258
218 268
218 406
218 478
218 494
218 498
218 499
219 6
219 115
219 335
219 355
219 427
220 58
220 83
220 256
220 275
220 284
220 305
221 168
221 200
221 218
221 421
221 480
221 484
222 197
222 225
222 311
222 347
222 385
222 393
222 404
222 428
222 454
223 93
223 170
223 178
223 226
223 346
223 390
224 50
224 293
224 423
224 490
225 39
225 80
225 103
225 222
225 226
226 39
226 80
226 103
226 223
226 225
227 106
227 228
227 253
227 274
227 304
227 457
227 481
228 38
228 121
228 193
228 227
228 388
228 455
228 462
228 471
228 497
229 209
229 230
229 251
229 278
229 470
229 479
230 17
230 166
230 187
230 229
230 248
230 259
230 288
230 302
230 307
230 323
230 333
230 353
230 377
230 438
230 449
231 164
231 232
231 281
231 300
231 310
231 417
232 59
232 69
232 78
232 154
232 231
232 273
232 295
232 299
232 367
232 395
232 396
232 413
232 432
232 469
232 482
232 483
233 10
233 122
233 151
233 280
233 375
234 41
234 210
234 235
234 368
234 383
234 475
235 43
235 72
235 87
235 132
235 206
235 234
235 282
235 329
235 332
235 341
235 348
235 374
235 450
236 118
236 137
236 239
236 328
236 339
236 399
237 57
237 85
237 117
237 133
237 181
237 217
237 246
237 312
237 349
237 356
237 358
237 373
237 463
238 21
238 40
238 58
238 60
238 62
238 86
238 105
238 162
238 218
238 258
238 268
238 308
238 314
238 406
238 422
238 478
238 494
238 498
238 499
238 500
239 168
239 200
239 236
239 324
239 338
239 484
240 36
240 67
240 177
240 241
240 250
240 276
240 298
240 380
240 431
240 433
241 169
241 192
241 240
241 300
241 389
241 417
242 167
242 202
242 243
242 245
242 379
242 429
242 437
243 3
243 88
243 106
243 216
243 242
243 253
244 127
244 245
244 263
244 343
244 412
244 414
245 167
245 242
245 244
245 286
245 379
245 429
245 437
246 57
246 181
246 208
246 237
246 248
246 349
246 373
247 89
247 92
247 168
247 171
247 200
247 249
247 325
247 484
248 17
248 208
248 230
248 246
248 288
248 307
248 449
249 55
249 60
249 120
249 131
249 247
249 272
249 283
249 384
249 493
250 42
250 67
250 146
250 177
250 240
250 251
250 276
250 298
250 380
250 410
250 430
250 431
250 433
251 209
251 229
251 250
251 278
251 467
251 470
251 479
252 46
252 54
252 149
252 253
252 439
253 3
253 88
253 106
253 227
253 243
253 252
253 274
253 304
253 409
253 416
253 451
253 457
253 466
253 481
254 108
254 261
254 337
254 342
254 356
254 465
254 491
255 25
255 84
255 147
255 180
255 313
256 58
256 83
256 220
256 257
256 275
256 284
256 305
257 65
257 256
257 306
257 321
257 440
257 443
257 447
258 21
258 40
258 86
258 162
258 218
258 238
258 268
258 273
258 283
258 308
258 314
258 360
258 406
258 422
258 478
258 494
258 498
258 499
258 500
259 187
259 230
259 323
259 353
259 371
259 438
259 468
260 111
260 199
260 261
260 455
260 462
260 471
260 497
261 108
261 254
261 260
261 337
261 356
261 465
261 491
262 9
262 10
262 263
262 392
262 486
263 13
263 101
263 127
263 175
263 244
263 262
263 319
263 343
263 412
263 414
264 35
264 47
264 141
264 153
264 265
264 290
264 400
264 420
264 495
265 53
265 264
265 397
265 459
265 461
265 464
266 16
266 34
266 142
266 267
266 398
267 74
267 160
267 212
267 266
267 487
268 40
268 86
268 218
268 238
268 258
268 276
268 367
268 406
268 413
268 422
268 478
268 494
268 498
268 499
268 500
269 4
269 201
269 270
269 297
269 364
269 419
269 442
270 12
270 31
270 49
270 104
270 269
270 303
270 370
271 119
271 205
271 213
271 272
271 296
271 350
271 488
272 55
272 60
272 120
272 131
272 249
272 271
272 283
272 381
272 384
272 446
272 493
273 59
273 69
273 232
273 258
273 283
273 295
273 299
273 469
274 189
274 227
274 253
274 277
274 304
274 457
274 481
275 83
275 220
275 256
275 280
275 284
275 305
275 489
276 36
276 42
276 56
276 67
276 135
276 177
276 240
276 250
276 268
276 298
276 367
276 380
276 410
276 413
276 430
276 431
276 433
277 122
277 126
277 138
277 151
277 155
277 274
277 375
278 209
278 229
278 251
278 415
278 467
278 470
278 479
279 2
279 30
279 50
279 402
279 425
279 453
279 490
280 122
280 126
280 138
280 151
280 233
280 275
281 164
281 169
281 198
281 231
281 282
281 300
281 310
281 389
281 417
282 206
282 235
282 281
282 450
282 452
282 485
283 32
283 55
283 60
283 249
283 258
283 272
283 273
283 384
284 58
284 220
284 256
284 275
284 285
284 305
284 489
285 97
285 156
285 182
285 208
285 284
286 167
286 202
286 245
286 287
286 379
286 437
287 11
287 68
287 77
287 116
287 203
287 211
287 286
288 17
288 230
288 248
288 291
288 371
288 377
288 449
289 124
289 130
289 173
289 176
289 179
290 22
290 27
290 141
290 153
290 264
290 292
290 420
291 112
291 139
291 190
291 288
291 315
291 334
291 363
291 382
291 434
291 458
291 496
292 139
292 290
292 334
292 357
292 382
292 434
292 496
293 50
293 224
293 423
293 451
293 453
293 490
294 69
294 299
294 426
294 451
294 469
294 482
295 59
295 69
295 232
295 273
295 296
295 299
295 469
296 119
296 205
296 213
296 271
296 295
296 350
296 488
297 201
297 269
297 314
297 364
297 442
298 36
298 177
298 240
298 250
298 276
298 299
298 380
299 59
299 69
299 78
299 154
299 232
299 273
299 294
299 295
299 298
299 367
299 395
299 396
299 413
299 426
299 432
299 469
299 482
300 44
300 169
300 231
300 241
300 281
300 389
300 417
301 29
301 65
301 186
301 376
301 378
301 407
301 411
302 230
302 303
302 307
302 333
302 353
302 371
302 377
302 438
302 449
303 12
303 49
303 104
303 270
303 302
303 370
304 3
304 88
304 106
304 227
304 253
304 274
304 305
304 409
304 416
304 451
304 457
304 466
304 476
305 58
305 220
305 256
305 275
305 284
305 304
305 489
306 19
306 51
306 65
306 70
306 71
306 91
306 257
306 307
306 321
306 330
306 440
306 441
307 230
307 248
307 302
307 306
307 333
307 377
307 438
307 449
308 238
308 258
308 399
308 406
308 494
308 498
308 499
309 112
309 196
309 315
309 318
309 399
309 496
310 79
310 164
310 169
310 198
310 231
310 281
310 417
311 197
311 222
311 321
311 322
311 385
311 393
311 428
312 117
312 133
312 237
312 313
312 463
313 25
313 84
313 147
313 180
313 255
313 312
314 238
314 258
314 297
314 406
314 494
314 498
314 499
315 112
315 139
315 291
315 309
315 317
315 363
315 496
316 8
316 123
316 125
316 136
316 317
316 331
316 361
317 139
317 315
317 316
317 334
317 363
317 434
317 496
318 139
318 190
318 196
318 309
318 367
318 413
318 475
318 496
319 13
319 175
319 263
319 324
319 343
319 414
320 2
320 50
320 376
320 408
320 425
320 477
320 490
321 19
321 61
321 65
321 257
321 306
321 311
321 322
321 330
321 440
321 441
321 443
322 94
322 114
322 311
322 321
322 365
322 369
322 424
323 166
323 230
323 259
323 325
323 449
324 7
324 168
324 200
324 239
324 319
324 421
324 484
325 89
325 107
325 150
325 168
325 200
325 247
325 323
325 480
326 109
326 214
326 327
326 435
326 456
327 94
327 114
327 158
327 326
327 362
327 365
327 369
327 424
328 95
328 118
328 137
328 165
328 183
328 236
328 329
328 339
329 87
329 235
329 328
329 341
329 348
329 485
330 19
330 65
330 306
330 321
330 331
330 440
330 441
330 443
331 8
331 14
331 123
331 125
331 136
331 316
331 330
331 361
332 43
332 235
332 349
332 352
332 452
332 460
332 485
333 17
333 230
333 302
333 307
333 334
333 353
333 377
333 438
334 112
334 139
334 291
334 292
334 317
334 333
334 363
334 496
335 6
335 26
335 204
335 219
335 336
335 340
335 355
335 427
336 212
336 335
336 405
336 448
336 487
337 254
337 261
337 338
337 342
337 356
337 491
338 168
338 200
338 239
338 337
338 354
338 484
339 81
339 95
339 118
339 137
339 165
339 183
339 236
339 328
340 6
340 75
340 115
340 335
340 355
340 427
340 498
341 43
341 72
341 206
341 235
341 329
341 342
341 374
341 450
341 452
341 460
341 485
342 254
342 337
342 341
342 356
342 491
343 127
343 175
343 244
343 263
343 319
343 347
343 412
343 414
344 53
344 102
344 148
344 459
344 461
345 15
345 28
345 41
345 48
345 152
345 368
345 372
345 387
346 45
346 79
346 93
346 178
346 223
346 348
346 386
346 390
346 498
347 222
347 343
347 393
347 404
347 428
347 454
348 43
348 235
348 329
348 346
348 351
348 450
348 452
348 485
349 57
349 110
349 133
349 181
349 237
349 246
349 332
349 358
350 119
350 205
350 213
350 271
350 296
350 488
351 4
351 24
351 201
351 348
351 364
351 379
351 419
351 436
351 442
352 112
352 139
352 143
352 174
352 332
352 382
352 496
353 35
353 166
353 230
353 259
353 302
353 333
353 371
353 449
354 7
354 168
354 200
354 338
354 355
354 484
355 6
355 26
355 219
355 335
355 340
355 354
355 391
355 427
356 108
356 237
356 254
356 261
356 337
356 342
356 465
356 491
357 174
357 292
357 358
357 382
357 434
357 496
358 23
358 57
358 110
358 237
358 349
358 357
358 373
359 128
359 212
359 360
359 448
359 487
360 258
360 359
360 406
360 494
360 499
361 8
361 123
361 125
361 316
361 331
361 362
362 114
362 327
362 361
362 365
362 369
363 112
363 139
363 291
363 315
363 317
363 334
363 364
363 496
364 1
364 4
364 24
364 73
364 82
364 201
364 269
364 297
364 351
364 363
364 436
364 442
365 94
365 114
365 158
365 322
365 327
365 362
365 369
365 424
365 477
365 478
366 11
366 68
366 77
366 116
366 191
366 203
366 211
366 369
366 473
367 59
367 69
367 78
367 232
367 268
367 276
367 299
367 318
367 413
367 469
368 48
368 105
368 107
368 210
368 234
368 345
368 372
368 383
368 387
369 114
369 158
369 322
369 327
369 362
369 365
369 366
369 424
370 12
370 49
370 104
370 184
370 270
370 303
371 166
371 259
371 288
371 302
371 353
371 372
372 188
372 210
372 345
372 368
372 371
372 383
372 387
372 475
373 57
373 85
373 117
373 133
373 181
373 237
373 246
373 358
373 374
374 43
374 66
374 235
374 341
374 373
374 450
374 452
374 460
374 485
375 122
375 138
375 144
375 151
375 155
375 233
375 277
376 186
376 195
376 207
376 215
376 301
376 320
376 378
376 407
376 492
377 166
377 187
377 230
377 288
377 302
377 307
377 333
377 378
377 438
377 449
378 29
378 186
378 195
378 207
378 301
378 376
378 377
379 167
379 202
379 242
379 245
379 286
379 351
379 380
379 429
379 437
380 56
380 67
380 135
380 146
380 177
380 240
380 250
380 276
380 298
380 379
380 386
380 410
380 430
380 431
380 433
381 55
381 120
381 272
381 382
381 446
382 112
382 139
382 174
382 291
382 292
382 352
382 357
382 381
382 496
383 41
383 48
383 210
383 234
383 368
383 372
383 384
383 387
383 475
384 32
384 120
384 131
384 134
384 249
384 272
384 283
384 383
384 493
385 197
385 222
385 311
385 387
385 393
385 428
386 45
386 79
386 93
386 170
386 178
386 346
386 380
386 390
386 398
387 41
387 345
387 368
387 372
387 383
387 385
387 475
388 18
388 121
388 193
388 228
388 389
388 445
388 455
388 471
388 497
389 192
389 241
389 281
389 300
389 388
389 417
390 45
390 79
390 93
390 170
390 178
390 223
390 346
390 386
390 391
391 6
391 26
391 115
391 204
391 355
391 390
391 427
392 9
392 10
392 20
392 96
392 262
392 393
392 486
393 197
393 222
393 311
393 347
393 385
393 392
393 404
393 428
393 454
394 142
394 145
394 185
394 395
394 398
394 401
395 59
395 69
395 78
395 232
395 299
395 394
395 413
395 469
395 482
396 59
396 69
396 78
396 232
396 299
396 397
396 469
396 482
396 483
397 5
397 129
397 157
397 161
397 265
397 396
397 461
397 464
397 468
398 34
398 142
398 185
398 266
398 386
398 394
398 406
399 81
399 95
399 118
399 137
399 165
399 183
399 194
399 236
399 308
399 309
400 22
400 27
400 35
400 47
400 141
400 153
400 264
400 401
400 420
400 495
401 16
401 34
401 142
401 394
401 400
402 2
402 30
402 50
402 99
402 279
402 403
402 408
402 423
402 425
402 453
402 490
403 111
403 402
403 415
403 445
403 462
403 471
404 197
404 222
404 347
404 393
404 428
404 454
405 159
405 212
405 336
405 407
405 474
405 487
406 21
406 40
406 62
406 86
406 105
406 162
406 218
406 238
406 258
406 268
406 308
406 314
406 360
406 398
406 411
406 422
406 478
406 494
406 498
406 499
407 195
407 207
407 301
407 376
407 405
407 411
408 2
408 30
408 50
408 99
408 320
408 402
408 409
408 425
408 477
408 490
409 3
409 88
409 216
409 253
409 304
409 408
409 416
409 451
409 457
409 466
410 56
410 67
410 250
410 276
410 380
410 414
411 195
411 207
411 301
411 406
411 407
411 420
412 39
412 127
412 244
412 263
412 343
412 414
413 59
413 69
413 78
413 154
413 232
413 268
413 276
413 299
413 318
413 367
413 395
413 469
413 482
414 13
414 101
414 127
414 175
414 244
414 263
414 319
414 343
414 410
414 412
415 18
415 121
415 278
415 403
415 462
415 497
416 88
416 216
416 253
416 304
416 409
416 418
416 451
416 457
416 476
417 164
417 169
417 192
417 198
417 231
417 241
417 281
417 300
417 310
417 389
418 33
418 37
418 172
418 416
418 444
419 1
419 18
419 82
419 201
419 269
419 351
420 47
420 153
420 264
420 290
420 400
420 411
420 426
420 495
421 7
421 89
421 92
421 107
421 168
421 171
421 200
421 221
421 324
421 476
421 484
422 238
422 258
422 268
422 406
422 423
422 494
422 498
422 499
423 2
423 30
423 99
423 163
423 224
423 293
423 402
423 422
423 425
423 453
423 490
424 114
424 322
424 327
424 365
424 369
424 431
425 2
425 50
425 99
425 279
425 320
425 402
425 408
425 423
425 447
425 453
425 490
426 59
426 294
426 299
426 420
426 427
426 469
426 482
427 6
427 26
427 115
427 204
427 219
427 335
427 340
427 355
427 391
427 426
427 428
428 197
428 222
428 311
428 347
428 385
428 393
428 404
428 427
428 430
428 454
429 167
429 242
429 245
429 379
429 437
430 36
430 42
430 67
430 135
430 177
430 250
430 276
430 380
430 428
430 431
430 433
430 434
431 67
431 135
431 146
431 177
431 240
431 250
431 276
431 380
431 424
431 430
431 433
432 69
432 154
432 232
432 299
432 435
432 469
432 482
433 56
433 67
433 70
433 73
433 177
433 240
433 250
433 276
433 380
433 430
433 431
434 112
434 139
434 143
434 174
434 291
434 292
434 317
434 357
434 430
434 440
434 458
435 109
435 214
435 326
435 432
435 456
436 24
436 201
436 351
436 364
436 442
437 167
437 202
437 242
437 245
437 286
437 379
437 429
437 439
438 166
438 187
438 230
438 259
438 302
438 307
438 333
438 377
438 448
438 449
438 450
439 46
439 54
439 149
439 252
439 437
440 61
440 70
440 71
440 91
440 257
440 306
440 321
440 330
440 434
440 441
440 442
440 443
441 19
441 61
441 65
441 71
441 91
441 306
441 321
441 330
441 440
441 443
441 444
441 447
442 1
442 24
442 73
442 82
442 201
442 269
442 297
442 351
442 364
442 436
442 440
442 443
443 19
443 51
443 70
443 71
443 257
443 321
443 330
443 440
443 441
443 442
443 447
443 448
444 33
444 144
444 172
444 418
444 441
445 199
445 388
445 403
445 446
445 455
445 462
446 60
446 120
446 272
446 381
446 445
447 51
447 257
447 425
447 441
447 443
448 64
448 75
448 98
448 140
448 159
448 212
448 336
448 359
448 438
448 443
448 474
448 487
449 166
449 230
449 248
449 288
449 302
449 307
449 323
449 353
449 377
449 438
449 450
449 452
450 72
450 87
450 132
450 235
450 282
450 341
450 348
450 374
450 438
450 449
450 452
450 485
451 3
451 88
451 106
451 189
451 253
451 293
451 294
451 304
451 409
451 416
451 466
451 476
452 43
452 66
452 72
452 132
452 206
452 282
452 332
452 341
452 348
452 374
452 449
452 450
452 455
452 460
453 2
453 30
453 50
453 63
453 99
453 163
453 279
453 293
453 402
453 423
453 425
453 456
453 490
454 197
454 222
454 347
454 393
454 404
454 428
455 18
455 38
455 121
455 199
455 228
455 260
455 388
455 445
455 452
455 457
455 462
455 471
455 497
456 109
456 214
456 326
456 435
456 453
457 3
457 88
457 106
457 189
457 227
457 253
457 274
457 304
457 409
457 416
457 455
457 459
457 481
458 112
458 139
458 143
458 190
458 291
458 434
458 459
458 461
458 496
459 5
459 52
459 102
459 129
459 148
459 157
459 265
459 344
459 457
459 458
459 461
459 464
459 468
460 66
460 332
460 341
460 374
460 452
460 462
460 485
461 5
461 52
461 53
461 102
461 129
461 148
461 157
461 265
461 344
461 397
461 458
461 459
461 464
461 466
462 18
462 38
462 111
462 121
462 193
462 228
462 260
462 403
462 415
462 445
462 455
462 460
462 497
463 85
463 217
463 237
463 312
463 464
464 53
464 102
464 161
464 265
464 397
464 459
464 461
464 463
465 254
465 261
465 356
465 467
465 491
466 88
466 253
466 304
466 409
466 451
466 461
466 469
466 476
467 209
467 251
467 278
467 465
467 470
467 479
468 23
468 53
468 148
468 161
468 259
468 397
468 459
469 59
469 69
469 154
469 232
469 273
469 294
469 295
469 299
469 367
469 395
469 396
469 413
469 426
469 432
469 466
469 471
469 483
470 209
470 229
470 251
470 278
470 467
471 18
471 38
471 111
471 121
471 193
471 199
471 228
471 260
471 388
471 403
471 455
471 469
471 474
471 497
472 100
472 156
472 182
472 208
472 473
473 77
473 191
473 203
473 366
473 472
474 75
474 98
474 128
474 140
474 159
474 212
474 405
474 448
474 471
474 477
474 487
475 15
475 28
475 41
475 48
475 76
475 152
475 188
475 210
475 234
475 318
475 372
475 383
475 387
475 483
475 485
476 18
476 304
476 416
476 421
476 451
476 466
477 50
477 320
477 365
477 408
477 474
477 490
478 40
478 218
478 238
478 258
478 268
478 365
478 406
478 480
478 498
478 500
479 209
479 229
479 251
479 278
479 467
479 481
480 168
480 200
480 221
480 325
480 478
480 482
480 484
481 189
481 227
481 253
481 274
481 457
481 479
482 59
482 69
482 78
482 232
482 294
482 299
482 395
482 396
482 413
482 426
482 432
482 480
482 483
482 494
483 59
483 69
483 232
483 396
483 469
483 475
483 482
483 485
483 499
484 7
484 89
484 106
484 108
484 200
484 221
484 239
484 247
484 324
484 338
484 354
484 421
484 480
485 43
485 66
485 72
485 87
485 132
485 206
485 282
485 329
485 332
485 341
485 348
485 374
485 450
485 460
485 475
485 483
485 499
486 10
486 96
486 262
486 392
486 489
487 44
487 64
487 74
487 75
487 98
487 128
487 140
487 159
487 160
487 267
487 336
487 359
487 405
487 448
487 474
487 490
487 499
487 500
488 119
488 213
488 271
488 296
488 350
489 58
489 275
489 284
489 305
489 486
490 2
490 21
490 30
490 63
490 99
490 163
490 224
490 279
490 293
490 320
490 402
490 408
490 423
490 425
490 453
490 477
490 487
490 500
491 108
491 254
491 261
491 337
491 342
491 356
491 465
491 492
492 29
492 195
492 207
492 215
492 376
492 491
493 131
493 134
493 249
493 272
493 384
494 21
494 40
494 62
494 86
494 105
494 162
494 218
494 238
494 258
494 268
494 308
494 314
494 360
494 406
494 422
494 482
494 496
494 498
494 500
495 141
495 264
495 400
495 420
495 497
496 1
496 139
496 143
496 174
496 190
496 196
496 291
496 292
496 309
496 315
496 317
496 318
496 334
496 352
496 357
496 363
496 382
496 458
496 494
497 18
497 38
497 121
497 199
497 228
497 260
497 388
497 415
497 455
497 462
497 471
497 495
498 40
498 75
498 86
498 218
498 238
498 258
498 268
498 308
498 314
498 340
498 346
498 406
498 422
498 478
498 494
498 499
498 500
499 21
499 40
499 62
499 86
499 105
499 162
499 218
499 238
499 258
499 268
499 308
499 314
499 360
499 406
499 422
499 483
499 485
499 487
499 498
499 500
500 2
500 238
500 258
500 268
500 478
500 487
500 490
500 494
500 498
500 499
