1 29
1 352
1 370
1 383
1 459
2 124
2 202
2 327
2 457
2 493
3 140
3 298
3 327
3 411
3 434
4 259
4 307
4 328
4 393
4 404
5 74
5 104
5 213
5 417
5 456
6 51
6 176
6 409
6 434
6 438
7 100
7 126
7 150
7 222
7 498
8 277
8 364
8 413
8 436
8 482
9 248
9 303
9 364
9 370
9 436
10 259
10 303
10 401
10 473
10 492
11 345
11 388
11 407
11 486
11 497
12 71
12 221
12 409
12 458
12 470
13 63
13 141
13 230
13 305
13 436
14 195
14 261
14 372
14 392
14 490
15 268
15 350
15 374
15 381
15 475
16 369
16 398
16 423
16 476
16 489
17 141
17 255
17 330
17 426
17 476
18 263
18 318
18 323
18 324
18 488
19 109
19 298
19 391
19 446
19 492
20 208
20 244
20 317
20 423
20 455
21 26
21 35
21 40
21 106
21 190
22 227
22 336
22 415
22 468
22 500
23 159
23 443
23 448
23 474
23 494
24 223
24 363
24 370
24 473
24 479
25 355
25 396
25 425
25 429
25 488
26 21
26 363
26 382
26 420
26 500
27 28
27 41
27 153
27 304
27 397
28 27
28 153
28 216
28 414
28 481
29 1
29 186
29 232
29 416
29 459
30 92
30 416
30 423
30 457
30 482
31 298
31 300
31 480
31 494
31 498
32 133
32 315
32 394
32 426
32 449
33 132
33 176
33 317
33 408
33 455
34 43
34 154
34 187
34 281
34 332
35 21
35 78
35 265
35 399
35 498
36 172
36 271
36 455
36 484
36 486
37 88
37 289
37 344
37 429
37 470
38 170
38 441
38 484
38 492
38 497
39 257
39 364
39 421
39 437
39 462
40 21
40 106
40 164
40 232
40 278
41 27
41 233
41 315
41 367
41 478
42 60
42 264
42 391
42 452
42 486
43 34
43 190
43 197
43 431
43 498
44 250
44 399
44 421
44 437
44 491
45 56
45 162
45 405
45 443
45 461
46 74
46 151
46 417
46 419
46 482
47 286
47 328
47 333
47 422
47 490
48 100
48 222
48 411
48 425
48 498
49 131
49 360
49 427
49 442
49 496
50 199
50 271
50 385
50 403
50 486
51 6
51 67
51 256
51 340
51 406
52 266
52 282
52 359
52 409
52 432
53 137
53 140
53 312
53 316
53 422
54 231
54 295
54 301
54 372
54 392
55 147
55 224
55 258
55 260
55 432
56 45
56 72
56 185
56 396
56 424
57 70
57 366
57 414
57 429
57 459
58 219
58 312
58 328
58 329
58 492
59 306
59 364
59 367
59 397
59 398
60 42
60 314
60 372
60 389
60 487
61 128
61 305
61 326
61 487
61 489
62 268
62 374
62 381
62 415
62 482
63 13
63 360
63 418
63 449
63 483
64 337
64 352
64 446
64 460
64 471
65 231
65 321
65 471
65 472
65 485
66 145
66 291
66 357
66 447
66 465
67 51
67 176
67 270
67 390
67 393
68 89
68 298
68 324
68 380
68 494
69 364
69 464
69 490
69 493
69 494
70 57
70 124
70 346
70 475
70 480
71 12
71 261
71 422
71 456
71 482
72 56
72 113
72 157
72 428
72 479
73 205
73 256
73 285
73 371
73 421
74 5
74 46
74 175
74 417
74 493
75 159
75 254
75 325
75 387
75 477
76 136
76 210
76 308
76 477
76 483
77 236
77 247
77 286
77 294
77 452
78 35
78 96
78 215
78 230
78 278
79 81
79 189
79 481
79 498
79 499
80 258
80 269
80 406
80 448
80 452
81 79
81 198
81 376
81 418
81 461
82 104
82 191
82 369
82 451
82 487
83 98
83 182
83 455
83 467
83 471
84 353
84 383
84 416
84 472
84 485
85 361
85 458
85 470
85 495
85 497
86 314
86 349
86 350
86 362
86 406
87 299
87 393
87 435
87 454
87 470
88 37
88 253
88 266
88 292
88 453
89 68
89 162
89 178
89 232
89 459
90 134
90 268
90 360
90 374
90 381
91 251
91 266
91 478
91 493
91 495
92 30
92 453
92 471
92 475
92 485
93 163
93 165
93 267
93 450
93 472
94 125
94 212
94 259
94 274
94 436
95 117
95 173
95 271
95 324
95 424
96 78
96 228
96 390
96 473
96 494
97 350
97 362
97 374
97 382
97 412
98 83
98 112
98 179
98 372
98 487
99 114
99 170
99 325
99 451
99 488
100 7
100 48
100 414
100 432
100 480
101 251
101 415
101 420
101 452
101 457
102 103
102 356
102 441
102 443
102 489
103 102
103 367
103 398
103 413
103 444
104 5
104 82
104 135
104 466
104 494
105 163
105 233
105 401
105 405
105 460
106 21
106 40
106 278
106 446
106 476
107 132
107 298
107 342
107 344
107 413
108 159
108 369
108 454
108 456
108 481
109 19
109 164
109 273
109 418
109 454
110 181
110 240
110 287
110 408
110 453
111 216
111 276
111 279
111 390
111 397
112 98
112 317
112 369
112 465
112 483
113 72
113 161
113 420
113 428
113 448
114 99
114 371
114 384
114 465
114 468
115 175
115 289
115 417
115 448
115 494
116 262
116 346
116 384
116 438
116 480
117 95
117 119
117 239
117 335
117 424
118 224
118 356
118 409
118 440
118 470
119 117
119 201
119 279
119 365
119 475
120 153
120 155
120 286
120 359
120 379
121 316
121 385
121 468
121 479
121 488
122 196
122 263
122 323
122 324
122 407
123 270
123 285
123 410
123 464
123 490
124 2
124 70
124 385
124 475
124 486
125 94
125 259
125 274
125 460
125 499
126 7
126 169
126 243
126 337
126 454
127 351
127 355
127 361
127 365
127 425
128 61
128 339
128 418
128 471
128 497
129 335
129 341
129 394
129 426
129 476
130 184
130 313
130 416
130 439
130 490
131 49
131 381
131 419
131 467
131 496
132 33
132 107
132 287
132 304
132 455
133 32
133 226
133 252
133 292
133 382
134 90
134 216
134 404
134 473
134 474
135 104
135 351
135 355
135 425
135 443
136 76
136 299
136 303
136 370
136 474
137 53
137 356
137 391
137 401
137 492
138 222
138 373
138 387
138 474
138 498
139 248
139 275
139 288
139 436
139 492
140 3
140 53
140 203
140 422
140 487
141 13
141 17
141 412
141 434
141 496
142 316
142 412
142 438
142 451
142 471
143 375
143 445
143 490
143 491
143 495
144 155
144 178
144 241
144 408
144 464
145 66
145 469
145 474
145 490
145 495
146 265
146 330
146 338
146 405
146 497
147 55
147 193
147 220
147 399
147 432
148 343
148 421
148 437
148 495
148 499
149 273
149 375
149 431
149 469
149 491
149 498
150 7
150 181
150 361
150 438
150 473
150 492
151 46
151 275
151 294
151 307
151 458
151 470
152 343
152 348
152 429
152 433
152 437
152 476
153 27
153 28
153 120
153 194
153 397
153 497
154 34
154 277
154 296
154 381
154 471
154 473
155 120
155 144
155 402
155 451
155 463
155 498
156 175
156 354
156 387
156 396
156 417
156 451
157 72
157 250
157 257
157 414
157 491
157 500
158 173
158 335
158 336
158 424
158 426
158 448
159 23
159 75
159 108
159 443
159 461
159 484
160 272
160 401
160 405
160 454
160 487
160 489
161 113
161 228
161 234
161 261
161 373
161 428
162 45
162 89
162 418
162 461
162 477
162 494
163 93
163 105
163 260
163 291
163 306
163 401
164 40
164 109
164 232
164 415
164 420
164 491
165 93
165 189
165 319
165 337
165 401
165 452
166 170
166 433
166 453
166 471
166 485
166 493
167 260
167 416
167 424
167 433
167 439
167 450
168 181
168 242
168 246
168 314
168 487
168 489
169 126
169 377
169 418
169 454
169 455
169 483
170 38
170 99
170 166
170 173
170 479
170 488
171 182
171 338
171 376
171 406
171 445
171 479
172 36
172 277
172 296
172 358
172 362
172 407
173 95
173 158
173 170
173 424
173 435
173 485
174 221
174 223
174 313
174 336
174 363
174 364
175 74
175 115
175 156
175 230
175 244
175 417
176 6
176 33
176 67
176 180
176 288
176 473
177 182
177 197
177 280
177 361
177 455
177 486
178 89
178 144
178 232
178 241
178 285
178 350
179 98
179 336
179 385
179 395
179 410
179 486
180 176
180 300
180 311
180 409
180 449
180 451
181 110
181 150
181 168
181 297
181 346
181 475
182 83
182 171
182 177
182 197
182 226
182 485
183 201
183 365
183 419
183 458
183 480
183 484
184 130
184 277
184 281
184 355
184 363
184 377
185 56
185 335
185 401
185 414
185 424
185 472
186 29
186 235
186 340
186 395
186 443
186 465
187 34
187 206
187 279
187 358
187 377
187 408
188 257
188 309
188 415
188 491
188 492
188 500
189 79
189 165
189 312
189 325
189 357
189 482
190 21
190 43
190 256
190 302
190 362
190 414
191 82
191 336
191 424
191 491
191 495
191 500
192 277
192 376
192 407
192 433
192 457
192 468
193 147
193 211
193 366
193 378
193 425
193 498
194 153
194 216
194 243
194 334
194 397
194 463
195 14
195 257
195 287
195 348
195 372
195 392
196 122
196 230
196 256
196 269
196 371
196 487
197 43
197 177
197 182
197 208
197 390
197 482
198 81
198 421
198 449
198 454
198 461
198 478
199 50
199 395
199 440
199 468
199 469
199 488
200 329
200 339
200 379
200 420
200 491
200 500
201 119
201 183
201 269
201 335
201 483
201 492
202 2
202 341
202 441
202 466
202 479
202 493
203 140
203 219
203 260
203 312
203 422
203 435
204 225
204 267
204 342
204 413
204 479
204 494
205 73
205 235
205 240
205 359
205 421
205 437
206 187
206 391
206 441
206 458
206 484
206 492
207 221
207 223
207 358
207 363
207 457
207 500
208 20
208 197
208 217
208 313
208 434
208 455
209 279
209 309
209 330
209 348
209 444
209 476
210 76
210 212
210 250
210 332
210 378
210 477
211 193
211 368
211 443
211 445
211 457
211 484
212 94
212 210
212 259
212 274
212 283
212 496
213 5
213 214
213 218
213 344
213 383
213 488
214 213
214 245
214 325
214 334
214 376
214 417
215 78
215 262
215 272
215 308
215 330
215 405
216 28
216 111
216 134
216 194
216 326
216 397
217 208
217 276
217 405
217 427
217 462
217 499
218 213
218 264
218 308
218 342
218 383
218 481
219 58
219 203
219 220
219 422
219 451
219 485
220 147
220 219
220 233
220 302
220 314
220 498
221 12
221 174
221 207
221 363
221 387
221 423
222 7
222 48
222 138
222 375
222 378
222 494
223 24
223 174
223 207
223 266
223 302
223 340
224 55
224 118
224 258
224 359
224 420
224 489
225 204
225 310
225 331
225 413
225 480
225 491
226 133
226 182
226 286
226 328
226 330
226 333
227 22
227 417
227 447
227 477
227 487
227 489
228 96
228 161
228 245
228 295
228 334
228 485
229 293
229 324
229 394
229 444
229 452
229 462
230 13
230 78
230 175
230 196
230 256
230 371
231 54
231 65
231 281
231 372
231 392
231 495
232 29
232 40
232 89
232 164
232 178
232 241
233 41
233 105
233 220
233 435
233 495
233 497
234 161
234 247
234 261
234 422
234 428
234 486
235 186
235 205
235 252
235 379
235 404
235 421
236 77
236 249
236 400
236 453
236 472
236 485
237 301
237 306
237 367
237 370
237 398
237 457
238 271
238 360
238 383
238 427
238 442
238 460
239 117
239 340
239 354
239 396
239 445
239 477
240 110
240 205
240 313
240 388
240 416
240 450
241 144
241 178
241 232
241 456
241 490
241 493
242 168
242 342
242 426
242 464
242 490
242 495
243 126
243 194
243 320
243 454
243 461
243 473
244 20
244 175
244 349
244 362
244 368
244 388
245 214
245 228
245 293
245 295
245 325
245 439
246 168
246 414
246 443
246 447
246 489
246 491
247 77
247 234
247 249
247 412
247 442
247 496
248 9
248 139
248 364
248 430
248 436
248 444
248 466
249 236
249 247
249 250
249 283
249 416
249 439
249 476
250 44
250 157
250 210
250 249
250 283
250 439
250 450
251 91
251 101
251 283
251 421
251 437
251 478
251 495
252 133
252 235
252 326
252 363
252 386
252 485
252 494
253 88
253 266
253 282
253 289
253 442
253 450
253 488
254 75
254 312
254 339
254 343
254 419
254 461
254 497
255 17
255 303
255 331
255 346
255 433
255 440
255 461
256 51
256 73
256 190
256 196
256 230
256 371
256 390
257 39
257 157
257 188
257 195
257 369
257 491
257 500
258 55
258 80
258 224
258 260
258 359
258 367
258 379
259 4
259 10
259 94
259 125
259 212
259 274
259 441
260 55
260 163
260 167
260 203
260 258
260 359
260 379
261 14
261 71
261 161
261 234
261 264
261 378
261 428
262 116
262 215
262 267
262 319
262 345
262 401
262 468
263 18
263 122
263 304
263 323
263 324
263 365
263 467
264 42
264 218
264 261
264 344
264 383
264 456
264 485
265 35
265 146
265 284
265 291
265 331
265 388
265 448
266 52
266 88
266 91
266 223
266 253
266 282
266 319
267 93
267 204
267 262
267 319
267 405
267 478
267 495
268 15
268 62
268 90
268 374
268 381
268 391
268 455
269 80
269 196
269 201
269 292
269 408
269 437
269 496
270 67
270 123
270 369
270 412
270 478
270 490
270 495
271 36
271 50
271 95
271 238
271 314
271 334
271 385
272 160
272 215
272 303
272 319
272 376
272 405
272 477
273 109
273 149
273 370
273 378
273 431
273 438
273 498
274 94
274 125
274 212
274 259
274 391
274 437
274 462
275 139
275 151
275 300
275 307
275 329
275 458
275 470
276 111
276 217
276 462
276 470
276 481
276 493
276 499
277 8
277 154
277 172
277 184
277 192
277 379
277 477
278 40
278 78
278 106
278 349
278 375
278 477
278 484
279 111
279 119
279 187
279 209
279 310
279 342
279 349
280 177
280 326
280 435
280 462
280 466
280 493
280 494
281 34
281 184
281 231
281 358
281 359
281 377
281 444
282 52
282 253
282 266
282 289
282 291
282 328
282 467
283 212
283 249
283 250
283 251
283 386
283 450
283 491
284 265
284 318
284 345
284 388
284 398
284 434
284 497
285 73
285 123
285 178
285 423
285 429
285 449
285 483
286 47
286 77
286 120
286 226
286 328
286 333
286 499
287 110
287 132
287 195
287 298
287 356
287 380
287 382
288 139
288 176
288 364
288 436
288 454
288 463
288 492
289 37
289 115
289 253
289 282
289 347
289 379
289 473
290 360
290 373
290 404
290 427
290 442
290 464
290 487
291 66
291 163
291 265
291 282
291 435
291 441
291 464
292 88
292 133
292 269
292 387
292 475
292 480
292 500
293 229
293 245
293 379
293 429
293 430
293 483
293 499
294 77
294 151
294 305
294 452
294 461
294 482
294 497
295 54
295 228
295 245
295 386
295 403
295 463
295 480
296 154
296 172
296 334
296 358
296 377
296 398
296 463
297 181
297 340
297 347
297 352
297 375
297 459
297 474
298 3
298 19
298 31
298 68
298 107
298 287
298 494
299 87
299 136
299 451
299 458
299 470
299 477
299 486
300 31
300 180
300 275
300 466
300 484
300 493
300 494
301 54
301 237
301 302
301 337
301 361
301 365
301 399
302 190
302 220
302 223
302 301
302 366
302 454
302 498
303 9
303 10
303 136
303 255
303 272
303 340
303 474
304 27
304 132
304 263
304 334
304 415
304 491
304 500
305 13
305 61
305 294
305 448
305 452
305 461
305 476
306 59
306 163
306 237
306 353
306 367
306 398
306 450
307 4
307 151
307 275
307 398
307 440
307 458
307 470
308 76
308 215
308 218
308 332
308 344
308 383
308 474
309 188
309 209
309 453
309 456
309 471
309 472
309 485
310 225
310 279
310 342
310 410
310 413
310 418
310 475
311 180
311 316
311 351
311 357
311 407
311 463
311 494
312 53
312 58
312 189
312 203
312 254
312 422
312 497
313 130
313 174
313 208
313 240
313 416
313 439
313 446
313 450
314 60
314 86
314 168
314 220
314 271
314 347
314 395
314 486
315 32
315 41
315 356
315 389
315 449
315 469
315 483
315 494
316 53
316 121
316 142
316 311
316 341
316 396
316 407
316 498
317 20
317 33
317 112
317 340
317 394
317 432
317 455
317 488
318 18
318 284
318 321
318 322
318 329
318 447
318 487
318 489
319 165
319 262
319 266
319 267
319 272
319 401
319 489
319 491
320 243
320 341
320 381
320 402
320 451
320 463
320 479
320 498
321 65
321 318
321 325
321 334
321 386
321 403
321 455
321 478
322 318
322 323
322 348
322 403
322 426
322 440
322 456
322 476
323 18
323 122
323 263
323 322
323 324
323 366
323 373
323 489
324 18
324 68
324 95
324 122
324 229
324 263
324 323
324 392
325 75
325 99
325 189
325 214
325 245
325 321
325 386
325 403
326 61
326 216
326 252
326 280
326 335
326 390
326 467
326 493
327 2
327 3
327 349
327 374
327 397
327 411
327 448
327 467
328 4
328 47
328 58
328 226
328 282
328 286
328 332
328 333
329 58
329 200
329 275
329 318
329 415
329 447
329 487
329 489
330 17
330 146
330 209
330 215
330 226
330 426
330 433
330 464
331 225
331 255
331 265
331 338
331 343
331 437
331 486
331 497
332 34
332 210
332 308
332 328
332 354
332 387
332 477
332 498
333 47
333 226
333 286
333 328
333 417
333 446
333 481
333 500
334 194
334 214
334 228
334 271
334 296
334 304
334 321
334 403
335 117
335 129
335 158
335 185
335 201
335 326
335 424
335 458
336 22
336 158
336 174
336 179
336 191
336 491
336 492
336 500
337 64
337 126
337 165
337 301
337 397
337 466
337 475
337 480
338 146
338 171
338 331
338 339
338 388
338 405
338 463
338 497
339 128
339 200
339 254
339 338
339 368
339 417
339 442
339 497
340 51
340 186
340 223
340 239
340 297
340 303
340 317
340 365
341 129
341 202
341 316
341 320
341 396
341 402
341 407
341 463
342 107
342 204
342 218
342 242
342 279
342 310
342 367
342 413
343 148
343 152
343 254
343 331
343 345
343 394
343 490
343 497
344 37
344 107
344 213
344 264
344 308
344 410
344 468
344 488
345 11
345 262
345 284
345 343
345 442
345 474
345 481
345 497
346 70
346 116
346 181
346 255
346 425
346 429
346 480
346 496
347 289
347 297
347 314
347 395
347 402
347 410
347 486
347 499
348 152
348 195
348 209
348 322
348 381
348 429
348 440
348 445
349 86
349 244
349 278
349 279
349 327
349 350
349 362
349 395
350 15
350 86
350 97
350 178
350 349
350 361
350 362
350 500
351 127
351 135
351 311
351 354
351 355
351 362
351 425
351 449
352 1
352 64
352 297
352 438
352 460
352 466
352 475
352 480
353 84
353 306
353 358
353 367
353 471
353 472
353 485
353 500
354 156
354 239
354 332
354 351
354 366
354 396
354 449
354 477
355 25
355 127
355 135
355 184
355 351
355 384
355 422
355 425
356 102
356 118
356 137
356 287
356 315
356 471
356 492
356 496
357 66
357 189
357 311
357 462
357 465
357 484
357 498
357 499
358 172
358 187
358 207
358 281
358 296
358 353
358 377
358 438
358 450
359 52
359 120
359 205
359 224
359 258
359 260
359 281
359 379
359 481
360 49
360 63
360 90
360 238
360 290
360 373
360 442
360 460
360 489
361 85
361 127
361 150
361 177
361 301
361 350
361 408
361 438
361 475
362 86
362 97
362 172
362 190
362 244
362 349
362 350
362 351
362 408
363 24
363 26
363 174
363 184
363 207
363 221
363 252
363 373
363 470
364 8
364 9
364 39
364 59
364 69
364 174
364 248
364 288
364 436
365 119
365 127
365 183
365 263
365 301
365 340
365 411
365 434
365 475
366 57
366 193
366 302
366 323
366 354
366 414
366 432
366 468
366 490
367 41
367 59
367 103
367 237
367 258
367 306
367 342
367 353
367 398
368 211
368 244
368 339
368 440
368 441
368 445
368 446
368 472
368 481
369 16
369 82
369 108
369 112
369 257
369 270
369 447
369 487
369 489
370 1
370 9
370 24
370 136
370 237
370 273
370 453
370 459
370 474
371 73
371 114
371 196
371 230
371 256
371 434
371 436
371 438
371 471
372 14
372 54
372 60
372 98
372 195
372 231
372 392
372 466
372 484
373 138
373 161
373 290
373 323
373 360
373 363
373 375
373 427
373 442
374 15
374 62
374 90
374 97
374 268
374 327
374 378
374 381
374 423
375 143
375 149
375 222
375 278
375 297
375 373
375 400
375 464
375 490
376 81
376 171
376 192
376 214
376 272
376 457
376 469
376 474
376 479
377 169
377 184
377 187
377 281
377 296
377 358
377 385
377 422
377 495
378 193
378 210
378 222
378 261
378 273
378 374
378 430
378 431
378 432
379 120
379 200
379 235
379 258
379 260
379 277
379 289
379 293
379 359
380 68
380 287
380 389
380 390
380 392
380 436
380 465
380 466
380 493
381 15
381 62
381 90
381 131
381 154
381 268
381 320
381 348
381 374
382 26
382 97
382 133
382 287
382 386
382 390
382 392
382 485
382 493
383 1
383 84
383 213
383 218
383 238
383 264
383 308
383 455
383 493
384 114
384 116
384 355
384 415
384 423
384 460
384 465
384 480
384 499
385 50
385 121
385 124
385 179
385 271
385 377
385 404
385 410
385 467
386 252
386 283
386 295
386 321
386 325
386 382
386 403
386 443
386 489
387 75
387 138
387 156
387 221
387 292
387 332
387 396
387 446
387 477
388 11
388 240
388 244
388 265
388 284
388 338
388 441
388 443
388 497
389 60
389 315
389 380
389 394
389 429
389 444
389 454
389 470
389 483
390 67
390 96
390 111
390 197
390 256
390 326
390 380
390 382
390 400
390 466
391 19
391 42
391 137
391 206
391 268
391 274
391 419
391 441
391 449
391 492
392 14
392 54
392 195
392 231
392 324
392 372
392 380
392 382
392 431
392 446
393 4
393 67
393 87
393 410
393 415
393 430
393 459
393 473
393 474
393 492
394 32
394 129
394 229
394 317
394 343
394 389
394 404
394 444
394 449
394 483
395 179
395 186
395 199
395 314
395 347
395 349
395 410
395 420
395 476
395 486
396 25
396 56
396 156
396 239
396 316
396 341
396 354
396 387
396 477
396 478
397 27
397 59
397 111
397 153
397 194
397 216
397 327
397 337
397 409
397 437
398 16
398 59
398 103
398 237
398 284
398 296
398 306
398 307
398 367
398 400
399 35
399 44
399 147
399 301
399 412
399 421
399 437
399 481
400 236
400 375
400 390
400 398
400 411
400 432
400 435
400 478
400 490
400 495
401 10
401 105
401 137
401 160
401 163
401 165
401 185
401 262
401 319
401 479
402 155
402 320
402 341
402 347
402 407
402 409
402 427
402 451
402 495
402 498
403 50
403 295
403 321
403 322
403 325
403 334
403 386
403 433
403 438
403 482
404 4
404 134
404 235
404 290
404 385
404 394
404 459
404 473
404 474
404 496
405 45
405 105
405 146
405 160
405 215
405 217
405 267
405 272
405 338
405 461
406 51
406 80
406 86
406 171
406 420
406 457
406 469
406 479
406 488
406 500
407 11
407 122
407 172
407 192
407 311
407 316
407 341
407 402
407 448
407 463
408 33
408 110
408 144
408 187
408 269
408 361
408 362
408 438
408 480
408 488
409 6
409 12
409 52
409 118
409 180
409 397
409 402
409 447
409 451
409 463
410 123
410 179
410 310
410 344
410 347
410 385
410 393
410 395
410 468
410 486
411 3
411 48
411 327
411 365
411 400
411 452
411 453
411 466
411 467
411 496
412 97
412 141
412 142
412 247
412 270
412 399
412 413
412 434
412 467
412 496
413 8
413 103
413 107
413 204
413 225
413 310
413 342
413 412
413 450
413 478
414 28
414 57
414 100
414 157
414 185
414 190
414 246
414 366
414 431
414 432
414 494
415 22
415 62
415 101
415 164
415 188
415 304
415 329
415 384
415 393
415 431
415 500
416 29
416 30
416 84
416 130
416 167
416 240
416 249
416 313
416 428
416 439
416 450
417 5
417 46
417 74
417 115
417 156
417 175
417 214
417 227
417 333
417 339
417 472
418 63
418 81
418 109
418 128
418 162
418 169
418 310
418 454
418 461
418 465
418 490
419 46
419 131
419 183
419 254
419 391
419 420
419 441
419 445
419 468
419 484
419 492
420 26
420 101
420 113
420 164
420 200
420 224
420 395
420 406
420 419
420 427
420 491
421 39
421 44
421 73
421 148
421 198
421 205
421 235
421 251
421 399
421 437
421 500
422 47
422 53
422 71
422 140
422 203
422 219
422 234
422 312
422 355
422 377
422 467
423 16
423 20
423 30
423 221
423 285
423 374
423 384
423 430
423 456
423 481
423 482
424 56
424 95
424 117
424 158
424 167
424 173
424 185
424 191
424 335
424 425
424 475
425 25
425 48
425 127
425 135
425 193
425 346
425 351
425 355
425 424
425 428
425 499
426 17
426 32
426 129
426 158
426 242
426 322
426 330
426 440
426 445
426 451
426 476
427 49
427 217
427 238
427 290
427 373
427 402
427 420
427 428
427 442
427 452
427 469
428 72
428 113
428 161
428 234
428 261
428 416
428 425
428 427
428 465
428 478
428 493
429 25
429 37
429 57
429 152
429 285
429 293
429 346
429 348
429 389
429 444
429 483
430 248
430 293
430 378
430 393
430 423
430 460
430 464
430 465
430 481
430 484
430 499
431 43
431 149
431 273
431 378
431 392
431 414
431 415
431 439
431 460
431 498
431 500
432 52
432 55
432 100
432 147
432 317
432 366
432 378
432 400
432 414
432 453
432 461
433 152
433 166
433 167
433 192
433 255
433 330
433 403
433 440
433 442
433 476
433 484
434 3
434 6
434 141
434 208
434 284
434 365
434 371
434 412
434 448
434 453
434 467
434 496
435 87
435 173
435 203
435 233
435 280
435 291
435 400
435 464
435 473
435 478
435 482
435 495
436 8
436 9
436 13
436 94
436 139
436 248
436 288
436 364
436 371
436 380
436 493
436 499
437 39
437 44
437 148
437 152
437 205
437 251
437 269
437 274
437 331
437 397
437 399
437 421
438 6
438 116
438 142
438 150
438 273
438 352
438 358
438 361
438 371
438 403
438 408
438 480
439 130
439 167
439 245
439 249
439 250
439 313
439 416
439 431
439 450
439 452
439 459
439 495
440 118
440 199
440 255
440 307
440 322
440 348
440 368
440 426
440 433
440 459
440 476
440 486
441 38
441 102
441 202
441 206
441 259
441 291
441 368
441 388
441 391
441 419
441 446
441 480
442 49
442 238
442 247
442 253
442 290
442 339
442 345
442 360
442 373
442 427
442 433
442 497
443 23
443 45
443 102
443 135
443 159
443 186
443 211
443 246
443 386
443 388
443 446
443 492
444 103
444 209
444 229
444 248
444 281
444 389
444 394
444 429
444 448
444 449
444 476
444 483
445 143
445 171
445 211
445 239
445 348
445 368
445 419
445 426
445 446
445 484
445 492
445 498
446 19
446 64
446 106
446 313
446 333
446 368
446 387
446 392
446 441
446 443
446 445
446 484
447 66
447 227
447 246
447 318
447 329
447 369
447 409
447 458
447 476
447 484
447 485
447 487
448 23
448 80
448 113
448 115
448 158
448 265
448 305
448 327
448 407
448 434
448 444
448 467
448 496
449 32
449 63
449 180
449 198
449 285
449 315
449 351
449 354
449 391
449 394
449 444
449 483
449 487
450 93
450 167
450 240
450 250
450 253
450 283
450 306
450 313
450 358
450 413
450 416
450 439
450 469
451 82
451 99
451 142
451 155
451 156
451 180
451 219
451 299
451 320
451 402
451 409
451 426
451 463
452 42
452 77
452 80
452 101
452 165
452 229
452 294
452 305
452 411
452 427
452 439
452 458
452 496
453 88
453 92
453 110
453 166
453 236
453 309
453 370
453 411
453 432
453 434
453 471
453 472
453 485
454 87
454 108
454 109
454 126
454 160
454 169
454 198
454 243
454 288
454 302
454 389
454 418
454 461
455 20
455 33
455 36
455 83
455 132
455 169
455 177
455 208
455 268
455 317
455 321
455 383
455 472
456 5
456 71
456 108
456 241
456 264
456 309
456 322
456 423
456 460
456 465
456 482
456 489
456 499
457 2
457 30
457 101
457 192
457 207
457 211
457 237
457 376
457 406
457 468
457 469
457 479
457 488
458 12
458 85
458 151
458 183
458 206
458 275
458 299
458 307
458 335
458 447
458 452
458 470
458 479
459 1
459 29
459 57
459 89
459 297
459 370
459 393
459 404
459 439
459 440
459 462
459 472
459 473
460 64
460 105
460 125
460 238
460 352
460 360
460 384
460 430
460 431
460 456
460 462
460 481
460 482
460 499
461 45
461 81
461 159
461 162
461 198
461 243
461 254
461 255
461 294
461 305
461 405
461 418
461 432
461 454
462 39
462 217
462 229
462 274
462 276
462 280
462 357
462 459
462 460
462 468
462 482
462 493
462 496
462 499
463 155
463 194
463 288
463 295
463 296
463 311
463 320
463 338
463 341
463 407
463 409
463 451
463 465
463 500
464 69
464 123
464 144
464 242
464 290
464 291
464 330
464 375
464 430
464 435
464 466
464 478
464 480
464 490
465 66
465 112
465 114
465 186
465 357
465 380
465 384
465 418
465 428
465 430
465 456
465 463
465 481
465 482
466 104
466 202
466 248
466 280
466 300
466 337
466 352
466 372
466 380
466 390
466 411
466 464
466 478
466 493
467 83
467 131
467 263
467 282
467 326
467 327
467 385
467 411
467 412
467 422
467 434
467 448
467 495
467 496
468 22
468 114
468 121
468 192
468 199
468 262
468 344
468 366
468 410
468 419
468 457
468 462
468 469
468 479
468 488
469 145
469 149
469 199
469 315
469 376
469 406
469 427
469 450
469 457
469 468
469 479
469 488
469 491
469 497
469 500
470 12
470 37
470 85
470 87
470 118
470 151
470 275
470 276
470 299
470 307
470 363
470 389
470 458
470 483
470 499
471 64
471 65
471 83
471 92
471 128
471 142
471 154
471 166
471 309
471 353
471 356
471 371
471 453
471 472
471 485
472 65
472 84
472 93
472 185
472 236
472 309
472 353
472 368
472 417
472 453
472 455
472 459
472 471
472 482
472 483
473 10
473 24
473 96
473 134
473 150
473 154
473 176
473 243
473 289
473 393
473 404
473 435
473 459
473 474
473 486
474 23
474 134
474 136
474 138
474 145
474 297
474 303
474 308
474 345
474 370
474 376
474 393
474 404
474 473
474 496
475 15
475 70
475 92
475 119
475 124
475 181
475 292
475 310
475 337
475 352
475 361
475 365
475 424
475 494
475 499
476 16
476 17
476 106
476 129
476 152
476 209
476 249
476 305
476 322
476 395
476 426
476 433
476 440
476 444
476 447
477 75
477 76
477 162
477 210
477 227
477 239
477 272
477 277
477 278
477 299
477 332
477 354
477 387
477 396
477 487
478 41
478 91
478 198
478 251
478 267
478 270
478 321
478 396
478 400
478 413
478 428
478 435
478 464
478 466
478 483
479 24
479 72
479 121
479 170
479 171
479 202
479 204
479 320
479 376
479 401
479 406
479 457
479 458
479 468
479 469
479 488
480 31
480 70
480 100
480 116
480 183
480 225
480 292
480 295
480 337
480 346
480 352
480 384
480 408
480 438
480 441
480 464
481 28
481 79
481 108
481 218
481 276
481 333
481 345
481 359
481 368
481 399
481 423
481 430
481 460
481 465
481 497
481 499
482 8
482 30
482 46
482 62
482 71
482 189
482 197
482 294
482 403
482 423
482 435
482 456
482 460
482 462
482 465
482 472
483 63
483 76
483 112
483 169
483 201
483 285
483 293
483 315
483 389
483 394
483 429
483 444
483 449
483 470
483 472
483 478
483 488
484 36
484 38
484 159
484 183
484 206
484 211
484 278
484 300
484 357
484 372
484 419
484 430
484 433
484 445
484 446
484 447
484 492
485 65
485 84
485 92
485 166
485 173
485 182
485 219
485 228
485 236
485 252
485 264
485 309
485 353
485 382
485 447
485 453
485 471
486 11
486 36
486 42
486 50
486 124
486 177
486 179
486 234
486 299
486 314
486 331
486 347
486 395
486 410
486 440
486 473
486 490
486 496
487 60
487 61
487 82
487 98
487 140
487 160
487 168
487 196
487 227
487 290
487 318
487 329
487 369
487 447
487 449
487 477
487 489
487 496
488 18
488 25
488 99
488 121
488 170
488 199
488 213
488 253
488 317
488 344
488 406
488 408
488 457
488 468
488 469
488 479
488 483
488 491
489 16
489 61
489 102
489 160
489 168
489 224
489 227
489 246
489 318
489 319
489 323
489 329
489 360
489 369
489 386
489 456
489 487
489 499
490 14
490 47
490 69
490 123
490 130
490 143
490 145
490 241
490 242
490 270
490 343
490 366
490 375
490 400
490 418
490 464
490 486
490 495
491 44
491 143
491 149
491 157
491 164
491 188
491 191
491 200
491 225
491 246
491 257
491 283
491 304
491 319
491 336
491 420
491 469
491 488
491 500
492 10
492 19
492 38
492 58
492 137
492 139
492 150
492 188
492 201
492 206
492 288
492 336
492 356
492 391
492 393
492 419
492 443
492 445
492 484
493 2
493 69
493 74
493 91
493 166
493 202
493 241
493 276
493 280
493 300
493 326
493 380
493 382
493 383
493 428
493 436
493 462
493 466
493 494
494 23
494 31
494 68
494 69
494 96
494 104
494 115
494 162
494 204
494 222
494 252
494 280
494 298
494 300
494 311
494 315
494 414
494 475
494 493
495 85
495 91
495 143
495 145
495 148
495 191
495 231
495 233
495 242
495 251
495 267
495 270
495 377
495 400
495 402
495 435
495 439
495 467
495 490
496 49
496 131
496 141
496 212
496 247
496 269
496 346
496 356
496 404
496 411
496 412
496 434
496 448
496 452
496 462
496 467
496 474
496 486
496 487
497 11
497 38
497 85
497 128
497 146
497 153
497 233
497 254
497 284
497 294
497 312
497 331
497 338
497 339
497 343
497 345
497 388
497 442
497 469
497 481
498 7
498 31
498 35
498 43
498 48
498 79
498 138
498 149
498 155
498 193
498 220
498 273
498 302
498 316
498 320
498 332
498 357
498 402
498 431
498 445
499 79
499 125
499 148
499 217
499 276
499 286
499 293
499 347
499 357
499 384
499 425
499 430
499 436
499 456
499 460
499 462
499 470
499 475
499 481
499 489
500 22
500 26
500 157
500 188
500 191
500 200
500 207
500 257
500 292
500 304
500 333
500 336
500 350
500 353
500 406
500 415
500 421
500 431
500 463
500 469
500 491
