1 23
1 60
1 140
1 200
1 387
2 19
2 25
2 42
2 51
2 187
3 245
3 289
3 468
3 475
3 499
4 416
4 436
4 441
4 448
4 496
5 181
5 202
5 324
5 434
5 495
6 28
6 102
6 198
6 308
6 310
7 281
7 296
7 366
7 385
7 443
8 121
8 244
8 363
8 383
8 390
9 111
9 369
9 394
9 420
9 424
10 258
10 357
10 388
10 466
10 488
11 201
11 290
11 301
11 412
11 464
12 21
12 148
12 240
12 325
12 448
13 269
13 342
13 369
13 444
13 462
14 27
14 33
14 302
14 381
14 470
15 63
15 193
15 242
15 393
15 466
16 242
16 248
16 416
16 446
16 466
17 343
17 394
17 413
17 474
17 484
18 237
18 243
18 379
18 496
18 499
19 2
19 25
19 42
19 133
19 187
20 338
20 356
20 395
20 449
20 495
21 12
21 26
21 148
21 240
21 287
22 144
22 288
22 408
22 428
22 459
23 1
23 60
23 71
23 95
23 200
24 79
24 235
24 306
24 331
24 496
25 2
25 19
25 42
25 187
25 455
26 21
26 148
26 240
26 372
26 448
27 14
27 164
27 351
27 352
27 417
28 6
28 176
28 186
28 477
28 491
29 255
29 360
29 366
29 418
29 444
30 51
30 425
30 475
30 483
30 499
31 228
31 273
31 360
31 452
31 471
32 197
32 342
32 410
32 454
32 462
33 14
33 163
33 278
33 351
33 470
34 44
34 50
34 327
34 334
34 480
35 189
35 255
35 281
35 360
35 415
36 61
36 323
36 358
36 370
36 449
37 355
37 390
37 427
37 493
37 497
38 129
38 255
38 261
38 304
38 493
39 103
39 194
39 375
39 385
39 443
40 44
40 201
40 323
40 404
40 449
41 145
41 196
41 256
41 328
41 500
42 2
42 19
42 25
42 87
42 187
43 211
43 227
43 311
43 447
43 465
44 34
44 40
44 284
44 449
44 498
45 86
45 173
45 442
45 456
45 480
46 225
46 275
46 317
46 442
46 481
47 205
47 206
47 299
47 325
47 498
48 120
48 407
48 410
48 432
48 469
49 171
49 320
49 409
49 474
49 487
50 34
50 167
50 302
50 416
50 488
51 2
51 30
51 279
51 295
51 453
52 348
52 378
52 422
52 432
52 473
53 114
53 227
53 421
53 445
53 464
54 104
54 330
54 419
54 455
54 458
55 171
55 377
55 402
55 438
55 494
56 62
56 161
56 327
56 463
56 480
57 97
57 257
57 378
57 414
57 422
58 112
58 204
58 207
58 361
58 386
59 60
59 88
59 202
59 460
59 473
60 1
60 23
60 59
60 200
60 411
61 36
61 144
61 231
61 370
61 449
62 56
62 207
62 295
62 447
62 479
63 15
63 248
63 393
63 417
63 466
64 134
64 345
64 399
64 417
64 418
65 388
65 435
65 488
65 491
65 498
66 350
66 402
66 429
66 483
66 494
67 223
67 244
67 328
67 386
67 397
68 85
68 238
68 271
68 298
68 423
69 263
69 279
69 420
69 434
69 436
70 189
70 247
70 281
70 287
70 415
71 23
71 88
71 187
71 200
71 457
72 302
72 340
72 347
72 416
72 425
73 182
73 297
73 450
73 479
73 497
74 246
74 268
74 423
74 483
74 494
75 144
75 321
75 397
75 400
75 415
76 322
76 355
76 477
76 488
76 491
77 113
77 167
77 214
77 229
77 416
78 232
78 410
78 433
78 437
78 459
79 24
79 249
79 331
79 409
79 479
80 125
80 159
80 351
80 398
80 417
81 211
81 217
81 391
81 464
81 465
82 238
82 318
82 366
82 389
82 418
83 253
83 319
83 326
83 439
83 463
84 126
84 270
84 372
84 374
84 462
85 68
85 218
85 298
85 375
85 494
86 45
86 139
86 236
86 319
86 358
87 42
87 111
87 130
87 420
87 469
88 59
88 71
88 391
88 426
88 460
89 185
89 343
89 469
89 471
89 474
90 349
90 430
90 493
90 496
90 499
91 334
91 365
91 385
91 463
91 480
92 102
92 198
92 308
92 322
92 335
93 339
93 377
93 439
93 492
93 498
94 156
94 316
94 418
94 461
94 468
95 23
95 140
95 346
95 441
95 490
96 153
96 157
96 178
96 275
96 492
97 57
97 137
97 369
97 454
97 462
98 317
98 364
98 442
98 481
98 493
99 228
99 351
99 452
99 474
99 484
100 173
100 197
100 430
100 443
100 475
101 183
101 204
101 448
101 490
101 496
102 6
102 92
102 150
102 285
102 354
103 39
103 296
103 318
103 328
103 443
104 54
104 225
104 386
104 482
104 496
105 235
105 249
105 287
105 331
105 395
106 109
106 192
106 437
106 442
106 481
107 262
107 266
107 374
107 493
107 497
108 341
108 461
108 468
108 478
108 487
109 106
109 213
109 222
109 267
109 290
110 339
110 377
110 452
110 486
110 492
111 9
111 87
111 451
111 469
111 492
112 58
112 169
112 272
112 300
112 311
113 77
113 214
113 271
113 302
113 456
114 53
114 406
114 412
114 421
114 486
115 219
115 445
115 456
115 480
115 484
116 330
116 424
116 435
116 457
116 485
117 178
117 199
117 426
117 473
117 486
118 147
118 426
118 473
118 492
118 499
119 332
119 372
119 374
119 382
119 494
120 48
120 145
120 196
120 256
120 342
121 8
121 308
121 313
121 467
121 497
122 188
122 205
122 206
122 325
122 333
123 204
123 371
123 376
123 383
123 498
124 267
124 379
124 380
124 383
124 445
125 80
125 272
125 393
125 466
125 476
126 84
126 244
126 372
126 374
126 382
127 160
127 177
127 214
127 224
127 412
128 219
128 406
128 423
128 477
128 500
129 38
129 155
129 241
129 255
129 261
130 87
130 155
130 373
130 407
130 432
131 413
131 429
131 453
131 455
131 486
132 179
132 232
132 297
132 461
132 489
133 19
133 286
133 384
133 455
133 492
134 64
134 352
134 454
134 465
134 470
135 185
135 330
135 385
135 419
135 458
136 238
136 333
136 346
136 382
136 490
137 97
137 142
137 183
137 343
137 454
138 377
138 429
138 443
138 453
138 492
139 86
139 161
139 463
139 466
139 475
140 1
140 95
140 376
140 423
140 438
141 259
141 397
141 483
141 485
141 486
142 137
142 419
142 454
142 462
142 475
143 311
143 372
143 374
143 382
143 446
144 22
144 61
144 75
144 149
144 386
145 41
145 120
145 196
145 243
145 256
146 216
146 232
146 282
146 353
146 421
147 118
147 206
147 210
147 264
147 473
148 12
148 21
148 26
148 240
148 324
149 144
149 386
149 400
149 405
149 449
150 102
150 171
150 198
150 308
150 415
151 218
151 220
151 271
151 298
151 302
152 291
152 413
152 452
152 458
152 496
153 96
153 178
153 203
153 275
153 496
154 176
154 220
154 314
154 481
154 500
155 129
155 130
155 255
155 261
155 467
156 94
156 239
156 293
156 358
156 431
157 96
157 178
157 275
157 371
157 405
158 319
158 341
158 424
158 446
158 491
159 80
159 233
159 286
159 289
159 470
160 127
160 224
160 288
160 361
160 499
161 56
161 139
161 280
161 291
161 463
162 286
162 292
162 455
162 471
162 492
163 33
163 246
163 257
163 378
163 422
164 27
164 316
164 420
164 476
164 489
165 303
165 340
165 433
165 437
165 438
166 264
166 307
166 349
166 453
166 499
167 50
167 77
167 347
167 416
167 434
168 182
168 313
168 346
168 483
168 498
169 112
169 404
169 413
169 442
169 458
170 247
170 250
170 406
170 440
170 500
171 49
171 55
171 150
171 494
171 498
172 216
172 268
172 399
172 472
172 476
173 45
173 100
173 289
173 352
173 417
174 224
174 246
174 304
174 348
174 422
175 183
175 401
175 450
175 490
175 497
176 28
176 154
176 338
176 442
176 481
177 127
177 188
177 224
177 288
177 480
178 96
178 117
178 153
178 157
178 275
179 132
179 226
179 297
179 392
179 441
180 310
180 380
180 405
180 434
180 495
181 5
181 337
181 477
181 491
181 500
182 73
182 168
182 304
182 334
182 450
183 101
183 137
183 175
183 397
183 401
184 208
184 225
184 306
184 333
184 393
185 89
185 135
185 243
185 367
185 482
186 28
186 282
186 391
186 426
186 460
186 473
187 2
187 19
187 25
187 42
187 71
187 441
188 122
188 177
188 205
188 206
188 271
188 325
189 35
189 70
189 191
189 287
189 415
189 483
190 227
190 309
190 315
190 356
190 430
190 495
191 189
191 427
191 467
191 481
191 493
191 497
192 106
192 307
192 317
192 364
192 377
192 481
193 15
193 277
193 340
193 437
193 450
193 459
194 39
194 270
194 296
194 303
194 337
194 354
195 282
195 353
195 356
195 394
195 412
195 464
196 41
196 120
196 145
196 256
196 354
196 393
197 32
197 100
197 292
197 313
197 425
197 499
198 6
198 92
198 150
198 246
198 308
198 454
199 117
199 210
199 296
199 307
199 460
199 473
200 1
200 23
200 60
200 71
200 265
200 445
201 11
201 40
201 353
201 421
201 463
201 464
202 5
202 59
202 356
202 362
202 368
202 405
203 153
203 390
203 427
203 467
203 479
203 493
204 58
204 101
204 123
204 483
204 494
204 498
205 47
205 122
205 188
205 206
205 325
205 396
206 47
206 122
206 147
206 188
206 205
206 396
207 58
207 62
207 279
207 396
207 443
207 479
208 184
208 245
208 422
208 430
208 490
208 499
209 259
209 322
209 410
209 420
209 432
209 451
210 147
210 199
210 349
210 391
210 416
210 460
211 43
211 81
211 220
211 341
211 431
211 479
212 267
212 347
212 380
212 472
212 473
212 476
213 109
213 421
213 459
213 483
213 494
213 498
214 77
214 113
214 127
214 347
214 416
214 448
215 283
215 307
215 468
215 478
215 485
215 495
216 146
216 172
216 344
216 387
216 476
216 481
217 81
217 300
217 446
217 467
217 478
217 479
218 85
218 151
218 271
218 298
218 336
218 496
219 115
219 128
219 335
219 440
219 491
219 500
220 151
220 154
220 211
220 317
220 338
220 481
221 269
221 369
221 454
221 462
221 479
221 486
222 109
222 336
222 356
222 474
222 483
222 498
223 67
223 250
223 328
223 363
223 385
223 500
224 127
224 160
224 174
224 177
224 288
224 300
225 46
225 104
225 184
225 367
225 457
225 496
226 179
226 334
226 335
226 467
226 493
226 497
227 43
227 53
227 190
227 305
227 314
227 495
228 31
228 99
228 373
228 467
228 482
228 487
229 77
229 232
229 276
229 281
229 320
229 401
230 285
230 323
230 432
230 457
230 485
230 488
231 61
231 292
231 316
231 322
231 349
231 499
232 78
232 132
232 146
232 229
232 304
232 403
233 159
233 306
233 403
233 411
233 417
233 454
234 355
234 414
234 434
234 440
234 491
234 500
235 24
235 105
235 249
235 287
235 331
235 343
236 86
236 359
236 365
236 436
236 457
236 480
237 18
237 243
237 311
237 489
237 490
237 496
238 68
238 82
238 136
238 394
238 410
238 432
239 156
239 293
239 301
239 309
239 358
239 406
240 12
240 21
240 26
240 148
240 382
240 461
241 129
241 251
241 268
241 399
241 441
241 472
242 15
242 16
242 393
242 445
242 466
242 476
243 18
243 145
243 185
243 237
243 261
243 482
244 8
244 67
244 126
244 363
244 383
244 458
245 3
245 208
245 321
245 425
245 430
245 480
246 74
246 163
246 174
246 198
246 348
246 422
247 70
247 170
247 477
247 481
247 491
247 500
248 16
248 63
248 272
248 431
248 448
248 466
249 79
249 105
249 235
249 331
249 348
249 484
250 170
250 223
250 328
250 363
250 383
250 440
251 241
251 301
251 316
251 476
251 489
251 491
252 258
252 270
252 357
252 381
252 385
252 438
253 83
253 424
253 431
253 477
253 491
253 500
254 312
254 321
254 379
254 400
254 461
254 494
255 29
255 35
255 38
255 129
255 155
255 261
256 41
256 120
256 145
256 196
256 362
256 482
257 57
257 163
257 329
257 378
257 394
257 422
258 10
258 252
258 318
258 354
258 434
258 443
259 141
259 209
259 290
259 457
259 485
259 488
260 321
260 367
260 433
260 482
260 490
260 496
261 38
261 129
261 155
261 243
261 255
261 412
262 107
262 314
262 390
262 412
262 493
262 497
263 69
263 304
263 368
263 410
263 453
263 469
264 147
264 166
264 270
264 425
264 475
264 499
265 200
265 377
265 455
265 486
265 492
265 497
266 107
266 320
266 427
266 446
266 493
266 497
267 109
267 124
267 212
267 384
267 472
267 489
268 74
268 172
268 241
268 424
268 453
268 465
269 13
269 221
269 454
269 462
269 470
269 474
270 84
270 194
270 252
270 264
270 354
270 381
271 68
271 113
271 151
271 188
271 218
271 298
272 112
272 125
272 248
272 277
272 393
272 466
273 31
273 357
273 425
273 457
273 485
273 488
274 299
274 375
274 382
274 402
274 471
274 487
275 46
275 96
275 153
275 157
275 178
275 366
276 229
276 277
276 294
276 397
276 398
276 414
277 193
277 272
277 276
277 294
277 433
277 459
278 33
278 392
278 397
278 415
278 418
278 450
279 51
279 69
279 207
279 453
279 479
279 480
280 161
280 282
280 289
280 351
280 403
280 470
281 7
281 35
281 70
281 229
281 287
281 415
282 146
282 186
282 195
282 280
282 353
282 464
283 215
283 394
283 396
283 444
283 461
283 478
284 44
284 323
284 364
284 370
284 449
284 473
285 102
285 230
285 435
285 457
285 485
285 494
286 133
286 159
286 162
286 315
286 339
286 439
286 486
287 21
287 70
287 105
287 189
287 235
287 281
287 415
288 22
288 160
288 177
288 224
288 294
288 423
288 463
289 3
289 159
289 173
289 280
289 345
289 388
289 417
290 11
290 109
290 259
290 365
290 438
290 494
290 498
291 152
291 161
291 369
291 404
291 413
291 458
291 465
292 162
292 197
292 231
292 425
292 430
292 452
292 499
293 156
293 239
293 301
293 309
293 322
293 358
293 495
294 276
294 277
294 288
294 303
294 408
294 437
294 459
295 51
295 62
295 296
295 399
295 446
295 447
295 453
296 7
296 103
296 194
296 199
296 295
296 354
296 385
297 73
297 132
297 179
297 304
297 391
297 414
297 471
298 68
298 85
298 151
298 218
298 271
298 400
298 497
299 47
299 274
299 342
299 362
299 409
299 452
299 487
300 112
300 217
300 224
300 446
300 447
300 474
300 479
301 11
301 239
301 251
301 293
301 309
301 358
301 439
302 14
302 50
302 72
302 113
302 151
302 303
302 347
303 165
303 194
303 294
303 302
303 309
303 408
303 428
304 38
304 174
304 182
304 232
304 263
304 297
304 450
305 227
305 319
305 350
305 368
305 395
305 454
305 495
306 24
306 184
306 233
306 441
306 448
306 482
306 496
307 166
307 192
307 199
307 215
307 418
307 468
307 478
308 6
308 92
308 121
308 150
308 198
308 466
308 477
309 190
309 239
309 293
309 301
309 303
309 358
309 474
310 6
310 180
310 367
310 368
310 405
310 420
310 495
311 43
311 112
311 143
311 237
311 446
311 465
311 479
312 254
312 321
312 379
312 386
312 400
312 402
312 444
313 121
313 168
313 197
313 426
313 483
313 494
313 498
314 154
314 227
314 262
314 344
314 350
314 405
314 495
315 190
315 286
315 356
315 425
315 434
315 456
315 495
316 94
316 164
316 231
316 251
316 373
316 445
316 489
317 46
317 98
317 192
317 220
317 364
317 392
317 481
318 82
318 103
318 258
318 354
318 381
318 419
318 443
319 83
319 86
319 158
319 305
319 327
319 365
319 456
320 49
320 229
320 266
320 392
320 398
320 414
320 450
321 75
321 245
321 254
321 260
321 312
321 379
321 386
322 76
322 92
322 209
322 231
322 293
322 475
322 499
323 36
323 40
323 230
323 284
323 370
323 449
323 496
324 5
324 148
324 327
324 359
324 456
324 463
324 480
325 12
325 47
325 122
325 188
325 205
325 447
325 466
326 83
326 334
326 359
326 419
326 439
326 456
326 483
327 34
327 56
327 319
327 324
327 360
327 395
327 475
328 41
328 67
328 103
328 223
328 250
328 363
328 383
329 257
329 335
329 390
329 393
329 467
329 493
329 497
330 54
330 116
330 135
330 404
330 408
330 419
330 458
331 24
331 79
331 105
331 235
331 249
331 447
331 472
332 119
332 407
332 409
332 410
332 432
332 436
332 451
333 122
333 136
333 184
333 379
333 441
333 448
333 496
334 34
334 91
334 182
334 226
334 326
334 456
334 480
335 92
335 219
335 226
335 329
335 467
335 493
335 497
336 218
336 222
336 376
336 423
336 482
336 494
336 498
337 181
337 194
337 346
337 383
337 406
337 491
337 500
338 20
338 176
338 220
338 351
338 364
338 442
338 481
339 93
339 110
339 286
339 389
339 429
339 458
339 486
340 72
340 165
340 193
340 350
340 428
340 433
340 436
341 108
341 158
341 211
341 424
341 447
341 451
341 465
342 13
342 32
342 120
342 299
342 369
342 462
342 491
343 17
343 89
343 137
343 235
343 471
343 474
343 484
344 216
344 314
344 350
344 387
344 445
344 475
344 489
345 64
345 289
345 347
345 352
345 411
345 419
345 470
346 95
346 136
346 168
346 337
346 441
346 490
346 496
347 72
347 167
347 212
347 214
347 302
347 345
347 416
348 52
348 174
348 246
348 249
348 378
348 422
348 462
349 90
349 166
349 210
349 231
349 373
349 475
349 499
350 66
350 305
350 314
350 340
350 344
350 368
350 395
351 27
351 33
351 80
351 99
351 280
351 338
351 403
351 411
352 27
352 134
352 173
352 345
352 401
352 407
352 411
352 470
353 146
353 195
353 201
353 282
353 371
353 375
353 412
353 421
354 102
354 194
354 196
354 258
354 270
354 296
354 318
354 491
355 37
355 76
355 234
355 431
355 477
355 488
355 491
355 500
356 20
356 190
356 195
356 202
356 222
356 315
356 434
356 462
357 10
357 252
357 273
357 367
357 435
357 485
357 488
357 493
358 36
358 86
358 156
358 239
358 293
358 301
358 309
358 495
359 236
359 324
359 326
359 365
359 390
359 392
359 463
359 480
360 29
360 31
360 35
360 327
360 375
360 471
360 484
360 487
361 58
361 160
361 424
361 447
361 465
361 477
361 479
361 494
362 202
362 256
362 299
362 368
362 373
362 375
362 409
362 484
363 8
363 223
363 244
363 250
363 328
363 383
363 455
363 460
364 98
364 192
364 284
364 317
364 338
364 376
364 435
364 442
365 91
365 236
365 290
365 319
365 359
365 456
365 480
365 500
366 7
366 29
366 82
366 275
366 396
366 408
366 444
366 461
367 185
367 225
367 260
367 310
367 357
367 369
367 490
367 496
368 202
368 263
368 305
368 310
368 350
368 362
368 432
368 495
369 9
369 13
369 97
369 221
369 291
369 342
369 367
369 454
370 36
370 61
370 284
370 323
370 384
370 449
370 469
370 486
371 123
371 157
371 353
371 402
371 411
371 423
371 494
371 498
372 26
372 84
372 119
372 126
372 143
372 374
372 382
372 488
373 130
373 228
373 316
373 349
373 362
373 452
373 484
373 487
374 84
374 107
374 119
374 126
374 143
374 372
374 382
374 480
375 39
375 85
375 274
375 353
375 360
375 362
375 452
375 487
376 123
376 140
376 336
376 364
376 438
376 483
376 486
376 498
377 55
377 93
377 110
377 138
377 192
377 265
377 470
377 486
378 52
378 57
378 163
378 257
378 348
378 422
378 484
378 499
379 18
379 124
379 254
379 312
379 321
379 333
379 386
379 400
380 124
380 180
380 212
380 445
380 451
380 472
380 476
380 489
381 14
381 252
381 270
381 318
381 385
381 440
381 442
381 443
382 119
382 126
382 136
382 143
382 240
382 274
382 372
382 374
383 8
383 123
383 124
383 244
383 250
383 328
383 337
383 363
384 133
384 267
384 370
384 429
384 439
384 477
384 486
384 492
385 7
385 39
385 91
385 135
385 223
385 252
385 296
385 381
385 443
386 58
386 67
386 104
386 144
386 149
386 312
386 321
386 379
386 400
387 1
387 216
387 344
387 445
387 464
387 472
387 476
387 489
387 500
388 10
388 65
388 289
388 389
388 435
388 451
388 457
388 485
388 488
389 82
389 339
389 388
389 396
389 444
389 458
389 461
389 468
389 478
390 8
390 37
390 203
390 262
390 329
390 359
390 493
390 495
390 497
391 81
391 88
391 186
391 210
391 297
391 392
391 426
391 460
391 473
392 179
392 278
392 317
392 320
392 359
392 391
392 397
392 398
392 450
393 15
393 63
393 125
393 184
393 196
393 242
393 272
393 329
393 466
394 9
394 17
394 195
394 238
394 257
394 283
394 436
394 451
394 469
395 20
395 105
395 305
395 327
395 350
395 405
395 420
395 434
395 495
396 205
396 206
396 207
396 283
396 366
396 389
396 444
396 468
396 478
397 67
397 75
397 141
397 183
397 276
397 278
397 392
397 398
397 414
398 80
398 276
398 320
398 392
398 397
398 401
398 414
398 417
398 451
399 64
399 172
399 241
399 295
399 423
399 445
399 472
399 476
399 489
400 75
400 149
400 254
400 298
400 312
400 379
400 386
400 444
400 478
401 175
401 183
401 229
401 352
401 398
401 408
401 414
401 435
401 450
402 55
402 66
402 274
402 312
402 371
402 421
402 438
402 494
402 498
403 232
403 233
403 280
403 351
403 411
403 417
403 430
403 470
403 476
404 40
404 169
404 291
404 330
404 411
404 413
404 419
404 458
404 498
405 149
405 157
405 180
405 202
405 310
405 314
405 395
405 490
405 495
406 114
406 128
406 170
406 239
406 337
406 431
406 435
406 440
406 500
407 48
407 130
407 332
407 352
407 436
407 451
407 459
407 469
407 489
408 22
408 294
408 303
408 330
408 366
408 401
408 428
408 433
408 459
409 49
409 79
409 299
409 332
409 362
409 452
409 472
409 474
409 484
410 32
410 48
410 78
410 209
410 238
410 263
410 332
410 436
410 473
411 60
411 233
411 345
411 351
411 352
411 371
411 403
411 404
411 470
412 11
412 114
412 127
412 195
412 261
412 262
412 353
412 421
412 464
413 17
413 131
413 152
413 169
413 291
413 404
413 419
413 458
413 494
414 57
414 234
414 276
414 297
414 320
414 397
414 398
414 401
414 484
415 35
415 70
415 75
415 150
415 189
415 278
415 281
415 287
415 493
416 4
416 16
416 50
416 72
416 77
416 167
416 210
416 214
416 347
417 27
417 63
417 64
417 80
417 173
417 233
417 289
417 398
417 403
417 485
418 29
418 64
418 82
418 94
418 278
418 307
418 444
418 468
418 478
418 490
419 54
419 135
419 142
419 318
419 326
419 330
419 345
419 404
419 413
419 458
420 9
420 69
420 87
420 164
420 209
420 310
420 395
420 436
420 451
420 469
421 53
421 114
421 146
421 201
421 213
421 353
421 402
421 412
421 464
421 477
422 52
422 57
422 163
422 174
422 208
422 246
422 257
422 348
422 378
422 497
423 68
423 74
423 128
423 140
423 288
423 336
423 371
423 399
423 483
423 498
424 9
424 116
424 158
424 253
424 268
424 341
424 361
424 453
424 465
424 479
425 30
425 72
425 197
425 245
425 264
425 273
425 292
425 315
425 475
425 499
426 88
426 117
426 118
426 186
426 313
426 391
426 460
426 464
426 473
426 495
427 37
427 191
427 203
427 266
427 437
427 438
427 462
427 467
427 493
427 497
428 22
428 303
428 340
428 408
428 433
428 437
428 459
428 468
428 478
428 498
429 66
429 131
429 138
429 339
429 384
429 439
429 455
429 456
429 488
429 492
430 90
430 100
430 190
430 208
430 245
430 292
430 403
430 449
430 475
430 499
431 156
431 211
431 248
431 253
431 355
431 406
431 440
431 477
431 491
431 500
432 48
432 52
432 130
432 209
432 230
432 238
432 332
432 368
432 451
432 482
433 78
433 165
433 260
433 277
433 340
433 408
433 428
433 437
433 463
433 495
434 5
434 69
434 167
434 180
434 234
434 258
434 315
434 356
434 395
434 495
435 65
435 116
435 285
435 357
435 364
435 388
435 401
435 406
435 485
435 488
436 4
436 69
436 236
436 332
436 340
436 394
436 407
436 410
436 420
436 492
437 78
437 106
437 165
437 193
437 294
437 427
437 428
437 433
437 459
437 487
438 55
438 140
438 165
438 252
438 290
438 376
438 402
438 427
438 494
438 498
439 83
439 93
439 286
439 301
439 326
439 384
439 429
439 455
439 478
439 486
439 492
440 170
440 219
440 234
440 250
440 381
440 406
440 431
440 477
440 487
440 491
440 500
441 4
441 95
441 179
441 187
441 241
441 306
441 333
441 346
441 447
441 482
441 490
442 45
442 46
442 98
442 106
442 169
442 176
442 338
442 364
442 381
442 457
442 481
443 7
443 39
443 100
443 103
443 138
443 207
443 258
443 318
443 381
443 385
443 471
444 13
444 29
444 283
444 312
444 366
444 389
444 396
444 400
444 418
444 461
444 478
445 53
445 115
445 124
445 200
445 242
445 316
445 344
445 380
445 387
445 399
445 489
446 16
446 143
446 158
446 217
446 266
446 295
446 300
446 311
446 453
446 476
446 479
447 43
447 62
447 295
447 300
447 325
447 331
447 341
447 361
447 441
447 453
447 465
448 4
448 12
448 26
448 101
448 214
448 248
448 306
448 333
448 482
448 490
448 496
449 20
449 36
449 40
449 44
449 61
449 149
449 284
449 323
449 370
449 430
449 468
450 73
450 175
450 182
450 193
450 278
450 304
450 320
450 392
450 401
450 490
450 491
451 111
451 209
451 332
451 341
451 380
451 388
451 394
451 398
451 407
451 420
451 432
451 469
452 31
452 99
452 110
452 152
452 292
452 299
452 373
452 375
452 409
452 460
452 484
452 487
453 51
453 131
453 138
453 166
453 263
453 268
453 279
453 295
453 424
453 446
453 447
453 465
454 32
454 97
454 134
454 137
454 142
454 198
454 221
454 233
454 269
454 305
454 369
454 462
455 25
455 54
455 131
455 133
455 162
455 265
455 363
455 429
455 439
455 467
455 486
455 492
456 45
456 113
456 115
456 315
456 319
456 324
456 326
456 334
456 365
456 429
456 463
456 492
457 71
457 116
457 225
457 230
457 236
457 259
457 273
457 285
457 388
457 442
457 485
457 488
458 54
458 135
458 152
458 169
458 244
458 291
458 330
458 339
458 389
458 404
458 413
458 419
459 22
459 78
459 193
459 213
459 277
459 294
459 407
459 408
459 428
459 437
459 460
459 463
460 59
460 88
460 186
460 199
460 210
460 363
460 391
460 426
460 452
460 459
460 473
460 477
461 94
461 108
461 132
461 240
461 254
461 283
461 366
461 389
461 444
461 468
461 478
461 489
462 13
462 32
462 84
462 97
462 142
462 221
462 269
462 342
462 348
462 356
462 427
462 454
463 56
463 83
463 91
463 139
463 161
463 201
463 288
463 324
463 359
463 433
463 456
463 459
464 11
464 53
464 81
464 195
464 201
464 282
464 387
464 412
464 421
464 426
464 470
464 481
465 43
465 81
465 134
465 268
465 291
465 311
465 341
465 361
465 424
465 447
465 453
465 472
465 482
466 10
466 15
466 16
466 63
466 125
466 139
466 242
466 248
466 272
466 308
466 325
466 393
466 500
467 121
467 155
467 191
467 203
467 217
467 226
467 228
467 329
467 335
467 427
467 455
467 493
467 497
468 3
468 94
468 108
468 215
468 307
468 389
468 396
468 418
468 428
468 449
468 461
468 471
468 478
469 48
469 87
469 89
469 111
469 263
469 370
469 394
469 407
469 420
469 451
469 478
469 487
469 488
470 14
470 33
470 134
470 159
470 269
470 280
470 345
470 352
470 377
470 403
470 411
470 464
470 493
471 31
471 89
471 162
471 274
471 297
471 343
471 360
471 443
471 468
471 474
471 484
471 487
471 492
472 172
472 212
472 241
472 267
472 331
472 380
472 387
472 399
472 409
472 465
472 476
472 489
472 494
473 52
473 59
473 117
473 118
473 147
473 186
473 199
473 212
473 284
473 391
473 410
473 426
473 460
473 481
474 17
474 49
474 89
474 99
474 222
474 269
474 300
474 309
474 343
474 409
474 471
474 484
474 487
474 499
475 3
475 30
475 100
475 139
475 142
475 264
475 322
475 327
475 344
475 349
475 425
475 430
475 476
475 499
476 125
476 164
476 172
476 212
476 216
476 242
476 251
476 380
476 387
476 399
476 403
476 446
476 472
476 475
476 489
477 28
477 76
477 128
477 181
477 247
477 253
477 308
477 355
477 361
477 384
477 421
477 431
477 440
477 460
477 500
478 108
478 215
478 217
478 283
478 307
478 389
478 396
478 400
478 418
478 428
478 439
478 444
478 461
478 468
478 469
479 62
479 73
479 79
479 203
479 207
479 211
479 217
479 221
479 279
479 300
479 311
479 361
479 424
479 446
479 483
480 34
480 45
480 56
480 91
480 115
480 177
480 236
480 245
480 279
480 324
480 334
480 359
480 365
480 374
480 485
481 46
481 98
481 106
481 154
481 176
481 191
481 192
481 216
481 220
481 247
481 317
481 338
481 442
481 464
481 473
482 104
482 185
482 228
482 243
482 256
482 260
482 306
482 336
482 432
482 441
482 448
482 465
482 485
482 490
482 496
483 30
483 66
483 74
483 141
483 168
483 189
483 204
483 213
483 222
483 313
483 326
483 376
483 423
483 479
483 494
484 17
484 99
484 115
484 249
484 343
484 360
484 362
484 373
484 378
484 409
484 414
484 452
484 471
484 474
484 487
484 497
485 116
485 141
485 215
485 230
485 259
485 273
485 285
485 357
485 388
485 417
485 435
485 457
485 480
485 482
485 488
485 498
486 110
486 114
486 117
486 131
486 141
486 221
486 265
486 286
486 339
486 370
486 376
486 377
486 384
486 439
486 455
486 492
487 49
487 108
487 228
487 274
487 299
487 360
487 373
487 375
487 437
487 440
487 452
487 469
487 471
487 474
487 484
487 489
488 10
488 50
488 65
488 76
488 230
488 259
488 273
488 355
488 357
488 372
488 388
488 429
488 435
488 457
488 469
488 485
489 132
489 164
489 237
489 251
489 267
489 316
489 344
489 380
489 387
489 399
489 407
489 445
489 461
489 472
489 476
489 487
490 95
490 101
490 136
490 175
490 208
490 237
490 260
490 346
490 367
490 405
490 418
490 441
490 448
490 450
490 482
490 496
491 28
491 65
491 76
491 158
491 181
491 219
491 234
491 247
491 251
491 253
491 337
491 342
491 354
491 355
491 431
491 440
491 450
491 500
492 93
492 96
492 110
492 111
492 118
492 133
492 138
492 162
492 265
492 384
492 429
492 436
492 439
492 455
492 456
492 471
492 486
492 499
493 37
493 38
493 90
493 98
493 107
493 191
493 203
493 226
493 262
493 266
493 329
493 335
493 357
493 390
493 415
493 427
493 467
493 470
493 497
494 55
494 66
494 74
494 85
494 119
494 171
494 204
494 213
494 254
494 285
494 290
494 313
494 336
494 361
494 371
494 402
494 413
494 438
494 472
494 483
495 5
495 20
495 180
495 190
495 215
495 227
495 293
495 305
495 310
495 314
495 315
495 358
495 368
495 390
495 395
495 405
495 426
495 433
495 434
495 497
496 4
496 18
496 24
496 90
496 101
496 104
496 152
496 153
496 218
496 225
496 237
496 260
496 306
496 323
496 333
496 346
496 367
496 448
496 482
496 490
497 37
497 73
497 107
497 121
497 175
497 191
497 226
497 262
497 265
497 266
497 298
497 329
497 335
497 390
497 422
497 427
497 467
497 484
497 493
497 495
498 44
498 47
498 65
498 93
498 123
498 168
498 171
498 204
498 213
498 222
498 290
498 313
498 336
498 371
498 376
498 402
498 404
498 423
498 428
498 438
498 485
499 3
499 18
499 30
499 90
499 118
499 160
499 166
499 197
499 208
499 231
499 264
499 292
499 322
499 349
499 378
499 425
499 430
499 474
499 475
499 492
499 500
500 41
500 128
500 154
500 170
500 181
500 219
500 223
500 234
500 247
500 253
500 337
500 355
500 365
500 387
500 406
500 431
500 440
500 466
500 477
500 491
500 499
