1 33
1 124
1 318
1 403
1 453
2 65
2 135
2 332
2 440
2 498
3 230
3 412
3 428
3 471
3 498
4 52
4 304
4 385
4 406
4 418
5 194
5 301
5 366
5 380
5 497
6 105
6 240
6 303
6 340
6 492
7 31
7 234
7 376
7 399
7 423
8 156
8 193
8 429
8 436
8 482
9 58
9 195
9 199
9 222
9 279
10 208
10 313
10 363
10 389
10 406
11 34
11 179
11 285
11 381
11 455
12 259
12 343
12 350
12 381
12 434
13 114
13 145
13 175
13 235
13 432
14 17
14 186
14 430
14 474
14 492
15 84
15 275
15 384
15 436
15 438
16 98
16 143
16 273
16 421
16 469
17 14
17 124
17 140
17 325
17 354
18 182
18 210
18 411
18 469
18 488
19 41
19 291
19 303
19 441
19 457
20 47
20 195
20 355
20 370
20 389
21 57
21 392
21 420
21 455
21 482
22 263
22 272
22 295
22 371
22 478
23 200
23 293
23 424
23 439
23 445
24 162
24 202
24 221
24 276
24 421
25 236
25 238
25 316
25 342
25 470
26 103
26 285
26 358
26 418
26 496
27 35
27 80
27 139
27 232
27 490
28 65
28 67
28 221
28 282
28 421
29 72
29 327
29 372
29 373
29 441
30 120
30 241
30 284
30 328
30 449
31 7
31 234
31 399
31 433
31 470
32 44
32 202
32 204
32 451
32 493
33 1
33 119
33 259
33 453
33 487
34 11
34 178
34 194
34 427
34 439
35 27
35 340
35 391
35 401
35 462
36 108
36 240
36 258
36 402
36 494
37 100
37 126
37 229
37 454
37 470
38 48
38 308
38 358
38 460
38 480
39 133
39 184
39 250
39 413
39 498
40 184
40 396
40 405
40 416
40 486
41 19
41 251
41 273
41 438
41 441
42 64
42 160
42 305
42 332
42 482
43 250
43 399
43 430
43 461
43 492
44 32
44 50
44 110
44 395
44 465
45 112
45 115
45 209
45 260
45 499
46 387
46 467
46 487
46 493
46 497
47 20
47 66
47 240
47 407
47 474
48 38
48 226
48 338
48 359
48 491
49 172
49 194
49 427
49 451
49 499
50 44
50 87
50 164
50 340
50 455
51 115
51 211
51 326
51 419
51 499
52 4
52 102
52 217
52 279
52 371
53 123
53 277
53 342
53 363
53 485
54 158
54 272
54 360
54 437
54 493
55 210
55 267
55 296
55 397
55 450
56 376
56 386
56 448
56 463
56 472
57 21
57 214
57 285
57 310
57 482
58 9
58 141
58 319
58 348
58 365
59 143
59 178
59 222
59 396
59 398
60 288
60 331
60 448
60 464
60 474
61 213
61 291
61 432
61 485
61 497
62 68
62 105
62 161
62 220
62 276
63 168
63 394
63 406
63 439
63 449
64 42
64 70
64 252
64 367
64 492
65 2
65 28
65 160
65 220
65 232
66 47
66 71
66 414
66 417
66 475
67 28
67 337
67 391
67 417
67 487
68 62
68 154
68 424
68 465
68 492
69 134
69 161
69 184
69 228
69 276
70 64
70 113
70 190
70 192
70 297
71 66
71 401
71 425
71 456
71 488
72 29
72 203
72 235
72 273
72 495
73 86
73 97
73 302
73 402
73 432
74 78
74 337
74 338
74 478
74 494
75 106
75 205
75 413
75 444
75 490
76 78
76 133
76 345
76 416
76 484
77 170
77 220
77 223
77 352
77 484
78 74
78 76
78 89
78 144
78 383
79 178
79 306
79 312
79 411
79 464
80 27
80 89
80 369
80 379
80 454
81 159
81 283
81 348
81 424
81 465
82 118
82 261
82 373
82 376
82 460
83 141
83 179
83 216
83 367
83 402
84 15
84 418
84 429
84 436
84 456
85 302
85 402
85 443
85 450
85 458
86 73
86 163
86 287
86 368
86 464
87 50
87 297
87 303
87 340
87 489
88 175
88 248
88 292
88 436
88 476
89 78
89 80
89 383
89 418
89 469
90 155
90 277
90 342
90 442
90 459
91 129
91 176
91 326
91 401
91 411
92 111
92 328
92 333
92 383
92 397
93 114
93 141
93 208
93 468
93 499
94 125
94 395
94 428
94 441
94 451
95 174
95 290
95 325
95 348
95 365
96 361
96 442
96 447
96 489
96 494
97 73
97 116
97 159
97 428
97 432
98 16
98 221
98 421
98 480
98 496
99 119
99 215
99 269
99 386
99 413
100 37
100 225
100 229
100 257
100 316
101 160
101 281
101 384
101 434
101 480
102 52
102 325
102 388
102 400
102 477
103 26
103 418
103 455
103 482
103 496
104 140
104 221
104 284
104 325
104 414
105 6
105 62
105 164
105 303
105 368
106 75
106 203
106 382
106 450
106 457
107 404
107 416
107 441
107 457
107 485
108 36
108 109
108 302
108 380
108 467
109 108
109 194
109 427
109 439
109 495
110 44
110 428
110 451
110 497
110 500
111 92
111 116
111 380
111 422
111 461
112 45
112 284
112 315
112 389
112 431
113 70
113 190
113 192
113 254
113 278
114 13
114 93
114 238
114 264
114 399
115 45
115 51
115 207
115 315
115 435
116 97
116 111
116 163
116 170
116 260
117 364
117 381
117 473
117 483
117 488
118 82
118 158
118 232
118 290
118 398
119 33
119 99
119 247
119 433
119 480
120 30
120 424
120 438
120 491
120 495
121 184
121 351
121 387
121 412
121 476
122 142
122 198
122 316
122 411
122 450
123 53
123 195
123 277
123 342
123 494
124 1
124 17
124 140
124 157
124 325
125 94
125 201
125 217
125 279
125 281
126 37
126 164
126 229
126 257
126 281
127 308
127 400
127 412
127 439
127 476
128 229
128 353
128 404
128 477
128 485
129 91
129 216
129 228
129 354
129 373
130 199
130 462
130 468
130 496
130 499
131 135
131 166
131 298
131 494
131 498
132 263
132 272
132 364
132 371
132 487
133 39
133 76
133 187
133 200
133 288
134 69
134 213
134 288
134 291
134 486
135 2
135 131
135 220
135 340
135 369
136 155
136 210
136 373
136 460
136 474
137 234
137 269
137 303
137 414
137 415
138 223
138 387
138 447
138 476
138 493
139 27
139 324
139 331
139 379
139 488
140 17
140 104
140 124
140 377
140 500
141 58
141 83
141 93
141 392
141 468
142 122
142 268
142 327
142 401
142 457
143 16
143 59
143 222
143 456
143 495
144 78
144 219
144 312
144 381
144 383
145 13
145 170
145 329
145 432
145 471
146 263
146 395
146 397
146 419
146 428
147 362
147 411
147 455
147 482
147 483
148 201
148 208
148 217
148 279
148 304
149 213
149 383
149 389
149 446
149 475
150 209
150 212
150 329
150 433
150 464
151 312
151 381
151 403
151 439
151 473
152 253
152 408
152 479
152 484
152 486
153 170
153 272
153 352
153 390
153 394
154 68
154 182
154 246
154 280
154 465
155 90
155 136
155 169
155 270
155 456
156 8
156 180
156 289
156 339
156 458
157 124
157 277
157 346
157 424
157 465
158 54
158 118
158 306
158 314
158 368
158 461
159 81
159 97
159 347
159 445
159 478
159 483
160 42
160 65
160 101
160 332
160 396
160 455
161 62
161 69
161 199
161 239
161 277
161 450
162 24
162 289
162 346
162 401
162 429
162 436
163 86
163 116
163 368
163 388
163 407
163 432
164 50
164 105
164 126
164 303
164 340
164 434
165 251
165 260
165 264
165 348
165 431
165 457
166 131
166 335
166 337
166 427
166 478
166 488
167 282
167 351
167 384
167 437
167 480
167 487
168 63
168 398
168 411
168 439
168 449
168 468
169 155
169 360
169 460
169 472
169 478
169 487
170 77
170 116
170 145
170 153
170 264
170 368
171 227
171 283
171 299
171 321
171 336
171 498
172 49
172 255
172 311
172 439
172 476
172 499
173 347
173 358
173 407
173 415
173 445
173 446
174 95
174 181
174 467
174 490
174 491
174 495
175 13
175 88
175 248
175 285
175 292
175 320
176 91
176 208
176 254
176 275
176 356
176 363
177 249
177 333
177 417
177 438
177 471
177 493
178 34
178 59
178 79
178 312
178 383
178 471
179 11
179 83
179 297
179 326
179 418
179 491
180 156
180 254
180 316
180 369
180 391
180 443
181 174
181 210
181 267
181 363
181 397
181 474
182 18
182 154
182 286
182 333
182 347
182 475
183 313
183 319
183 463
183 495
183 496
183 497
184 39
184 40
184 69
184 121
184 191
184 239
185 227
185 271
185 309
185 430
185 440
185 492
186 14
186 285
186 423
186 442
186 484
186 486
187 133
187 200
187 250
187 470
187 473
187 475
188 198
188 248
188 349
188 385
188 468
188 499
189 190
189 430
189 469
189 474
189 485
189 493
190 70
190 113
190 189
190 252
190 276
190 441
191 184
191 195
191 202
191 258
191 470
191 486
192 70
192 113
192 252
192 260
192 353
192 421
193 8
193 213
193 325
193 346
193 424
193 465
194 5
194 34
194 49
194 109
194 217
194 481
195 9
195 20
195 123
195 191
195 239
195 286
196 355
196 364
196 388
196 423
196 442
196 477
197 306
197 336
197 344
197 380
197 392
197 445
198 122
198 188
198 236
198 309
198 344
198 452
199 9
199 130
199 161
199 271
199 436
199 484
200 23
200 133
200 187
200 245
200 250
200 447
201 125
201 148
201 217
201 222
201 279
201 384
202 24
202 32
202 191
202 271
202 276
202 323
203 72
203 106
203 305
203 450
203 465
203 467
204 32
204 257
204 395
204 428
204 451
204 460
205 75
205 294
205 331
205 405
205 468
205 499
206 364
206 398
206 408
206 432
206 463
206 496
207 115
207 264
207 269
207 402
207 431
207 452
208 10
208 93
208 148
208 176
208 226
208 453
209 45
209 150
209 314
209 471
209 493
209 494
210 18
210 55
210 136
210 181
210 301
210 333
211 51
211 282
211 320
211 343
211 367
211 499
212 150
212 409
212 433
212 439
212 445
212 477
213 61
213 134
213 149
213 193
213 288
213 291
214 57
214 231
214 297
214 355
214 479
214 485
215 99
215 311
215 313
215 390
215 405
215 496
216 83
216 129
216 341
216 367
216 480
216 483
217 52
217 125
217 148
217 194
217 201
217 448
218 305
218 422
218 467
218 495
218 497
218 498
219 144
219 296
219 364
219 463
219 468
219 477
220 62
220 65
220 77
220 135
220 332
220 460
221 24
221 28
221 98
221 104
221 391
221 421
222 9
222 59
222 143
222 201
222 228
222 474
223 77
223 138
223 362
223 408
223 431
223 447
224 376
224 420
224 471
224 489
224 498
224 499
225 100
225 256
225 269
225 360
225 433
225 445
226 48
226 208
226 297
226 406
226 457
226 482
227 171
227 185
227 330
227 454
227 469
227 491
228 69
228 129
228 222
228 354
228 427
228 472
229 37
229 100
229 126
229 128
229 257
229 499
230 3
230 278
230 375
230 489
230 493
230 494
231 214
231 252
231 265
231 310
231 435
231 485
232 27
232 65
232 118
232 375
232 443
232 490
233 253
233 270
233 315
233 418
233 431
233 486
234 7
234 31
234 137
234 238
234 369
234 399
235 13
235 72
235 283
235 321
235 336
235 433
236 25
236 198
236 460
236 464
236 466
236 498
237 249
237 326
237 414
237 434
237 452
237 500
238 25
238 114
238 234
238 299
238 399
238 405
239 161
239 184
239 195
239 457
239 464
239 488
240 6
240 36
240 47
240 302
240 402
240 444
241 30
241 298
241 361
241 366
241 472
241 481
242 312
242 332
242 345
242 416
242 430
242 486
243 296
243 366
243 387
243 457
243 459
243 466
244 259
244 266
244 279
244 343
244 381
244 498
245 200
245 246
245 316
245 324
245 443
245 454
246 154
246 245
246 274
246 467
246 491
246 495
247 119
247 269
247 293
247 356
247 472
247 492
248 88
248 175
248 188
248 292
248 320
248 373
249 177
249 237
249 302
249 402
249 493
249 494
250 39
250 43
250 187
250 200
250 385
250 470
251 41
251 165
251 275
251 351
251 476
251 492
252 64
252 190
252 192
252 231
252 428
252 463
253 152
253 233
253 262
253 378
253 410
253 480
254 113
254 176
254 180
254 356
254 453
254 466
255 172
255 393
255 410
255 427
255 435
255 449
256 225
256 258
256 334
256 469
256 474
256 492
257 100
257 126
257 204
257 229
257 359
257 393
258 36
258 191
258 256
258 271
258 393
258 438
259 12
259 33
259 244
259 343
259 379
259 381
260 45
260 116
260 165
260 192
260 270
260 431
261 82
261 277
261 294
261 469
261 474
261 492
262 253
262 281
262 295
262 317
262 382
262 422
263 22
263 132
263 146
263 272
263 371
263 407
264 114
264 165
264 170
264 207
264 268
264 270
264 456
265 231
265 287
265 339
265 356
265 404
265 435
265 485
266 244
266 313
266 322
266 459
266 479
266 481
266 500
267 55
267 181
267 268
267 296
267 333
267 397
267 444
268 142
268 264
268 267
268 353
268 355
268 404
268 500
269 99
269 137
269 207
269 225
269 247
269 270
269 445
270 155
270 233
270 260
270 264
270 269
270 360
270 431
271 185
271 199
271 202
271 258
271 305
271 416
271 485
272 22
272 54
272 132
272 153
272 263
272 371
272 388
273 16
273 41
273 72
273 305
273 347
273 385
273 489
274 246
274 379
274 407
274 414
274 415
274 444
274 475
275 15
275 176
275 251
275 350
275 400
275 422
275 476
276 24
276 62
276 69
276 190
276 202
276 447
276 466
277 53
277 90
277 123
277 157
277 161
277 261
277 342
278 113
278 230
278 393
278 463
278 477
278 482
278 496
279 9
279 52
279 125
279 148
279 201
279 244
279 388
280 154
280 340
280 374
280 438
280 467
280 491
280 495
281 101
281 125
281 126
281 262
281 295
281 382
281 394
282 28
282 167
282 211
282 378
282 473
282 480
282 495
283 81
283 171
283 235
283 321
283 336
283 337
283 446
284 30
284 104
284 112
284 298
284 361
284 423
284 471
285 11
285 26
285 57
285 175
285 186
285 455
285 461
286 182
286 195
286 316
286 326
286 338
286 401
286 494
287 86
287 265
287 304
287 331
287 440
287 469
287 474
288 60
288 133
288 134
288 213
288 291
288 421
288 484
289 156
289 162
289 293
289 320
289 429
289 436
289 446
290 95
290 118
290 348
290 365
290 387
290 392
290 453
291 19
291 61
291 134
291 213
291 288
291 345
291 499
292 88
292 175
292 248
292 320
292 406
292 451
292 479
293 23
293 247
293 289
293 433
293 445
293 484
293 495
294 205
294 261
294 349
294 388
294 419
294 451
294 499
295 22
295 262
295 281
295 317
295 338
295 394
295 395
296 55
296 219
296 243
296 267
296 459
296 487
296 490
297 70
297 87
297 179
297 214
297 226
297 406
297 482
298 131
298 241
298 284
298 300
298 328
298 347
298 361
299 171
299 238
299 314
299 393
299 419
299 429
299 477
300 298
300 370
300 402
300 415
300 446
300 459
300 475
301 5
301 210
301 344
301 398
301 409
301 461
301 496
302 73
302 85
302 108
302 240
302 249
302 402
302 452
303 6
303 19
303 87
303 105
303 137
303 164
303 486
304 4
304 148
304 287
304 406
304 455
304 482
304 495
305 42
305 203
305 218
305 271
305 273
305 450
305 457
306 79
306 158
306 197
306 408
306 441
306 461
306 479
307 323
307 346
307 351
307 354
307 400
307 412
307 476
308 38
308 127
308 386
308 396
308 413
308 456
308 481
309 185
309 198
309 335
309 449
309 452
309 464
309 500
310 57
310 231
310 383
310 384
310 405
310 425
310 484
311 172
311 215
311 364
311 388
311 420
311 429
311 496
312 79
312 144
312 151
312 178
312 242
312 351
312 383
313 10
313 183
313 215
313 266
313 389
313 463
313 496
314 158
314 209
314 299
314 358
314 380
314 398
314 461
315 112
315 115
315 233
315 335
315 344
315 436
315 461
316 25
316 100
316 122
316 180
316 245
316 286
316 413
317 262
317 295
317 371
317 382
317 394
317 424
317 467
318 1
318 334
318 421
318 443
318 462
318 490
318 497
319 58
319 183
319 374
319 464
319 479
319 481
319 498
320 175
320 211
320 248
320 289
320 292
320 328
320 371
321 171
321 235
321 283
321 336
321 390
321 406
321 473
322 266
322 396
322 426
322 456
322 475
322 479
322 500
323 202
323 307
323 385
323 409
323 441
323 450
323 495
324 139
324 245
324 331
324 334
324 427
324 444
324 488
325 17
325 95
325 102
325 104
325 124
325 193
325 435
326 51
326 91
326 179
326 237
326 286
326 411
326 483
327 29
327 142
327 328
327 336
327 354
327 385
327 470
328 30
328 92
328 298
328 320
328 327
328 361
328 487
329 145
329 150
329 350
329 359
329 448
329 481
329 500
330 227
330 419
330 423
330 440
330 474
330 488
330 492
331 60
331 139
331 205
331 287
331 324
331 409
331 470
332 2
332 42
332 160
332 220
332 242
332 417
332 436
333 92
333 177
333 182
333 210
333 267
333 397
333 461
333 476
334 256
334 318
334 324
334 336
334 433
334 459
334 490
334 497
335 166
335 309
335 315
335 338
335 339
335 359
335 478
335 483
336 171
336 197
336 235
336 283
336 321
336 327
336 334
336 364
337 67
337 74
337 166
337 283
337 339
337 375
337 483
337 489
338 48
338 74
338 286
338 295
338 335
338 451
338 478
338 488
339 156
339 265
339 335
339 337
339 344
339 347
339 440
339 488
340 6
340 35
340 50
340 87
340 135
340 164
340 280
340 491
341 216
341 349
341 365
341 408
341 419
341 480
341 499
341 500
342 25
342 53
342 90
342 123
342 277
342 403
342 437
342 499
343 12
343 211
343 244
343 259
343 378
343 381
343 451
343 494
344 197
344 198
344 301
344 315
344 339
344 398
344 461
344 478
345 76
345 242
345 291
345 349
345 405
345 408
345 410
345 486
346 157
346 162
346 193
346 307
346 389
346 415
346 424
346 465
347 159
347 173
347 182
347 273
347 298
347 339
347 378
347 488
348 58
348 81
348 95
348 165
348 290
348 353
348 365
348 461
349 188
349 294
349 341
349 345
349 418
349 473
349 487
349 499
350 12
350 275
350 329
350 400
350 412
350 462
350 476
350 481
351 121
351 167
351 251
351 307
351 312
351 412
351 437
351 476
352 77
352 153
352 374
352 413
352 414
352 442
352 467
352 488
353 128
353 192
353 268
353 348
353 355
353 356
353 452
353 485
354 17
354 129
354 228
354 307
354 327
354 376
354 451
354 456
355 20
355 196
355 214
355 268
355 353
355 431
355 435
355 485
356 176
356 247
356 254
356 265
356 353
356 363
356 391
356 453
357 384
357 403
357 410
357 453
357 462
357 473
357 480
357 498
358 26
358 38
358 173
358 314
358 376
358 396
358 456
358 463
359 48
359 257
359 329
359 335
359 422
359 463
359 491
359 495
360 54
360 169
360 225
360 270
360 377
360 494
360 497
360 498
361 96
361 241
361 284
361 298
361 328
361 458
361 472
361 490
362 147
362 223
362 369
362 426
362 447
362 469
362 489
362 498
363 10
363 53
363 176
363 181
363 356
363 453
363 468
363 485
364 117
364 132
364 196
364 206
364 219
364 311
364 336
364 477
365 58
365 95
365 290
365 341
365 348
365 383
365 422
365 430
366 5
366 241
366 243
366 371
366 423
366 458
366 462
366 497
367 64
367 83
367 211
367 216
367 468
367 483
367 484
367 499
368 86
368 105
368 158
368 163
368 170
368 429
368 432
368 475
369 80
369 135
369 180
369 234
369 362
369 372
369 409
369 443
370 20
370 300
370 414
370 440
370 446
370 448
370 475
370 494
371 22
371 52
371 132
371 263
371 272
371 317
371 320
371 366
372 29
372 369
372 382
372 390
372 442
372 444
372 449
372 454
373 29
373 82
373 129
373 136
373 248
373 379
373 472
373 493
374 280
374 319
374 352
374 386
374 448
374 478
374 479
374 500
375 230
375 232
375 337
375 377
375 387
375 390
375 462
375 490
375 497
376 7
376 56
376 82
376 224
376 354
376 358
376 429
376 456
376 494
377 140
377 360
377 375
377 420
377 453
377 487
377 489
377 494
377 498
378 253
378 282
378 343
378 347
378 403
378 440
378 473
378 480
378 490
379 80
379 139
379 259
379 274
379 373
379 380
379 442
379 454
379 470
380 5
380 108
380 111
380 197
380 314
380 379
380 461
380 488
380 489
381 11
381 12
381 117
381 144
381 151
381 244
381 259
381 343
381 382
382 106
382 262
382 281
382 317
382 372
382 381
382 394
382 465
382 496
383 78
383 89
383 92
383 144
383 149
383 178
383 310
383 312
383 365
384 15
384 101
384 167
384 201
384 310
384 357
384 435
384 437
384 473
385 4
385 188
385 250
385 273
385 323
385 327
385 419
385 441
385 457
386 56
386 99
386 308
386 374
386 398
386 459
386 460
386 468
386 472
387 46
387 121
387 138
387 243
387 290
387 375
387 473
387 487
387 490
388 102
388 163
388 196
388 272
388 279
388 294
388 311
388 392
388 496
389 10
389 20
389 112
389 149
389 313
389 346
389 407
389 446
389 475
390 153
390 215
390 321
390 372
390 375
390 413
390 416
390 442
390 470
391 35
391 67
391 180
391 221
391 356
391 458
391 487
391 489
391 497
392 21
392 141
392 197
392 290
392 388
392 393
392 463
392 477
392 496
393 255
393 257
393 258
393 278
393 299
393 392
393 463
393 491
393 496
394 63
394 153
394 281
394 295
394 317
394 382
394 429
394 462
394 471
395 44
395 94
395 146
395 204
395 295
395 412
395 451
395 479
395 483
396 40
396 59
396 160
396 308
396 322
396 358
396 460
396 472
396 500
397 55
397 92
397 146
397 181
397 267
397 333
397 419
397 464
397 478
398 59
398 118
398 168
398 206
398 301
398 314
398 344
398 386
398 417
399 7
399 31
399 43
399 114
399 234
399 238
399 425
399 466
399 485
400 102
400 127
400 275
400 307
400 350
400 403
400 426
400 454
400 476
401 35
401 71
401 91
401 142
401 162
401 286
401 442
401 478
401 483
402 36
402 73
402 83
402 85
402 207
402 240
402 249
402 300
402 302
403 1
403 151
403 342
403 357
403 378
403 400
403 410
403 437
403 448
404 107
404 128
404 265
404 268
404 412
404 431
404 435
404 452
404 485
405 40
405 205
405 215
405 238
405 310
405 345
405 423
405 452
405 484
406 4
406 10
406 63
406 226
406 292
406 297
406 304
406 321
406 449
407 47
407 163
407 173
407 263
407 274
407 389
407 410
407 444
407 446
407 475
408 152
408 206
408 223
408 306
408 341
408 345
408 423
408 425
408 446
408 484
409 212
409 301
409 323
409 331
409 369
409 442
409 444
409 454
409 463
409 466
410 253
410 255
410 345
410 357
410 403
410 407
410 413
410 437
410 464
410 473
411 18
411 79
411 91
411 122
411 147
411 168
411 326
411 426
411 478
411 483
412 3
412 121
412 127
412 307
412 350
412 351
412 395
412 404
412 462
412 476
413 39
413 75
413 99
413 308
413 316
413 352
413 390
413 410
413 470
413 481
414 66
414 104
414 137
414 237
414 274
414 352
414 370
414 415
414 427
414 475
415 137
415 173
415 274
415 300
415 346
415 414
415 462
415 475
415 476
415 487
416 40
416 76
416 107
416 242
416 271
416 390
416 425
416 484
416 486
416 493
417 66
417 67
417 177
417 332
417 398
417 453
417 458
417 487
417 490
417 497
418 4
418 26
418 84
418 89
418 103
418 179
418 233
418 349
418 475
418 482
419 51
419 146
419 294
419 299
419 330
419 341
419 385
419 397
419 468
419 499
420 21
420 224
420 311
420 377
420 426
420 434
420 447
420 474
420 489
420 498
421 16
421 24
421 28
421 98
421 192
421 221
421 288
421 318
421 472
421 497
422 111
422 218
422 262
422 275
422 359
422 365
422 438
422 445
422 491
422 495
423 7
423 186
423 196
423 284
423 330
423 366
423 405
423 408
423 425
423 486
424 23
424 68
424 81
424 120
424 157
424 193
424 317
424 346
424 465
424 488
425 71
425 310
425 399
425 408
425 416
425 423
425 450
425 484
425 486
425 494
426 322
426 362
426 400
426 411
426 420
426 434
426 452
426 459
426 466
426 500
427 34
427 49
427 109
427 166
427 228
427 255
427 324
427 414
427 449
427 499
428 3
428 94
428 97
428 110
428 146
428 204
428 252
428 431
428 451
428 471
429 8
429 84
429 162
429 289
429 299
429 311
429 368
429 376
429 394
429 436
430 14
430 43
430 185
430 189
430 242
430 365
430 431
430 432
430 468
430 469
430 492
431 112
431 165
431 207
431 223
431 233
431 260
431 270
431 355
431 404
431 428
431 430
432 13
432 61
432 73
432 97
432 145
432 163
432 206
432 368
432 430
432 471
432 486
433 31
433 119
433 150
433 212
433 225
433 235
433 293
433 334
433 445
433 472
433 484
434 12
434 101
434 164
434 237
434 420
434 426
434 445
434 466
434 479
434 481
434 496
435 115
435 231
435 255
435 265
435 325
435 355
435 384
435 404
435 453
435 485
435 490
436 8
436 15
436 84
436 88
436 162
436 199
436 289
436 315
436 332
436 429
436 477
437 54
437 167
437 342
437 351
437 384
437 403
437 410
437 441
437 470
437 473
437 480
438 15
438 41
438 120
438 177
438 258
438 280
438 422
438 467
438 482
438 491
438 495
439 23
439 34
439 63
439 109
439 127
439 151
439 168
439 172
439 212
439 449
439 473
440 2
440 185
440 287
440 330
440 339
440 370
440 378
440 469
440 474
440 478
440 492
441 19
441 29
441 41
441 94
441 107
441 190
441 306
441 323
441 385
441 437
441 446
442 90
442 96
442 186
442 196
442 352
442 372
442 379
442 390
442 401
442 409
442 443
443 85
443 180
443 232
443 245
443 318
443 369
443 442
443 444
443 454
443 457
443 500
444 75
444 240
444 267
444 274
444 324
444 372
444 407
444 409
444 443
444 470
444 483
445 23
445 159
445 173
445 197
445 212
445 225
445 269
445 293
445 422
445 433
445 434
446 149
446 173
446 283
446 289
446 300
446 370
446 389
446 407
446 408
446 441
446 477
447 96
447 138
447 200
447 223
447 276
447 362
447 420
447 455
447 481
447 493
447 500
448 56
448 60
448 217
448 329
448 370
448 374
448 403
448 466
448 479
448 481
448 486
449 30
449 63
449 168
449 255
449 309
449 372
449 406
449 427
449 439
449 465
449 469
449 490
450 55
450 85
450 106
450 122
450 161
450 203
450 305
450 323
450 425
450 457
450 460
450 472
451 32
451 49
451 94
451 110
451 204
451 292
451 294
451 338
451 343
451 354
451 395
451 428
452 198
452 207
452 237
452 302
452 309
452 353
452 404
452 405
452 426
452 466
452 479
452 481
453 1
453 33
453 208
453 254
453 290
453 356
453 357
453 363
453 377
453 417
453 435
453 468
454 37
454 80
454 227
454 245
454 372
454 379
454 400
454 409
454 443
454 460
454 470
454 484
455 11
455 21
455 50
455 103
455 147
455 160
455 285
455 304
455 447
455 482
455 489
455 491
456 71
456 84
456 143
456 155
456 264
456 308
456 322
456 354
456 358
456 376
456 472
456 495
457 19
457 106
457 107
457 142
457 165
457 226
457 239
457 243
457 305
457 385
457 443
457 450
458 85
458 156
458 361
458 366
458 391
458 417
458 459
458 462
458 466
458 487
458 493
458 497
459 90
459 243
459 266
459 296
459 300
459 334
459 386
459 426
459 458
459 477
459 487
459 490
459 497
460 38
460 82
460 136
460 169
460 204
460 220
460 236
460 386
460 396
460 450
460 454
460 472
460 489
461 43
461 111
461 158
461 285
461 301
461 306
461 314
461 315
461 333
461 344
461 348
461 380
461 474
462 35
462 130
462 318
462 350
462 357
462 366
462 375
462 394
462 412
462 415
462 458
462 487
462 497
463 56
463 183
463 206
463 219
463 252
463 278
463 313
463 358
463 359
463 392
463 393
463 409
463 467
464 60
464 79
464 86
464 150
464 236
464 239
464 309
464 319
464 397
464 410
464 466
464 481
464 500
465 44
465 68
465 81
465 154
465 157
465 193
465 203
465 346
465 382
465 424
465 449
465 481
465 499
466 236
466 243
466 254
466 276
466 399
466 409
466 426
466 434
466 448
466 452
466 458
466 464
466 496
466 500
467 46
467 108
467 174
467 203
467 218
467 246
467 280
467 317
467 352
467 438
467 463
467 491
467 495
467 496
468 93
468 130
468 141
468 168
468 188
468 205
468 219
468 363
468 367
468 386
468 419
468 430
468 453
468 499
469 16
469 18
469 89
469 189
469 227
469 256
469 261
469 287
469 362
469 430
469 440
469 449
469 482
469 492
470 25
470 31
470 37
470 187
470 191
470 250
470 327
470 331
470 379
470 390
470 413
470 437
470 444
470 454
471 3
471 145
471 177
471 178
471 209
471 224
471 284
471 394
471 428
471 432
471 479
471 489
471 493
471 498
472 56
472 169
472 228
472 241
472 247
472 361
472 373
472 386
472 396
472 421
472 433
472 450
472 456
472 460
472 491
473 117
473 151
473 187
473 282
473 321
473 349
473 357
473 378
473 384
473 387
473 410
473 437
473 439
473 480
473 483
474 14
474 47
474 60
474 136
474 181
474 189
474 222
474 256
474 261
474 287
474 330
474 420
474 440
474 461
474 492
475 66
475 149
475 182
475 187
475 274
475 300
475 322
475 368
475 370
475 389
475 407
475 414
475 415
475 418
475 491
476 88
476 121
476 127
476 138
476 172
476 251
476 275
476 307
476 333
476 350
476 351
476 400
476 412
476 415
476 488
477 102
477 128
477 196
477 212
477 219
477 278
477 299
477 364
477 392
477 436
477 446
477 459
477 481
477 486
477 496
478 22
478 74
478 159
478 166
478 169
478 335
478 338
478 344
478 374
478 397
478 401
478 411
478 440
478 483
478 488
479 152
479 214
479 266
479 292
479 306
479 319
479 322
479 374
479 395
479 434
479 448
479 452
479 471
479 497
479 500
480 38
480 98
480 101
480 119
480 167
480 216
480 253
480 282
480 341
480 357
480 378
480 437
480 473
480 483
480 493
481 194
481 241
481 266
481 308
481 319
481 329
481 350
481 413
481 434
481 447
481 448
481 452
481 464
481 465
481 477
481 500
482 8
482 21
482 42
482 57
482 103
482 147
482 226
482 278
482 297
482 304
482 418
482 438
482 455
482 469
482 492
482 498
483 117
483 147
483 159
483 216
483 326
483 335
483 337
483 367
483 395
483 401
483 411
483 444
483 473
483 478
483 480
483 488
484 76
484 77
484 152
484 186
484 199
484 288
484 293
484 310
484 367
484 405
484 408
484 416
484 425
484 433
484 454
484 486
485 53
485 61
485 107
485 128
485 189
485 214
485 231
485 265
485 271
485 353
485 355
485 363
485 399
485 404
485 435
485 486
486 40
486 134
486 152
486 186
486 191
486 233
486 242
486 303
486 345
486 416
486 423
486 425
486 432
486 448
486 477
486 484
486 485
487 33
487 46
487 67
487 132
487 167
487 169
487 296
487 328
487 349
487 377
487 387
487 391
487 415
487 417
487 458
487 459
487 462
488 18
488 71
488 117
488 139
488 166
488 239
488 324
488 330
488 338
488 339
488 347
488 352
488 380
488 424
488 476
488 478
488 483
489 87
489 96
489 224
489 230
489 273
489 337
489 362
489 377
489 380
489 391
489 420
489 455
489 460
489 471
489 494
489 497
489 498
490 27
490 75
490 174
490 232
490 296
490 318
490 334
490 361
490 375
490 378
490 387
490 417
490 435
490 449
490 459
490 492
490 497
490 500
491 48
491 120
491 174
491 179
491 227
491 246
491 280
491 340
491 359
491 393
491 422
491 438
491 455
491 467
491 472
491 475
491 493
491 495
492 6
492 14
492 43
492 64
492 68
492 185
492 247
492 251
492 256
492 261
492 330
492 430
492 440
492 469
492 474
492 482
492 490
492 500
493 32
493 46
493 54
493 138
493 177
493 189
493 209
493 230
493 249
493 373
493 416
493 447
493 458
493 471
493 480
493 491
493 494
493 498
494 36
494 74
494 96
494 123
494 131
494 209
494 230
494 249
494 286
494 343
494 360
494 370
494 376
494 377
494 425
494 489
494 493
494 498
494 500
495 72
495 109
495 120
495 143
495 174
495 183
495 218
495 246
495 280
495 282
495 293
495 304
495 323
495 359
495 422
495 438
495 456
495 467
495 491
496 26
496 98
496 103
496 130
496 183
496 206
496 215
496 278
496 301
496 311
496 313
496 382
496 388
496 392
496 393
496 434
496 466
496 467
496 477
497 5
497 46
497 61
497 110
497 183
497 218
497 318
497 334
497 360
497 366
497 375
497 391
497 417
497 421
497 458
497 459
497 462
497 479
497 489
497 490
498 2
498 3
498 39
498 131
498 171
498 218
498 224
498 236
498 244
498 319
498 357
498 360
498 362
498 377
498 420
498 471
498 482
498 489
498 493
498 494
499 45
499 49
499 51
499 93
499 130
499 172
499 188
499 205
499 211
499 224
499 229
499 291
499 294
499 341
499 342
499 349
499 367
499 419
499 427
499 465
499 468
500 110
500 140
500 237
500 266
500 268
500 309
500 322
500 329
500 341
500 374
500 396
500 426
500 443
500 447
500 464
500 466
500 479
500 481
500 490
500 492
500 494
