1 33
2 34
3 7
4 12
5 36
6 4
7 34
8 11
9 26
10 42
11 15
12 8
13 2
14 28
15 13
16 28
17 46
18 20
19 6
20 8
21 4
22 40
23 38
24 27
25 10
26 46
27 23
28 42
29 17
30 46
31 45
32 1
33 20
34 25
35 14
36 25
37 47
38 4
39 47
40 44
41 24
42 26
43 13
44 25
45 4
46 21
47 3
48 16
49 34
50 1
51 42
52 9
53 12
54 44
55 46
56 41
57 42
58 30
59 40
60 19
61 1
62 11
63 33
64 8
65 8
66 38
67 34
68 1
69 6
70 27
71 1
72 1
73 22
74 27
75 11
76 33
77 24
78 31
79 18
80 4
81 21
82 7
83 24
84 43
85 29
86 34
87 2
88 47
89 21
90 5
91 3
92 23
93 37
94 13
95 38
96 46
97 22
98 18
99 30
100 19
101 32
102 12
103 41
104 36
105 5
106 36
107 39
108 31
109 30
110 41
111 29
112 38
113 14
114 30
115 25
116 9
117 21
118 27
119 24
120 33
121 18
122 26
123 43
124 16
125 40
126 42
127 16
128 37
129 11
130 31
131 18
132 41
133 43
134 31
135 28
136 36
137 4
138 36
139 16
140 42
141 2
142 23
143 7
144 39
145 28
146 43
147 45
148 16
149 12
150 27
151 31
152 20
153 17
154 26
155 14
156 16
157 9
158 28
159 16
160 35
161 3
162 2
163 25
164 24
165 17
166 25
167 15
168 36
169 30
170 32
171 33
172 28
173 1
174 8
175 25
176 45
177 27
178 19
179 42
180 25
181 28
182 28
183 3
184 4
185 23
186 3
187 34
188 6
189 18
190 16
191 32
192 4
193 32
194 8
195 6
196 34
197 7
198 44
199 4
200 12
201 32
202 17
203 36
204 18
205 30
206 25
207 29
208 17
209 5
210 13
211 10
212 17
213 2
214 21
215 24
216 21
217 19
218 13
219 36
220 30
221 10
222 19
223 35
224 29
225 28
226 22
227 14
228 6
229 40
230 33
231 13
232 28
233 1
234 41
235 34
236 24
237 14
238 23
239 45
240 18
241 11
242 3
243 28
244 3
245 3
246 19
247 45
248 24
249 40
250 22
251 42
252 3
253 26
254 40
255 25
256 21
257 36
258 15
259 33
260 13
261 28
262 21
263 8
264 42
265 28
266 5
267 1
268 1
269 42
270 28
271 5
272 16
273 47
274 3
275 6
276 18
277 3
278 33
279 8
280 35
281 7
282 29
283 23
284 3
285 33
286 3
287 16
288 20
289 35
290 6
291 39
292 21
293 27
294 20
295 21
296 33
297 41
298 35
299 24
300 1
301 42
302 13
303 27
304 44
305 42
306 19
307 25
308 16
309 14
310 42
311 3
312 4
313 33
314 19
315 19
316 19
317 18
318 18
319 1
320 26
321 8
322 45
323 15
324 16
325 1
326 15
327 3
328 33
329 41
330 1
331 3
332 29
333 40
334 30
335 26
336 41
337 45
338 11
339 28
340 2
341 6
342 40
343 21
344 10
345 29
346 20
347 28
348 22
349 16
350 15
351 3
352 6
353 17
354 28
355 9
356 6
357 21
358 10
359 34
360 19
361 1
362 30
363 9
364 25
365 6
366 26
367 41
368 41
369 27
370 15
371 27
372 40
373 34
374 3
375 33
376 22
377 13
378 29
379 17
380 13
381 35
382 19
383 40
384 41
385 2
386 4
387 4
388 6
389 37
390 22
391 24
392 35
393 1
394 47
395 8
396 34
397 41
398 42
399 25
400 28
401 15
402 34
403 24
404 9
405 18
406 10
407 34
408 28
409 21
410 30
411 44
412 22
413 27
414 34
415 36
416 36
417 24
418 42
419 42
420 42
421 23
422 20
423 19
424 21
425 20
426 36
427 42
428 29
429 35
430 16
431 13
432 28
433 4
434 40
435 7
436 19
437 35
438 6
439 15
440 27
441 22
442 36
443 37
444 28
445 30
446 22
447 41
448 18
449 35
450 24
451 24
452 22
453 13
454 41
455 36
456 39
457 39
458 41
459 3
460 20
461 23
462 30
463 21
464 22
465 6
466 3
467 27
468 37
469 14
470 22
471 34
472 36
473 36
474 33
475 34
476 4
477 21
478 42
479 36
480 17
481 38
482 19
483 16
484 19
485 42
486 7
487 21
488 3
489 43
490 28
491 21
492 21
493 21
494 19
495 21
496 1
497 34
498 21
499 21
500 1
