1 6
2 15
3 1
4 26
5 27
6 14
7 14
8 38
9 1
10 37
11 2
12 42
13 15
14 10
15 11
16 31
17 24
18 27
19 4
20 38
21 42
22 3
23 12
24 17
25 19
26 39
27 24
28 10
29 24
30 34
31 7
32 2
33 10
34 2
35 17
36 26
37 42
38 25
39 17
40 9
41 26
42 3
43 29
44 6
45 36
46 41
47 37
48 29
49 25
50 34
51 36
52 7
53 24
54 28
55 18
56 36
57 14
58 9
59 26
60 4
61 17
62 24
63 42
64 15
65 15
66 38
67 30
68 21
69 22
70 5
71 1
72 25
73 27
74 6
75 32
76 17
77 3
78 27
79 29
80 24
81 15
82 30
83 37
84 1
85 5
86 12
87 26
88 35
89 35
90 41
91 2
92 38
93 16
94 22
95 15
96 37
97 33
98 17
99 22
100 15
101 39
102 28
103 32
104 17
105 35
106 21
107 12
108 39
109 2
110 11
111 11
112 20
113 1
114 32
115 4
116 11
117 14
118 23
119 6
120 28
121 30
122 14
123 1
124 18
125 2
126 9
127 8
128 20
129 38
130 10
131 40
132 42
133 26
134 33
135 36
136 42
137 34
138 13
139 16
140 17
141 26
142 7
143 7
144 14
145 30
146 19
147 39
148 12
149 23
150 5
151 31
152 36
153 32
154 17
155 4
156 17
157 12
158 24
159 19
160 9
161 11
162 3
163 27
164 13
165 41
166 2
167 14
168 21
169 3
170 38
171 16
172 35
173 20
174 14
175 38
176 1
177 40
178 22
179 22
180 22
181 30
182 1
183 17
184 39
185 29
186 20
187 13
188 5
189 16
190 14
191 22
192 17
193 13
194 29
195 3
196 7
197 15
198 26
199 26
200 24
201 25
202 33
203 23
204 5
205 19
206 28
207 35
208 23
209 3
210 36
211 18
212 7
213 32
214 8
215 30
216 12
217 16
218 3
219 11
220 27
221 12
222 32
223 35
224 20
225 9
226 19
227 2
228 17
229 30
230 7
231 18
232 16
233 25
234 11
235 35
236 35
237 20
238 36
239 13
240 14
241 42
242 24
243 30
244 16
245 30
246 19
247 25
248 8
249 17
250 13
251 16
252 25
253 25
254 40
255 39
256 31
257 13
258 18
259 15
260 6
261 36
262 31
263 35
264 11
265 25
266 1
267 22
268 11
269 27
270 10
271 7
272 16
273 26
274 16
275 22
276 20
277 42
278 18
279 34
280 2
281 15
282 24
283 11
284 21
285 11
286 26
287 3
288 7
289 30
290 8
291 32
292 9
293 30
294 16
295 13
296 10
297 2
298 24
299 12
300 25
301 12
302 17
303 38
304 7
305 6
306 32
307 13
308 30
309 35
310 16
311 30
312 35
313 23
314 18
315 27
316 5
317 18
318 25
319 27
320 7
321 16
322 12
323 27
324 27
325 35
326 38
327 2
328 15
329 2
330 20
331 22
332 1
333 33
334 23
335 15
336 25
337 22
338 28
339 20
340 35
341 16
342 4
343 35
344 33
345 35
346 28
347 40
348 19
349 31
350 22
351 1
352 28
353 24
354 41
355 20
356 33
357 26
358 18
359 16
360 10
361 25
362 13
363 25
364 33
365 11
366 26
367 20
368 8
369 25
370 16
371 40
372 12
373 9
374 28
375 18
376 6
377 27
378 28
379 27
380 11
381 1
382 19
383 26
384 11
385 3
386 38
387 3
388 3
389 16
390 24
391 15
392 18
393 9
394 32
395 17
396 24
397 2
398 26
399 23
400 39
401 4
402 10
403 11
404 35
405 24
406 39
407 18
408 26
409 6
410 19
411 25
412 28
413 24
414 26
415 27
416 36
417 15
418 33
419 16
420 36
421 41
422 28
423 9
424 25
425 1
426 8
427 19
428 17
429 32
430 42
431 33
432 16
433 33
434 19
435 10
436 7
437 17
438 11
439 10
440 11
441 22
442 27
443 11
444 27
445 6
446 34
447 10
448 8
449 14
450 1
451 1
452 2
453 16
454 35
455 15
456 37
457 19
458 1
459 14
460 29
461 26
462 18
463 28
464 22
465 1
466 2
467 21
468 14
469 7
470 30
471 7
472 14
473 30
474 30
475 22
476 10
477 7
478 16
479 19
480 16
481 1
482 22
483 24
484 11
485 24
486 14
487 7
488 1
489 22
490 16
491 22
492 24
493 30
494 22
495 35
496 22
497 8
498 35
499 19
500 22
