1 2
2 15
3 49
4 48
5 34
6 15
7 29
8 39
9 48
10 27
11 44
12 43
13 39
14 41
15 10
16 24
17 2
18 23
19 25
20 8
21 48
22 36
23 14
24 46
25 14
26 35
27 37
28 4
29 17
30 43
31 43
32 9
33 36
34 50
35 10
36 17
37 41
38 48
39 40
40 34
41 11
42 40
43 15
44 23
45 46
46 17
47 6
48 29
49 34
50 8
51 23
52 28
53 13
54 37
55 23
56 33
57 24
58 30
59 22
60 24
61 4
62 37
63 4
64 39
65 41
66 44
67 3
68 3
69 8
70 27
71 35
72 4
73 37
74 40
75 30
76 3
77 14
78 2
79 22
80 3
81 4
82 5
83 39
84 41
85 1
86 36
87 8
88 43
89 15
90 47
91 17
92 19
93 36
94 9
95 38
96 50
97 36
98 26
99 39
100 2
101 37
102 2
103 21
104 1
105 3
106 21
107 22
108 18
109 41
110 47
111 40
112 33
113 36
114 26
115 1
116 42
117 50
118 41
119 32
120 51
121 25
122 44
123 34
124 20
125 13
126 4
127 26
128 48
129 31
130 14
131 2
132 41
133 7
134 45
135 18
136 30
137 37
138 31
139 41
140 40
141 19
142 1
143 14
144 21
145 7
146 27
147 43
148 34
149 27
150 15
151 14
152 12
153 45
154 44
155 46
156 46
157 26
158 27
159 45
160 35
161 14
162 18
163 44
164 21
165 17
166 24
167 2
168 9
169 2
170 14
171 16
172 17
173 14
174 42
175 8
176 34
177 49
178 18
179 45
180 50
181 28
182 19
183 47
184 32
185 12
186 46
187 47
188 6
189 23
190 30
191 18
192 47
193 51
194 35
195 20
196 16
197 29
198 44
199 4
200 45
201 42
202 13
203 2
204 22
205 41
206 18
207 47
208 31
209 1
210 5
211 18
212 22
213 10
214 15
215 44
216 2
217 50
218 25
219 34
220 9
221 7
222 30
223 40
224 34
225 1
226 25
227 2
228 1
229 11
230 40
231 19
232 27
233 4
234 4
235 17
236 18
237 27
238 6
239 13
240 2
241 46
242 48
243 27
244 40
245 25
246 34
247 36
248 2
249 39
250 23
251 18
252 33
253 36
254 44
255 2
256 6
257 42
258 20
259 18
260 26
261 10
262 44
263 50
264 4
265 9
266 23
267 46
268 8
269 39
270 41
271 16
272 8
273 49
274 36
275 8
276 26
277 38
278 28
279 46
280 41
281 39
282 11
283 20
284 4
285 14
286 31
287 6
288 2
289 50
290 42
291 19
292 48
293 3
294 27
295 50
296 3
297 36
298 14
299 15
300 15
301 18
302 14
303 46
304 49
305 6
306 39
307 9
308 45
309 40
310 27
311 39
312 30
313 8
314 32
315 50
316 20
317 12
318 19
319 31
320 38
321 39
322 34
323 1
324 34
325 5
326 33
327 15
328 34
329 31
330 48
331 45
332 27
333 44
334 43
335 39
336 47
337 41
338 39
339 22
340 48
341 29
342 11
343 18
344 37
345 5
346 10
347 41
348 5
349 10
350 20
351 34
352 40
353 34
354 9
355 4
356 48
357 4
358 11
359 16
360 14
361 40
362 50
363 25
364 15
365 44
366 3
367 16
368 28
369 14
370 25
371 25
372 40
373 12
374 9
375 34
376 23
377 40
378 18
379 4
380 8
381 50
382 36
383 16
384 32
385 34
386 27
387 3
388 17
389 15
390 4
391 26
392 38
393 28
394 28
395 31
396 50
397 40
398 27
399 39
400 49
401 41
402 18
403 51
404 45
405 34
406 22
407 40
408 35
409 28
410 14
411 1
412 46
413 17
414 41
415 39
416 44
417 34
418 40
419 44
420 19
421 18
422 2
423 10
424 38
425 8
426 46
427 25
428 39
429 1
430 32
431 51
432 49
433 27
434 28
435 26
436 29
437 1
438 39
439 12
440 36
441 38
442 39
443 43
444 19
445 1
446 41
447 45
448 24
449 14
450 35
451 24
452 10
453 15
454 23
455 2
456 14
457 40
458 36
459 39
460 34
461 24
462 42
463 9
464 39
465 27
466 24
467 41
468 20
469 7
470 26
471 27
472 28
473 38
474 4
475 10
476 33
477 48
478 30
479 13
480 48
481 39
482 7
483 27
484 45
485 46
486 22
487 49
488 16
489 34
490 40
491 48
492 40
493 37
494 51
495 8
496 46
497 11
498 41
499 21
500 2
