1 48
1 179
1 294
1 341
1 453
2 136
2 206
2 219
2 278
2 490
3 195
3 239
3 343
3 352
3 405
4 173
4 237
4 355
4 434
4 446
5 150
5 233
5 294
5 341
5 448
6 22
6 271
6 296
6 411
6 427
7 280
7 429
7 443
7 470
7 486
8 178
8 200
8 243
8 302
8 312
9 161
9 298
9 304
9 361
9 426
10 360
10 428
10 434
10 445
10 459
11 215
11 318
11 321
11 353
11 462
12 345
12 359
12 387
12 467
12 487
13 248
13 324
13 326
13 347
13 479
14 265
14 388
14 462
14 475
14 487
15 230
15 412
15 418
15 470
15 478
16 200
16 260
16 330
16 418
16 480
17 42
17 183
17 273
17 386
17 456
18 42
18 89
18 190
18 307
18 473
19 44
19 329
19 402
19 418
19 470
20 21
20 141
20 279
20 414
20 492
21 20
21 104
21 144
21 194
21 495
22 6
22 170
22 291
22 406
22 428
23 246
23 369
23 420
23 439
23 480
24 49
24 203
24 289
24 396
24 439
25 26
25 134
25 172
25 324
25 498
26 25
26 281
26 314
26 337
26 464
27 144
27 168
27 217
27 247
27 469
28 143
28 349
28 444
28 453
28 484
29 101
29 118
29 329
29 348
29 463
30 173
30 227
30 247
30 268
30 406
31 249
31 261
31 281
31 383
31 386
32 145
32 328
32 363
32 409
32 427
33 59
33 214
33 222
33 419
33 479
34 219
34 261
34 357
34 402
34 495
35 106
35 188
35 414
35 436
35 466
36 77
36 310
36 433
36 439
36 472
37 39
37 357
37 392
37 399
37 426
38 76
38 86
38 172
38 393
38 473
39 37
39 327
39 391
39 430
39 485
40 288
40 394
40 418
40 473
40 486
41 103
41 111
41 215
41 289
41 290
42 17
42 18
42 44
42 299
42 496
43 310
43 322
43 421
43 425
43 461
44 19
44 42
44 98
44 499
44 500
45 99
45 132
45 398
45 431
45 453
46 60
46 458
46 461
46 475
46 496
47 314
47 347
47 437
47 440
47 495
48 1
48 135
48 408
48 418
48 448
49 24
49 173
49 283
49 450
49 477
50 73
50 262
50 429
50 450
50 485
51 367
51 373
51 395
51 481
51 482
52 77
52 186
52 428
52 473
52 499
53 54
53 147
53 253
53 258
53 468
54 53
54 105
54 402
54 435
54 478
55 377
55 437
55 468
55 492
55 498
56 107
56 122
56 135
56 268
56 401
57 94
57 362
57 389
57 439
57 490
58 75
58 292
58 459
58 465
58 489
59 33
59 343
59 361
59 454
59 480
60 46
60 90
60 109
60 455
60 491
61 305
61 392
61 459
61 460
61 472
62 79
62 371
62 375
62 422
62 471
63 175
63 275
63 287
63 398
63 462
64 102
64 386
64 437
64 489
64 492
65 255
65 351
65 360
65 379
65 408
66 191
66 253
66 343
66 399
66 446
67 230
67 368
67 405
67 463
67 498
68 176
68 205
68 226
68 267
68 480
69 169
69 331
69 358
69 451
69 487
70 171
70 351
70 424
70 444
70 469
71 191
71 292
71 368
71 377
71 467
72 110
72 378
72 401
72 415
72 422
73 50
73 107
73 244
73 278
73 388
74 226
74 327
74 413
74 481
74 482
75 58
75 142
75 283
75 394
75 470
76 38
76 160
76 238
76 276
76 396
77 36
77 52
77 205
77 291
77 435
78 187
78 243
78 297
78 315
78 456
79 62
79 385
79 386
79 409
79 498
80 145
80 157
80 246
80 295
80 481
81 153
81 340
81 414
81 486
81 493
82 118
82 286
82 316
82 331
82 488
83 252
83 256
83 281
83 340
83 435
84 86
84 152
84 272
84 413
84 469
85 268
85 412
85 427
85 437
85 468
86 38
86 84
86 465
86 476
86 488
87 91
87 92
87 254
87 402
87 488
88 149
88 300
88 315
88 371
88 486
89 18
89 259
89 265
89 469
89 476
90 60
90 92
90 290
90 480
90 487
91 87
91 183
91 396
91 452
91 454
92 87
92 90
92 480
92 493
92 496
93 301
93 398
93 445
93 483
93 490
94 57
94 151
94 217
94 257
94 451
95 161
95 182
95 291
95 310
95 467
96 97
96 349
96 409
96 417
96 498
97 96
97 324
97 484
97 496
97 497
98 44
98 157
98 374
98 458
98 471
99 45
99 123
99 308
99 350
99 453
100 155
100 161
100 441
100 494
100 497
101 29
101 432
101 478
101 490
101 497
102 64
102 134
102 323
102 415
102 494
103 41
103 184
103 338
103 404
103 468
104 21
104 265
104 299
104 369
104 415
105 54
105 224
105 285
105 393
105 490
106 35
106 122
106 133
106 150
106 441
107 56
107 73
107 371
107 391
107 466
108 241
108 278
108 372
108 432
108 483
109 60
109 211
109 289
109 344
109 461
110 72
110 198
110 221
110 401
110 434
111 41
111 154
111 438
111 476
111 479
112 187
112 282
112 425
112 427
112 472
113 125
113 157
113 158
113 263
113 479
114 149
114 154
114 239
114 340
114 360
115 159
115 181
115 238
115 310
115 344
116 225
116 316
116 343
116 373
116 448
117 190
117 420
117 445
117 461
117 500
118 29
118 82
118 156
118 372
118 374
119 137
119 168
119 459
119 488
119 490
120 388
120 403
120 420
120 481
120 493
121 185
121 244
121 326
121 364
121 473
122 56
122 106
122 263
122 349
122 497
123 99
123 171
123 221
123 471
123 473
124 144
124 215
124 299
124 372
124 378
125 113
125 315
125 316
125 450
125 458
126 232
126 450
126 470
126 478
126 489
127 140
127 238
127 363
127 369
127 499
128 170
128 385
128 434
128 480
128 498
129 309
129 353
129 419
129 465
129 491
130 251
130 273
130 312
130 456
130 497
131 323
131 338
131 365
131 377
131 480
132 45
132 372
132 436
132 474
132 484
133 106
133 266
133 317
133 355
133 368
134 25
134 102
134 208
134 320
134 340
135 48
135 56
135 231
135 293
135 376
136 2
136 139
136 277
136 426
136 496
137 119
137 256
137 387
137 423
137 442
138 250
138 319
138 393
138 432
138 440
139 136
139 202
139 275
139 280
139 282
140 127
140 235
140 359
140 369
140 439
141 20
141 177
141 185
141 218
141 314
142 75
142 151
142 318
142 334
142 430
143 28
143 222
143 233
143 419
143 426
144 21
144 27
144 124
144 299
144 419
145 32
145 80
145 270
145 291
145 458
146 189
146 323
146 336
146 432
146 496
147 53
147 243
147 382
147 388
147 474
148 183
148 199
148 210
148 350
148 494
149 88
149 114
149 250
149 344
149 481
150 5
150 106
150 180
150 255
150 499
151 94
151 142
151 357
151 382
151 474
152 84
152 160
152 326
152 387
152 414
153 81
153 267
153 296
153 414
153 444
154 111
154 114
154 384
154 386
154 455
155 100
155 284
155 306
155 331
155 363
156 118
156 333
156 481
156 482
156 490
157 80
157 98
157 113
157 195
157 305
158 113
158 316
158 448
158 463
158 469
159 115
159 341
159 412
159 417
159 466
160 76
160 152
160 201
160 305
160 462
161 9
161 95
161 100
161 379
161 499
162 279
162 353
162 377
162 468
162 491
163 293
163 370
163 381
163 494
163 497
164 258
164 269
164 280
164 485
164 491
165 174
165 265
165 337
165 432
165 441
166 216
166 284
166 344
166 475
166 494
167 274
167 304
167 317
167 345
167 371
167 454
168 27
168 119
168 172
168 397
168 447
168 491
169 69
169 252
169 323
169 408
169 434
169 479
170 22
170 128
170 351
170 377
170 403
170 476
171 70
171 123
171 227
171 324
171 473
171 482
172 25
172 38
172 168
172 195
172 350
172 380
173 4
173 30
173 49
173 242
173 459
173 489
174 165
174 256
174 272
174 303
174 379
174 450
175 63
175 247
175 350
175 367
175 408
175 500
176 68
176 272
176 366
176 406
176 475
176 493
177 141
177 333
177 389
177 403
177 434
177 480
178 8
178 206
178 342
178 400
178 438
178 481
179 1
179 185
179 363
179 436
179 437
179 481
180 150
180 227
180 339
180 487
180 489
180 495
181 115
181 331
181 335
181 357
181 429
181 447
182 95
182 240
182 259
182 456
182 488
182 499
183 17
183 91
183 148
183 202
183 346
183 473
184 103
184 200
184 221
184 435
184 497
184 498
185 121
185 141
185 179
185 231
185 232
185 341
186 52
186 214
186 270
186 380
186 443
186 479
187 78
187 112
187 205
187 231
187 237
187 273
188 35
188 433
188 440
188 461
188 464
188 486
189 146
189 344
189 385
189 443
189 473
189 479
190 18
190 117
190 392
190 421
190 425
190 446
191 66
191 71
191 232
191 262
191 313
191 369
192 232
192 254
192 315
192 451
192 486
192 491
193 259
193 283
193 345
193 351
193 407
193 421
194 21
194 340
194 353
194 420
194 435
194 452
195 3
195 157
195 172
195 384
195 472
195 499
196 208
196 327
196 351
196 359
196 430
196 474
197 206
197 308
197 349
197 367
197 394
197 428
198 110
198 213
198 370
198 409
198 455
198 460
199 148
199 260
199 284
199 330
199 339
199 395
200 8
200 16
200 184
200 264
200 335
200 431
201 160
201 374
201 392
201 438
201 446
201 465
202 139
202 183
202 240
202 362
202 458
202 483
203 24
203 275
203 356
203 375
203 443
203 500
204 253
204 295
204 307
204 311
204 380
204 451
205 68
205 77
205 187
205 248
205 426
205 467
206 2
206 178
206 197
206 394
206 452
206 484
207 244
207 350
207 378
207 458
207 472
207 483
208 134
208 196
208 211
208 352
208 477
208 489
209 218
209 251
209 404
209 429
209 483
209 497
210 148
210 227
210 326
210 416
210 488
210 495
211 109
211 208
211 403
211 439
211 446
211 477
212 222
212 257
212 332
212 461
212 468
212 470
213 198
213 268
213 320
213 470
213 472
213 487
214 33
214 186
214 217
214 297
214 433
214 479
215 11
215 41
215 124
215 242
215 422
215 492
216 166
216 285
216 356
216 395
216 471
216 488
217 27
217 94
217 214
217 250
217 264
217 266
218 141
218 209
218 223
218 390
218 425
218 468
219 2
219 34
219 423
219 454
219 469
219 495
220 289
220 353
220 364
220 373
220 399
220 477
221 110
221 123
221 184
221 329
221 464
221 500
222 33
222 143
222 212
222 239
222 382
222 388
223 218
223 328
223 329
223 384
223 460
223 476
224 105
224 290
224 309
224 352
224 385
224 417
225 116
225 329
225 404
225 484
225 495
225 498
226 68
226 74
226 230
226 271
226 458
226 493
227 30
227 171
227 180
227 210
227 460
227 495
228 235
228 302
228 400
228 435
228 476
228 499
229 325
229 346
229 347
229 425
229 442
229 492
230 15
230 67
230 226
230 264
230 443
230 499
231 135
231 185
231 187
231 378
231 410
231 444
232 126
232 185
232 191
232 192
232 341
232 499
233 5
233 143
233 326
233 341
233 410
233 439
234 238
234 360
234 368
234 436
234 452
234 493
235 140
235 228
235 377
235 438
235 473
235 477
236 330
236 389
236 448
236 454
236 490
236 499
237 4
237 187
237 440
237 457
237 478
237 494
238 76
238 115
238 127
238 234
238 244
238 495
239 3
239 114
239 222
239 266
239 284
239 466
240 182
240 202
240 352
240 364
240 425
240 487
241 108
241 267
241 348
241 391
241 467
241 478
242 173
242 215
242 259
242 275
242 364
242 442
243 8
243 78
243 147
243 304
243 480
243 488
244 73
244 121
244 207
244 238
244 415
244 499
245 324
245 445
245 465
245 476
245 483
245 488
246 23
246 80
246 296
246 306
246 371
246 486
247 27
247 30
247 175
247 262
247 424
247 445
248 13
248 205
248 400
248 452
248 482
248 493
249 31
249 281
249 340
249 350
249 439
249 458
250 138
250 149
250 217
250 277
250 287
250 464
251 130
251 209
251 430
251 442
251 444
251 460
252 83
252 169
252 285
252 436
252 476
252 493
253 53
253 66
253 204
253 270
253 279
253 424
254 87
254 192
254 295
254 340
254 418
254 476
255 65
255 150
255 301
255 323
255 354
255 386
256 83
256 137
256 174
256 333
256 347
256 433
257 94
257 212
257 365
257 484
257 495
257 496
258 53
258 164
258 355
258 383
258 385
258 492
259 89
259 182
259 193
259 242
259 282
259 395
260 16
260 199
260 286
260 371
260 391
260 447
261 31
261 34
261 296
261 405
261 485
261 499
262 50
262 191
262 247
262 307
262 311
262 451
263 113
263 122
263 375
263 429
263 445
263 499
264 200
264 217
264 230
264 472
264 496
264 500
265 14
265 89
265 104
265 165
265 336
265 421
266 133
266 217
266 239
266 300
266 473
266 486
267 68
267 153
267 241
267 361
267 463
267 485
268 30
268 56
268 85
268 213
268 283
268 458
269 164
269 431
269 442
269 457
269 485
269 487
270 145
270 186
270 253
270 291
270 339
270 461
271 6
271 226
271 309
271 346
271 475
271 494
272 84
272 174
272 176
272 276
272 425
272 459
273 17
273 130
273 187
273 343
273 404
273 441
274 167
274 282
274 342
274 369
274 422
274 495
275 63
275 139
275 203
275 242
275 357
275 401
276 76
276 272
276 308
276 389
276 416
276 437
277 136
277 250
277 411
277 446
277 468
277 483
278 2
278 73
278 108
278 427
278 440
278 453
278 466
279 20
279 162
279 253
279 302
279 449
279 469
279 476
280 7
280 139
280 164
280 293
280 429
280 440
280 470
281 26
281 31
281 83
281 249
281 371
281 460
281 491
282 112
282 139
282 259
282 274
282 388
282 422
282 435
283 49
283 75
283 193
283 268
283 311
283 364
283 491
284 155
284 166
284 199
284 239
284 306
284 385
284 456
285 105
285 216
285 252
285 287
285 350
285 416
285 435
286 82
286 260
286 361
286 364
286 368
286 454
286 458
287 63
287 250
287 285
287 372
287 393
287 441
287 452
288 40
288 301
288 362
288 387
288 419
288 449
288 494
289 24
289 41
289 109
289 220
289 296
289 322
289 342
290 41
290 90
290 224
290 334
290 355
290 405
290 480
291 22
291 77
291 95
291 145
291 270
291 294
291 496
292 58
292 71
292 382
292 419
292 442
292 443
292 470
293 135
293 163
293 280
293 325
293 423
293 427
293 499
294 1
294 5
294 291
294 406
294 462
294 483
294 489
295 80
295 204
295 254
295 374
295 381
295 472
295 474
296 6
296 153
296 246
296 261
296 289
296 355
296 482
297 78
297 214
297 349
297 385
297 394
297 424
297 474
298 9
298 313
298 352
298 387
298 395
298 440
298 466
299 42
299 104
299 124
299 144
299 379
299 423
299 493
300 88
300 266
300 313
300 407
300 466
300 488
300 491
301 93
301 255
301 288
301 338
301 361
301 420
301 477
302 8
302 228
302 279
302 396
302 433
302 455
302 489
303 174
303 317
303 367
303 411
303 448
303 457
303 467
304 9
304 167
304 243
304 321
304 354
304 431
304 453
305 61
305 157
305 160
305 321
305 398
305 399
305 497
306 155
306 246
306 284
306 432
306 461
306 467
306 490
307 18
307 204
307 262
307 342
307 390
307 451
307 498
308 99
308 197
308 276
308 373
308 378
308 460
308 464
309 129
309 224
309 271
309 386
309 409
309 447
309 493
310 36
310 43
310 95
310 115
310 328
310 461
310 464
311 204
311 262
311 283
311 451
311 466
311 499
311 500
312 8
312 130
312 338
312 353
312 382
312 406
312 450
313 191
313 298
313 300
313 336
313 406
313 488
313 491
314 26
314 47
314 141
314 323
314 391
314 479
314 494
315 78
315 88
315 125
315 192
315 320
315 374
315 477
316 82
316 116
316 125
316 158
316 426
316 433
316 495
317 133
317 167
317 303
317 416
317 448
317 454
317 459
318 11
318 142
318 391
318 416
318 430
318 433
318 462
319 138
319 380
319 381
319 430
319 449
319 450
319 496
320 134
320 213
320 315
320 328
320 397
320 467
320 477
321 11
321 304
321 305
321 392
321 398
321 456
321 463
322 43
322 289
322 384
322 410
322 455
322 460
322 486
323 102
323 131
323 146
323 169
323 255
323 314
323 435
324 13
324 25
324 97
324 171
324 245
324 342
324 498
325 229
325 293
325 359
325 439
325 481
325 492
325 498
326 13
326 121
326 152
326 210
326 233
326 423
326 459
327 39
327 74
327 196
327 390
327 412
327 487
327 494
328 32
328 223
328 310
328 320
328 362
328 461
328 475
329 19
329 29
329 221
329 223
329 225
329 425
329 498
330 16
330 199
330 236
330 332
330 383
330 444
330 454
331 69
331 82
331 155
331 181
331 361
331 368
331 383
332 212
332 330
332 406
332 418
332 424
332 426
332 476
333 156
333 177
333 256
333 382
333 454
333 479
333 484
334 142
334 290
334 389
334 416
334 461
334 483
334 496
335 181
335 200
335 368
335 390
335 438
335 444
335 490
336 146
336 265
336 313
336 354
336 420
336 475
336 481
337 26
337 165
337 410
337 448
337 482
337 492
337 500
338 103
338 131
338 301
338 312
338 364
338 367
338 497
339 180
339 199
339 270
339 341
339 348
339 387
339 495
340 81
340 83
340 114
340 134
340 194
340 249
340 254
340 452
341 1
341 5
341 159
341 185
341 232
341 233
341 339
341 401
342 178
342 274
342 289
342 307
342 324
342 405
342 449
342 486
343 3
343 59
343 66
343 116
343 273
343 389
343 455
343 480
344 109
344 115
344 149
344 166
344 189
344 348
344 385
344 472
345 12
345 167
345 193
345 383
345 389
345 413
345 454
345 491
346 183
346 229
346 271
346 358
346 369
346 442
346 492
346 494
347 13
347 47
347 229
347 256
347 349
347 413
347 429
347 459
348 29
348 241
348 339
348 344
348 361
348 400
348 457
348 478
349 28
349 96
349 122
349 197
349 297
349 347
349 417
349 476
350 99
350 148
350 172
350 175
350 207
350 249
350 285
350 490
351 65
351 70
351 170
351 193
351 196
351 438
351 469
351 494
352 3
352 208
352 224
352 240
352 298
352 363
352 372
352 449
353 11
353 129
353 162
353 194
353 220
353 312
353 427
353 498
354 255
354 304
354 336
354 370
354 431
354 453
354 456
354 481
355 4
355 133
355 258
355 290
355 296
355 434
355 486
355 491
356 203
356 216
356 402
356 436
356 444
356 487
356 492
356 500
357 34
357 37
357 151
357 181
357 275
357 372
357 401
357 413
358 69
358 346
358 373
358 414
358 449
358 451
358 492
358 494
359 12
359 140
359 196
359 325
359 413
359 481
359 482
359 495
360 10
360 65
360 114
360 234
360 363
360 411
360 477
360 494
361 9
361 59
361 267
361 286
361 301
361 331
361 348
361 500
362 57
362 202
362 288
362 328
362 376
362 388
362 436
362 483
363 32
363 127
363 155
363 179
363 352
363 360
363 396
363 461
364 121
364 220
364 240
364 242
364 283
364 286
364 338
364 474
365 131
365 257
365 375
365 376
365 384
365 422
365 450
365 500
366 176
366 368
366 383
366 415
366 425
366 489
366 490
366 497
367 51
367 175
367 197
367 303
367 338
367 394
367 428
367 457
368 67
368 71
368 133
368 234
368 286
368 331
368 335
368 366
369 23
369 104
369 127
369 140
369 191
369 274
369 346
369 492
370 163
370 198
370 354
370 381
370 399
370 409
370 427
370 500
371 62
371 88
371 107
371 167
371 246
371 260
371 281
371 484
372 108
372 118
372 124
372 132
372 287
372 352
372 357
372 380
373 51
373 116
373 220
373 308
373 358
373 375
373 378
373 464
374 98
374 118
374 201
374 295
374 315
374 398
374 458
374 462
375 62
375 203
375 263
375 365
375 373
375 405
375 422
375 465
376 135
376 362
376 365
376 381
376 396
376 404
376 447
376 471
377 55
377 71
377 131
377 162
377 170
377 235
377 397
377 400
378 72
378 124
378 207
378 231
378 308
378 373
378 466
378 471
379 65
379 161
379 174
379 299
379 381
379 407
379 450
379 456
380 172
380 186
380 204
380 319
380 372
380 433
380 457
380 474
381 163
381 295
381 319
381 370
381 376
381 379
381 407
381 431
382 147
382 151
382 222
382 292
382 312
382 333
382 426
382 442
382 487
383 31
383 258
383 330
383 331
383 345
383 366
383 395
383 435
383 454
384 154
384 195
384 223
384 322
384 365
384 420
384 455
384 475
384 500
385 79
385 128
385 189
385 224
385 258
385 284
385 297
385 344
385 448
386 17
386 31
386 64
386 79
386 154
386 255
386 309
386 447
386 472
387 12
387 137
387 152
387 288
387 298
387 339
387 417
387 423
387 470
388 14
388 73
388 120
388 147
388 222
388 282
388 362
388 390
388 404
389 57
389 177
389 236
389 276
389 334
389 343
389 345
389 397
389 416
390 218
390 307
390 327
390 335
390 388
390 395
390 404
390 411
390 433
391 39
391 107
391 241
391 260
391 314
391 318
391 399
391 462
391 485
392 37
392 61
392 190
392 201
392 321
392 399
392 440
392 453
392 458
393 38
393 105
393 138
393 287
393 407
393 410
393 421
393 463
393 490
394 40
394 75
394 197
394 206
394 297
394 367
394 428
394 443
394 471
395 51
395 199
395 216
395 259
395 298
395 383
395 390
395 434
395 435
396 24
396 76
396 91
396 302
396 363
396 376
396 402
396 476
396 494
397 168
397 320
397 377
397 389
397 398
397 445
397 489
397 496
397 497
398 45
398 63
398 93
398 305
398 321
398 374
398 397
398 407
398 462
399 37
399 66
399 220
399 305
399 370
399 391
399 392
399 406
399 408
400 178
400 228
400 248
400 348
400 377
400 430
400 448
400 485
400 495
401 56
401 72
401 110
401 275
401 341
401 357
401 407
401 411
401 413
402 19
402 34
402 54
402 87
402 356
402 396
402 412
402 469
402 496
403 120
403 170
403 177
403 211
403 411
403 465
403 471
403 488
403 491
404 103
404 209
404 225
404 273
404 376
404 388
404 390
404 412
404 478
405 3
405 67
405 261
405 290
405 342
405 375
405 415
405 434
405 486
406 22
406 30
406 176
406 294
406 312
406 313
406 332
406 399
406 441
407 193
407 300
407 379
407 381
407 393
407 398
407 401
407 421
407 488
408 48
408 65
408 169
408 175
408 399
408 457
408 463
408 482
408 487
409 32
409 79
409 96
409 198
409 309
409 370
409 447
409 482
409 486
410 231
410 233
410 322
410 337
410 393
410 469
410 475
410 493
410 500
411 6
411 277
411 303
411 360
411 390
411 401
411 403
411 418
411 468
412 15
412 85
412 159
412 327
412 402
412 404
412 446
412 471
412 472
413 74
413 84
413 345
413 347
413 357
413 359
413 401
413 415
413 429
414 20
414 35
414 81
414 152
414 153
414 358
414 449
414 492
414 494
415 72
415 102
415 104
415 244
415 366
415 405
415 413
415 419
415 459
416 210
416 276
416 285
416 317
416 318
416 334
416 389
416 447
416 453
417 96
417 159
417 224
417 349
417 387
417 421
417 433
417 469
417 493
418 15
418 16
418 19
418 40
418 48
418 254
418 332
418 411
418 422
418 471
419 33
419 129
419 143
419 144
419 288
419 292
419 415
419 430
419 449
419 494
420 23
420 117
420 120
420 194
420 301
420 336
420 384
420 436
420 437
420 493
421 43
421 190
421 193
421 265
421 393
421 407
421 417
421 424
421 450
421 455
422 62
422 72
422 215
422 274
422 282
422 365
422 375
422 418
422 473
422 478
423 137
423 219
423 293
423 299
423 326
423 387
423 428
423 438
423 492
423 498
424 70
424 247
424 253
424 297
424 332
424 421
424 447
424 463
424 465
424 500
425 43
425 112
425 190
425 218
425 229
425 240
425 272
425 329
425 366
425 474
426 9
426 37
426 136
426 143
426 205
426 316
426 332
426 382
426 437
426 490
427 6
427 32
427 85
427 112
427 278
427 293
427 353
427 370
427 440
427 466
428 10
428 22
428 52
428 197
428 367
428 394
428 423
428 429
428 459
428 474
429 7
429 50
429 181
429 209
429 263
429 280
429 347
429 413
429 428
429 468
430 39
430 142
430 196
430 251
430 318
430 319
430 400
430 419
430 452
430 470
431 45
431 200
431 269
431 304
431 354
431 381
431 436
431 453
431 465
431 495
432 101
432 108
432 138
432 146
432 165
432 306
432 453
432 454
432 483
432 490
433 36
433 188
433 214
433 256
433 302
433 316
433 318
433 380
433 390
433 417
434 4
434 10
434 110
434 128
434 169
434 177
434 355
434 395
434 405
434 446
435 54
435 77
435 83
435 184
435 194
435 228
435 282
435 285
435 323
435 383
435 395
436 35
436 132
436 179
436 234
436 252
436 356
436 362
436 420
436 431
436 452
436 491
437 47
437 55
437 64
437 85
437 179
437 276
437 420
437 426
437 442
437 475
437 492
438 111
438 178
438 201
438 235
438 335
438 351
438 423
438 469
438 476
438 479
438 488
439 23
439 24
439 36
439 57
439 140
439 211
439 233
439 249
439 325
439 481
439 482
440 47
440 138
440 188
440 237
440 278
440 280
440 298
440 392
440 427
440 459
440 466
441 100
441 106
441 165
441 273
441 287
441 406
441 460
441 463
441 483
441 496
441 497
442 137
442 229
442 242
442 251
442 269
442 292
442 346
442 382
442 437
442 485
442 498
443 7
443 186
443 189
443 203
443 230
443 292
443 394
443 457
443 467
443 483
443 499
444 28
444 70
444 153
444 231
444 251
444 330
444 335
444 356
444 456
444 462
444 485
445 10
445 93
445 117
445 245
445 247
445 263
445 397
445 448
445 466
445 475
445 489
446 4
446 66
446 190
446 201
446 211
446 277
446 412
446 434
446 453
446 468
446 471
447 168
447 181
447 260
447 309
447 376
447 386
447 409
447 416
447 424
447 455
447 462
448 5
448 48
448 116
448 158
448 236
448 303
448 317
448 337
448 385
448 400
448 445
449 279
449 288
449 319
449 342
449 352
449 358
449 414
449 419
449 482
449 485
449 494
450 49
450 50
450 125
450 126
450 174
450 312
450 319
450 365
450 379
450 421
450 464
451 69
451 94
451 192
451 204
451 262
451 307
451 311
451 358
451 457
451 469
451 500
452 91
452 194
452 206
452 234
452 248
452 287
452 340
452 430
452 436
452 489
452 493
453 1
453 28
453 45
453 99
453 278
453 304
453 354
453 392
453 416
453 431
453 432
453 446
454 59
454 91
454 167
454 219
454 236
454 286
454 317
454 330
454 333
454 345
454 383
454 432
455 60
455 154
455 198
455 302
455 322
455 343
455 384
455 421
455 447
455 457
455 460
455 483
456 17
456 78
456 130
456 182
456 284
456 321
456 354
456 379
456 444
456 484
456 485
456 498
457 237
457 269
457 303
457 348
457 367
457 380
457 408
457 443
457 451
457 455
457 467
457 470
458 46
458 98
458 125
458 145
458 202
458 207
458 226
458 249
458 268
458 286
458 374
458 392
459 10
459 58
459 61
459 119
459 173
459 272
459 317
459 326
459 347
459 415
459 428
459 440
460 61
460 198
460 223
460 227
460 251
460 281
460 308
460 322
460 441
460 455
460 470
460 481
461 43
461 46
461 109
461 117
461 188
461 212
461 270
461 306
461 310
461 328
461 334
461 363
462 11
462 14
462 63
462 160
462 294
462 318
462 374
462 391
462 398
462 444
462 447
462 499
463 29
463 67
463 158
463 267
463 321
463 393
463 408
463 424
463 441
463 467
463 479
463 484
464 26
464 188
464 221
464 250
464 308
464 310
464 373
464 450
464 472
464 477
464 491
464 500
465 58
465 86
465 129
465 201
465 245
465 375
465 403
465 424
465 431
465 477
465 484
465 490
465 491
466 35
466 107
466 159
466 239
466 278
466 298
466 300
466 311
466 378
466 427
466 440
466 445
466 478
467 12
467 71
467 95
467 205
467 241
467 303
467 306
467 320
467 443
467 457
467 463
467 484
467 487
468 53
468 55
468 85
468 103
468 162
468 212
468 218
468 277
468 411
468 429
468 446
468 471
468 477
469 27
469 70
469 84
469 89
469 158
469 219
469 279
469 351
469 402
469 410
469 417
469 438
469 451
470 7
470 15
470 19
470 75
470 126
470 212
470 213
470 280
470 292
470 387
470 430
470 457
470 460
471 62
471 98
471 123
471 216
471 376
471 378
471 394
471 403
471 412
471 418
471 446
471 468
471 482
472 36
472 61
472 112
472 195
472 207
472 213
472 264
472 295
472 344
472 386
472 412
472 464
472 497
473 18
473 38
473 40
473 52
473 121
473 123
473 171
473 183
473 189
473 235
473 266
473 422
473 493
474 132
474 147
474 151
474 196
474 295
474 297
474 364
474 380
474 425
474 428
474 477
474 482
474 483
475 14
475 46
475 166
475 176
475 271
475 328
475 336
475 384
475 410
475 437
475 445
475 477
475 489
475 496
476 86
476 89
476 111
476 170
476 223
476 228
476 245
476 252
476 254
476 279
476 332
476 349
476 396
476 438
477 49
477 208
477 211
477 220
477 235
477 301
477 315
477 320
477 360
477 464
477 465
477 468
477 474
477 475
478 15
478 54
478 101
478 126
478 237
478 241
478 348
478 404
478 422
478 466
478 479
478 480
478 487
478 488
479 13
479 33
479 111
479 113
479 169
479 186
479 189
479 214
479 314
479 333
479 438
479 463
479 478
479 499
480 16
480 23
480 59
480 68
480 90
480 92
480 128
480 131
480 177
480 243
480 290
480 343
480 478
480 500
481 51
481 74
481 80
481 120
481 149
481 156
481 178
481 179
481 325
481 336
481 354
481 359
481 439
481 460
482 51
482 74
482 156
482 171
482 248
482 296
482 337
482 359
482 408
482 409
482 439
482 449
482 471
482 474
483 93
483 108
483 202
483 207
483 209
483 245
483 277
483 294
483 334
483 362
483 432
483 441
483 443
483 455
483 474
484 28
484 97
484 132
484 206
484 225
484 257
484 333
484 371
484 456
484 463
484 465
484 467
484 485
484 486
484 487
485 39
485 50
485 164
485 261
485 267
485 269
485 391
485 400
485 442
485 444
485 449
485 456
485 484
485 495
485 498
486 7
486 40
486 81
486 88
486 188
486 192
486 246
486 266
486 322
486 342
486 355
486 405
486 409
486 484
486 499
487 12
487 14
487 69
487 90
487 180
487 213
487 240
487 269
487 327
487 356
487 382
487 408
487 467
487 478
487 484
488 82
488 86
488 87
488 119
488 182
488 210
488 216
488 243
488 245
488 300
488 313
488 403
488 407
488 438
488 478
489 58
489 64
489 126
489 173
489 180
489 208
489 294
489 302
489 366
489 397
489 445
489 452
489 475
489 495
489 496
489 497
490 2
490 57
490 93
490 101
490 105
490 119
490 156
490 236
490 306
490 335
490 350
490 366
490 393
490 426
490 432
490 465
491 60
491 129
491 162
491 164
491 168
491 192
491 281
491 283
491 300
491 313
491 345
491 355
491 403
491 436
491 464
491 465
492 20
492 55
492 64
492 215
492 229
492 258
492 325
492 337
492 346
492 356
492 358
492 369
492 414
492 423
492 437
492 497
493 81
493 92
493 120
493 176
493 226
493 234
493 248
493 252
493 299
493 309
493 410
493 417
493 420
493 452
493 473
493 498
493 500
494 100
494 102
494 148
494 163
494 166
494 237
494 271
494 288
494 314
494 327
494 346
494 351
494 358
494 360
494 396
494 414
494 419
494 449
495 21
495 34
495 47
495 180
495 210
495 219
495 225
495 227
495 238
495 257
495 274
495 316
495 339
495 359
495 400
495 431
495 485
495 489
496 42
496 46
496 92
496 97
496 136
496 146
496 257
496 264
496 291
496 319
496 334
496 397
496 402
496 441
496 475
496 489
496 497
496 500
497 97
497 100
497 101
497 122
497 130
497 163
497 184
497 209
497 305
497 338
497 366
497 397
497 441
497 472
497 489
497 492
497 496
497 498
498 25
498 55
498 67
498 79
498 96
498 128
498 184
498 225
498 307
498 324
498 325
498 329
498 353
498 423
498 442
498 456
498 485
498 493
498 497
499 44
499 52
499 127
499 150
499 161
499 182
499 195
499 228
499 230
499 232
499 236
499 244
499 261
499 263
499 293
499 311
499 443
499 462
499 479
499 486
500 44
500 117
500 175
500 203
500 221
500 264
500 311
500 337
500 356
500 361
500 365
500 370
500 384
500 410
500 424
500 451
500 464
500 480
500 493
500 496
