1 246
1 408
1 421
1 445
1 490
2 449
2 462
2 471
2 482
2 491
3 250
3 350
3 448
3 479
3 490
4 113
4 196
4 382
4 438
4 464
5 197
5 439
5 451
5 466
5 486
6 273
6 311
6 417
6 431
7 8
7 131
7 215
7 233
7 313
8 7
8 181
8 348
8 451
8 487
9 311
9 325
9 460
9 468
9 494
10 174
10 298
10 337
10 363
10 467
11 83
11 243
11 365
11 441
11 493
12 148
12 204
12 330
12 341
12 410
13 44
13 263
13 365
13 414
13 465
14 48
14 436
14 474
14 484
14 485
15 113
15 220
15 471
15 481
15 498
16 102
16 141
16 213
16 335
16 493
17 109
17 345
17 407
17 437
17 499
18 37
18 200
18 450
18 478
18 483
19 149
19 169
19 304
19 323
19 499
20 133
20 210
20 329
20 369
20 408
21 157
21 192
21 260
21 278
21 413
22 43
22 47
22 300
22 334
22 346
23 37
23 111
23 235
23 347
23 449
24 64
24 165
24 415
24 452
24 483
25 66
25 321
25 364
25 438
25 483
26 175
26 241
26 346
26 406
26 495
27 118
27 159
27 381
27 445
27 447
28 45
28 134
28 226
28 315
28 462
29 80
29 218
29 411
29 432
29 485
30 104
30 338
30 407
30 457
30 482
31 203
31 289
31 381
31 418
31 484
32 153
32 257
32 438
32 474
32 484
33 111
33 296
33 335
33 425
33 462
34 50
34 242
34 311
34 395
34 463
35 177
35 188
35 189
35 441
35 457
36 69
36 343
36 419
36 464
36 473
37 18
37 23
37 267
37 270
37 475
38 191
38 255
38 269
38 375
38 492
39 197
39 272
39 286
39 375
39 428
40 185
40 306
40 408
40 475
40 492
41 184
41 339
41 388
41 488
41 492
42 52
42 147
42 345
42 459
42 468
43 22
43 79
43 240
43 424
43 456
44 13
44 333
44 366
44 406
44 427
45 28
45 94
45 268
45 431
45 440
46 63
46 331
46 332
46 456
46 494
47 22
47 299
47 307
47 354
47 368
48 14
48 104
48 312
48 485
48 498
49 264
49 337
49 397
49 421
49 498
50 34
50 65
50 129
50 222
50 484
51 154
51 179
51 324
51 491
51 498
52 42
52 179
52 191
52 353
52 411
53 209
53 241
53 319
53 342
53 386
54 96
54 318
54 380
54 443
54 453
55 137
55 272
55 288
55 350
55 396
56 57
56 236
56 297
56 319
56 378
57 56
57 243
57 262
57 411
57 442
58 76
58 182
58 326
58 404
58 486
59 233
59 313
59 445
59 447
59 482
60 220
60 224
60 446
60 490
60 493
61 314
61 324
61 443
61 466
61 487
62 117
62 227
62 272
62 414
62 465
63 46
63 126
63 212
63 268
63 472
64 24
64 285
64 288
64 399
64 498
65 50
65 114
65 256
65 380
65 405
66 25
66 200
66 211
66 339
66 475
67 330
67 339
67 411
67 422
67 496
68 239
68 281
68 396
68 487
68 493
69 36
69 312
69 409
69 415
69 436
70 80
70 158
70 259
70 279
70 448
71 95
71 245
71 303
71 411
71 457
72 247
72 341
72 349
72 386
72 474
73 116
73 155
73 223
73 359
73 419
74 126
74 145
74 326
74 352
74 486
75 124
75 344
75 398
75 439
75 488
76 58
76 118
76 364
76 432
76 494
77 270
77 334
77 417
77 426
77 482
78 171
78 364
78 396
78 450
78 478
79 43
79 125
79 363
79 425
79 446
80 29
80 70
80 201
80 266
80 474
81 142
81 370
81 400
81 435
81 496
82 86
82 277
82 342
82 486
82 500
83 11
83 268
83 304
83 334
83 422
84 125
84 394
84 395
84 419
84 467
85 88
85 255
85 324
85 415
85 426
86 82
86 207
86 234
86 355
86 442
87 103
87 271
87 434
87 453
87 486
88 85
88 99
88 159
88 200
88 478
89 101
89 292
89 423
89 455
89 494
90 176
90 361
90 395
90 396
90 422
91 98
91 367
91 383
91 467
91 473
92 226
92 268
92 409
92 430
92 488
93 244
93 282
93 377
93 432
93 434
94 45
94 205
94 456
94 457
94 489
95 71
95 213
95 249
95 266
95 397
96 54
96 393
96 464
96 475
96 481
97 248
97 322
97 374
97 408
97 486
98 91
98 251
98 261
98 484
98 498
99 88
99 180
99 205
99 335
99 399
100 148
100 161
100 315
100 389
100 497
101 89
101 363
101 436
101 478
101 485
102 16
102 126
102 173
102 468
102 495
103 87
103 347
103 365
103 487
103 493
104 30
104 48
104 133
104 439
104 469
105 338
105 339
105 343
105 420
105 457
106 352
106 381
106 474
106 483
106 496
107 186
107 371
107 394
107 413
107 451
108 162
108 411
108 458
108 468
108 491
109 17
109 394
109 399
109 417
109 492
110 216
110 355
110 395
110 431
110 494
111 23
111 33
111 208
111 316
111 451
112 247
112 387
112 404
112 433
112 440
113 4
113 15
113 271
113 294
113 413
114 65
114 168
114 172
114 489
114 492
115 122
115 230
115 415
115 425
115 478
116 73
116 128
116 185
116 259
116 374
117 62
117 317
117 454
117 458
117 482
118 27
118 76
118 299
118 320
118 388
119 285
119 360
119 362
119 392
119 490
120 203
120 302
120 457
120 463
120 472
121 335
121 392
121 453
121 477
121 487
122 115
122 156
122 236
122 375
122 478
123 231
123 393
123 401
123 426
123 443
124 75
124 182
124 212
124 283
124 480
125 79
125 84
125 201
125 308
125 458
126 63
126 74
126 102
126 368
126 446
127 244
127 286
127 451
127 470
127 485
128 116
128 271
128 335
128 464
128 482
129 50
129 138
129 252
129 308
129 499
130 222
130 322
130 465
130 485
130 489
131 7
131 201
131 293
131 359
131 436
132 351
132 424
132 433
132 439
132 479
133 20
133 104
133 354
133 412
133 467
134 28
134 254
134 288
134 296
134 402
135 266
135 390
135 419
135 445
135 464
136 347
136 431
136 446
136 475
136 491
137 55
137 264
137 393
137 408
137 470
138 129
138 259
138 461
138 466
138 468
139 287
139 411
139 480
139 482
139 499
140 180
140 187
140 231
140 270
140 381
141 16
141 174
141 394
141 430
141 470
142 81
142 264
142 442
142 469
142 484
143 169
143 290
143 306
143 348
143 384
144 189
144 362
144 402
144 428
144 434
145 74
145 176
145 240
145 321
145 459
146 399
146 414
146 435
146 485
146 497
147 42
147 225
147 288
147 441
147 481
148 12
148 100
148 239
148 475
148 499
149 19
149 226
149 286
149 467
149 478
150 258
150 360
150 485
150 486
150 492
151 322
151 323
151 352
151 420
151 465
152 189
152 419
152 486
152 489
152 496
153 32
153 338
153 388
153 443
153 487
154 51
154 418
154 428
154 451
154 491
155 73
155 221
155 391
155 453
155 481
156 122
156 240
156 273
156 344
156 484
157 21
157 236
157 249
157 253
157 327
158 70
158 208
158 340
158 400
158 435
159 27
159 88
159 228
159 229
159 261
160 364
160 391
160 478
160 491
160 497
161 100
161 274
161 319
161 383
161 414
162 108
162 232
162 245
162 391
162 484
163 206
163 253
163 440
163 467
163 499
164 182
164 372
164 483
164 487
164 494
165 24
165 235
165 245
165 422
165 480
166 193
166 199
166 257
166 474
166 490
167 217
167 219
167 331
167 428
167 452
168 114
168 199
168 313
168 382
168 476
169 19
169 143
169 261
169 397
169 469
170 285
170 347
170 412
170 449
170 468
170 496
171 78
171 190
171 446
171 460
171 482
171 490
172 114
172 179
172 314
172 340
172 463
172 467
173 102
173 377
173 378
173 421
173 442
173 478
174 10
174 141
174 186
174 225
174 304
174 322
175 26
175 234
175 307
175 310
175 405
175 439
176 90
176 145
176 302
176 356
176 382
176 459
177 35
177 246
177 373
177 403
177 454
177 477
178 243
178 305
178 339
178 376
178 440
178 456
179 51
179 52
179 172
179 291
179 382
179 434
180 99
180 140
180 414
180 417
180 460
180 483
181 8
181 238
181 255
181 324
181 479
181 497
182 58
182 124
182 164
182 209
182 479
182 490
183 247
183 284
183 425
183 449
183 452
183 493
184 41
184 257
184 322
184 324
184 487
184 489
185 40
185 116
185 217
185 404
185 416
185 446
186 107
186 174
186 329
186 390
186 425
186 468
187 140
187 206
187 259
187 423
187 468
187 488
188 35
188 258
188 295
188 376
188 428
188 498
189 35
189 144
189 152
189 198
189 463
189 479
190 171
190 221
190 371
190 420
190 431
190 459
191 38
191 52
191 313
191 345
191 437
191 448
192 21
192 270
192 320
192 429
192 455
192 477
193 166
193 344
193 380
193 439
193 441
193 455
194 204
194 207
194 277
194 336
194 461
194 470
195 394
195 435
195 452
195 476
195 478
195 498
196 4
196 198
196 372
196 382
196 447
196 480
197 5
197 39
197 306
197 391
197 469
197 489
198 189
198 196
198 407
198 422
198 467
198 481
199 166
199 168
199 360
199 400
199 492
199 497
200 18
200 66
200 88
200 283
200 475
200 485
201 80
201 125
201 131
201 282
201 351
201 379
202 232
202 274
202 292
202 318
202 426
202 489
203 31
203 120
203 240
203 298
203 405
203 458
204 12
204 194
204 205
204 341
204 460
204 470
205 94
205 99
205 204
205 223
205 294
205 479
206 163
206 187
206 311
206 389
206 430
206 499
207 86
207 194
207 300
207 342
207 488
207 491
208 111
208 158
208 293
208 322
208 328
208 438
209 53
209 182
209 262
209 465
209 491
209 498
210 20
210 302
210 323
210 368
210 418
210 464
211 66
211 219
211 416
211 461
211 464
211 495
212 63
212 124
212 222
212 357
212 362
212 486
213 16
213 95
213 218
213 269
213 445
213 480
214 290
214 328
214 333
214 383
214 409
214 462
215 7
215 291
215 437
215 463
215 476
215 499
216 110
216 244
216 271
216 317
216 416
216 473
217 167
217 185
217 224
217 293
217 429
217 479
218 29
218 213
218 361
218 417
218 460
218 483
219 167
219 211
219 282
219 293
219 471
219 499
220 15
220 60
220 230
220 367
220 431
220 473
221 155
221 190
221 342
221 346
221 444
221 471
222 50
222 130
222 212
222 358
222 413
222 477
223 73
223 205
223 296
223 365
223 423
223 484
224 60
224 217
224 230
224 282
224 462
224 492
225 147
225 174
225 278
225 312
225 358
225 422
226 28
226 92
226 149
226 488
226 491
226 498
227 62
227 229
227 235
227 329
227 443
227 475
228 159
228 244
228 355
228 408
228 444
228 475
229 159
229 227
229 234
229 372
229 405
229 448
230 115
230 220
230 224
230 372
230 398
230 457
231 123
231 140
231 297
231 409
231 476
231 483
232 162
232 202
232 369
232 390
232 429
232 494
233 7
233 59
233 262
233 297
233 372
233 374
234 86
234 175
234 229
234 413
234 415
234 435
235 23
235 165
235 227
235 259
235 401
235 413
236 56
236 122
236 157
236 415
236 423
236 491
237 294
237 327
237 361
237 395
237 445
237 449
238 181
238 244
238 292
238 333
238 352
238 480
239 68
239 148
239 301
239 351
239 458
239 470
240 43
240 145
240 156
240 203
240 258
240 480
241 26
241 53
241 362
241 410
241 417
241 500
242 34
242 251
242 323
242 337
242 363
242 378
243 11
243 57
243 178
243 301
243 371
243 425
244 93
244 127
244 216
244 228
244 238
244 481
245 71
245 162
245 165
245 423
245 453
245 495
246 1
246 177
246 289
246 365
246 404
246 467
247 72
247 112
247 183
247 383
247 398
247 410
248 97
248 293
248 316
248 354
248 472
248 486
249 95
249 157
249 338
249 426
249 466
249 474
250 3
250 297
250 390
250 392
250 484
250 495
251 98
251 242
251 289
251 433
251 447
251 479
252 129
252 320
252 406
252 410
252 472
252 481
253 157
253 163
253 351
253 379
253 416
253 500
254 134
254 265
254 327
254 346
254 425
254 430
254 450
255 38
255 85
255 181
255 278
255 288
255 364
255 477
256 65
256 258
256 277
256 302
256 352
256 462
256 474
257 32
257 166
257 184
257 283
257 316
257 442
257 500
258 150
258 188
258 240
258 256
258 372
258 469
258 477
259 70
259 116
259 138
259 187
259 235
259 421
259 448
260 21
260 421
260 431
260 437
260 490
260 495
260 497
261 98
261 159
261 169
261 312
261 314
261 469
261 500
262 57
262 209
262 233
262 310
262 424
262 455
262 491
263 13
263 270
263 353
263 360
263 448
263 463
263 483
264 49
264 137
264 142
264 357
264 370
264 408
264 442
265 254
265 279
265 318
265 324
265 333
265 421
265 455
266 80
266 95
266 135
266 320
266 330
266 332
266 443
267 37
267 361
267 366
267 383
267 410
267 431
267 490
268 45
268 63
268 83
268 92
268 271
268 285
268 432
269 38
269 213
269 333
269 363
269 366
269 461
269 481
270 37
270 77
270 140
270 192
270 263
270 341
270 401
271 87
271 113
271 128
271 216
271 268
271 280
271 492
272 39
272 55
272 62
272 383
272 414
272 430
272 443
273 6
273 156
273 337
273 374
273 406
273 427
273 478
274 161
274 202
274 309
274 317
274 451
274 460
274 474
275 276
275 304
275 313
275 386
275 411
275 418
275 489
276 275
276 290
276 295
276 360
276 417
276 459
276 496
277 82
277 194
277 256
277 386
277 394
277 427
277 452
278 21
278 225
278 255
278 296
278 432
278 437
278 496
279 70
279 265
279 326
279 356
279 379
279 468
279 475
280 271
280 281
280 384
280 405
280 426
280 444
280 500
281 68
281 280
281 355
281 402
281 405
281 481
281 497
282 93
282 201
282 219
282 224
282 287
282 397
282 459
283 124
283 200
283 257
283 325
283 392
283 489
283 491
284 183
284 421
284 472
284 473
284 488
284 490
284 492
285 64
285 119
285 170
285 268
285 299
285 474
285 476
286 39
286 127
286 149
286 344
286 425
286 468
286 479
287 139
287 282
287 317
287 336
287 362
287 433
287 482
288 55
288 64
288 134
288 147
288 255
288 446
288 488
289 31
289 246
289 251
289 353
289 405
289 486
289 499
290 143
290 214
290 276
290 295
290 340
290 380
290 450
291 179
291 215
291 373
291 454
291 465
291 480
291 488
292 89
292 202
292 238
292 424
292 426
292 463
292 471
293 131
293 208
293 217
293 219
293 248
293 387
293 470
294 113
294 205
294 237
294 319
294 328
294 385
294 485
295 188
295 276
295 290
295 306
295 398
295 424
295 442
296 33
296 134
296 223
296 278
296 466
296 480
296 483
297 56
297 231
297 233
297 250
297 378
297 423
297 469
298 10
298 203
298 300
298 373
298 466
298 469
298 482
299 47
299 118
299 285
299 325
299 402
299 412
299 441
300 22
300 207
300 298
300 384
300 428
300 493
300 495
301 239
301 243
301 362
301 370
301 458
301 488
301 492
302 120
302 176
302 210
302 256
302 356
302 429
302 471
303 71
303 396
303 409
303 460
303 467
303 479
303 500
304 19
304 83
304 174
304 275
304 309
304 387
304 444
305 178
305 315
305 336
305 409
305 444
305 464
305 495
306 40
306 143
306 197
306 295
306 395
306 435
306 472
307 47
307 175
307 359
307 407
307 412
307 420
307 455
308 125
308 129
308 353
308 403
308 409
308 432
308 441
309 274
309 304
309 328
309 342
309 401
309 419
309 454
310 175
310 262
310 353
310 446
310 462
310 478
310 479
311 6
311 9
311 34
311 206
311 329
311 417
311 489
312 48
312 69
312 225
312 261
312 402
312 454
312 476
313 7
313 59
313 168
313 191
313 275
313 384
313 424
314 61
314 172
314 261
314 351
314 455
314 470
314 472
315 28
315 100
315 305
315 364
315 462
315 467
315 482
316 111
316 248
316 257
316 325
316 340
316 425
316 477
317 117
317 216
317 274
317 287
317 332
317 388
317 459
318 54
318 202
318 265
318 343
318 401
318 414
318 420
319 53
319 56
319 161
319 294
319 447
319 476
319 482
320 118
320 192
320 252
320 266
320 459
320 465
320 485
321 25
321 145
321 329
321 393
321 430
321 433
321 434
321 449
322 97
322 130
322 151
322 174
322 184
322 208
322 428
322 452
323 19
323 151
323 210
323 242
323 414
323 429
323 458
323 493
324 51
324 61
324 85
324 181
324 184
324 265
324 386
324 455
325 9
325 283
325 299
325 316
325 415
325 443
325 461
325 488
326 58
326 74
326 279
326 359
326 375
326 388
326 395
326 437
327 157
327 237
327 254
327 338
327 391
327 400
327 458
327 465
328 208
328 214
328 294
328 309
328 389
328 446
328 465
328 497
329 20
329 186
329 227
329 311
329 321
329 466
329 479
329 489
330 12
330 67
330 266
330 349
330 419
330 420
330 430
330 500
331 46
331 167
331 362
331 400
331 413
331 414
331 442
331 460
332 46
332 266
332 317
332 376
332 380
332 411
332 464
332 478
333 44
333 214
333 238
333 265
333 269
333 338
333 368
333 374
334 22
334 77
334 83
334 357
334 385
334 393
334 487
334 490
335 16
335 33
335 99
335 121
335 128
335 370
335 450
335 461
336 194
336 287
336 305
336 388
336 392
336 426
336 436
336 454
337 10
337 49
337 242
337 273
337 434
337 461
337 465
337 476
338 30
338 105
338 153
338 249
338 327
338 333
338 474
338 481
339 41
339 66
339 67
339 105
339 178
339 363
339 370
339 466
340 158
340 172
340 290
340 316
340 382
340 385
340 453
340 481
341 12
341 72
341 204
341 270
341 452
341 469
341 474
341 479
342 53
342 82
342 207
342 221
342 309
342 362
342 367
342 402
343 36
343 105
343 318
343 386
343 391
343 435
343 440
343 493
344 75
344 156
344 193
344 286
344 376
344 382
344 396
344 465
345 17
345 42
345 191
345 357
345 402
345 427
345 468
345 493
346 22
346 26
346 221
346 254
346 350
346 390
346 401
346 412
347 23
347 103
347 136
347 170
347 357
347 390
347 415
347 436
348 8
348 143
348 371
348 372
348 374
348 378
348 418
348 492
349 72
349 330
349 350
349 403
349 444
349 481
349 491
349 500
350 3
350 55
350 346
350 349
350 368
350 453
350 471
350 473
351 132
351 201
351 239
351 253
351 314
351 353
351 422
351 444
352 74
352 106
352 151
352 238
352 256
352 386
352 423
352 447
352 494
353 52
353 263
353 289
353 308
353 310
353 351
353 366
353 407
354 47
354 133
354 248
354 393
354 453
354 469
354 473
354 500
355 86
355 110
355 228
355 281
355 359
355 404
355 475
355 494
356 176
356 279
356 302
356 367
356 392
356 424
356 436
356 462
357 212
357 264
357 334
357 345
357 347
357 435
357 456
357 478
358 222
358 225
358 375
358 381
358 382
358 400
358 440
358 477
359 73
359 131
359 307
359 326
359 355
359 393
359 464
359 486
360 119
360 150
360 199
360 263
360 276
360 365
360 389
360 392
360 444
361 90
361 218
361 237
361 267
361 400
361 439
361 452
361 472
361 479
362 119
362 144
362 212
362 241
362 287
362 301
362 331
362 342
362 492
363 10
363 79
363 101
363 242
363 269
363 339
363 388
363 461
363 465
364 25
364 76
364 78
364 160
364 255
364 315
364 461
364 462
364 484
365 11
365 13
365 103
365 223
365 246
365 360
365 380
365 441
365 498
366 44
366 267
366 269
366 353
366 377
366 427
366 436
366 461
366 494
366 499
367 91
367 220
367 342
367 356
367 368
367 471
367 480
367 485
367 494
368 47
368 126
368 210
368 333
368 350
368 367
368 463
368 468
368 500
369 20
369 232
369 403
369 420
369 437
369 438
369 447
369 459
369 493
370 81
370 264
370 301
370 335
370 339
370 474
370 482
370 488
370 492
371 107
371 190
371 243
371 348
371 376
371 387
371 413
371 456
371 464
372 164
372 196
372 229
372 230
372 233
372 258
372 348
372 384
372 460
373 177
373 291
373 298
373 384
373 409
373 432
373 460
373 468
373 493
374 97
374 116
374 233
374 273
374 333
374 348
374 389
374 430
374 449
374 450
375 38
375 39
375 122
375 326
375 358
375 376
375 446
375 472
375 486
376 178
376 188
376 332
376 344
376 371
376 375
376 387
376 396
376 453
377 93
377 173
377 366
377 426
377 432
377 439
377 451
377 471
377 496
378 56
378 173
378 242
378 297
378 348
378 391
378 403
378 445
378 495
379 201
379 253
379 279
379 428
379 438
379 460
379 461
379 495
379 496
380 54
380 65
380 193
380 290
380 332
380 365
380 442
380 476
380 477
381 27
381 31
381 106
381 140
381 358
381 391
381 403
381 408
381 411
382 4
382 168
382 176
382 179
382 196
382 340
382 344
382 358
382 447
383 91
383 161
383 214
383 247
383 267
383 272
383 416
383 458
383 500
384 143
384 280
384 300
384 313
384 372
384 373
384 385
384 430
384 494
385 294
385 334
385 340
385 384
385 425
385 426
385 465
385 491
385 500
386 53
386 72
386 275
386 277
386 324
386 343
386 352
386 396
386 476
387 112
387 293
387 304
387 371
387 376
387 450
387 458
387 490
387 493
388 41
388 118
388 153
388 317
388 326
388 336
388 363
388 423
388 467
389 100
389 206
389 328
389 360
389 374
389 441
389 459
389 484
389 494
390 135
390 186
390 232
390 250
390 346
390 347
390 423
390 443
390 473
391 155
391 160
391 162
391 197
391 327
391 343
391 378
391 381
391 475
392 119
392 121
392 250
392 283
392 336
392 356
392 360
392 394
392 478
392 498
393 96
393 123
393 137
393 321
393 334
393 354
393 359
393 394
393 418
393 460
394 84
394 107
394 109
394 141
394 195
394 277
394 392
394 393
394 401
394 407
395 34
395 84
395 90
395 110
395 237
395 306
395 326
395 433
395 462
395 496
396 55
396 68
396 78
396 90
396 303
396 344
396 376
396 386
396 471
396 481
397 49
397 95
397 169
397 282
397 399
397 421
397 427
397 458
397 474
397 479
398 75
398 230
398 247
398 295
398 403
398 405
398 410
398 430
398 438
398 499
399 64
399 99
399 109
399 146
399 397
399 409
399 427
399 443
399 446
399 487
400 81
400 158
400 199
400 327
400 331
400 358
400 361
400 404
400 450
400 475
401 123
401 235
401 270
401 309
401 318
401 346
401 394
401 402
401 421
401 472
402 134
402 144
402 281
402 299
402 312
402 342
402 345
402 401
402 456
402 469
403 177
403 308
403 349
403 369
403 378
403 381
403 398
403 450
403 456
403 465
404 58
404 112
404 185
404 246
404 355
404 400
404 431
404 455
404 479
404 495
405 65
405 175
405 203
405 229
405 280
405 281
405 289
405 398
405 415
405 478
406 26
406 44
406 252
406 273
406 410
406 418
406 452
406 472
406 479
406 497
407 17
407 30
407 198
407 307
407 353
407 394
407 434
407 448
407 482
407 484
407 493
408 1
408 20
408 40
408 97
408 137
408 228
408 264
408 381
408 433
408 493
408 500
409 69
409 92
409 214
409 231
409 303
409 305
409 308
409 373
409 399
409 462
409 500
410 12
410 241
410 247
410 252
410 267
410 398
410 406
410 460
410 468
410 481
410 483
411 29
411 52
411 57
411 67
411 71
411 108
411 139
411 275
411 332
411 381
411 432
412 133
412 170
412 299
412 307
412 346
412 436
412 468
412 478
412 484
412 485
412 496
413 21
413 107
413 113
413 222
413 234
413 235
413 331
413 371
413 422
413 451
413 492
414 13
414 62
414 146
414 161
414 180
414 272
414 318
414 323
414 331
414 490
414 498
415 24
415 69
415 85
415 115
415 234
415 236
415 325
415 347
415 405
415 462
415 491
416 185
416 211
416 216
416 253
416 383
416 429
416 435
416 440
416 447
416 452
416 456
417 6
417 77
417 109
417 180
417 218
417 241
417 276
417 311
417 419
417 435
417 453
418 31
418 154
418 210
418 275
418 348
418 393
418 406
418 428
418 480
418 489
418 497
419 36
419 73
419 84
419 135
419 152
419 309
419 330
419 417
419 421
419 431
419 472
420 105
420 151
420 190
420 307
420 318
420 330
420 369
420 424
420 483
420 484
420 486
421 1
421 49
421 173
421 259
421 260
421 265
421 284
421 397
421 401
421 419
421 449
422 67
422 83
422 90
422 165
422 198
422 225
422 351
422 413
422 452
422 495
422 496
423 89
423 187
423 223
423 236
423 245
423 297
423 352
423 388
423 390
423 428
423 473
424 43
424 132
424 262
424 292
424 295
424 313
424 356
424 420
424 443
424 463
424 472
425 33
425 79
425 115
425 183
425 186
425 243
425 254
425 286
425 316
425 385
425 433
426 77
426 85
426 123
426 202
426 249
426 280
426 292
426 336
426 377
426 385
426 482
427 44
427 273
427 277
427 345
427 366
427 397
427 399
427 460
427 480
427 497
427 498
428 39
428 144
428 154
428 167
428 188
428 300
428 322
428 379
428 418
428 423
428 463
428 497
429 192
429 217
429 232
429 302
429 323
429 416
429 434
429 437
429 438
429 466
429 492
429 496
430 92
430 141
430 206
430 254
430 272
430 321
430 330
430 374
430 384
430 398
430 433
430 466
431 6
431 45
431 110
431 136
431 190
431 220
431 260
431 267
431 404
431 419
431 440
431 442
432 29
432 76
432 93
432 268
432 278
432 308
432 373
432 377
432 411
432 440
432 441
432 473
433 112
433 132
433 251
433 287
433 321
433 395
433 408
433 425
433 430
433 490
433 497
433 499
434 87
434 93
434 144
434 179
434 321
434 337
434 407
434 429
434 436
434 447
434 470
434 487
435 81
435 146
435 158
435 195
435 234
435 306
435 343
435 357
435 416
435 417
435 471
435 473
436 14
436 69
436 101
436 131
436 336
436 347
436 356
436 366
436 412
436 434
436 438
436 496
437 17
437 191
437 215
437 260
437 278
437 326
437 369
437 429
437 447
437 459
437 471
437 496
438 4
438 25
438 32
438 208
438 369
438 379
438 398
438 429
438 436
438 457
438 484
438 498
439 5
439 75
439 104
439 132
439 175
439 193
439 361
439 377
439 477
439 483
439 485
439 495
440 45
440 112
440 163
440 178
440 343
440 358
440 416
440 431
440 432
440 455
440 467
440 500
441 11
441 35
441 147
441 193
441 299
441 308
441 365
441 389
441 432
441 445
441 452
441 461
441 500
442 57
442 86
442 142
442 173
442 257
442 264
442 295
442 331
442 380
442 431
442 445
442 457
442 480
443 54
443 61
443 123
443 153
443 227
443 266
443 272
443 325
443 390
443 399
443 424
443 466
443 470
444 221
444 228
444 280
444 304
444 305
444 349
444 351
444 360
444 466
444 469
444 480
444 488
444 494
445 1
445 27
445 59
445 135
445 213
445 237
445 378
445 441
445 442
445 459
445 466
445 477
445 497
446 60
446 79
446 126
446 136
446 171
446 185
446 288
446 310
446 328
446 375
446 399
446 473
446 487
447 27
447 59
447 196
447 251
447 319
447 352
447 369
447 382
447 416
447 434
447 437
447 448
447 495
448 3
448 70
448 191
448 229
448 259
448 263
448 407
448 447
448 449
448 464
448 467
448 469
448 500
449 2
449 23
449 170
449 183
449 237
449 321
449 374
449 421
449 448
449 466
449 476
449 488
449 489
450 18
450 78
450 254
450 290
450 335
450 374
450 387
450 400
450 403
450 476
450 491
450 496
450 499
451 5
451 8
451 107
451 111
451 127
451 154
451 274
451 377
451 413
451 452
451 467
451 494
451 495
451 499
452 24
452 167
452 183
452 195
452 277
452 322
452 341
452 361
452 406
452 416
452 422
452 441
452 451
452 457
453 54
453 87
453 121
453 155
453 245
453 340
453 350
453 354
453 376
453 417
453 454
453 456
453 483
453 497
454 117
454 177
454 291
454 309
454 312
454 336
454 453
454 455
454 464
454 484
454 488
454 497
454 498
454 500
455 89
455 192
455 193
455 262
455 265
455 307
455 314
455 324
455 404
455 440
455 454
455 461
455 492
455 494
456 43
456 46
456 94
456 178
456 357
456 371
456 402
456 403
456 416
456 453
456 470
456 472
456 476
456 483
457 30
457 35
457 71
457 94
457 105
457 120
457 230
457 438
457 442
457 452
457 471
457 472
457 482
457 498
458 108
458 117
458 125
458 203
458 239
458 301
458 323
458 327
458 383
458 387
458 397
458 473
458 476
458 487
459 42
459 145
459 176
459 190
459 276
459 282
459 317
459 320
459 369
459 389
459 437
459 445
459 477
459 488
459 491
460 9
460 171
460 180
460 204
460 218
460 274
460 303
460 331
460 372
460 373
460 379
460 393
460 410
460 427
460 489
461 138
461 194
461 211
461 269
461 325
461 335
461 337
461 363
461 364
461 366
461 379
461 441
461 455
461 487
461 488
462 2
462 28
462 33
462 214
462 224
462 256
462 310
462 315
462 356
462 364
462 395
462 409
462 415
462 486
462 496
463 34
463 120
463 172
463 189
463 215
463 263
463 292
463 368
463 424
463 428
463 471
463 489
463 494
463 496
463 497
464 4
464 36
464 96
464 128
464 135
464 210
464 211
464 305
464 332
464 359
464 371
464 448
464 454
464 465
464 471
465 13
465 62
465 130
465 151
465 209
465 291
465 320
465 327
465 328
465 337
465 344
465 363
465 385
465 403
465 464
466 5
466 61
466 138
466 249
466 296
466 298
466 329
466 339
466 429
466 430
466 443
466 444
466 445
466 449
466 494
467 10
467 84
467 91
467 133
467 149
467 163
467 172
467 198
467 246
467 303
467 315
467 388
467 440
467 448
467 451
468 9
468 42
468 102
468 108
468 138
468 170
468 186
468 187
468 279
468 286
468 345
468 368
468 373
468 410
468 412
469 104
469 142
469 169
469 197
469 258
469 261
469 297
469 298
469 341
469 354
469 402
469 444
469 448
469 473
469 486
470 127
470 137
470 141
470 194
470 204
470 239
470 293
470 314
470 434
470 443
470 456
470 481
470 482
470 487
470 499
471 2
471 15
471 219
471 221
471 292
471 302
471 350
471 367
471 377
471 396
471 435
471 437
471 457
471 463
471 464
471 483
472 63
472 120
472 248
472 252
472 284
472 306
472 314
472 361
472 375
472 401
472 406
472 419
472 424
472 456
472 457
472 487
473 36
473 91
473 216
473 220
473 284
473 350
473 354
473 390
473 423
473 432
473 435
473 446
473 458
473 469
473 477
473 492
474 14
474 32
474 72
474 80
474 106
474 166
474 249
474 256
474 274
474 285
474 338
474 341
474 370
474 397
474 485
474 490
475 37
475 40
475 66
475 96
475 136
475 148
475 200
475 227
475 228
475 279
475 355
475 391
475 400
475 481
475 485
475 490
476 168
476 195
476 215
476 231
476 285
476 312
476 319
476 337
476 380
476 386
476 449
476 450
476 456
476 458
476 481
476 500
477 121
477 177
477 192
477 222
477 255
477 258
477 316
477 358
477 380
477 439
477 445
477 459
477 473
477 483
477 484
477 489
477 497
478 18
478 78
478 88
478 101
478 115
478 122
478 149
478 160
478 173
478 195
478 273
478 310
478 332
478 357
478 392
478 405
478 412
479 3
479 132
479 181
479 182
479 189
479 205
479 217
479 251
479 286
479 303
479 310
479 329
479 341
479 361
479 397
479 404
479 406
480 124
480 139
480 165
480 196
480 213
480 238
480 240
480 291
480 296
480 367
480 418
480 427
480 442
480 444
480 486
480 489
480 493
481 15
481 96
481 147
481 155
481 198
481 244
481 252
481 269
481 281
481 338
481 340
481 349
481 396
481 410
481 470
481 475
481 476
482 2
482 30
482 59
482 77
482 117
482 128
482 139
482 171
482 287
482 298
482 315
482 319
482 370
482 407
482 426
482 457
482 470
483 18
483 24
483 25
483 106
483 164
483 180
483 218
483 231
483 263
483 296
483 410
483 420
483 439
483 453
483 456
483 471
483 477
483 499
484 14
484 31
484 32
484 50
484 98
484 142
484 156
484 162
484 223
484 250
484 364
484 389
484 407
484 412
484 420
484 438
484 454
484 477
485 14
485 29
485 48
485 101
485 127
485 130
485 146
485 150
485 200
485 294
485 320
485 367
485 412
485 439
485 474
485 475
485 490
485 495
486 5
486 58
486 74
486 82
486 87
486 97
486 150
486 152
486 212
486 248
486 289
486 359
486 375
486 420
486 462
486 469
486 480
486 499
487 8
487 61
487 68
487 103
487 121
487 153
487 164
487 184
487 334
487 399
487 434
487 446
487 458
487 461
487 470
487 472
487 489
487 495
488 41
488 75
488 92
488 187
488 207
488 226
488 284
488 288
488 291
488 301
488 325
488 370
488 444
488 449
488 454
488 459
488 461
488 499
489 94
489 114
489 130
489 152
489 184
489 197
489 202
489 275
489 283
489 311
489 329
489 418
489 449
489 460
489 463
489 477
489 480
489 487
490 1
490 3
490 60
490 119
490 166
490 171
490 182
490 260
490 267
490 284
490 334
490 387
490 414
490 433
490 474
490 475
490 485
490 498
491 2
491 51
491 108
491 136
491 154
491 160
491 207
491 209
491 226
491 236
491 262
491 283
491 349
491 385
491 415
491 450
491 459
491 493
491 495
492 38
492 40
492 41
492 109
492 114
492 150
492 199
492 224
492 271
492 284
492 301
492 348
492 362
492 370
492 413
492 429
492 455
492 473
492 493
493 11
493 16
493 60
493 68
493 103
493 183
493 300
493 323
493 343
493 345
493 369
493 373
493 387
493 407
493 408
493 480
493 491
493 492
493 495
494 9
494 46
494 76
494 89
494 110
494 164
494 232
494 352
494 355
494 366
494 367
494 384
494 389
494 444
494 451
494 455
494 463
494 466
494 499
495 26
495 102
495 211
495 245
495 250
495 260
495 300
495 305
495 378
495 379
495 404
495 422
495 439
495 447
495 451
495 485
495 487
495 491
495 493
496 67
496 81
496 106
496 152
496 170
496 276
496 278
496 377
496 379
496 395
496 412
496 422
496 429
496 436
496 437
496 450
496 462
496 463
496 497
496 498
497 100
497 146
497 160
497 181
497 199
497 260
497 281
497 328
497 406
497 418
497 427
497 428
497 433
497 445
497 453
497 454
497 463
497 477
497 496
497 498
498 15
498 48
498 49
498 51
498 64
498 98
498 188
498 195
498 209
498 226
498 365
498 392
498 414
498 427
498 438
498 454
498 457
498 490
498 496
498 497
499 17
499 19
499 129
499 139
499 148
499 163
499 206
499 215
499 219
499 289
499 366
499 398
499 433
499 450
499 451
499 470
499 483
499 486
499 488
499 494
499 500
500 82
500 241
500 253
500 257
500 261
500 280
500 303
500 330
500 349
500 354
500 368
500 383
500 385
500 408
500 409
500 440
500 441
500 448
500 454
500 476
500 499
