1 33
1 331
1 409
1 413
1 486
2 42
2 81
2 244
2 326
2 491
3 98
3 214
3 300
3 318
3 475
4 314
4 433
4 469
4 480
4 497
5 58
5 241
5 346
5 459
5 461
6 57
6 69
6 226
6 419
6 497
7 27
7 311
7 436
7 463
7 476
8 249
8 272
8 313
8 338
8 470
9 115
9 158
9 397
9 411
9 419
10 107
10 260
10 309
10 443
10 484
11 334
11 415
11 452
11 469
11 485
12 206
12 236
12 386
12 456
12 493
13 56
13 133
13 436
13 463
13 467
14 225
14 329
14 460
14 494
14 500
15 149
15 359
15 428
15 443
15 488
16 333
16 451
16 469
16 479
16 493
17 169
17 316
17 332
17 363
17 462
18 219
18 363
18 389
18 457
18 487
19 92
19 344
19 388
19 493
19 496
20 382
20 396
20 424
20 436
20 457
21 152
21 190
21 277
21 299
21 325
22 277
22 327
22 357
22 451
22 498
23 150
23 200
23 443
23 490
23 500
24 371
24 443
24 481
24 489
24 492
25 116
25 298
25 309
25 334
25 492
26 286
26 320
26 443
26 454
26 461
27 7
27 125
27 309
27 313
27 488
28 123
28 154
28 371
28 403
28 483
29 70
29 159
29 201
29 409
29 435
30 273
30 312
30 419
30 433
30 465
31 52
31 319
31 322
31 394
31 482
32 42
32 232
32 296
32 317
32 339
33 1
33 65
33 249
33 375
33 483
34 173
34 183
34 320
34 368
34 482
35 116
35 192
35 395
35 426
35 437
36 349
36 356
36 413
36 455
36 471
37 194
37 283
37 390
37 417
37 442
38 313
38 362
38 373
38 383
38 469
39 209
39 331
39 363
39 400
39 494
40 84
40 156
40 412
40 464
40 470
41 149
41 233
41 300
41 401
41 412
42 2
42 32
42 170
42 205
42 492
43 50
43 71
43 178
43 260
43 429
44 300
44 428
44 439
44 464
44 473
45 263
45 397
45 398
45 430
45 480
46 366
46 427
46 436
46 468
46 481
47 53
47 54
47 365
47 470
47 485
48 207
48 423
48 430
48 441
48 493
49 249
49 253
49 384
49 456
49 458
50 43
50 75
50 198
50 337
50 484
51 212
51 292
51 319
51 455
51 465
52 31
52 204
52 414
52 431
52 475
53 47
53 118
53 266
53 435
53 450
54 47
54 184
54 204
54 484
54 492
55 104
55 164
55 282
55 418
55 477
56 13
56 376
56 395
56 396
56 408
57 6
57 176
57 346
57 416
57 480
58 5
58 476
58 477
58 491
58 497
59 146
59 311
59 435
59 447
59 499
60 127
60 324
60 461
60 466
60 483
61 151
61 349
61 425
61 443
61 480
62 212
62 323
62 493
62 499
62 500
63 67
63 85
63 189
63 286
63 490
64 65
64 214
64 220
64 247
64 453
65 33
65 64
65 67
65 95
65 230
66 197
66 265
66 289
66 314
66 496
67 63
67 65
67 335
67 411
67 443
68 141
68 191
68 296
68 304
68 477
69 6
69 133
69 393
69 492
69 498
70 29
70 126
70 364
70 467
70 478
71 43
71 142
71 280
71 408
71 490
72 315
72 382
72 439
72 444
72 480
73 163
73 200
73 208
73 282
73 394
74 199
74 401
74 456
74 474
74 500
75 50
75 349
75 366
75 380
75 486
76 211
76 411
76 414
76 462
76 499
77 167
77 280
77 298
77 325
77 434
78 355
78 406
78 422
78 480
78 494
79 93
79 382
79 390
79 472
79 498
80 94
80 330
80 369
80 399
80 432
81 2
81 348
81 434
81 443
81 496
82 111
82 376
82 378
82 406
82 470
83 150
83 316
83 405
83 460
83 485
84 40
84 271
84 279
84 391
84 498
85 63
85 109
85 222
85 341
85 497
86 177
86 190
86 223
86 265
86 359
87 175
87 234
87 407
87 439
87 492
88 329
88 352
88 428
88 479
88 490
89 148
89 251
89 286
89 448
89 457
90 322
90 436
90 442
90 459
90 469
91 239
91 249
91 416
91 445
91 460
92 19
92 106
92 251
92 334
92 352
93 79
93 142
93 237
93 293
93 338
94 80
94 140
94 148
94 481
94 485
95 65
95 100
95 160
95 267
95 323
96 233
96 270
96 417
96 485
96 499
97 146
97 155
97 346
97 421
97 494
98 3
98 290
98 328
98 396
98 426
99 152
99 225
99 326
99 327
99 449
100 95
100 103
100 113
100 195
100 477
101 130
101 198
101 383
101 421
101 433
102 301
102 342
102 415
102 463
102 470
103 100
103 441
103 442
103 445
103 487
104 55
104 240
104 360
104 472
104 485
105 337
105 406
105 421
105 447
105 490
106 92
106 302
106 354
106 434
106 474
107 10
107 129
107 412
107 443
107 484
108 182
108 216
108 225
108 359
108 494
109 85
109 296
109 462
109 463
109 500
110 374
110 429
110 471
110 486
110 492
111 82
111 263
111 305
111 422
111 429
112 224
112 440
112 462
112 474
112 500
113 100
113 310
113 348
113 385
113 450
114 132
114 271
114 303
114 451
114 475
115 9
115 150
115 284
115 463
115 488
116 25
116 35
116 379
116 468
116 479
117 124
117 157
117 218
117 446
117 473
118 53
118 188
118 422
118 437
118 499
119 132
119 378
119 416
119 469
119 479
120 138
120 139
120 181
120 435
120 438
121 197
121 298
121 315
121 430
121 496
122 125
122 231
122 305
122 370
122 440
123 28
123 167
123 270
123 340
123 452
124 117
124 137
124 292
124 421
124 466
125 27
125 122
125 344
125 387
125 473
126 70
126 138
126 171
126 276
126 466
127 60
127 159
127 204
127 346
127 441
128 144
128 154
128 244
128 459
128 489
129 107
129 130
129 223
129 227
129 346
130 101
130 129
130 234
130 405
130 454
131 155
131 218
131 337
131 339
131 496
132 114
132 119
132 425
132 455
132 493
133 13
133 69
133 233
133 396
133 444
134 163
134 178
134 182
134 434
134 480
135 195
135 302
135 366
135 399
135 486
136 237
136 334
136 360
136 438
136 488
137 124
137 359
137 362
137 436
137 444
138 120
138 126
138 187
138 294
138 361
139 120
139 377
139 422
139 468
139 493
140 94
140 217
140 335
140 433
140 492
141 68
141 207
141 285
141 408
141 458
142 71
142 93
142 314
142 427
142 500
143 330
143 337
143 415
143 439
143 474
144 128
144 290
144 397
144 430
144 450
145 181
145 281
145 460
145 464
145 484
146 59
146 97
146 376
146 389
146 444
147 201
147 345
147 393
147 412
147 431
148 89
148 94
148 202
148 229
148 299
149 15
149 41
149 461
149 468
149 476
150 23
150 83
150 115
150 383
150 473
151 61
151 221
151 317
151 392
151 454
152 21
152 99
152 351
152 394
152 459
153 287
153 345
153 446
153 487
153 491
154 28
154 128
154 270
154 482
154 485
155 97
155 131
155 157
155 293
155 438
156 40
156 163
156 308
156 314
156 453
157 117
157 155
157 392
157 452
157 462
158 9
158 164
158 429
158 473
158 486
159 29
159 127
159 250
159 310
159 445
160 95
160 190
160 323
160 382
160 468
161 401
161 404
161 435
161 440
161 450
162 171
162 197
162 274
162 279
162 463
163 73
163 134
163 156
163 211
163 390
164 55
164 158
164 364
164 392
164 442
165 311
165 364
165 413
165 437
165 487
166 324
166 333
166 428
166 470
166 477
167 77
167 123
167 264
167 392
167 466
168 192
168 199
168 353
168 434
168 447
169 17
169 179
169 220
169 266
169 491
170 42
170 174
170 420
170 438
170 488
171 126
171 162
171 332
171 424
171 475
172 245
172 342
172 414
172 428
172 469
173 34
173 184
173 376
173 487
173 497
174 170
174 176
174 388
174 478
174 498
175 87
175 237
175 418
175 444
175 500
176 57
176 174
176 341
176 427
176 464
177 86
177 192
177 291
177 303
177 374
178 43
178 134
178 180
178 368
178 422
179 169
179 267
179 289
179 405
179 491
180 178
180 354
180 438
180 454
180 468
180 485
181 120
181 145
181 219
181 288
181 329
181 398
182 108
182 134
182 355
182 451
182 495
182 499
183 34
183 221
183 343
183 353
183 393
183 434
184 54
184 173
184 269
184 373
184 376
184 420
185 201
185 321
185 384
185 405
185 453
185 500
186 392
186 425
186 448
186 457
186 476
186 481
187 138
187 238
187 256
187 328
187 414
187 495
188 118
188 203
188 380
188 420
188 454
188 462
189 63
189 284
189 307
189 352
189 396
189 492
190 21
190 86
190 160
190 218
190 432
190 457
191 68
191 228
191 241
191 318
191 330
191 462
192 35
192 168
192 177
192 194
192 264
192 279
193 200
193 267
193 277
193 279
193 307
193 497
194 37
194 192
194 283
194 289
194 465
194 492
195 100
195 135
195 243
195 289
195 438
195 495
196 245
196 325
196 338
196 360
196 433
196 485
197 66
197 121
197 162
197 216
197 254
197 500
198 50
198 101
198 241
198 301
198 438
198 471
199 74
199 168
199 254
199 373
199 436
199 461
200 23
200 73
200 193
200 310
200 416
200 494
201 29
201 147
201 185
201 263
201 300
201 457
202 148
202 327
202 333
202 437
202 459
202 478
203 188
203 264
203 332
203 340
203 457
203 471
204 52
204 54
204 127
204 367
204 440
204 445
205 42
205 281
205 289
205 298
205 393
205 490
206 12
206 257
206 375
206 376
206 383
206 406
207 48
207 141
207 253
207 387
207 411
207 457
208 73
208 254
208 298
208 345
208 370
208 375
209 39
209 291
209 292
209 389
209 458
209 473
210 246
210 335
210 384
210 398
210 453
210 487
211 76
211 163
211 212
211 326
211 393
211 485
212 51
212 62
212 211
212 310
212 449
212 476
213 215
213 248
213 316
213 388
213 412
213 466
214 3
214 64
214 342
214 391
214 432
214 488
215 213
215 368
215 378
215 404
215 450
215 493
216 108
216 197
216 220
216 366
216 426
216 471
217 140
217 299
217 381
217 399
217 428
217 499
218 117
218 131
218 190
218 330
218 421
218 463
219 18
219 181
219 242
219 422
219 458
219 484
220 64
220 169
220 216
220 268
220 278
220 359
221 151
221 183
221 246
221 321
221 361
221 479
222 85
222 232
222 282
222 360
222 423
222 456
223 86
223 129
223 387
223 438
223 465
223 490
224 112
224 306
224 331
224 409
224 431
224 463
225 14
225 99
225 108
225 242
225 265
225 341
226 6
226 249
226 288
226 431
226 445
226 496
227 129
227 266
227 326
227 381
227 472
227 488
228 191
228 293
228 351
228 433
228 435
228 445
229 148
229 299
229 345
229 351
229 428
229 488
230 65
230 276
230 277
230 295
230 361
230 385
231 122
231 246
231 293
231 426
231 474
231 484
232 32
232 222
232 239
232 407
232 426
232 469
233 41
233 96
233 133
233 440
233 480
233 481
234 87
234 130
234 257
234 384
234 463
234 487
235 240
235 305
235 307
235 379
235 431
235 473
236 12
236 248
236 255
236 304
236 388
236 454
237 93
237 136
237 175
237 418
237 448
237 467
238 187
238 285
238 362
238 381
238 395
238 488
239 91
239 232
239 269
239 485
239 494
239 498
240 104
240 235
240 244
240 396
240 401
240 441
241 5
241 191
241 198
241 340
241 479
241 488
242 219
242 225
242 247
242 361
242 488
242 492
243 195
243 287
243 325
243 455
243 478
243 500
244 2
244 128
244 240
244 256
244 328
244 498
245 172
245 196
245 331
245 468
245 476
245 496
246 210
246 221
246 231
246 259
246 426
246 460
247 64
247 242
247 363
247 456
247 486
247 495
248 213
248 236
248 276
248 390
248 490
248 499
249 8
249 33
249 49
249 91
249 226
249 493
250 159
250 441
250 443
250 465
250 474
250 481
251 89
251 92
251 262
251 329
251 370
251 500
252 385
252 395
252 433
252 436
252 466
252 477
253 49
253 207
253 327
253 342
253 384
253 449
254 197
254 199
254 208
254 292
254 312
254 352
255 236
255 354
255 388
255 462
255 479
255 498
256 187
256 244
256 308
256 464
256 477
256 497
257 206
257 234
257 307
257 317
257 318
257 497
258 328
258 353
258 365
258 408
258 429
258 493
259 246
259 354
259 410
259 420
259 482
259 499
260 10
260 43
260 297
260 409
260 416
260 491
261 326
261 364
261 400
261 471
261 485
261 488
262 251
262 265
262 355
262 375
262 380
262 419
263 45
263 111
263 201
263 368
263 416
263 429
264 167
264 192
264 203
264 357
264 478
264 485
265 66
265 86
265 225
265 262
265 285
265 323
266 53
266 169
266 227
266 269
266 271
266 445
267 95
267 179
267 193
267 435
267 483
267 495
268 220
268 319
268 337
268 422
268 441
268 498
269 184
269 239
269 266
269 473
269 489
269 498
270 96
270 123
270 154
270 394
270 426
270 470
271 84
271 114
271 266
271 336
271 418
271 430
272 8
272 300
272 409
272 435
272 479
272 482
272 483
273 30
273 274
273 284
273 327
273 405
273 415
273 448
274 162
274 273
274 366
274 391
274 471
274 478
274 495
275 277
275 288
275 342
275 343
275 359
275 400
275 466
276 126
276 230
276 248
276 322
276 363
276 385
276 408
277 21
277 22
277 193
277 230
277 275
277 286
277 482
278 220
278 280
278 305
278 366
278 410
278 417
278 476
279 84
279 162
279 192
279 193
279 460
279 477
279 486
280 71
280 77
280 278
280 317
280 334
280 411
280 451
281 145
281 205
281 344
281 355
281 382
281 474
281 500
282 55
282 73
282 222
282 458
282 476
282 489
282 498
283 37
283 194
283 388
283 389
283 440
283 445
283 471
284 115
284 189
284 273
284 294
284 336
284 430
284 451
285 141
285 238
285 265
285 402
285 425
285 453
285 495
286 26
286 63
286 89
286 277
286 315
286 374
286 455
287 153
287 243
287 299
287 337
287 401
287 408
287 495
288 181
288 226
288 275
288 294
288 301
288 343
288 451
289 66
289 179
289 194
289 195
289 205
289 432
289 486
290 98
290 144
290 341
290 376
290 444
290 473
290 494
291 177
291 209
291 295
291 347
291 409
291 456
291 477
292 51
292 124
292 209
292 254
292 368
292 422
292 434
293 93
293 155
293 228
293 231
293 354
293 455
293 470
294 138
294 284
294 288
294 309
294 349
294 394
294 454
295 230
295 291
295 367
295 407
295 464
295 472
295 497
296 32
296 68
296 109
296 377
296 423
296 452
296 481
297 260
297 303
297 378
297 467
297 478
297 491
297 493
298 25
298 77
298 121
298 205
298 208
298 447
298 497
299 21
299 148
299 217
299 229
299 287
299 343
299 446
300 3
300 41
300 44
300 201
300 272
300 337
300 461
301 102
301 198
301 288
301 302
301 409
301 455
301 491
302 106
302 135
302 301
302 319
302 413
302 473
302 482
303 114
303 177
303 297
303 447
303 460
303 468
303 475
304 68
304 236
304 350
304 374
304 375
304 393
304 428
305 111
305 122
305 235
305 278
305 348
305 498
305 499
306 224
306 310
306 410
306 418
306 433
306 446
306 487
307 189
307 193
307 235
307 257
307 345
307 458
307 489
308 156
308 256
308 356
308 365
308 423
308 453
308 483
309 10
309 25
309 27
309 294
309 403
309 455
309 489
310 113
310 159
310 200
310 212
310 306
310 400
310 424
311 7
311 59
311 165
311 335
311 387
311 437
311 492
312 30
312 254
312 357
312 381
312 402
312 450
312 458
313 8
313 27
313 38
313 383
313 396
313 422
313 430
314 4
314 66
314 142
314 156
314 336
314 358
314 397
315 72
315 121
315 286
315 372
315 404
315 448
315 472
316 17
316 83
316 213
316 329
316 362
316 464
316 477
317 32
317 151
317 257
317 280
317 419
317 434
317 476
318 3
318 191
318 257
318 348
318 420
318 446
318 484
319 31
319 51
319 268
319 302
319 349
319 483
319 491
320 26
320 34
320 321
320 388
320 395
320 479
320 499
321 185
321 221
321 320
321 371
321 451
321 468
321 483
322 31
322 90
322 276
322 345
322 399
322 421
322 495
323 62
323 95
323 160
323 265
323 459
323 483
323 484
324 60
324 166
324 401
324 440
324 473
324 491
324 495
325 21
325 77
325 196
325 243
325 356
325 482
325 497
326 2
326 99
326 211
326 227
326 261
326 347
326 348
327 22
327 99
327 202
327 253
327 273
327 416
327 470
328 98
328 187
328 244
328 258
328 406
328 467
328 500
329 14
329 88
329 181
329 251
329 316
329 334
329 494
330 80
330 143
330 191
330 218
330 332
330 420
330 464
331 1
331 39
331 224
331 245
331 409
331 413
331 458
332 17
332 171
332 203
332 330
332 338
332 392
332 450
333 16
333 166
333 202
333 361
333 370
333 439
333 479
334 11
334 25
334 92
334 136
334 280
334 329
334 484
335 67
335 140
335 210
335 311
335 358
335 453
335 481
336 271
336 284
336 314
336 384
336 412
336 425
336 494
337 50
337 105
337 131
337 143
337 268
337 287
337 300
338 8
338 93
338 196
338 332
338 371
338 405
338 464
339 32
339 131
339 344
339 356
339 394
339 453
339 462
340 123
340 203
340 241
340 350
340 412
340 457
340 469
341 85
341 176
341 225
341 290
341 383
341 391
341 449
342 102
342 172
342 214
342 253
342 275
342 355
342 361
343 183
343 275
343 288
343 299
343 354
343 454
343 495
344 19
344 125
344 281
344 339
344 420
344 427
344 437
344 452
345 147
345 153
345 208
345 229
345 307
345 322
345 351
345 371
346 5
346 57
346 97
346 127
346 129
346 436
346 448
346 456
347 291
347 326
347 411
347 417
347 430
347 442
347 451
347 471
348 81
348 113
348 305
348 318
348 326
348 350
348 425
348 427
349 36
349 61
349 75
349 294
349 319
349 369
349 403
349 438
350 304
350 340
350 348
350 381
350 406
350 446
350 495
350 499
351 152
351 228
351 229
351 345
351 395
351 411
351 461
351 475
352 88
352 92
352 189
352 254
352 387
352 404
352 417
352 429
353 168
353 183
353 258
353 367
353 370
353 378
353 421
353 471
354 106
354 180
354 255
354 259
354 293
354 343
354 412
354 426
355 78
355 182
355 262
355 281
355 342
355 374
355 416
355 480
356 36
356 308
356 325
356 339
356 368
356 460
356 462
356 487
357 22
357 264
357 312
357 362
357 415
357 442
357 486
357 497
358 314
358 335
358 377
358 404
358 450
358 472
358 479
358 484
359 15
359 86
359 108
359 137
359 220
359 275
359 364
359 379
360 104
360 136
360 196
360 222
360 431
360 464
360 486
360 492
361 138
361 221
361 230
361 242
361 333
361 342
361 397
361 472
362 38
362 137
362 238
362 316
362 357
362 386
362 393
362 429
363 17
363 18
363 39
363 247
363 276
363 429
363 456
363 499
364 70
364 164
364 165
364 261
364 359
364 413
364 489
364 499
365 47
365 258
365 308
365 385
365 390
365 399
365 402
365 407
366 46
366 75
366 135
366 216
366 274
366 278
366 430
366 486
367 204
367 295
367 353
367 385
367 402
367 410
367 440
367 494
368 34
368 178
368 215
368 263
368 292
368 356
368 391
368 448
369 80
369 349
369 370
369 385
369 441
369 484
369 493
369 498
370 122
370 208
370 251
370 333
370 353
370 369
370 391
370 479
371 24
371 28
371 321
371 338
371 345
371 397
371 421
371 453
372 315
372 398
372 402
372 410
372 415
372 429
372 458
372 465
373 38
373 184
373 199
373 391
373 416
373 452
373 467
373 469
374 110
374 177
374 286
374 304
374 355
374 406
374 455
374 459
375 33
375 206
375 208
375 262
375 304
375 467
375 477
375 480
376 56
376 82
376 146
376 173
376 184
376 206
376 290
376 465
377 139
377 296
377 358
377 379
377 390
377 401
377 449
377 472
378 82
378 119
378 215
378 297
378 353
378 427
378 470
378 475
379 116
379 235
379 359
379 377
379 458
379 459
379 475
379 496
380 75
380 188
380 262
380 445
380 452
380 461
380 468
380 475
381 217
381 227
381 238
381 312
381 350
381 417
381 490
381 498
382 20
382 72
382 79
382 160
382 281
382 389
382 399
382 447
383 38
383 101
383 150
383 206
383 313
383 341
383 391
383 413
384 49
384 185
384 210
384 234
384 253
384 336
384 397
384 494
385 113
385 230
385 252
385 276
385 365
385 367
385 369
385 469
386 12
386 362
386 400
386 419
386 449
386 478
386 488
386 494
387 125
387 207
387 223
387 311
387 352
387 403
387 435
387 442
387 459
388 19
388 174
388 213
388 236
388 255
388 283
388 320
388 414
388 489
389 18
389 146
389 209
389 283
389 382
389 396
389 419
389 448
389 467
390 37
390 79
390 163
390 248
390 365
390 377
390 453
390 482
390 486
391 84
391 214
391 274
391 341
391 368
391 370
391 373
391 383
391 446
392 151
392 157
392 164
392 167
392 186
392 332
392 417
392 468
392 497
393 69
393 147
393 183
393 205
393 211
393 304
393 362
393 413
393 424
394 31
394 73
394 152
394 270
394 294
394 339
394 396
394 411
394 414
395 35
395 56
395 238
395 252
395 320
395 351
395 408
395 418
395 475
396 20
396 56
396 98
396 133
396 189
396 240
396 313
396 389
396 394
397 9
397 45
397 144
397 314
397 361
397 371
397 384
397 464
397 482
398 45
398 181
398 210
398 372
398 402
398 419
398 441
398 472
398 476
399 80
399 135
399 217
399 322
399 365
399 382
399 432
399 443
399 491
400 39
400 261
400 275
400 310
400 386
400 425
400 452
400 491
400 496
401 41
401 74
401 161
401 240
401 287
401 324
401 377
401 446
401 500
402 285
402 312
402 365
402 367
402 372
402 398
402 459
402 467
402 490
403 28
403 309
403 349
403 387
403 404
403 432
403 449
403 450
403 467
404 161
404 215
404 315
404 352
404 358
404 403
404 434
404 439
404 471
405 83
405 130
405 179
405 185
405 273
405 338
405 415
405 418
405 498
406 78
406 82
406 105
406 206
406 328
406 350
406 374
406 486
406 487
407 87
407 232
407 295
407 365
407 415
407 423
407 454
407 458
407 466
408 56
408 71
408 141
408 258
408 276
408 287
408 395
408 477
408 497
409 1
409 29
409 224
409 260
409 272
409 291
409 301
409 331
409 490
410 259
410 278
410 306
410 367
410 372
410 424
410 431
410 474
410 489
410 496
411 9
411 67
411 76
411 207
411 280
411 347
411 351
411 394
411 423
411 470
412 40
412 41
412 107
412 147
412 213
412 336
412 340
412 354
412 431
412 497
413 1
413 36
413 165
413 302
413 331
413 364
413 383
413 393
413 433
413 440
414 52
414 76
414 172
414 187
414 388
414 394
414 438
414 472
414 493
414 498
415 11
415 102
415 143
415 273
415 357
415 372
415 405
415 407
415 436
415 491
416 57
416 91
416 119
416 200
416 260
416 263
416 327
416 355
416 373
416 476
417 37
417 96
417 278
417 347
417 352
417 381
417 392
417 430
417 435
417 495
418 55
418 175
418 237
418 271
418 306
418 395
418 405
418 420
418 463
418 494
419 6
419 9
419 30
419 262
419 317
419 386
419 389
419 398
419 423
419 478
420 170
420 184
420 188
420 259
420 318
420 330
420 344
420 418
420 473
420 496
421 97
421 101
421 105
421 124
421 218
421 322
421 353
421 371
421 457
421 473
422 78
422 111
422 118
422 139
422 178
422 219
422 268
422 292
422 313
422 466
423 48
423 222
423 296
423 308
423 407
423 411
423 419
423 477
423 483
423 490
424 20
424 171
424 310
424 393
424 410
424 428
424 462
424 474
424 494
424 496
425 61
425 132
425 186
425 285
425 336
425 348
425 400
425 485
425 489
425 490
426 35
426 98
426 216
426 231
426 232
426 246
426 270
426 354
426 467
426 499
427 46
427 142
427 176
427 344
427 348
427 378
427 448
427 464
427 481
427 496
428 15
428 44
428 88
428 166
428 172
428 217
428 229
428 304
428 424
428 434
429 43
429 110
429 111
429 158
429 258
429 263
429 352
429 362
429 363
429 372
429 437
430 45
430 48
430 121
430 144
430 271
430 284
430 313
430 347
430 366
430 417
430 447
431 52
431 147
431 224
431 226
431 235
431 360
431 410
431 412
431 433
431 452
431 496
432 80
432 190
432 214
432 289
432 399
432 403
432 445
432 461
432 465
432 474
432 500
433 4
433 30
433 101
433 140
433 196
433 228
433 252
433 306
433 413
433 431
433 442
434 77
434 81
434 106
434 134
434 168
434 183
434 292
434 317
434 404
434 428
434 436
435 29
435 53
435 59
435 120
435 161
435 228
435 267
435 272
435 387
435 417
435 461
436 7
436 13
436 20
436 46
436 90
436 137
436 199
436 252
436 346
436 415
436 434
437 35
437 118
437 165
437 202
437 311
437 344
437 429
437 447
437 457
437 481
437 493
438 120
438 136
438 155
438 170
438 180
438 195
438 198
438 223
438 349
438 414
438 490
439 44
439 72
439 87
439 143
439 333
439 404
439 444
439 447
439 472
439 481
439 487
440 112
440 122
440 161
440 204
440 233
440 283
440 324
440 367
440 413
440 481
440 483
441 48
441 103
441 127
441 240
441 250
441 268
441 369
441 398
441 476
441 487
441 498
442 37
442 90
442 103
442 164
442 347
442 357
442 387
442 433
442 449
442 452
442 480
443 10
443 15
443 23
443 24
443 26
443 61
443 67
443 81
443 107
443 250
443 399
444 72
444 133
444 137
444 146
444 175
444 290
444 439
444 451
444 479
444 480
444 492
445 91
445 103
445 159
445 204
445 226
445 228
445 266
445 283
445 380
445 432
445 460
446 117
446 153
446 299
446 306
446 318
446 350
446 391
446 401
446 486
446 487
446 496
447 59
447 105
447 168
447 298
447 303
447 382
447 430
447 437
447 439
447 466
447 475
448 89
448 186
448 237
448 273
448 315
448 346
448 368
448 389
448 427
448 467
448 486
449 99
449 212
449 253
449 341
449 377
449 386
449 403
449 442
449 483
449 489
449 500
450 53
450 113
450 144
450 161
450 215
450 312
450 332
450 358
450 403
450 459
450 465
450 478
451 16
451 22
451 114
451 182
451 280
451 284
451 288
451 321
451 347
451 444
451 465
451 471
452 11
452 123
452 157
452 296
452 344
452 373
452 380
452 400
452 431
452 442
452 478
452 484
453 64
453 156
453 185
453 210
453 285
453 308
453 335
453 339
453 371
453 390
453 458
453 481
454 26
454 130
454 151
454 180
454 188
454 236
454 294
454 343
454 407
454 455
454 468
454 494
455 36
455 51
455 132
455 243
455 286
455 293
455 301
455 309
455 374
455 454
455 470
455 499
456 12
456 49
456 74
456 222
456 247
456 291
456 346
456 363
456 463
456 481
456 487
456 488
457 18
457 20
457 89
457 186
457 190
457 201
457 203
457 207
457 340
457 421
457 437
457 489
458 49
458 141
458 209
458 219
458 282
458 307
458 312
458 331
458 372
458 379
458 407
458 453
459 5
459 90
459 128
459 152
459 202
459 323
459 374
459 379
459 387
459 402
459 450
459 478
460 14
460 83
460 91
460 145
460 246
460 279
460 303
460 356
460 445
460 461
460 477
460 495
461 5
461 26
461 60
461 149
461 199
461 300
461 351
461 380
461 432
461 435
461 460
461 466
461 479
462 17
462 76
462 109
462 112
462 157
462 188
462 191
462 255
462 339
462 356
462 424
462 489
462 492
463 7
463 13
463 102
463 109
463 115
463 162
463 218
463 224
463 234
463 418
463 456
463 487
463 491
464 40
464 44
464 145
464 176
464 256
464 295
464 316
464 330
464 338
464 360
464 397
464 427
464 480
465 30
465 51
465 194
465 223
465 250
465 372
465 376
465 432
465 450
465 451
465 469
465 470
465 500
466 60
466 124
466 126
466 167
466 213
466 252
466 275
466 407
466 422
466 447
466 461
466 475
466 490
467 13
467 70
467 237
467 297
467 328
467 373
467 375
467 389
467 402
467 403
467 426
467 448
467 472
468 46
468 116
468 139
468 149
468 160
468 180
468 245
468 303
468 321
468 380
468 392
468 454
468 489
469 4
469 11
469 16
469 38
469 90
469 119
469 172
469 232
469 340
469 373
469 385
469 465
469 482
470 8
470 40
470 47
470 82
470 102
470 166
470 270
470 293
470 327
470 378
470 411
470 455
470 465
471 36
471 110
471 198
471 203
471 216
471 261
471 274
471 283
471 347
471 353
471 404
471 451
471 495
472 79
472 104
472 227
472 295
472 315
472 358
472 361
472 377
472 398
472 414
472 439
472 467
472 500
473 44
473 117
473 125
473 150
473 158
473 209
473 235
473 269
473 290
473 302
473 324
473 420
473 421
474 74
474 106
474 112
474 143
474 231
474 250
474 281
474 410
474 424
474 432
474 476
474 489
474 496
475 3
475 52
475 114
475 171
475 303
475 351
475 378
475 379
475 380
475 395
475 447
475 466
475 491
476 7
476 58
476 149
476 186
476 212
476 245
476 278
476 282
476 317
476 398
476 416
476 441
476 474
477 55
477 58
477 68
477 100
477 166
477 252
477 256
477 279
477 291
477 316
477 375
477 408
477 423
477 460
478 70
478 174
478 202
478 243
478 264
478 274
478 297
478 386
478 419
478 450
478 452
478 459
478 489
478 497
479 16
479 88
479 116
479 119
479 221
479 241
479 255
479 272
479 320
479 333
479 358
479 370
479 444
479 461
480 4
480 45
480 57
480 61
480 72
480 78
480 134
480 233
480 355
480 375
480 442
480 444
480 464
480 499
481 24
481 46
481 94
481 186
481 233
481 250
481 296
481 335
481 427
481 437
481 439
481 440
481 453
481 456
482 31
482 34
482 154
482 259
482 272
482 277
482 302
482 325
482 390
482 397
482 469
482 490
482 493
482 497
483 28
483 33
483 60
483 267
483 272
483 308
483 319
483 321
483 323
483 423
483 440
483 449
483 484
483 498
484 10
484 50
484 54
484 107
484 145
484 219
484 231
484 318
484 323
484 334
484 358
484 369
484 452
484 483
484 497
485 11
485 47
485 83
485 94
485 96
485 104
485 154
485 180
485 196
485 211
485 239
485 261
485 264
485 425
485 491
486 1
486 75
486 110
486 135
486 158
486 247
486 279
486 289
486 357
486 360
486 366
486 390
486 406
486 446
486 448
486 490
487 18
487 103
487 153
487 165
487 173
487 210
487 234
487 306
487 356
487 406
487 439
487 441
487 446
487 456
487 463
487 500
488 15
488 27
488 115
488 136
488 170
488 214
488 227
488 229
488 238
488 241
488 242
488 261
488 386
488 456
488 495
488 496
489 24
489 128
489 269
489 282
489 307
489 309
489 364
489 388
489 410
489 425
489 449
489 457
489 462
489 468
489 474
489 478
490 23
490 63
490 71
490 88
490 105
490 205
490 223
490 248
490 381
490 402
490 409
490 423
490 425
490 438
490 466
490 482
490 486
491 2
491 58
491 153
491 169
491 179
491 260
491 297
491 301
491 319
491 324
491 399
491 400
491 415
491 463
491 475
491 485
491 498
492 24
492 25
492 42
492 54
492 69
492 87
492 110
492 140
492 189
492 194
492 242
492 311
492 360
492 444
492 462
492 495
492 499
493 12
493 16
493 19
493 48
493 62
493 132
493 139
493 215
493 249
493 258
493 297
493 369
493 414
493 437
493 482
493 494
493 497
493 499
494 14
494 39
494 78
494 97
494 108
494 200
494 239
494 290
494 329
494 336
494 367
494 384
494 386
494 418
494 424
494 454
494 493
494 495
495 182
495 187
495 195
495 247
495 267
495 274
495 285
495 287
495 322
495 324
495 343
495 350
495 417
495 460
495 471
495 488
495 492
495 494
496 19
496 66
496 81
496 121
496 131
496 226
496 245
496 379
496 400
496 410
496 420
496 424
496 427
496 431
496 446
496 474
496 488
496 500
497 4
497 6
497 58
497 85
497 173
497 193
497 256
497 257
497 295
497 298
497 325
497 357
497 392
497 408
497 412
497 478
497 482
497 484
497 493
498 22
498 69
498 79
498 84
498 174
498 239
498 244
498 255
498 268
498 269
498 282
498 305
498 369
498 381
498 405
498 414
498 441
498 483
498 491
499 59
499 62
499 76
499 96
499 118
499 182
499 217
499 248
499 259
499 305
499 320
499 350
499 363
499 364
499 426
499 455
499 480
499 492
499 493
500 14
500 23
500 62
500 74
500 109
500 112
500 142
500 175
500 185
500 197
500 243
500 251
500 281
500 328
500 401
500 432
500 449
500 465
500 472
500 487
500 496
