1 36
2 23
3 16
4 3
5 27
6 33
7 29
8 10
9 1
10 1
11 7
12 36
13 18
14 21
15 1
16 39
17 15
18 29
19 38
20 10
21 34
22 29
23 9
24 3
25 11
26 28
27 42
28 21
29 4
30 40
31 26
32 44
33 29
34 39
35 42
36 11
37 29
38 17
39 36
40 20
41 25
42 10
43 19
44 2
45 32
46 24
47 42
48 10
49 12
50 28
51 38
52 27
53 27
54 44
55 44
56 14
57 9
58 5
59 13
60 44
61 38
62 31
63 28
64 2
65 38
66 19
67 16
68 7
69 28
70 22
71 38
72 19
73 3
74 10
75 44
76 2
77 7
78 13
79 6
80 36
81 22
82 3
83 5
84 33
85 9
86 31
87 19
88 16
89 3
90 35
91 38
92 35
93 1
94 24
95 23
96 1
97 15
98 2
99 26
100 12
101 18
102 27
103 36
104 26
105 31
106 41
107 35
108 33
109 23
110 9
111 12
112 37
113 22
114 24
115 34
116 7
117 9
118 8
119 40
120 7
121 17
122 16
123 21
124 25
125 21
126 32
127 23
128 2
129 32
130 25
131 44
132 19
133 9
134 44
135 14
136 21
137 38
138 27
139 9
140 2
141 42
142 39
143 37
144 42
145 39
146 14
147 11
148 27
149 16
150 12
151 23
152 10
153 25
154 13
155 14
156 12
157 27
158 35
159 6
160 2
161 27
162 31
163 27
164 11
165 22
166 40
167 26
168 35
169 43
170 6
171 37
172 3
173 30
174 37
175 18
176 25
177 30
178 18
179 25
180 43
181 9
182 20
183 22
184 26
185 9
186 4
187 15
188 10
189 41
190 37
191 7
192 43
193 17
194 22
195 4
196 37
197 30
198 22
199 17
200 30
201 3
202 20
203 7
204 30
205 40
206 19
207 4
208 44
209 8
210 10
211 7
212 2
213 40
214 43
215 4
216 41
217 37
218 31
219 8
220 5
221 35
222 4
223 6
224 20
225 29
226 26
227 11
228 35
229 8
230 15
231 43
232 14
233 32
234 10
235 19
236 22
237 39
238 17
239 35
240 14
241 43
242 15
243 41
244 18
245 20
246 34
247 35
248 41
249 44
250 9
251 8
252 17
253 37
254 11
255 13
256 5
257 38
258 20
259 15
260 43
261 33
262 1
263 40
264 10
265 28
266 39
267 2
268 42
269 3
270 26
271 18
272 12
273 5
274 41
275 5
276 1
277 32
278 8
279 28
280 32
281 17
282 19
283 9
284 5
285 20
286 27
287 7
288 35
289 8
290 42
291 24
292 35
293 34
294 13
295 13
296 40
297 3
298 14
299 13
300 43
301 4
302 39
303 26
304 41
305 21
306 38
307 15
308 31
309 37
310 43
311 4
312 9
313 32
314 31
315 37
316 5
317 41
318 33
319 18
320 28
321 31
322 24
323 12
324 15
325 35
326 35
327 24
328 22
329 19
330 18
331 21
332 19
333 15
334 13
335 34
336 2
337 33
338 24
339 22
340 34
341 6
342 33
343 38
344 37
345 10
346 6
347 34
348 19
349 9
350 37
351 27
352 37
353 15
354 32
355 34
356 33
357 41
358 44
359 2
360 31
361 21
362 10
363 37
364 3
365 12
366 7
367 4
368 10
369 17
370 28
371 15
372 24
373 9
374 19
375 32
376 4
377 15
378 30
379 20
380 41
381 44
382 37
383 10
384 44
385 30
386 6
387 42
388 17
389 6
390 43
391 34
392 6
393 30
394 39
395 13
396 13
397 27
398 39
399 22
400 42
401 15
402 30
403 17
404 24
405 2
406 31
407 42
408 28
409 41
410 14
411 4
412 18
413 28
414 18
415 17
416 41
417 43
418 17
419 3
420 42
421 35
422 38
423 28
424 37
425 28
426 13
427 34
428 28
429 44
430 14
431 14
432 13
433 14
434 37
435 22
436 35
437 41
438 15
439 31
440 38
441 38
442 3
443 38
444 14
445 17
446 2
447 38
448 2
449 15
450 19
451 41
452 19
453 28
454 35
455 17
456 19
457 41
458 37
459 27
460 19
461 27
462 17
463 14
464 3
465 9
466 41
467 2
468 27
469 13
470 28
471 17
472 14
473 14
474 2
475 10
476 41
477 28
478 31
479 31
480 35
481 15
482 13
483 13
484 35
485 19
486 14
487 2
488 13
489 13
490 28
491 37
492 13
493 31
494 31
495 31
496 37
497 31
498 31
499 31
500 31
