1 3
2 7
3 7
4 15
5 47
6 21
7 30
8 6
9 39
10 19
11 36
12 31
13 43
14 8
15 19
16 19
17 3
18 38
19 46
20 29
21 27
22 11
23 40
24 26
25 16
26 39
27 8
28 24
29 17
30 28
31 17
32 12
33 22
34 20
35 34
36 30
37 26
38 13
39 18
40 40
41 39
42 3
43 15
44 9
45 38
46 24
47 7
48 37
49 41
50 25
51 35
52 25
53 23
54 31
55 37
56 43
57 19
58 5
59 31
60 30
61 3
62 37
63 47
64 15
65 2
66 12
67 21
68 16
69 8
70 15
71 44
72 39
73 11
74 14
75 5
76 2
77 27
78 40
79 4
80 18
81 38
82 25
83 24
84 6
85 25
86 20
87 34
88 24
89 24
90 6
91 45
92 14
93 1
94 22
95 35
96 17
97 30
98 4
99 9
100 15
101 29
102 10
103 31
104 24
105 7
106 4
107 45
108 32
109 5
110 13
111 5
112 41
113 8
114 12
115 43
116 14
117 17
118 21
119 6
120 40
121 1
122 19
123 10
124 25
125 30
126 13
127 6
128 15
129 18
130 17
131 17
132 10
133 18
134 4
135 30
136 35
137 24
138 3
139 42
140 21
141 3
142 46
143 23
144 46
145 34
146 13
147 1
148 34
149 10
150 40
151 7
152 29
153 7
154 9
155 33
156 28
157 22
158 29
159 45
160 30
161 39
162 19
163 17
164 3
165 43
166 11
167 39
168 18
169 23
170 46
171 36
172 13
173 15
174 42
175 15
176 10
177 39
178 17
179 1
180 16
181 45
182 36
183 8
184 32
185 6
186 2
187 11
188 13
189 24
190 21
191 39
192 39
193 16
194 46
195 2
196 23
197 41
198 37
199 47
200 25
201 22
202 9
203 12
204 24
205 28
206 28
207 47
208 2
209 9
210 44
211 24
212 32
213 19
214 43
215 14
216 1
217 47
218 16
219 39
220 19
221 24
222 1
223 30
224 11
225 6
226 44
227 23
228 27
229 17
230 37
231 2
232 8
233 40
234 5
235 26
236 33
237 34
238 43
239 17
240 30
241 8
242 16
243 39
244 10
245 17
246 38
247 44
248 30
249 38
250 42
251 15
252 25
253 26
254 45
255 41
256 3
257 6
258 35
259 17
260 27
261 33
262 44
263 42
264 9
265 28
266 19
267 20
268 1
269 20
270 41
271 20
272 4
273 9
274 9
275 1
276 46
277 16
278 30
279 17
280 16
281 30
282 47
283 22
284 20
285 25
286 30
287 24
288 43
289 11
290 26
291 13
292 41
293 36
294 35
295 41
296 20
297 36
298 15
299 40
300 18
301 43
302 38
303 13
304 37
305 13
306 16
307 35
308 39
309 5
310 17
311 5
312 17
313 35
314 33
315 47
316 18
317 3
318 19
319 19
320 37
321 19
322 37
323 14
324 30
325 17
326 40
327 39
328 43
329 40
330 27
331 18
332 32
333 17
334 30
335 24
336 38
337 14
338 6
339 10
340 39
341 35
342 33
343 12
344 8
345 8
346 18
347 29
348 37
349 17
350 19
351 40
352 28
353 17
354 47
355 5
356 32
357 42
358 20
359 43
360 18
361 7
362 10
363 5
364 12
365 39
366 32
367 13
368 20
369 37
370 43
371 2
372 7
373 20
374 47
375 35
376 4
377 3
378 3
379 19
380 47
381 6
382 18
383 40
384 15
385 9
386 24
387 40
388 12
389 1
390 4
391 31
392 39
393 9
394 30
395 19
396 19
397 29
398 42
399 24
400 3
401 6
402 6
403 31
404 1
405 33
406 16
407 26
408 28
409 37
410 27
411 24
412 1
413 17
414 15
415 12
416 41
417 13
418 13
419 42
420 7
421 40
422 11
423 9
424 1
425 26
426 19
427 19
428 32
429 32
430 5
431 7
432 6
433 47
434 24
435 17
436 39
437 27
438 37
439 13
440 15
441 20
442 31
443 4
444 43
445 35
446 6
447 47
448 30
449 40
450 20
451 15
452 1
453 30
454 47
455 10
456 1
457 30
458 37
459 7
460 15
461 47
462 19
463 18
464 32
465 40
466 32
467 24
468 39
469 39
470 8
471 47
472 24
473 13
474 15
475 37
476 32
477 25
478 12
479 18
480 17
481 17
482 37
483 9
484 12
485 18
486 20
487 30
488 19
489 37
490 19
491 20
492 3
493 30
494 9
495 47
496 40
497 3
498 40
499 19
500 19
