1 37
2 1
3 14
4 25
5 15
6 29
7 8
8 18
9 18
10 43
11 1
12 34
13 14
14 2
15 15
16 7
17 25
18 3
19 35
20 12
21 9
22 24
23 40
24 36
25 24
26 26
27 40
28 18
29 39
30 28
31 32
32 27
33 22
34 16
35 19
36 20
37 12
38 11
39 11
40 39
41 23
42 8
43 24
44 27
45 5
46 25
47 15
48 25
49 16
50 40
51 41
52 14
53 4
54 36
55 9
56 7
57 23
58 36
59 35
60 36
61 9
62 12
63 11
64 33
65 29
66 18
67 37
68 20
69 26
70 8
71 24
72 3
73 37
74 20
75 23
76 27
77 31
78 39
79 42
80 9
81 32
82 24
83 27
84 38
85 33
86 42
87 38
88 24
89 34
90 33
91 33
92 28
93 32
94 20
95 1
96 22
97 39
98 10
99 3
100 11
101 17
102 8
103 5
104 21
105 30
106 35
107 36
108 20
109 12
110 14
111 43
112 17
113 11
114 26
115 38
116 16
117 29
118 1
119 15
120 42
121 22
122 21
123 33
124 10
125 22
126 1
127 25
128 40
129 10
130 1
131 36
132 37
133 38
134 21
135 28
136 40
137 43
138 29
139 18
140 21
141 15
142 1
143 42
144 18
145 24
146 38
147 24
148 5
149 40
150 43
151 14
152 34
153 15
154 28
155 40
156 4
157 35
158 31
159 37
160 35
161 36
162 1
163 41
164 25
165 14
166 40
167 24
168 37
169 25
170 3
171 35
172 21
173 28
174 30
175 8
176 30
177 10
178 11
179 8
180 30
181 30
182 20
183 1
184 10
185 16
186 17
187 13
188 27
189 13
190 43
191 19
192 17
193 24
194 41
195 4
196 29
197 6
198 34
199 26
200 6
201 24
202 18
203 24
204 16
205 23
206 36
207 34
208 32
209 4
210 41
211 42
212 23
213 7
214 2
215 16
216 24
217 6
218 15
219 14
220 4
221 12
222 21
223 29
224 16
225 17
226 10
227 27
228 8
229 12
230 31
231 11
232 2
233 38
234 39
235 32
236 4
237 9
238 14
239 31
240 13
241 27
242 4
243 9
244 20
245 33
246 39
247 13
248 2
249 35
250 35
251 20
252 42
253 25
254 28
255 1
256 16
257 13
258 1
259 41
260 7
261 11
262 34
263 40
264 26
265 13
266 1
267 26
268 14
269 21
270 20
271 25
272 1
273 17
274 9
275 4
276 19
277 31
278 7
279 41
280 1
281 19
282 1
283 8
284 29
285 2
286 19
287 35
288 33
289 10
290 5
291 33
292 26
293 23
294 4
295 42
296 37
297 24
298 5
299 32
300 28
301 6
302 23
303 12
304 2
305 30
306 20
307 38
308 32
309 26
310 13
311 42
312 16
313 11
314 31
315 20
316 6
317 6
318 42
319 22
320 11
321 29
322 7
323 40
324 43
325 21
326 28
327 4
328 32
329 19
330 39
331 41
332 33
333 22
334 14
335 10
336 16
337 29
338 1
339 33
340 31
341 6
342 8
343 24
344 2
345 42
346 18
347 1
348 27
349 26
350 26
351 25
352 30
353 23
354 41
355 36
356 39
357 35
358 32
359 8
360 11
361 3
362 22
363 22
364 30
365 39
366 6
367 1
368 15
369 31
370 35
371 15
372 43
373 32
374 36
375 32
376 43
377 34
378 21
379 23
380 35
381 19
382 33
383 39
384 42
385 6
386 41
387 23
388 8
389 40
390 25
391 14
392 36
393 39
394 33
395 26
396 15
397 43
398 6
399 7
400 6
401 35
402 15
403 24
404 26
405 4
406 26
407 21
408 29
409 30
410 1
411 35
412 35
413 25
414 43
415 29
416 24
417 42
418 6
419 41
420 4
421 4
422 40
423 7
424 31
425 25
426 17
427 27
428 27
429 31
430 31
431 29
432 33
433 6
434 5
435 27
436 18
437 27
438 27
439 28
440 27
441 17
442 24
443 42
444 27
445 17
446 25
447 27
448 33
449 26
450 19
451 42
452 40
453 41
454 37
455 33
456 42
457 42
458 33
459 21
460 40
461 35
462 40
463 26
464 41
465 43
466 27
467 31
468 3
469 1
470 5
471 26
472 33
473 41
474 35
475 33
476 26
477 35
478 29
479 35
480 26
481 41
482 41
483 26
484 41
485 14
486 26
487 41
488 31
489 38
490 41
491 41
492 41
493 1
494 1
495 9
496 13
497 41
498 41
499 41
500 41
