1 2
1 97
1 312
1 313
1 493
2 1
2 312
2 381
2 389
2 481
3 4
3 28
3 315
3 381
3 497
4 3
4 5
4 120
4 315
4 470
5 4
5 9
5 10
5 80
5 315
6 124
6 251
6 252
6 259
6 265
6 266
6 267
7 11
7 76
7 312
7 367
7 465
8 35
8 169
8 170
8 173
8 494
9 5
9 10
9 11
9 38
9 315
10 5
10 9
10 11
10 20
10 455
11 7
11 9
11 10
11 14
11 56
12 152
12 156
12 274
12 495
12 498
13 303
13 320
13 332
13 453
13 465
13 470
13 478
13 481
13 485
13 499
14 11
14 17
14 34
14 260
14 316
15 32
15 40
15 177
15 178
15 477
16 18
16 71
16 435
16 437
16 446
16 457
16 463
17 14
17 32
17 316
17 417
17 428
18 16
18 26
18 316
18 363
18 393
19 23
19 26
19 94
19 260
19 316
20 10
20 53
20 56
20 350
20 394
20 440
21 23
21 75
21 155
21 180
21 283
22 65
22 136
22 198
22 283
22 306
22 371
22 397
22 401
22 416
23 19
23 21
23 25
23 26
23 281
24 27
24 60
24 379
24 469
24 493
25 23
25 26
25 27
25 57
25 281
26 18
26 19
26 23
26 25
26 27
27 24
27 25
27 26
27 28
27 281
28 3
28 27
28 29
28 30
28 31
29 28
29 31
29 44
29 407
29 471
30 28
30 31
30 93
30 281
30 391
31 28
31 29
31 30
31 34
31 45
32 15
32 17
32 174
32 175
32 176
33 42
33 114
33 179
33 271
33 454
33 466
33 472
33 477
34 14
34 31
34 35
34 36
34 342
35 8
35 34
35 36
35 343
35 488
36 34
36 35
36 39
36 43
36 248
37 151
37 154
37 157
37 158
37 173
38 9
38 73
38 133
38 135
38 137
39 36
39 40
39 41
39 248
39 435
40 15
40 39
40 41
40 43
40 44
41 39
41 40
41 44
41 66
41 248
42 33
42 46
42 114
42 271
42 346
42 369
42 454
42 472
43 36
43 40
43 44
43 248
43 366
44 29
44 40
44 41
44 43
44 45
45 31
45 44
45 52
45 54
45 58
46 42
46 82
46 84
46 246
46 250
47 175
47 226
47 232
47 279
47 467
48 54
48 226
48 230
48 254
48 464
49 121
49 122
49 123
49 126
49 332
49 361
50 229
50 234
50 319
50 339
50 367
50 400
51 183
51 188
51 190
51 193
51 486
52 45
52 54
52 57
52 58
52 421
53 20
53 56
53 87
53 350
53 394
53 440
54 45
54 48
54 52
54 57
54 58
55 81
55 136
55 152
55 291
55 413
56 11
56 20
56 53
56 59
56 96
56 440
57 25
57 52
57 54
57 58
57 60
58 45
58 52
58 54
58 57
58 60
59 56
59 96
59 118
59 142
59 147
60 24
60 57
60 58
60 62
60 63
61 62
61 63
61 71
61 462
61 477
62 60
62 61
62 63
62 64
62 445
63 60
63 61
63 62
63 64
63 122
64 62
64 63
64 66
64 159
64 314
65 22
65 172
65 198
65 287
65 302
65 452
65 473
65 474
65 480
65 483
65 489
65 490
66 41
66 64
66 67
66 314
66 329
67 66
67 308
67 314
67 329
67 471
68 69
68 73
68 247
68 314
68 329
69 68
69 70
69 74
69 151
69 247
70 69
70 74
70 90
70 314
70 329
71 16
71 61
71 125
71 134
71 446
71 457
71 463
72 74
72 117
72 119
72 122
72 444
73 38
73 68
73 133
73 425
73 473
74 69
74 70
74 72
74 76
74 77
75 21
75 179
75 180
75 181
75 464
76 7
76 74
76 77
76 247
76 359
77 74
77 76
77 253
77 382
77 482
78 79
78 250
78 253
78 283
78 466
79 78
79 154
79 246
79 250
79 253
80 5
80 82
80 84
80 213
80 355
81 55
81 207
81 291
81 303
81 498
82 46
82 80
82 213
82 246
82 434
83 85
83 86
83 87
83 92
83 475
84 46
84 80
84 200
84 213
84 482
85 83
85 86
85 87
85 396
85 461
86 83
86 85
86 87
86 213
86 416
87 53
87 83
87 85
87 86
87 449
88 91
88 92
88 93
88 161
88 497
89 113
89 115
89 116
89 146
89 496
90 70
90 94
90 97
90 98
90 484
91 88
91 92
91 93
91 96
91 246
92 83
92 88
92 91
92 93
92 439
93 30
93 88
93 91
93 92
93 94
94 19
94 90
94 93
94 97
94 487
95 97
95 98
95 99
95 145
95 469
96 56
96 59
96 91
96 118
96 142
96 147
97 1
97 90
97 94
97 95
97 99
98 90
98 95
98 99
98 103
98 470
99 95
99 97
99 98
99 243
99 464
100 101
100 103
100 230
100 243
100 354
101 100
101 103
101 104
101 215
101 243
102 112
102 153
102 254
102 258
102 384
102 400
102 420
102 423
102 429
102 444
102 445
102 461
103 98
103 100
103 101
103 104
103 243
104 101
104 103
104 105
104 208
104 214
105 104
105 108
105 115
105 214
105 422
106 107
106 109
106 125
106 214
106 475
107 106
107 108
107 109
107 176
107 214
108 105
108 107
108 109
108 111
108 214
109 106
109 107
109 108
109 113
109 202
110 165
110 166
110 168
110 199
110 282
110 418
111 108
111 157
111 158
111 159
111 160
112 102
112 188
112 294
112 429
112 431
112 443
112 444
112 445
112 461
112 484
113 89
113 109
113 115
113 180
113 496
114 33
114 42
114 201
114 271
114 287
114 346
114 369
114 384
114 386
115 89
115 105
115 113
115 457
115 496
116 89
116 119
116 128
116 136
116 496
117 72
117 119
117 121
117 228
117 496
118 59
118 96
118 123
118 142
118 147
118 156
118 165
119 72
119 116
119 117
119 121
119 141
120 4
120 251
120 431
120 433
120 442
120 443
120 447
120 455
120 471
120 484
121 49
121 117
121 119
121 122
121 140
122 49
122 63
122 72
122 121
122 493
123 49
123 118
123 124
123 126
123 127
124 6
124 123
124 126
124 127
124 339
125 71
125 106
125 134
125 186
125 187
125 262
125 282
126 49
126 123
126 124
126 227
126 477
127 123
127 124
127 128
127 129
127 500
128 116
128 127
128 129
128 130
128 434
129 127
129 128
129 130
129 379
129 486
130 128
130 129
130 131
130 133
130 157
131 130
131 132
131 133
131 424
131 440
132 131
132 143
132 227
132 233
132 299
132 307
132 328
133 38
133 73
133 130
133 131
133 406
134 71
134 125
134 186
134 187
134 262
134 282
134 308
135 38
135 137
135 138
135 181
135 184
136 22
136 55
136 116
136 195
136 337
136 371
136 389
136 397
136 401
137 38
137 135
137 138
137 139
137 146
138 135
138 137
138 139
138 184
138 384
139 137
139 138
139 140
139 143
139 184
140 121
140 139
140 141
140 143
140 219
141 119
141 140
141 143
141 219
141 449
142 59
142 96
142 118
142 147
142 156
142 162
143 132
143 139
143 140
143 141
143 219
144 192
144 198
144 408
144 488
144 500
145 95
145 149
145 150
145 219
145 391
146 89
146 137
146 406
146 411
146 413
146 417
146 434
146 439
146 448
147 59
147 96
147 118
147 142
147 156
148 149
148 150
148 462
148 484
148 490
149 145
149 148
149 150
149 211
149 482
150 145
150 148
150 149
150 211
150 489
151 37
151 69
151 154
151 211
151 439
152 12
152 55
152 168
152 458
152 495
152 498
153 102
153 165
153 199
153 492
153 494
154 37
154 79
154 151
154 211
154 462
155 21
155 284
155 310
155 326
155 348
155 360
155 373
155 398
156 12
156 118
156 142
156 147
156 167
156 191
156 270
157 37
157 111
157 130
157 211
157 380
158 37
158 111
158 160
158 190
158 299
159 64
159 111
159 160
159 161
159 328
160 111
160 158
160 159
160 161
160 246
161 88
161 159
161 160
161 162
161 491
162 142
162 161
162 163
162 462
162 494
163 162
163 164
163 338
163 439
163 494
164 163
164 338
164 478
164 494
164 500
165 110
165 118
165 153
165 168
165 338
166 110
166 169
166 170
166 199
166 434
167 156
167 185
167 191
167 195
167 203
167 224
168 110
168 152
168 165
168 169
168 199
169 8
169 166
169 168
169 170
169 319
170 8
170 166
170 169
170 297
170 360
171 218
171 269
171 270
171 274
171 321
172 65
172 183
172 196
172 226
172 287
172 323
172 415
172 480
172 483
172 489
172 490
172 492
172 497
172 499
172 500
173 8
173 37
173 174
173 175
173 477
174 32
174 173
174 175
174 211
174 446
175 32
175 47
175 173
175 174
175 178
176 32
176 107
176 177
176 373
176 437
177 15
177 176
177 178
177 263
177 438
178 15
178 175
178 177
178 263
178 381
179 33
179 75
179 180
179 181
179 263
180 21
180 75
180 113
180 179
180 181
181 75
181 135
181 179
181 180
181 182
182 181
182 183
182 190
182 197
182 307
183 51
183 172
183 182
183 188
183 190
183 444
184 135
184 138
184 139
184 216
184 219
184 388
185 167
185 191
185 195
185 238
185 435
185 478
186 125
186 134
186 187
186 262
186 282
186 286
186 331
186 371
187 125
187 134
187 186
187 262
187 276
187 278
187 282
187 286
188 51
188 112
188 183
188 190
188 249
188 472
189 205
189 297
189 376
189 422
189 454
189 459
190 51
190 158
190 182
190 183
190 188
191 156
191 167
191 185
191 195
191 440
191 493
192 144
192 198
192 291
192 327
192 374
192 465
193 51
193 194
193 197
193 201
193 214
193 320
194 193
194 197
194 201
194 204
194 462
195 136
195 167
195 185
195 191
195 203
195 297
195 443
196 172
196 238
196 308
196 327
196 415
196 444
196 491
196 492
196 497
197 182
197 193
197 194
197 201
197 204
198 22
198 65
198 144
198 192
198 382
198 496
199 110
199 153
199 166
199 168
199 231
199 338
200 84
200 235
200 244
200 283
200 350
200 351
200 394
200 401
200 416
201 114
201 193
201 194
201 197
201 204
201 255
202 109
202 257
202 258
202 264
202 269
202 468
203 167
203 195
203 297
203 394
203 457
203 497
204 194
204 197
204 201
204 206
204 240
205 189
205 207
205 350
205 376
205 422
205 500
206 204
206 215
206 216
206 220
206 261
206 405
207 81
207 205
207 297
207 376
207 422
207 460
208 104
208 313
208 343
208 363
208 379
208 387
209 210
209 217
209 218
209 393
209 422
209 480
210 209
210 217
210 219
210 376
210 474
210 485
211 149
211 150
211 151
211 154
211 157
211 174
212 221
212 306
212 313
212 343
212 372
212 387
213 80
213 82
213 84
213 86
213 225
213 246
214 104
214 105
214 106
214 107
214 108
214 193
215 101
215 206
215 216
215 220
215 254
216 184
216 206
216 215
216 220
216 254
217 209
217 210
217 218
217 221
217 243
217 393
218 171
218 209
218 217
218 221
218 393
218 422
219 140
219 141
219 143
219 145
219 184
219 210
220 206
220 215
220 216
220 238
220 254
221 212
221 217
221 218
221 222
221 393
221 422
222 221
222 223
222 224
222 225
222 379
222 412
223 222
223 224
223 225
223 228
223 268
223 412
224 167
224 222
224 223
224 225
224 228
224 412
225 213
225 222
225 223
225 224
225 228
225 412
226 47
226 48
226 172
226 232
226 357
226 472
227 126
227 132
227 233
227 234
227 299
227 328
227 487
228 117
228 223
228 224
228 225
228 412
228 475
229 50
229 234
229 259
229 319
229 339
229 482
230 48
230 100
230 232
230 254
230 457
230 493
231 199
231 275
231 278
231 290
231 294
231 298
232 47
232 226
232 230
232 279
232 477
232 500
233 132
233 227
233 359
233 366
233 459
233 487
234 50
234 227
234 229
234 319
234 339
234 412
235 200
235 236
235 238
235 241
235 339
235 367
236 235
236 241
236 319
236 321
236 367
236 481
237 269
237 289
237 296
237 300
237 309
237 410
237 423
237 451
238 185
238 196
238 220
238 235
238 283
238 308
238 327
238 491
238 492
238 497
238 500
239 242
239 244
239 245
239 251
239 252
239 259
240 204
240 346
240 382
240 403
240 407
240 409
240 418
240 449
241 235
241 236
241 242
241 245
241 367
241 489
242 239
242 241
242 244
242 245
242 440
242 450
243 99
243 100
243 101
243 103
243 217
243 500
244 200
244 239
244 242
244 245
244 310
244 449
245 239
245 241
245 242
245 244
245 251
245 367
246 46
246 79
246 82
246 91
246 160
246 213
247 68
247 69
247 76
247 253
247 403
247 428
248 36
248 39
248 41
248 43
248 341
248 447
249 188
249 255
249 256
249 257
249 279
249 395
250 46
250 78
250 79
250 253
250 291
250 431
251 6
251 120
251 239
251 245
251 252
251 283
252 6
252 239
252 251
252 259
252 263
252 266
253 77
253 78
253 79
253 247
253 250
253 471
254 48
254 102
254 215
254 216
254 220
254 230
255 201
255 249
255 256
255 257
255 298
255 315
256 249
256 255
256 257
256 279
256 489
257 202
257 249
257 255
257 256
257 262
257 486
258 102
258 202
258 261
258 264
258 468
259 6
259 229
259 239
259 252
259 265
259 266
260 14
260 19
260 272
260 316
260 438
260 499
261 206
261 258
261 264
261 440
261 468
261 479
262 125
262 134
262 186
262 187
262 257
262 282
262 286
263 177
263 178
263 179
263 252
263 288
263 348
264 202
264 258
264 261
264 300
264 468
265 6
265 259
265 266
265 268
265 457
265 482
266 6
266 252
266 259
266 265
266 268
266 491
267 6
267 268
267 272
267 377
267 428
267 492
268 223
268 265
268 266
268 267
268 272
268 377
269 171
269 202
269 237
269 270
269 274
269 302
270 156
270 171
270 269
270 276
270 468
270 484
271 33
271 42
271 114
271 346
271 369
271 370
271 384
271 386
271 388
272 260
272 267
272 268
272 273
272 377
272 497
273 272
273 278
273 337
273 377
273 481
273 484
274 12
274 171
274 269
274 276
274 280
274 484
275 231
275 278
275 281
275 290
275 308
275 489
276 187
276 270
276 274
276 277
276 280
277 276
277 280
277 315
277 318
277 338
277 339
278 187
278 231
278 273
278 275
278 290
278 377
279 47
279 232
279 249
279 256
279 363
279 488
280 274
280 276
280 277
280 285
280 318
281 23
281 25
281 27
281 30
281 275
281 316
282 110
282 125
282 134
282 186
282 187
282 262
282 286
283 21
283 22
283 78
283 200
283 238
283 251
283 351
283 397
283 401
283 416
284 155
284 285
284 286
284 289
284 410
284 447
284 451
285 280
285 284
285 286
285 289
285 410
285 451
285 466
286 186
286 187
286 262
286 282
286 284
286 285
286 329
286 483
287 65
287 114
287 172
287 298
287 302
287 323
287 452
287 480
287 483
287 489
287 490
287 499
288 263
288 379
288 436
288 460
288 464
288 469
288 474
288 479
288 480
288 482
288 486
288 488
288 493
288 497
289 237
289 284
289 285
289 348
289 410
289 451
289 486
290 231
290 275
290 278
290 294
290 377
291 55
291 81
291 192
291 250
291 495
292 306
292 313
292 342
292 359
292 366
292 421
292 487
293 352
293 366
293 380
293 396
293 417
293 424
293 434
293 449
293 450
293 470
294 112
294 231
294 290
294 298
294 305
294 424
294 484
295 296
295 301
295 318
295 324
295 330
296 237
296 295
296 300
296 309
296 317
296 322
296 410
297 170
297 189
297 195
297 203
297 207
297 376
297 438
298 231
298 255
298 287
298 294
298 304
298 305
298 469
299 132
299 158
299 227
299 328
299 443
299 450
299 452
300 237
300 264
300 296
300 309
300 322
300 410
300 451
301 295
301 318
301 324
301 330
301 345
301 377
302 65
302 269
302 287
302 423
302 452
302 473
302 474
302 480
302 483
302 489
302 490
302 493
302 495
303 13
303 81
303 320
303 332
303 453
303 465
303 466
303 478
303 481
303 485
304 298
304 305
304 333
304 349
304 401
304 416
304 479
305 294
305 298
305 304
305 308
305 333
305 390
305 429
306 22
306 212
306 292
306 342
306 363
306 372
306 375
307 132
307 182
307 328
307 338
307 368
307 424
307 467
308 67
308 134
308 196
308 238
308 275
308 305
308 327
308 429
308 439
308 491
308 492
308 497
308 499
308 500
309 237
309 296
309 300
309 317
309 322
309 334
309 344
310 155
310 244
310 326
310 348
310 398
310 408
310 476
311 333
311 336
311 344
311 389
311 450
311 469
311 489
312 1
312 2
312 7
312 313
312 353
312 381
312 500
313 1
313 208
313 212
313 292
313 312
313 381
313 387
314 64
314 66
314 67
314 68
314 70
314 410
314 485
315 3
315 4
315 5
315 9
315 255
315 277
315 425
316 14
316 17
316 18
316 19
316 260
316 281
316 459
317 296
317 309
317 322
317 334
317 345
317 404
317 451
318 277
318 280
318 295
318 301
318 324
319 50
319 169
319 229
319 234
319 236
319 339
319 351
320 13
320 193
320 303
320 332
320 400
320 423
320 453
320 465
320 478
321 171
321 236
321 325
321 368
321 402
321 441
321 467
322 296
322 300
322 309
322 317
322 334
322 345
322 458
323 172
323 287
323 343
323 419
323 480
323 483
323 489
323 490
323 491
323 492
323 497
323 499
323 500
324 295
324 301
324 318
324 330
324 331
325 321
325 333
325 336
325 344
325 402
325 415
325 442
326 155
326 310
326 348
326 373
326 398
326 463
326 492
327 192
327 196
327 238
327 308
327 374
327 420
327 465
327 491
327 492
327 497
327 499
327 500
328 132
328 159
328 227
328 299
328 307
328 335
328 467
329 66
329 67
329 68
329 70
329 286
329 409
329 483
330 295
330 301
330 324
330 331
330 394
331 186
331 324
331 330
331 335
331 341
332 13
332 49
332 303
332 320
332 356
332 400
332 420
332 423
332 429
332 465
333 304
333 305
333 311
333 325
333 336
333 350
333 455
334 309
334 317
334 322
334 340
334 345
334 349
334 497
335 328
335 331
335 341
335 358
335 361
336 311
336 325
336 333
336 344
336 415
336 438
337 136
337 273
337 371
337 389
337 397
337 425
337 428
338 163
338 164
338 165
338 199
338 277
338 307
338 494
339 50
339 124
339 229
339 234
339 235
339 277
339 319
339 367
339 426
340 334
340 345
340 347
340 349
340 352
340 353
340 414
341 248
341 331
341 335
341 358
341 361
342 34
342 292
342 306
342 366
342 372
342 421
342 470
343 35
343 208
343 212
343 323
343 363
343 379
343 387
344 309
344 311
344 325
344 336
344 402
344 415
345 301
345 317
345 322
345 334
345 340
345 349
345 352
345 445
346 42
346 114
346 240
346 271
346 369
346 384
346 386
346 472
347 340
347 352
347 353
347 356
347 357
347 364
347 374
347 492
348 155
348 263
348 289
348 310
348 326
348 360
348 373
348 408
349 304
349 334
349 340
349 345
349 352
349 448
349 457
349 479
350 20
350 53
350 200
350 205
350 333
350 351
350 394
350 440
350 455
351 200
351 283
351 319
351 350
351 394
351 401
351 416
351 492
352 293
352 340
352 345
352 347
352 349
352 357
352 364
352 422
353 312
353 340
353 347
353 356
353 357
353 364
353 453
353 497
354 100
354 355
354 360
354 382
354 388
354 411
354 459
354 485
355 80
355 354
355 360
355 382
355 398
355 403
355 449
355 459
356 332
356 347
356 353
356 357
356 364
356 374
356 446
356 450
357 226
357 347
357 352
357 353
357 356
357 364
357 374
357 472
358 335
358 341
358 361
358 362
358 498
359 76
359 233
359 292
359 421
359 425
359 442
359 447
359 487
360 155
360 170
360 348
360 354
360 355
360 388
360 398
360 459
361 49
361 335
361 341
361 358
361 362
361 450
362 358
362 361
362 370
362 378
362 454
363 18
363 208
363 279
363 306
363 343
363 379
363 381
363 484
364 347
364 352
364 353
364 356
364 357
364 374
364 394
364 411
365 380
365 390
365 409
365 424
365 435
365 438
365 450
365 470
366 43
366 233
366 292
366 293
366 342
366 408
366 421
366 461
367 7
367 50
367 235
367 236
367 241
367 245
367 339
367 490
368 307
368 321
368 397
368 406
368 441
368 467
368 473
368 499
369 42
369 114
369 271
369 346
369 384
369 386
369 395
369 476
370 271
370 362
370 378
370 383
370 385
370 460
371 22
371 136
371 186
371 337
371 381
371 389
371 471
371 499
372 212
372 306
372 342
372 379
372 387
372 471
372 472
372 497
373 155
373 176
373 326
373 348
373 388
373 433
373 463
373 465
374 192
374 327
374 347
374 356
374 357
374 364
374 375
374 399
375 306
375 374
375 399
375 404
375 405
375 427
375 451
375 465
376 189
376 205
376 207
376 210
376 297
376 422
376 499
377 267
377 268
377 272
377 273
377 278
377 290
377 301
377 445
378 362
378 370
378 383
378 385
378 389
378 397
379 24
379 129
379 208
379 222
379 288
379 343
379 363
379 372
380 157
380 293
380 365
380 390
380 396
380 417
380 424
380 437
380 447
380 450
380 463
380 470
381 2
381 3
381 178
381 312
381 313
381 363
381 371
381 452
382 77
382 198
382 240
382 354
382 355
382 403
382 449
382 459
382 467
383 370
383 378
383 392
383 396
383 414
384 102
384 114
384 138
384 271
384 346
384 369
384 386
384 395
384 472
385 370
385 378
385 392
385 414
385 446
386 114
386 271
386 346
386 369
386 384
386 395
386 406
386 446
387 208
387 212
387 313
387 343
387 372
387 441
388 184
388 271
388 354
388 360
388 373
388 398
388 437
388 459
388 460
389 2
389 136
389 311
389 337
389 371
389 378
389 425
389 428
389 485
390 305
390 365
390 380
390 396
390 424
390 450
390 463
390 470
390 477
391 30
391 145
391 393
391 407
391 409
391 418
391 428
391 462
391 470
392 383
392 385
392 414
392 419
392 478
393 18
393 209
393 217
393 218
393 221
393 391
393 412
393 459
393 461
394 20
394 53
394 200
394 203
394 330
394 350
394 351
394 364
394 440
395 249
395 369
395 384
395 386
395 406
395 411
395 413
395 448
395 479
396 85
396 293
396 380
396 383
396 390
396 417
396 424
396 450
396 470
397 22
397 136
397 283
397 337
397 368
397 378
397 401
397 469
397 475
398 155
398 310
398 326
398 355
398 360
398 388
398 459
398 475
398 491
399 374
399 375
399 404
399 405
399 427
399 476
400 50
400 102
400 320
400 332
400 420
400 423
400 429
400 445
400 500
401 22
401 136
401 200
401 283
401 304
401 351
401 397
401 403
401 453
402 321
402 325
402 344
402 415
402 441
402 454
403 240
403 247
403 355
403 382
403 401
403 418
403 449
403 459
403 490
404 317
404 375
404 399
404 405
404 408
404 427
404 466
404 476
405 206
405 375
405 399
405 404
405 408
405 427
405 476
406 133
406 146
406 368
406 386
406 395
406 411
406 413
406 434
406 448
407 29
407 240
407 391
407 409
407 425
407 428
407 462
407 481
407 488
408 144
408 310
408 348
408 366
408 404
408 405
408 427
408 461
408 476
409 240
409 329
409 365
409 391
409 407
409 418
409 440
409 449
409 462
410 237
410 284
410 285
410 289
410 296
410 300
410 314
410 451
410 483
411 146
411 354
411 364
411 395
411 406
411 413
411 434
411 439
411 448
412 222
412 223
412 224
412 225
412 228
412 234
412 393
412 463
412 496
413 55
413 146
413 395
413 406
413 411
413 434
413 439
413 443
413 448
414 340
414 383
414 385
414 392
414 419
415 172
415 196
415 325
415 336
415 344
415 402
415 441
416 22
416 86
416 200
416 283
416 304
416 351
416 435
416 482
416 500
417 17
417 146
417 293
417 380
417 396
417 433
417 434
417 439
417 448
417 485
418 110
418 240
418 391
418 403
418 409
418 449
418 462
419 323
419 392
419 414
419 426
419 430
420 102
420 327
420 332
420 400
420 423
420 429
420 444
420 445
420 448
420 486
421 52
421 292
421 342
421 359
421 366
421 466
421 487
422 105
422 189
422 205
422 207
422 209
422 218
422 221
422 352
422 376
422 449
423 102
423 237
423 302
423 320
423 332
423 400
423 420
423 429
423 444
423 445
424 131
424 293
424 294
424 307
424 365
424 380
424 390
424 396
424 450
424 470
425 73
425 315
425 337
425 359
425 389
425 407
425 428
425 437
425 480
425 481
426 339
426 419
426 430
426 432
426 456
427 375
427 399
427 404
427 405
427 408
427 476
427 499
428 17
428 247
428 267
428 337
428 389
428 391
428 407
428 425
428 463
428 494
429 102
429 112
429 305
429 308
429 332
429 400
429 420
429 423
429 444
429 445
430 419
430 426
430 432
430 436
430 456
431 112
431 120
431 250
431 442
431 443
431 444
431 455
431 456
431 461
431 484
432 426
432 430
432 456
432 458
432 472
433 120
433 373
433 417
433 447
433 454
433 455
433 466
433 471
433 472
433 477
433 485
434 82
434 128
434 146
434 166
434 293
434 406
434 411
434 413
434 417
434 439
434 448
435 16
435 39
435 185
435 365
435 416
435 437
435 438
435 446
435 457
435 462
435 463
436 288
436 430
436 464
436 469
436 473
436 474
436 479
436 485
436 486
436 488
436 493
437 16
437 176
437 380
437 388
437 425
437 435
437 438
437 446
437 457
437 470
437 478
438 177
438 260
438 297
438 336
438 365
438 435
438 437
438 446
438 457
438 463
438 477
439 92
439 146
439 151
439 163
439 308
439 411
439 413
439 417
439 434
439 448
439 454
440 20
440 53
440 56
440 131
440 191
440 242
440 261
440 350
440 394
440 409
440 493
441 321
441 368
441 387
441 402
441 415
441 467
442 120
442 325
442 359
442 431
442 443
442 455
442 461
442 484
442 488
442 490
442 491
443 112
443 120
443 195
443 299
443 413
443 431
443 442
443 455
443 461
443 479
443 484
444 72
444 102
444 112
444 183
444 196
444 420
444 423
444 429
444 431
444 445
444 461
445 62
445 102
445 112
445 345
445 377
445 400
445 420
445 423
445 429
445 444
445 461
446 16
446 71
446 174
446 356
446 385
446 386
446 435
446 437
446 438
446 457
446 463
447 120
447 248
447 284
447 359
447 380
447 433
447 454
447 455
447 466
447 471
447 472
447 477
448 146
448 349
448 395
448 406
448 411
448 413
448 417
448 420
448 434
448 439
448 486
449 87
449 141
449 240
449 244
449 293
449 355
449 382
449 403
449 409
449 418
449 422
449 462
450 242
450 293
450 299
450 311
450 356
450 361
450 365
450 380
450 390
450 396
450 424
450 470
451 237
451 284
451 285
451 289
451 300
451 317
451 375
451 410
452 65
452 287
452 299
452 302
452 381
452 464
452 473
452 474
452 483
452 488
452 490
452 493
453 13
453 303
453 320
453 353
453 401
453 460
453 465
453 475
453 478
453 481
453 482
453 485
454 33
454 42
454 189
454 362
454 402
454 433
454 439
454 447
454 466
454 471
454 472
454 477
455 10
455 120
455 333
455 350
455 431
455 433
455 442
455 443
455 447
455 466
455 471
455 484
456 426
456 430
456 431
456 432
456 458
457 16
457 71
457 115
457 203
457 230
457 265
457 349
457 435
457 437
457 438
457 446
457 463
458 152
458 322
458 432
458 456
458 498
459 189
459 233
459 316
459 354
459 355
459 360
459 382
459 388
459 393
459 398
459 403
459 462
460 207
460 288
460 370
460 388
460 453
460 469
460 475
460 478
460 479
460 481
460 482
460 485
461 85
461 102
461 112
461 366
461 393
461 408
461 431
461 442
461 443
461 444
461 445
461 484
462 61
462 148
462 154
462 162
462 194
462 391
462 407
462 409
462 418
462 435
462 449
462 459
463 16
463 71
463 326
463 373
463 380
463 390
463 412
463 428
463 435
463 438
463 446
463 457
464 48
464 75
464 99
464 288
464 436
464 452
464 473
464 474
464 479
464 483
464 486
464 488
464 493
465 7
465 13
465 192
465 303
465 320
465 327
465 332
465 373
465 375
465 453
465 473
465 475
465 477
465 478
465 481
465 485
466 33
466 78
466 285
466 303
466 404
466 421
466 433
466 447
466 454
466 455
466 471
466 472
466 477
467 47
467 307
467 321
467 328
467 368
467 382
467 441
468 202
468 258
468 261
468 264
468 270
468 478
468 490
469 24
469 95
469 288
469 298
469 311
469 397
469 436
469 460
469 475
469 479
469 482
469 486
469 488
469 493
470 4
470 13
470 98
470 293
470 342
470 365
470 380
470 390
470 391
470 396
470 424
470 437
470 450
470 499
471 29
471 67
471 120
471 253
471 371
471 372
471 433
471 447
471 454
471 455
471 466
471 474
471 477
471 484
472 33
472 42
472 188
472 226
472 346
472 357
472 372
472 384
472 432
472 433
472 447
472 454
472 466
472 477
473 65
473 73
473 302
473 368
473 436
473 452
473 464
473 465
473 474
473 479
473 483
473 486
473 488
473 493
474 65
474 210
474 288
474 302
474 436
474 452
474 464
474 471
474 473
474 480
474 483
474 486
474 488
474 493
475 83
475 106
475 228
475 397
475 398
475 453
475 460
475 465
475 469
475 478
475 479
475 481
475 482
475 485
475 493
476 310
476 369
476 399
476 404
476 405
476 408
476 427
477 15
477 33
477 61
477 126
477 173
477 232
477 390
477 433
477 438
477 447
477 454
477 465
477 466
477 471
477 472
478 13
478 164
478 185
478 303
478 320
478 392
478 437
478 453
478 460
478 465
478 468
478 475
478 481
478 482
478 485
479 261
479 288
479 304
479 349
479 395
479 436
479 443
479 460
479 464
479 469
479 473
479 475
479 482
479 486
479 488
480 65
480 172
480 209
480 287
480 288
480 302
480 323
480 425
480 474
480 483
480 489
480 490
480 492
480 499
480 500
481 2
481 13
481 236
481 273
481 303
481 407
481 425
481 453
481 460
481 465
481 475
481 478
481 482
481 485
481 488
482 77
482 84
482 149
482 229
482 265
482 288
482 416
482 453
482 460
482 469
482 475
482 478
482 479
482 481
482 485
483 65
483 172
483 286
483 287
483 302
483 323
483 329
483 410
483 452
483 464
483 473
483 474
483 480
483 489
483 490
484 90
484 112
484 120
484 148
484 270
484 273
484 274
484 294
484 363
484 431
484 442
484 443
484 455
484 461
484 471
485 13
485 210
485 303
485 314
485 354
485 389
485 417
485 433
485 436
485 453
485 460
485 465
485 475
485 478
485 481
485 482
486 51
486 129
486 257
486 288
486 289
486 420
486 436
486 448
486 464
486 469
486 473
486 474
486 479
486 488
486 493
486 499
487 94
487 227
487 233
487 292
487 359
487 421
487 495
488 35
488 144
488 279
488 288
488 407
488 436
488 442
488 452
488 464
488 469
488 473
488 474
488 479
488 481
488 486
488 493
489 65
489 150
489 172
489 241
489 256
489 275
489 287
489 302
489 311
489 323
489 480
489 483
489 490
489 497
489 499
489 500
490 65
490 148
490 172
490 287
490 302
490 323
490 367
490 403
490 442
490 452
490 468
490 480
490 483
490 489
490 499
490 500
491 161
491 196
491 238
491 266
491 308
491 323
491 327
491 398
491 442
491 492
491 493
491 497
491 499
491 500
492 153
492 172
492 196
492 238
492 267
492 308
492 323
492 326
492 327
492 347
492 351
492 480
492 491
492 497
492 499
492 500
493 1
493 24
493 122
493 191
493 230
493 288
493 302
493 436
493 440
493 452
493 464
493 469
493 473
493 474
493 475
493 486
493 488
493 491
494 8
494 153
494 162
494 163
494 164
494 338
494 428
495 12
495 152
495 291
495 302
495 487
495 498
496 89
496 113
496 115
496 116
496 117
496 198
496 412
497 3
497 88
497 172
497 196
497 203
497 238
497 272
497 288
497 308
497 323
497 327
497 334
497 353
497 372
497 489
497 491
497 492
497 499
497 500
498 12
498 81
498 152
498 358
498 458
498 495
499 13
499 172
499 260
499 287
499 308
499 323
499 327
499 368
499 371
499 376
499 427
499 470
499 480
499 486
499 489
499 490
499 491
499 492
499 497
499 500
500 127
500 144
500 164
500 172
500 205
500 232
500 238
500 243
500 308
500 312
500 323
500 327
500 400
500 416
500 480
500 489
500 490
500 491
500 492
500 497
500 499
