1 19
2 20
3 8
4 10
5 12
6 20
7 38
8 3
9 40
10 2
11 39
12 11
13 29
14 39
15 36
16 25
17 14
18 7
19 12
20 16
21 2
22 30
23 2
24 36
25 33
26 8
27 27
28 7
29 33
30 18
31 34
32 24
33 22
34 19
35 23
36 29
37 29
38 31
39 35
40 28
41 13
42 15
43 34
44 5
45 22
46 5
47 40
48 1
49 23
50 40
51 22
52 7
53 16
54 14
55 31
56 24
57 35
58 12
59 26
60 12
61 6
62 6
63 26
64 13
65 2
66 30
67 11
68 9
69 42
70 27
71 32
72 28
73 39
74 9
75 36
76 41
77 23
78 4
79 17
80 9
81 37
82 3
83 35
84 34
85 14
86 27
87 2
88 28
89 10
90 5
91 28
92 13
93 36
94 36
95 22
96 25
97 39
98 23
99 5
100 15
101 8
102 8
103 17
104 8
105 42
106 29
107 17
108 1
109 11
110 26
111 13
112 32
113 33
114 38
115 17
116 28
117 27
118 29
119 12
120 41
121 36
122 32
123 24
124 21
125 30
126 8
127 1
128 14
129 18
130 7
131 9
132 3
133 3
134 41
135 11
136 7
137 24
138 18
139 22
140 24
141 7
142 36
143 6
144 34
145 31
146 6
147 38
148 23
149 10
150 25
151 3
152 29
153 14
154 34
155 16
156 6
157 23
158 26
159 16
160 19
161 31
162 16
163 41
164 19
165 14
166 8
167 26
168 39
169 42
170 29
171 34
172 20
173 36
174 27
175 41
176 13
177 4
178 5
179 6
180 24
181 32
182 41
183 6
184 33
185 35
186 4
187 30
188 24
189 29
190 15
191 27
192 31
193 31
194 35
195 10
196 16
197 20
198 14
199 20
200 10
201 31
202 29
203 42
204 33
205 19
206 4
207 22
208 14
209 9
210 15
211 25
212 25
213 39
214 10
215 24
216 21
217 5
218 21
219 39
220 26
221 17
222 39
223 17
224 37
225 28
226 19
227 38
228 27
229 42
230 18
231 14
232 41
233 9
234 38
235 6
236 14
237 41
238 22
239 40
240 1
241 20
242 26
243 35
244 28
245 33
246 41
247 34
248 37
249 8
250 15
251 24
252 21
253 9
254 13
255 17
256 19
257 9
258 21
259 29
260 24
261 23
262 7
263 28
264 29
265 27
266 23
267 7
268 15
269 7
270 32
271 4
272 15
273 6
274 14
275 25
276 30
277 31
278 33
279 11
280 4
281 42
282 17
283 11
284 20
285 35
286 10
287 38
288 37
289 42
290 32
291 23
292 30
293 33
294 15
295 14
296 15
297 1
298 30
299 16
300 9
301 38
302 37
303 40
304 18
305 7
306 37
307 33
308 26
309 40
310 13
311 6
312 22
313 5
314 13
315 13
316 35
317 7
318 18
319 34
320 10
321 35
322 37
323 25
324 5
325 36
326 24
327 1
328 21
329 1
330 39
331 28
332 27
333 24
334 8
335 21
336 37
337 37
338 24
339 26
340 11
341 40
342 21
343 21
344 10
345 33
346 13
347 18
348 11
349 42
350 4
351 41
352 23
353 6
354 29
355 19
356 30
357 27
358 10
359 39
360 7
361 31
362 39
363 18
364 24
365 40
366 37
367 32
368 1
369 4
370 25
371 28
372 19
373 15
374 39
375 4
376 32
377 9
378 15
379 33
380 28
381 9
382 36
383 39
384 30
385 21
386 6
387 28
388 7
389 29
390 27
391 25
392 15
393 17
394 35
395 16
396 6
397 28
398 18
399 10
400 4
401 9
402 38
403 32
404 30
405 10
406 41
407 7
408 19
409 18
410 30
411 17
412 18
413 20
414 16
415 17
416 38
417 32
418 4
419 32
420 23
421 9
422 27
423 39
424 25
425 20
426 20
427 8
428 13
429 35
430 9
431 27
432 39
433 18
434 7
435 15
436 9
437 16
438 39
439 38
440 16
441 27
442 19
443 35
444 9
445 13
446 16
447 7
448 15
449 38
450 28
451 38
452 38
453 27
454 35
455 38
456 4
457 19
458 4
459 28
460 35
461 9
462 35
463 9
464 15
465 28
466 24
467 35
468 38
469 15
470 39
471 27
472 7
473 35
474 4
475 27
476 27
477 24
478 28
479 38
480 24
481 4
482 38
483 39
484 35
485 28
486 28
487 9
488 15
489 7
490 9
491 35
492 35
493 28
494 27
495 39
496 9
497 9
498 9
499 39
500 28
