1 43
2 48
3 7
4 18
5 32
6 5
7 39
8 20
9 31
10 41
11 24
12 51
13 40
14 14
15 50
16 17
17 21
18 17
19 47
20 41
21 13
22 44
23 13
24 52
25 44
26 11
27 11
28 7
29 3
30 23
31 49
32 21
33 33
34 14
35 20
36 37
37 41
38 31
39 14
40 50
41 15
42 37
43 37
44 3
45 49
46 37
47 19
48 7
49 15
50 50
51 35
52 25
53 44
54 7
55 24
56 24
57 44
58 25
59 34
60 52
61 9
62 26
63 21
64 10
65 44
66 15
67 30
68 7
69 2
70 37
71 9
72 46
73 7
74 46
75 14
76 39
77 28
78 9
79 4
80 32
81 37
82 27
83 7
84 29
85 45
86 28
87 44
88 32
89 28
90 37
91 37
92 27
93 23
94 47
95 25
96 37
97 43
98 44
99 14
100 23
101 20
102 34
103 44
104 12
105 17
106 46
107 1
108 36
109 33
110 39
111 36
112 46
113 3
114 43
115 17
116 37
117 51
118 18
119 21
120 18
121 17
122 21
123 18
124 5
125 46
126 48
127 48
128 37
129 10
130 22
131 46
132 8
133 43
134 30
135 35
136 24
137 21
138 34
139 21
140 17
141 21
142 43
143 8
144 48
145 25
146 28
147 36
148 14
149 28
150 50
151 2
152 42
153 23
154 4
155 46
156 51
157 22
158 25
159 10
160 7
161 32
162 43
163 27
164 48
165 18
166 27
167 43
168 42
169 15
170 49
171 26
172 4
173 41
174 37
175 19
176 1
177 22
178 1
179 33
180 3
181 35
182 2
183 4
184 17
185 9
186 5
187 47
188 46
189 12
190 25
191 7
192 43
193 19
194 14
195 24
196 4
197 2
198 44
199 21
200 29
201 43
202 33
203 23
204 25
205 48
206 33
207 37
208 12
209 49
210 2
211 37
212 12
213 33
214 19
215 20
216 17
217 11
218 26
219 2
220 9
221 12
222 10
223 24
224 43
225 33
226 8
227 17
228 51
229 3
230 23
231 21
232 48
233 12
234 17
235 9
236 21
237 52
238 9
239 6
240 25
241 50
242 15
243 11
244 32
245 40
246 7
247 43
248 16
249 46
250 51
251 40
252 17
253 43
254 34
255 43
256 50
257 35
258 34
259 3
260 44
261 33
262 35
263 17
264 6
265 23
266 7
267 36
268 24
269 52
270 51
271 13
272 44
273 2
274 51
275 37
276 47
277 41
278 47
279 51
280 7
281 37
282 39
283 9
284 46
285 7
286 17
287 43
288 49
289 42
290 45
291 51
292 24
293 31
294 46
295 11
296 11
297 49
298 43
299 1
300 6
301 26
302 52
303 37
304 46
305 30
306 29
307 33
308 30
309 38
310 32
311 20
312 49
313 24
314 17
315 41
316 12
317 37
318 31
319 15
320 19
321 21
322 43
323 11
324 31
325 7
326 23
327 43
328 4
329 17
330 3
331 5
332 15
333 38
334 49
335 4
336 22
337 2
338 33
339 41
340 52
341 16
342 40
343 11
344 38
345 26
346 25
347 23
348 42
349 46
350 38
351 23
352 31
353 49
354 3
355 21
356 15
357 8
358 6
359 21
360 21
361 15
362 2
363 51
364 3
365 33
366 16
367 32
368 43
369 7
370 13
371 5
372 49
373 21
374 43
375 29
376 40
377 26
378 20
379 10
380 21
381 1
382 44
383 45
384 34
385 45
386 45
387 51
388 13
389 20
390 48
391 16
392 32
393 16
394 3
395 46
396 45
397 20
398 7
399 13
400 50
401 32
402 2
403 32
404 37
405 33
406 43
407 48
408 16
409 33
410 17
411 3
412 21
413 24
414 52
415 4
416 28
417 17
418 39
419 11
420 35
421 37
422 31
423 52
424 46
425 21
426 41
427 40
428 36
429 30
430 17
431 42
432 8
433 17
434 27
435 14
436 17
437 21
438 22
439 27
440 33
441 51
442 7
443 24
444 4
445 26
446 45
447 21
448 35
449 31
450 15
451 29
452 1
453 32
454 2
455 38
456 42
457 23
458 43
459 12
460 13
461 16
462 14
463 21
464 14
465 43
466 37
467 44
468 32
469 20
470 40
471 49
472 8
473 43
474 49
475 7
476 7
477 48
478 32
479 46
480 49
481 48
482 28
483 17
484 51
485 17
486 35
487 52
488 48
489 50
490 32
491 7
492 23
493 7
494 36
495 52
496 21
497 49
498 6
499 40
500 48
