1 5
1 8
1 75
1 221
1 395
2 4
2 6
2 7
2 9
2 299
3 20
3 52
3 130
3 211
3 329
4 2
4 6
4 9
4 256
4 299
5 1
5 8
5 125
5 285
5 379
6 2
6 4
6 9
6 256
6 299
7 2
7 9
7 305
7 409
7 424
8 1
8 5
8 57
8 287
8 395
9 2
9 4
9 6
9 7
9 10
10 9
10 12
10 13
10 459
10 480
11 33
11 36
11 58
11 414
11 429
11 438
11 441
11 449
11 469
12 10
12 13
12 16
12 432
12 487
13 10
13 12
13 16
13 428
13 465
14 16
14 17
14 299
14 465
14 466
15 325
15 327
15 330
15 333
15 335
15 347
15 349
16 12
16 13
16 14
16 17
16 465
17 14
17 16
17 22
17 348
17 465
18 256
18 299
18 305
18 391
18 421
18 456
19 64
19 94
19 106
19 138
19 341
19 385
20 3
20 52
20 130
20 133
20 329
21 67
21 215
21 281
21 283
21 372
21 399
21 436
22 17
22 23
22 24
22 348
22 465
23 22
23 24
23 348
23 465
23 470
24 22
24 23
24 30
24 348
24 404
25 136
25 139
25 267
25 425
25 453
26 99
26 103
26 105
26 108
26 109
27 38
27 69
27 91
27 93
27 97
28 55
28 57
28 61
28 337
28 430
29 101
29 131
29 190
29 319
29 351
30 24
30 31
30 34
30 348
30 430
31 30
31 32
31 34
31 348
31 430
32 31
32 34
32 37
32 39
32 430
33 11
33 36
33 58
33 60
33 404
33 414
33 429
33 441
33 469
34 30
34 31
34 32
34 430
34 471
35 251
35 277
35 412
35 424
35 427
35 445
35 457
35 464
35 471
35 475
36 11
36 33
36 58
36 414
36 429
36 432
36 438
36 441
36 449
36 462
36 469
37 32
37 39
37 40
37 41
37 495
38 27
38 69
38 105
38 108
38 204
39 32
39 37
39 40
39 41
39 430
40 37
40 39
40 42
40 44
40 430
41 37
41 39
41 42
41 45
41 391
42 40
42 41
42 44
42 45
42 48
43 79
43 107
43 293
43 302
43 318
43 355
43 371
44 40
44 42
44 45
44 46
44 48
45 41
45 42
45 44
45 46
45 48
46 44
46 45
46 47
46 48
46 49
47 46
47 48
47 49
47 50
47 51
48 42
48 44
48 45
48 46
48 47
49 46
49 47
49 249
49 421
49 490
50 47
50 51
50 237
50 249
50 312
51 47
51 50
51 53
51 237
51 249
52 3
52 20
52 128
52 130
52 329
53 51
53 62
53 71
53 237
53 249
54 56
54 63
54 66
54 442
54 444
55 28
55 57
55 61
55 68
55 268
56 54
56 66
56 264
56 409
56 444
57 8
57 28
57 55
57 61
57 68
58 11
58 33
58 36
58 60
58 404
58 414
58 429
58 441
58 469
59 109
59 111
59 114
59 366
59 462
60 33
60 58
60 82
60 102
60 358
60 378
60 404
60 414
60 429
61 28
61 55
61 57
61 68
61 429
62 53
62 63
62 71
62 237
62 249
63 54
63 62
63 66
63 71
63 444
64 19
64 94
64 106
64 138
64 341
64 385
65 141
65 142
65 144
65 212
65 292
66 54
66 56
66 63
66 423
66 444
67 21
67 215
67 281
67 283
67 372
67 399
67 436
68 55
68 57
68 61
68 70
68 482
69 27
69 38
69 91
69 93
69 97
69 99
70 68
70 75
70 80
70 455
70 488
71 53
71 62
71 63
71 237
71 444
72 73
72 83
72 317
72 405
72 444
73 72
73 77
73 83
73 84
73 405
74 255
74 262
74 265
74 269
74 270
74 272
74 357
75 1
75 70
75 78
75 80
75 450
76 81
76 210
76 222
76 244
76 298
76 350
76 356
76 459
77 73
77 83
77 84
77 370
77 426
78 75
78 80
78 371
78 408
78 450
79 43
79 211
79 293
79 312
79 324
79 355
79 371
80 70
80 75
80 78
80 450
80 493
81 76
81 210
81 222
81 244
81 298
81 350
81 356
81 359
82 60
82 102
82 358
82 377
82 378
82 390
82 401
82 404
82 429
83 72
83 73
83 77
83 85
83 405
84 73
84 77
84 85
84 391
84 493
85 83
85 84
85 89
85 93
85 405
86 90
86 96
86 421
86 450
86 469
87 157
87 160
87 163
87 166
87 389
88 164
88 203
88 209
88 259
88 486
89 85
89 91
89 93
89 405
89 436
90 86
90 260
90 321
90 337
90 353
90 383
90 408
91 27
91 69
91 89
91 93
91 97
92 104
92 154
92 289
92 414
92 418
93 27
93 69
93 85
93 89
93 91
94 19
94 64
94 106
94 138
94 148
94 341
95 96
95 119
95 191
95 340
95 395
96 86
96 95
96 119
96 238
96 450
97 27
97 69
97 91
97 362
97 487
98 101
98 102
98 113
98 358
98 377
98 378
98 390
98 401
98 426
98 454
99 26
99 69
99 103
99 432
99 457
100 173
100 174
100 175
100 176
100 485
101 29
101 98
101 191
101 319
101 351
102 60
102 82
102 98
102 358
102 377
102 378
102 390
102 401
102 404
103 26
103 99
103 105
103 108
103 318
104 92
104 153
104 154
104 289
104 437
105 26
105 38
105 103
105 108
105 342
106 19
106 64
106 94
106 138
106 148
106 162
107 43
107 173
107 293
107 302
107 316
107 324
107 353
108 26
108 38
108 103
108 105
108 454
109 26
109 59
109 111
109 114
109 432
110 117
110 119
110 134
110 156
110 433
111 59
111 109
111 112
111 114
111 115
112 111
112 114
112 115
112 386
112 421
113 98
113 192
113 210
113 298
113 345
113 415
113 426
113 440
113 448
113 454
114 59
114 109
114 111
114 112
114 115
115 111
115 112
115 114
115 116
115 313
116 115
116 120
116 121
116 290
116 313
117 110
117 134
117 272
117 402
117 433
118 132
118 133
118 135
118 139
118 380
119 95
119 96
119 110
119 383
119 470
120 116
120 121
120 122
120 290
120 313
121 116
121 120
121 122
121 290
121 313
122 120
122 121
122 123
122 290
122 313
123 122
123 126
123 127
123 129
123 268
124 183
124 200
124 245
124 248
124 320
124 447
124 451
124 468
124 474
124 479
124 492
124 495
125 5
125 308
125 376
125 388
125 393
125 398
125 423
125 436
125 439
126 123
126 127
126 129
126 268
126 290
127 123
127 126
127 129
127 211
127 268
128 52
128 132
128 133
128 308
128 329
129 123
129 126
129 127
129 211
129 268
130 3
130 20
130 52
130 132
130 329
131 29
131 190
131 193
131 280
131 319
132 118
132 128
132 130
132 133
132 135
133 20
133 118
133 128
133 132
133 268
134 110
134 117
134 156
134 433
134 485
135 118
135 132
135 357
135 453
135 463
136 25
136 139
136 425
136 439
136 453
137 230
137 247
137 253
137 311
137 362
137 467
138 19
138 64
138 94
138 106
138 148
138 162
139 25
139 118
139 136
139 425
139 453
140 141
140 142
140 212
140 267
140 425
141 65
141 140
141 142
141 212
141 267
142 65
142 140
142 141
142 212
142 487
143 144
143 146
143 147
143 149
143 212
144 65
144 143
144 146
144 147
144 324
145 269
145 270
145 272
145 274
145 275
145 286
146 143
146 144
146 149
146 371
146 385
147 143
147 144
147 149
147 152
147 423
148 94
148 106
148 138
148 162
148 172
148 194
149 143
149 146
149 147
149 152
149 437
150 152
150 153
150 218
150 437
150 482
151 156
151 164
151 179
151 246
151 252
152 147
152 149
152 150
152 153
152 437
153 104
153 150
153 152
153 437
153 458
154 92
154 104
154 155
154 289
154 461
155 154
155 157
155 158
155 289
155 437
156 110
156 134
156 151
156 252
156 433
157 87
157 155
157 158
157 160
157 289
158 155
158 157
158 160
158 166
158 289
159 193
159 205
159 216
159 224
159 226
160 87
160 157
160 158
160 166
160 488
161 163
161 165
161 344
161 405
161 477
162 106
162 138
162 148
162 172
162 194
162 197
163 87
163 161
163 165
163 167
163 168
164 88
164 151
164 259
164 284
164 466
165 161
165 163
165 166
165 167
165 168
166 87
166 158
166 160
166 165
166 167
167 163
167 165
167 166
167 168
167 169
168 163
168 165
168 167
168 169
168 441
169 167
169 168
169 170
169 289
169 368
170 169
170 171
170 223
170 368
170 485
171 170
171 223
171 302
171 368
171 485
172 148
172 162
172 194
172 195
172 197
172 198
173 100
173 107
173 174
173 223
173 368
174 100
174 173
174 175
174 176
174 485
175 100
175 174
175 176
175 182
175 455
176 100
176 174
176 175
176 182
176 353
177 178
177 180
177 181
177 301
177 446
178 177
178 180
178 181
178 446
178 490
179 151
179 196
179 252
179 433
179 443
180 177
180 178
180 181
180 182
180 446
181 177
181 178
181 180
181 182
181 446
182 175
182 176
182 180
182 181
182 446
183 124
183 200
183 245
183 248
183 320
183 447
183 451
183 468
183 474
183 479
183 492
183 495
184 186
184 187
184 188
184 389
184 473
185 191
185 196
185 218
185 320
185 474
185 489
185 490
185 491
185 492
185 493
185 494
185 495
185 496
185 498
185 499
186 184
186 187
186 188
186 189
186 448
187 184
187 186
187 188
187 189
187 446
188 184
188 186
188 187
188 189
188 351
189 186
189 187
189 188
189 319
189 351
190 29
190 131
190 193
190 280
190 319
191 95
191 101
191 185
191 196
191 214
191 218
191 474
191 489
191 490
191 491
191 493
191 494
191 495
191 496
191 498
191 499
192 113
192 207
192 210
192 298
192 386
192 415
192 426
192 440
192 448
192 454
192 459
193 131
193 159
193 190
193 280
193 348
194 148
194 162
194 172
194 195
194 197
194 198
195 172
195 194
195 197
195 198
195 199
195 499
196 179
196 185
196 191
196 320
196 389
196 468
196 474
196 489
196 490
196 491
196 492
196 493
196 494
196 495
196 496
196 498
196 499
197 162
197 172
197 194
197 195
197 198
197 448
198 172
198 194
198 195
198 197
198 199
198 201
199 195
199 198
199 201
199 206
199 341
199 463
200 124
200 183
200 245
200 248
200 320
200 447
200 451
200 460
200 461
200 468
200 479
200 492
201 198
201 199
201 206
201 208
201 213
201 481
202 206
202 208
202 213
202 217
202 448
202 449
203 88
203 209
203 443
203 469
203 483
203 497
204 38
204 343
204 352
204 406
204 407
204 416
204 417
204 418
204 432
205 159
205 216
205 226
205 280
205 351
205 440
206 199
206 201
206 202
206 208
206 213
206 217
207 192
207 230
207 243
207 247
207 362
207 467
208 201
208 202
208 206
208 213
208 217
208 220
209 88
209 203
209 405
209 435
209 483
209 497
210 76
210 81
210 113
210 192
210 298
210 398
210 415
210 440
210 448
210 459
211 3
211 79
211 127
211 129
211 268
211 479
212 65
212 140
212 141
212 142
212 143
212 472
213 201
213 202
213 206
213 208
213 217
213 220
214 191
214 218
214 489
214 491
214 494
214 496
214 498
214 499
215 21
215 67
215 281
215 283
215 287
215 297
215 372
216 159
216 205
216 219
216 226
216 229
217 202
217 206
217 208
217 213
217 220
217 225
218 150
218 185
218 191
218 214
218 491
218 494
218 496
218 498
218 499
219 216
219 224
219 226
219 229
219 233
219 291
220 208
220 213
220 217
220 225
220 227
220 228
221 1
221 246
221 285
221 395
221 422
221 443
222 76
222 81
222 244
222 350
222 356
222 359
222 360
222 361
223 170
223 171
223 173
223 368
223 460
223 485
224 159
224 219
224 229
224 233
224 359
224 477
225 217
225 220
225 227
225 228
225 232
225 234
226 159
226 205
226 216
226 219
226 229
227 220
227 225
227 228
227 232
227 234
227 235
228 220
228 225
228 227
228 232
228 234
228 235
229 216
229 219
229 224
229 226
229 233
230 137
230 207
230 253
230 254
230 467
230 473
231 235
231 239
231 240
231 242
231 326
231 374
232 225
232 227
232 228
232 234
232 235
232 374
233 219
233 224
233 229
233 236
233 250
234 225
234 227
234 228
234 232
234 235
234 374
235 227
235 228
235 231
235 232
235 234
235 374
236 233
236 238
236 250
236 257
236 258
237 50
237 51
237 53
237 62
237 71
237 249
238 96
238 236
238 250
238 257
238 258
238 405
239 231
239 240
239 242
239 326
239 374
239 423
240 231
240 239
240 242
240 243
240 326
240 374
241 271
241 354
241 442
241 463
241 466
241 476
241 477
241 480
241 482
241 487
241 488
242 231
242 239
242 240
242 243
242 326
242 440
243 207
243 240
243 242
243 247
243 326
243 362
244 76
244 81
244 222
244 350
244 356
244 359
244 360
244 361
245 124
245 183
245 200
245 248
245 447
245 451
245 460
245 461
245 468
245 479
245 492
245 495
246 151
246 221
246 285
246 316
246 443
246 455
247 137
247 207
247 243
247 362
247 385
247 467
248 124
248 183
248 200
248 245
248 252
248 447
248 451
248 460
248 461
248 466
248 468
248 479
248 480
249 49
249 50
249 51
249 53
249 62
249 237
249 476
250 233
250 236
250 238
250 257
250 258
251 35
251 412
251 419
251 424
251 427
251 455
251 458
251 464
251 471
251 475
252 151
252 156
252 179
252 248
252 486
253 137
253 230
253 254
253 255
253 262
253 467
254 230
254 253
254 255
254 262
254 311
254 489
255 74
255 253
255 254
255 262
255 265
255 311
256 4
256 6
256 18
256 305
256 391
256 456
257 236
257 238
257 250
257 258
257 261
258 236
258 238
258 250
258 257
258 261
258 316
259 88
259 164
259 284
259 369
259 486
260 90
260 316
260 383
260 408
260 466
260 490
261 257
261 258
261 263
261 276
261 279
262 74
262 253
262 254
262 255
262 265
262 362
263 261
263 273
263 276
263 279
263 282
264 56
264 331
264 338
264 342
264 370
264 384
264 396
264 484
265 74
265 255
265 262
265 270
265 311
265 398
266 273
266 364
266 373
266 375
266 379
266 380
266 402
266 407
266 417
267 25
267 140
267 141
267 425
267 439
267 453
268 55
268 123
268 126
268 127
268 129
268 133
268 211
269 74
269 145
269 270
269 272
269 357
269 488
270 74
270 145
270 265
270 269
270 357
270 498
271 241
271 354
271 442
271 463
271 466
271 472
271 476
271 477
271 482
271 487
271 488
272 74
272 117
272 145
272 269
272 274
272 357
272 376
273 263
273 266
273 276
273 279
273 282
273 332
274 145
274 272
274 275
274 291
274 416
274 488
275 145
275 274
275 278
275 291
275 294
275 469
276 261
276 263
276 273
276 279
276 282
276 304
277 35
277 300
277 445
277 457
277 464
277 470
277 471
277 473
277 475
277 478
277 481
277 500
278 275
278 286
278 291
278 294
278 308
278 494
279 261
279 263
279 273
279 276
279 306
280 131
280 190
280 193
280 205
280 351
280 456
281 21
281 67
281 215
281 283
281 287
281 297
281 372
282 263
282 273
282 276
282 306
282 307
283 21
283 67
283 215
283 281
283 287
283 297
283 372
284 164
284 259
284 329
284 486
284 487
285 5
285 221
285 246
285 395
285 443
286 145
286 278
286 291
286 304
286 314
286 366
286 477
287 8
287 215
287 281
287 283
287 296
287 297
287 298
287 303
288 292
288 344
288 345
288 366
288 386
288 388
288 471
289 92
289 104
289 154
289 155
289 157
289 158
289 169
290 116
290 120
290 121
290 122
290 126
290 313
291 219
291 274
291 275
291 278
291 286
291 294
291 314
292 65
292 288
292 342
292 344
292 345
292 366
292 386
292 389
293 43
293 79
293 107
293 324
293 329
293 355
293 371
294 275
294 278
294 291
294 304
294 314
294 321
294 403
295 296
295 303
295 309
295 315
295 458
295 469
295 495
296 287
296 295
296 297
296 303
296 309
296 315
296 322
297 215
297 281
297 283
297 287
297 296
297 322
297 372
298 76
298 81
298 113
298 192
298 210
298 287
298 347
298 415
298 440
298 448
298 459
299 2
299 4
299 6
299 14
299 18
299 415
299 456
300 277
300 402
300 445
300 457
300 463
300 464
300 470
300 472
300 473
300 478
300 481
300 500
301 177
301 340
301 344
301 367
301 382
301 389
301 422
301 431
301 492
302 43
302 107
302 171
302 316
302 324
302 353
302 472
303 287
303 295
303 296
303 315
303 322
303 323
303 372
304 276
304 286
304 294
304 314
304 321
304 337
304 495
305 7
305 18
305 256
305 369
305 391
305 421
305 456
306 279
306 282
306 307
306 310
306 328
307 282
307 306
307 310
307 328
307 332
308 125
308 128
308 278
308 388
308 393
308 398
308 399
308 422
308 423
308 436
308 439
309 295
309 296
309 315
309 322
309 323
309 346
309 399
310 306
310 307
310 328
310 332
310 339
311 137
311 254
311 255
311 265
311 357
311 462
311 467
312 50
312 79
312 317
312 318
312 369
312 421
312 456
313 115
313 116
313 120
313 121
313 122
313 290
314 286
314 291
314 294
314 304
314 321
314 337
314 367
315 295
315 296
315 303
315 309
315 322
315 323
315 346
316 107
316 246
316 258
316 260
316 302
316 338
316 353
316 383
317 72
317 312
317 318
317 355
317 369
317 418
317 421
318 43
318 103
318 312
318 317
318 355
318 369
318 480
319 29
319 101
319 131
319 189
319 190
319 351
320 124
320 183
320 185
320 196
320 200
320 468
320 474
320 479
320 489
320 490
320 492
320 493
320 495
321 90
321 294
321 304
321 314
321 337
321 408
322 296
322 297
322 303
322 309
322 315
322 323
322 346
323 303
323 309
323 315
323 322
323 346
323 349
323 459
324 79
324 107
324 144
324 293
324 302
324 355
324 371
325 15
325 327
325 330
325 333
325 346
325 349
325 438
326 231
326 239
326 240
326 242
326 243
326 362
326 374
327 15
327 325
327 330
327 333
327 346
327 349
327 475
328 306
328 307
328 310
328 332
328 339
329 3
329 20
329 52
329 128
329 130
329 284
329 293
330 15
330 325
330 327
330 333
330 349
330 478
330 481
331 264
331 338
331 370
331 384
331 396
331 409
331 484
332 273
332 307
332 310
332 328
332 339
332 365
333 15
333 325
333 327
333 330
333 346
333 367
333 449
334 335
334 336
334 347
334 367
334 382
334 489
334 495
335 15
335 334
335 336
335 347
335 349
335 367
335 382
336 334
336 335
336 347
336 367
336 382
336 436
336 481
337 28
337 90
337 304
337 314
337 321
337 383
337 408
338 264
338 316
338 331
338 341
338 385
338 396
338 409
338 484
339 310
339 328
339 332
339 365
339 381
340 95
340 301
340 344
340 354
340 382
340 389
340 422
340 431
341 19
341 64
341 94
341 199
341 338
341 385
341 396
341 472
342 105
342 264
342 292
342 345
342 366
342 370
342 384
342 386
343 204
343 352
343 393
343 406
343 407
343 416
343 418
343 432
344 161
344 288
344 292
344 301
344 340
344 389
344 422
344 431
345 113
345 288
345 292
345 342
345 366
345 384
345 386
345 436
346 309
346 315
346 322
346 323
346 325
346 327
346 333
346 349
347 15
347 298
347 334
347 335
347 336
347 367
347 382
347 495
348 17
348 22
348 23
348 24
348 30
348 31
348 193
349 15
349 323
349 325
349 327
349 330
349 335
349 346
349 479
350 76
350 81
350 222
350 244
350 356
350 359
350 360
350 361
351 29
351 101
351 188
351 189
351 205
351 280
351 319
352 204
352 343
352 406
352 407
352 416
352 418
352 432
352 475
353 90
353 107
353 176
353 302
353 316
353 383
353 408
353 484
354 241
354 271
354 340
354 401
354 442
354 451
354 460
354 461
354 466
354 476
354 477
354 480
354 482
354 487
354 488
355 43
355 79
355 293
355 317
355 318
355 324
356 76
356 81
356 222
356 244
356 350
356 359
356 361
356 500
357 74
357 135
357 269
357 270
357 272
357 311
357 396
357 440
358 60
358 82
358 98
358 102
358 377
358 378
358 390
358 401
358 404
359 81
359 222
359 224
359 244
359 350
359 356
359 360
359 361
359 363
360 222
360 244
360 350
360 359
360 361
360 363
360 364
360 492
361 222
361 244
361 350
361 356
361 359
361 360
361 363
361 364
362 97
362 137
362 207
362 243
362 247
362 262
362 326
362 467
363 359
363 360
363 361
363 364
363 373
363 375
363 379
363 400
364 266
364 360
364 361
364 363
364 373
364 375
364 379
364 400
365 332
365 339
365 381
365 387
365 392
366 59
366 286
366 288
366 292
366 342
366 345
366 370
366 386
366 487
367 301
367 314
367 333
367 334
367 335
367 336
367 347
367 431
368 169
368 170
368 171
368 173
368 223
368 485
369 259
369 305
369 312
369 317
369 318
369 391
369 421
370 77
370 264
370 331
370 342
370 366
370 384
370 386
370 484
371 43
371 78
371 79
371 146
371 293
371 324
371 414
371 492
372 21
372 67
372 215
372 281
372 283
372 297
372 303
372 399
373 266
373 363
373 364
373 375
373 379
373 380
373 400
373 402
374 231
374 232
374 234
374 235
374 239
374 240
374 326
374 414
375 266
375 363
375 364
375 373
375 380
375 400
375 402
375 417
376 125
376 272
376 398
376 406
376 416
376 418
376 423
376 432
376 491
377 82
377 98
377 102
377 358
377 378
377 390
377 401
377 414
377 429
378 60
378 82
378 98
378 102
378 358
378 377
378 390
378 404
378 426
379 5
379 266
379 363
379 364
379 373
379 380
379 400
379 402
379 417
380 118
380 266
380 373
380 375
380 379
380 400
380 402
380 407
380 417
381 339
381 365
381 387
381 392
381 394
382 301
382 334
382 335
382 336
382 340
382 347
382 431
383 90
383 119
383 260
383 316
383 337
383 353
383 408
384 264
384 331
384 342
384 345
384 370
384 409
384 464
384 477
384 484
385 19
385 64
385 146
385 247
385 338
385 341
385 396
385 409
385 484
386 112
386 192
386 288
386 292
386 342
386 345
386 366
386 370
386 478
387 365
387 381
387 392
387 394
387 397
388 125
388 288
388 308
388 393
388 398
388 399
388 423
388 436
388 439
389 87
389 184
389 196
389 292
389 301
389 340
389 344
389 422
389 431
390 82
390 98
390 102
390 358
390 377
390 378
390 401
390 404
390 426
391 18
391 41
391 84
391 256
391 305
391 369
391 437
391 456
391 462
392 365
392 381
392 387
392 394
392 397
393 125
393 308
393 343
393 388
393 398
393 423
393 436
393 439
393 481
394 381
394 387
394 392
394 397
394 403
395 1
395 8
395 95
395 221
395 285
395 443
396 264
396 331
396 338
396 341
396 357
396 385
396 409
396 433
396 484
397 387
397 392
397 394
397 403
397 410
398 125
398 210
398 265
398 308
398 376
398 388
398 393
398 406
398 423
399 21
399 67
399 308
399 309
399 372
399 388
399 423
399 436
399 439
400 363
400 364
400 373
400 375
400 379
400 380
400 402
400 417
401 82
401 98
401 102
401 354
401 358
401 377
401 390
401 426
401 454
402 117
402 266
402 300
402 373
402 375
402 379
402 380
402 400
402 417
403 294
403 394
403 397
403 410
403 411
403 413
404 24
404 33
404 58
404 60
404 82
404 102
404 358
404 378
404 390
404 414
404 429
405 72
405 73
405 83
405 85
405 89
405 161
405 209
405 238
405 459
406 204
406 343
406 352
406 376
406 398
406 416
406 417
406 418
406 482
407 204
407 266
407 343
407 352
407 380
407 416
407 417
407 432
407 441
408 78
408 90
408 260
408 321
408 337
408 353
408 383
409 7
409 56
409 331
409 338
409 384
409 385
409 396
409 459
409 484
410 397
410 403
410 411
410 413
410 420
411 403
411 410
411 413
411 420
411 434
412 35
412 251
412 419
412 424
412 427
412 428
412 455
412 457
412 458
412 475
413 403
413 410
413 411
413 420
413 434
414 11
414 33
414 36
414 58
414 60
414 92
414 371
414 374
414 377
414 404
414 429
414 441
414 469
415 113
415 192
415 210
415 298
415 299
415 426
415 440
415 448
415 454
415 459
416 204
416 274
416 343
416 352
416 376
416 406
416 407
416 418
416 432
416 451
417 204
417 266
417 375
417 379
417 380
417 400
417 402
417 406
417 407
418 92
418 204
418 317
418 343
418 352
418 376
418 406
418 416
418 432
418 470
419 251
419 412
419 424
419 427
419 428
419 438
419 449
419 455
419 458
419 475
420 410
420 411
420 413
420 434
420 452
421 18
421 49
421 86
421 112
421 305
421 312
421 317
421 369
421 456
422 221
422 301
422 308
422 340
422 344
422 389
422 431
422 439
422 464
422 486
423 66
423 125
423 147
423 239
423 308
423 376
423 388
423 393
423 398
423 399
423 439
424 7
424 35
424 251
424 412
424 419
424 427
424 428
424 449
424 455
424 458
424 475
425 25
425 136
425 139
425 140
425 267
425 453
426 77
426 98
426 113
426 192
426 378
426 390
426 401
426 415
426 440
426 454
426 457
427 35
427 251
427 412
427 419
427 424
427 428
427 438
427 449
427 455
427 458
427 493
428 13
428 412
428 419
428 424
428 427
428 438
428 449
428 455
428 458
428 462
428 475
429 11
429 33
429 36
429 58
429 60
429 61
429 82
429 377
429 404
429 414
429 441
430 28
430 30
430 31
430 32
430 34
430 39
430 40
431 301
431 340
431 344
431 367
431 382
431 389
431 422
432 12
432 36
432 99
432 109
432 204
432 343
432 352
432 376
432 407
432 416
432 418
433 110
433 117
433 134
433 156
433 179
433 396
434 411
434 413
434 420
434 435
434 452
435 209
435 434
435 452
435 483
435 497
436 21
436 67
436 89
436 125
436 308
436 336
436 345
436 388
436 393
436 399
436 439
437 104
437 149
437 150
437 152
437 153
437 155
437 391
438 11
438 36
438 325
438 419
438 427
438 428
438 441
438 449
438 455
438 462
438 469
439 125
439 136
439 267
439 308
439 388
439 393
439 399
439 422
439 423
439 436
439 464
440 113
440 192
440 205
440 210
440 242
440 298
440 357
440 415
440 426
440 448
440 454
440 459
441 11
441 33
441 36
441 58
441 168
441 407
441 414
441 429
441 438
441 469
441 475
441 499
442 54
442 241
442 271
442 354
442 455
442 463
442 472
442 476
442 477
442 478
442 481
442 482
442 488
443 179
443 203
443 221
443 246
443 285
443 395
444 54
444 56
444 63
444 66
444 71
444 72
445 35
445 277
445 300
445 457
445 458
445 464
445 470
445 471
445 473
445 478
445 481
445 500
446 177
446 178
446 180
446 181
446 182
446 187
447 124
447 183
447 200
447 245
447 248
447 451
447 460
447 461
447 466
447 479
447 480
447 487
448 113
448 186
448 192
448 197
448 202
448 210
448 298
448 415
448 440
448 454
448 459
448 473
449 11
449 36
449 202
449 333
449 419
449 424
449 427
449 428
449 438
449 455
449 462
449 469
450 75
450 78
450 80
450 86
450 96
451 124
451 183
451 200
451 245
451 248
451 354
451 416
451 447
451 460
451 461
451 466
451 480
451 487
452 420
452 434
452 435
452 483
452 497
453 25
453 135
453 136
453 139
453 267
453 425
454 98
454 108
454 113
454 192
454 401
454 415
454 426
454 440
454 448
454 459
454 499
455 70
455 175
455 246
455 251
455 412
455 419
455 424
455 427
455 428
455 438
455 442
455 449
455 458
455 475
456 18
456 256
456 280
456 299
456 305
456 312
456 391
456 421
457 35
457 99
457 277
457 300
457 412
457 426
457 445
457 464
457 470
457 471
457 473
457 481
457 500
458 153
458 251
458 295
458 412
458 419
458 424
458 427
458 428
458 445
458 455
458 462
458 464
458 471
459 10
459 76
459 192
459 210
459 298
459 323
459 405
459 409
459 415
459 440
459 448
459 454
459 471
460 200
460 223
460 245
460 248
460 354
460 447
460 451
460 461
460 466
460 480
460 482
460 487
460 489
461 154
461 200
461 245
461 248
461 354
461 447
461 451
461 460
461 466
461 480
461 482
461 487
461 488
462 36
462 59
462 311
462 391
462 428
462 438
462 449
462 458
462 469
462 475
462 488
462 498
462 499
463 135
463 199
463 241
463 271
463 300
463 442
463 470
463 472
463 473
463 476
463 477
463 478
463 488
464 35
464 251
464 277
464 300
464 384
464 422
464 439
464 445
464 457
464 458
464 471
464 473
464 475
464 500
465 13
465 14
465 16
465 17
465 22
465 23
466 14
466 164
466 241
466 248
466 260
466 271
466 354
466 447
466 451
466 460
466 461
466 480
466 482
466 487
466 488
467 137
467 207
467 230
467 247
467 253
467 311
467 362
468 124
468 183
468 196
468 200
468 245
468 248
468 320
468 474
468 479
468 489
468 490
468 492
468 493
469 11
469 33
469 36
469 58
469 86
469 203
469 275
469 295
469 414
469 438
469 441
469 449
469 462
469 492
470 23
470 119
470 277
470 300
470 418
470 445
470 457
470 463
470 471
470 472
470 473
470 478
470 481
470 500
471 34
471 35
471 251
471 277
471 288
471 445
471 457
471 458
471 459
471 464
471 470
471 473
471 475
471 500
472 212
472 271
472 300
472 302
472 341
472 442
472 463
472 470
472 473
472 476
472 477
472 478
472 481
472 500
473 184
473 230
473 277
473 300
473 445
473 448
473 457
473 463
473 464
473 470
473 471
473 472
473 481
473 500
474 124
474 183
474 185
474 191
474 196
474 320
474 468
474 479
474 489
474 490
474 492
474 493
474 495
474 498
475 35
475 251
475 277
475 327
475 352
475 412
475 419
475 424
475 428
475 441
475 455
475 462
475 464
475 471
476 241
476 249
476 271
476 354
476 442
476 463
476 472
476 477
476 478
476 482
476 487
476 488
477 161
477 224
477 241
477 271
477 286
477 354
477 384
477 442
477 463
477 472
477 476
477 478
477 481
477 482
477 488
478 277
478 300
478 330
478 386
478 442
478 445
478 463
478 470
478 472
478 476
478 477
478 481
478 500
479 124
479 183
479 200
479 211
479 245
479 248
479 320
479 349
479 447
479 468
479 474
479 489
479 492
479 493
479 495
480 10
480 241
480 248
480 318
480 354
480 447
480 451
480 460
480 461
480 466
480 482
480 487
480 488
480 496
480 498
481 201
481 277
481 300
481 330
481 336
481 393
481 442
481 445
481 457
481 470
481 472
481 473
481 477
481 478
481 500
482 68
482 150
482 241
482 271
482 354
482 406
482 442
482 460
482 461
482 466
482 476
482 477
482 480
482 487
482 488
483 203
483 209
483 435
483 452
483 497
484 264
484 331
484 338
484 353
484 370
484 384
484 385
484 396
484 409
485 100
485 134
485 170
485 171
485 174
485 223
485 368
486 88
486 252
486 259
486 284
486 422
487 12
487 97
487 142
487 241
487 271
487 284
487 354
487 366
487 447
487 451
487 460
487 461
487 466
487 476
487 480
487 482
487 488
488 70
488 160
488 241
488 269
488 271
488 274
488 354
488 442
488 461
488 462
488 463
488 466
488 476
488 477
488 480
488 482
488 487
489 185
489 191
489 196
489 214
489 254
489 320
489 334
489 460
489 468
489 474
489 479
489 490
489 491
489 492
489 493
489 495
489 498
489 499
490 49
490 178
490 185
490 191
490 196
490 260
490 320
490 468
490 474
490 489
490 491
490 492
490 493
490 494
490 495
490 496
490 498
490 499
491 185
491 191
491 196
491 214
491 218
491 376
491 489
491 490
491 493
491 494
491 496
491 498
491 499
492 124
492 183
492 185
492 196
492 200
492 245
492 301
492 320
492 360
492 371
492 468
492 469
492 474
492 479
492 489
492 490
492 493
492 495
493 80
493 84
493 185
493 191
493 196
493 320
493 427
493 468
493 474
493 479
493 489
493 490
493 491
493 492
493 494
493 495
493 498
493 499
494 185
494 191
494 196
494 214
494 218
494 278
494 490
494 491
494 493
494 496
494 498
494 499
495 37
495 124
495 183
495 185
495 191
495 196
495 245
495 295
495 304
495 320
495 334
495 347
495 474
495 479
495 489
495 490
495 492
495 493
495 498
496 185
496 191
496 196
496 214
496 218
496 480
496 490
496 491
496 494
496 498
496 499
497 203
497 209
497 435
497 452
497 483
498 185
498 191
498 196
498 214
498 218
498 270
498 462
498 474
498 480
498 489
498 490
498 491
498 493
498 494
498 495
498 496
498 499
499 185
499 191
499 195
499 196
499 214
499 218
499 441
499 454
499 462
499 489
499 490
499 491
499 493
499 494
499 496
499 498
500 277
500 300
500 356
500 445
500 457
500 464
500 470
500 471
500 472
500 473
500 478
500 481
