1 50
1 227
1 305
1 314
1 356
1 383
1 385
1 387
1 477
2 3
2 24
2 43
2 105
2 170
2 468
3 2
3 30
3 264
3 430
3 468
4 210
4 271
4 391
4 436
4 460
4 461
4 463
5 323
5 324
5 356
5 434
5 438
6 8
6 79
6 92
6 150
6 369
7 258
7 270
7 279
7 281
7 443
8 6
8 369
8 406
8 431
8 491
8 500
9 10
9 22
9 209
9 369
9 410
10 9
10 11
10 388
10 471
10 485
10 488
11 10
11 16
11 53
11 313
11 421
12 120
12 196
12 287
12 378
13 36
13 40
13 61
13 129
13 160
13 290
13 323
13 328
13 375
13 394
13 457
14 18
14 104
14 333
14 381
14 469
14 475
14 484
14 487
14 495
15 165
15 193
15 225
15 263
15 288
15 303
15 338
15 408
15 423
15 428
15 433
15 483
16 11
16 18
16 125
16 163
16 466
17 99
17 127
17 130
17 162
17 190
17 413
17 474
18 14
18 16
18 101
18 426
18 449
19 179
19 322
19 336
19 405
19 479
19 483
19 491
20 25
20 50
20 180
20 438
20 449
21 44
21 145
21 240
21 287
21 372
22 9
22 48
22 61
22 143
22 144
22 209
23 27
23 71
23 109
23 113
23 200
24 2
24 25
24 105
24 198
24 449
25 20
25 24
25 210
25 420
25 460
26 28
26 29
26 84
26 119
26 126
26 143
26 458
26 493
27 23
27 345
27 404
27 417
28 26
28 29
28 177
28 224
28 288
29 26
29 28
29 82
29 283
29 363
29 461
29 468
30 3
30 32
30 72
30 74
30 231
30 237
30 264
30 349
30 430
30 475
30 483
31 36
31 99
31 212
31 228
31 474
32 30
32 33
32 97
32 142
32 175
32 221
32 269
32 342
32 402
32 462
33 32
33 34
33 159
33 280
33 351
33 417
33 470
34 33
34 38
34 234
34 317
34 364
35 70
35 189
35 254
35 255
35 415
36 13
36 31
36 323
36 375
36 457
37 39
37 42
37 44
37 107
37 121
37 191
37 203
37 226
37 262
37 329
37 335
37 382
37 427
37 467
38 34
38 40
38 320
38 397
38 398
38 401
38 450
38 473
39 37
39 72
39 188
39 329
39 382
39 390
39 494
40 13
40 38
40 41
40 61
40 323
41 40
41 62
41 257
41 442
41 481
42 37
42 77
42 87
42 382
42 390
42 427
43 2
43 45
43 105
43 170
43 442
44 21
44 37
44 145
44 240
45 43
45 46
45 359
45 392
45 442
45 492
46 45
46 47
46 49
46 139
46 172
46 384
46 392
47 46
47 49
47 86
47 273
47 325
47 354
48 22
48 55
48 407
48 451
48 469
49 46
49 47
49 124
49 228
49 487
50 1
50 20
50 115
50 121
50 175
50 180
50 314
50 350
51 52
51 54
51 116
51 300
51 453
52 51
52 54
52 96
52 153
52 178
52 251
53 11
53 227
53 228
53 313
53 421
54 51
54 52
54 152
54 330
54 379
55 48
55 123
55 197
55 494
56 58
56 59
56 180
56 202
56 314
56 315
57 96
57 97
57 144
57 149
57 246
57 254
57 400
58 56
58 59
58 112
58 207
58 361
59 56
59 58
59 165
59 340
59 408
59 428
60 62
60 64
60 168
60 188
60 322
60 353
61 13
61 22
61 40
61 144
61 323
61 457
62 41
62 60
62 64
62 272
62 481
63 125
63 163
63 393
63 417
63 466
64 60
64 62
64 68
64 219
64 298
65 67
65 290
65 388
65 485
65 488
65 491
66 70
66 155
66 255
66 276
66 435
67 65
67 69
67 250
67 383
67 437
68 64
68 73
68 147
68 151
68 298
68 423
69 67
69 73
69 111
69 332
69 394
69 432
70 35
70 66
70 281
70 287
70 415
71 23
71 88
71 109
71 417
71 499
72 30
72 39
72 90
72 188
72 237
72 245
72 292
72 349
72 382
72 430
72 488
72 494
73 68
73 69
73 122
73 297
73 450
74 30
74 75
74 76
74 237
74 245
74 292
75 74
75 76
75 149
75 246
75 254
75 374
76 74
76 75
76 406
76 442
76 491
77 42
77 167
77 214
77 347
77 416
78 80
78 232
78 338
78 428
78 433
79 6
79 80
79 92
79 102
79 232
79 367
80 78
80 79
80 134
80 211
80 218
81 82
81 83
81 112
81 217
81 331
82 29
82 81
82 83
82 283
82 363
82 444
82 468
83 81
83 82
83 174
83 257
83 272
83 312
83 481
84 26
84 126
84 270
84 271
84 458
85 86
85 406
85 431
85 491
85 493
85 500
86 47
86 85
86 273
86 354
86 493
86 498
87 42
87 130
87 209
87 332
88 71
88 210
88 271
88 277
88 414
89 135
89 185
89 252
89 318
89 346
89 381
90 72
90 92
90 231
90 292
90 493
91 93
91 164
91 216
91 267
91 476
92 6
92 79
92 90
92 95
92 367
93 91
93 286
93 439
93 455
93 486
94 95
94 101
94 195
94 366
94 468
95 92
95 94
95 103
95 160
95 184
95 185
95 243
95 274
95 294
95 306
95 308
95 333
95 386
95 426
95 448
95 490
96 52
96 57
96 153
96 178
96 251
97 32
97 57
97 221
97 342
97 462
98 106
98 154
98 351
98 482
99 17
99 31
99 162
99 171
99 190
99 212
99 275
99 285
99 351
99 409
99 452
99 474
100 101
100 103
100 129
100 237
100 475
101 18
101 94
101 100
101 306
101 426
102 79
102 103
102 104
102 150
102 367
103 95
103 100
103 102
103 136
103 308
103 448
103 490
104 14
104 102
104 105
104 333
104 448
105 2
105 24
105 43
105 104
105 106
105 170
105 198
106 98
106 105
106 109
106 220
106 343
106 482
107 37
107 110
107 262
107 382
107 467
108 307
108 341
108 345
108 461
108 468
109 23
109 71
109 106
109 112
109 113
109 200
110 107
110 206
110 265
110 377
110 486
111 69
111 117
111 394
111 432
111 436
112 58
112 81
112 109
112 113
112 207
113 23
113 109
113 112
113 116
113 200
114 118
114 313
114 412
114 421
114 486
115 50
115 121
115 175
115 236
115 334
116 51
116 113
116 118
116 311
116 447
116 465
116 479
117 111
117 187
117 249
117 266
117 370
118 114
118 116
118 122
118 182
118 183
119 26
119 120
119 124
119 458
119 493
120 12
120 119
120 124
120 196
120 256
120 378
121 37
121 50
121 115
121 175
121 191
122 73
122 118
122 125
122 127
122 232
123 55
123 197
123 376
123 458
124 49
124 119
124 120
124 373
124 487
125 16
125 63
125 122
125 127
125 466
126 26
126 84
126 244
126 458
126 493
127 17
127 122
127 125
127 190
127 409
127 484
128 133
128 406
128 431
128 440
128 491
129 13
129 100
129 208
129 237
129 290
129 394
129 415
130 17
130 87
130 332
130 413
130 451
131 132
131 265
131 377
131 413
131 439
132 131
132 134
132 304
132 365
132 397
132 473
133 128
133 138
133 206
133 429
133 455
133 486
134 80
134 132
134 136
134 233
134 496
135 89
135 152
135 185
135 330
135 379
136 103
136 134
136 138
136 308
136 448
137 142
137 175
137 177
137 183
137 402
138 133
138 136
138 139
138 429
138 439
139 46
139 138
139 172
139 236
139 299
139 324
139 334
139 359
139 456
139 466
140 188
140 322
140 326
140 376
140 419
140 423
140 483
141 396
141 397
141 398
141 485
141 488
142 32
142 137
142 143
142 175
142 419
143 22
143 26
143 142
143 458
143 493
144 22
144 57
144 61
144 246
144 254
144 374
144 400
144 425
145 21
145 44
145 146
145 147
145 240
145 372
146 145
146 147
146 201
146 389
146 412
147 68
147 145
147 146
147 151
147 219
147 298
148 149
148 171
148 223
148 244
148 250
148 383
148 478
149 57
149 75
149 148
149 171
149 254
150 6
150 102
150 151
150 171
150 367
151 68
151 147
151 150
151 152
151 298
152 54
152 135
152 151
152 153
152 235
152 291
152 352
152 379
153 52
153 96
153 152
153 178
153 314
154 98
154 220
154 314
154 467
154 482
155 66
155 156
155 255
155 435
155 467
156 155
156 239
156 293
156 358
156 431
157 158
157 163
157 164
157 380
157 399
157 403
157 472
157 476
158 157
158 163
158 321
158 341
158 361
158 447
159 33
159 165
159 280
159 360
159 404
159 411
159 417
160 13
160 95
160 184
160 274
160 361
160 475
160 484
160 487
160 495
161 280
161 291
161 326
161 422
161 463
162 17
162 99
162 171
162 190
162 286
162 289
162 292
162 484
163 16
163 63
163 157
163 158
163 393
163 466
164 91
164 157
164 166
164 168
164 216
164 316
164 387
164 399
164 403
164 445
164 476
165 15
165 59
165 159
165 193
165 225
165 263
165 303
165 433
166 164
166 168
166 208
166 237
166 349
167 77
167 169
167 368
167 416
168 60
168 164
168 166
168 188
168 204
168 322
169 167
169 247
169 406
169 431
169 491
170 2
170 43
170 105
170 198
170 248
170 250
171 99
171 148
171 149
171 150
171 162
171 285
171 474
171 484
172 46
172 139
172 176
172 324
172 334
172 359
172 392
172 456
172 463
172 480
172 492
173 174
173 182
173 357
173 485
173 488
174 83
174 173
174 182
174 257
174 272
174 312
174 348
174 481
175 32
175 50
175 115
175 121
175 137
175 142
175 221
175 269
176 172
176 192
176 317
176 343
176 482
177 28
177 137
177 183
177 224
177 302
178 52
178 96
178 153
178 180
178 251
179 19
179 188
179 195
179 212
179 238
179 284
179 322
179 336
179 483
180 20
180 50
180 56
180 178
180 314
181 249
181 406
181 431
181 491
181 500
182 118
182 173
182 174
182 232
182 401
183 118
183 137
183 177
183 232
183 398
184 95
184 160
184 208
184 294
184 393
185 89
185 95
185 135
185 243
185 441
186 187
186 190
186 199
186 271
186 414
186 460
187 117
187 186
187 190
187 249
187 266
187 370
188 39
188 60
188 72
188 140
188 168
188 179
188 204
188 213
188 284
188 322
188 336
188 353
188 376
188 382
188 423
188 483
188 488
188 494
189 35
189 191
189 281
189 287
189 415
189 470
190 17
190 99
190 127
190 162
190 186
190 187
190 275
190 409
190 474
190 484
191 37
191 121
191 189
191 377
191 382
191 467
192 176
192 194
192 343
192 364
192 377
192 482
193 15
193 165
193 194
193 303
193 340
193 433
194 192
194 193
194 259
194 261
194 290
194 485
194 488
195 94
195 179
195 212
195 238
195 283
195 363
195 444
195 461
195 468
196 12
196 120
196 197
196 198
196 256
196 378
197 55
197 123
197 196
197 198
197 222
198 24
198 105
198 170
198 196
198 197
199 186
199 200
199 201
199 271
199 391
199 414
200 23
200 109
200 113
200 199
200 201
201 146
201 199
201 200
201 389
201 412
201 421
202 56
202 203
202 204
202 314
202 315
202 438
203 37
203 202
203 204
203 382
203 390
203 427
204 168
204 188
204 202
204 203
204 353
204 483
205 207
205 209
205 344
205 387
205 445
206 110
206 133
206 265
206 285
206 286
206 319
206 339
206 343
206 377
206 382
206 396
206 429
206 439
206 455
206 486
206 488
206 494
206 500
207 58
207 112
207 205
207 209
207 331
207 479
208 129
208 166
208 184
208 237
208 328
208 490
209 9
209 22
209 87
209 205
209 207
209 469
210 4
210 25
210 88
210 271
210 277
210 349
210 414
210 416
210 460
211 80
211 218
211 411
211 421
211 448
211 470
212 31
212 99
212 179
212 195
212 238
212 285
212 474
212 484
213 188
213 214
213 222
213 284
213 310
213 421
214 77
214 213
214 347
214 368
214 416
214 448
215 216
215 363
215 396
215 418
215 444
215 485
216 91
216 164
216 215
216 217
216 267
216 476
217 81
217 216
217 341
217 446
217 447
217 467
218 80
218 211
218 219
218 220
218 233
219 64
219 147
219 218
219 220
219 298
220 106
220 154
220 218
220 219
220 317
220 482
221 32
221 97
221 175
221 269
221 342
221 356
221 402
221 454
221 462
221 474
222 197
222 213
222 356
222 371
222 474
223 148
223 224
223 225
223 244
223 383
223 478
224 28
224 177
224 223
224 225
224 288
224 302
225 15
225 165
225 223
225 224
225 263
225 303
225 428
226 37
226 333
226 334
226 335
226 382
226 467
227 1
227 53
227 229
227 314
227 350
227 356
227 477
227 495
228 31
228 49
228 53
228 229
228 275
228 484
229 227
229 228
229 304
229 320
229 365
230 261
230 290
230 322
230 323
230 388
230 485
231 30
231 90
231 234
231 235
231 237
231 430
232 78
232 79
232 122
232 182
232 183
232 403
233 134
233 218
233 305
233 306
233 496
234 34
234 231
234 235
234 317
234 343
234 364
234 482
235 152
235 231
235 234
235 291
235 330
235 352
235 379
236 115
236 139
236 240
236 299
236 359
236 436
237 30
237 72
237 74
237 100
237 129
237 166
237 208
237 231
237 245
237 264
237 292
237 306
237 311
237 312
237 349
237 430
237 475
238 179
238 195
238 212
238 394
238 410
238 469
239 156
239 266
239 293
239 301
239 309
239 358
240 21
240 44
240 145
240 236
240 372
240 461
241 268
241 362
241 387
241 440
241 441
241 445
242 243
242 248
242 393
242 459
242 466
242 476
243 95
243 185
243 242
243 246
243 306
243 333
243 426
243 448
243 490
244 126
244 148
244 223
244 383
244 458
244 478
245 72
245 74
245 237
245 247
245 292
245 480
246 57
246 75
246 144
246 243
246 247
246 254
246 400
246 425
247 169
247 245
247 246
247 406
247 431
247 491
248 170
248 242
248 393
248 448
248 459
248 466
249 117
249 181
249 187
249 266
249 370
250 67
250 148
250 170
250 251
250 437
250 478
251 52
251 96
251 178
251 250
251 252
252 89
252 251
252 253
252 296
252 318
252 346
253 252
253 254
253 406
253 431
253 440
253 500
254 35
254 57
254 75
254 144
254 149
254 246
254 253
255 35
255 66
255 155
255 256
255 276
255 435
256 120
256 196
256 255
256 257
256 378
257 41
257 83
257 174
257 256
257 258
257 481
258 7
258 257
258 318
258 434
258 449
258 497
259 194
259 261
259 262
259 263
259 290
259 485
260 261
260 278
260 301
260 347
260 395
260 499
261 194
261 230
261 259
261 260
261 278
261 290
261 301
261 388
261 485
261 488
262 37
262 107
262 259
262 263
262 382
262 467
263 15
263 165
263 225
263 259
263 262
263 408
264 3
264 30
264 237
264 265
264 267
264 430
265 110
265 131
265 206
265 264
265 267
265 455
265 486
266 117
266 187
266 239
266 249
266 370
267 91
267 216
267 264
267 265
267 403
267 476
268 241
268 424
268 438
268 440
268 453
268 465
269 32
269 175
269 221
269 462
269 470
269 474
270 7
270 84
270 274
270 381
270 385
270 443
271 4
271 84
271 88
271 186
271 199
271 210
271 274
271 391
271 414
271 420
271 460
272 62
272 83
272 174
272 273
272 481
273 47
273 86
273 272
273 325
273 354
273 498
274 95
274 160
274 270
274 271
274 386
274 490
275 99
275 190
275 228
275 276
275 277
275 373
275 409
275 474
275 484
275 487
276 66
276 255
276 275
276 277
276 435
277 88
277 210
277 275
277 276
277 460
278 260
278 261
278 297
278 301
278 365
278 398
279 7
279 295
279 311
279 453
279 479
279 480
280 33
280 159
280 161
280 282
280 289
280 360
281 7
281 70
281 189
281 287
281 291
281 415
282 280
282 284
282 313
282 389
282 421
282 464
283 29
283 82
283 195
283 299
283 363
283 366
283 418
283 444
283 468
284 179
284 188
284 213
284 282
284 286
284 322
284 376
284 423
284 483
285 99
285 171
285 206
285 212
285 343
285 363
285 414
285 474
285 484
285 500
286 93
286 162
286 206
286 284
286 429
286 439
286 486
287 12
287 21
287 70
287 189
287 281
287 415
287 417
288 15
288 28
288 224
288 302
288 423
288 436
288 463
289 162
289 280
289 292
289 345
289 360
289 404
289 470
290 13
290 65
290 129
290 194
290 230
290 259
290 261
290 388
290 394
290 415
290 485
290 488
291 152
291 161
291 235
291 281
291 352
291 379
291 465
292 72
292 74
292 90
292 162
292 237
292 245
292 289
293 156
293 239
293 294
293 301
293 309
293 358
293 399
294 95
294 184
294 293
294 386
294 399
294 490
295 279
295 296
295 321
295 399
295 424
295 453
296 252
296 295
296 297
296 381
296 385
296 443
296 497
297 73
297 278
297 296
297 298
297 397
297 398
297 450
298 64
298 68
298 147
298 151
298 219
298 297
298 302
299 139
299 236
299 283
299 359
299 480
300 51
300 319
300 321
300 446
300 465
300 474
300 479
301 239
301 260
301 261
301 278
301 293
301 309
301 358
302 177
302 224
302 288
302 298
302 319
303 15
303 165
303 193
303 225
303 309
303 310
303 315
303 340
303 433
304 132
304 229
304 307
304 308
304 397
304 456
304 473
305 1
305 233
305 314
305 319
305 350
305 477
305 495
306 95
306 101
306 233
306 237
306 243
306 426
306 441
307 108
307 304
307 308
307 363
307 456
307 461
307 468
308 95
308 103
308 136
308 304
308 307
308 448
308 456
308 490
309 239
309 293
309 301
309 303
309 310
309 338
309 358
310 213
310 303
310 309
310 338
310 371
310 423
311 116
311 237
311 279
311 313
311 446
311 447
311 465
312 83
312 174
312 237
312 313
312 348
312 481
313 11
313 53
313 114
313 282
313 311
313 312
313 389
313 412
313 464
314 1
314 50
314 56
314 153
314 154
314 180
314 202
314 227
314 305
314 315
314 356
314 431
314 434
314 438
314 477
314 495
315 56
315 202
315 303
315 314
315 338
315 434
315 456
316 164
316 327
316 337
316 340
316 403
316 445
316 476
317 34
317 176
317 220
317 234
317 321
317 343
317 482
318 89
318 252
318 258
318 320
318 419
318 449
318 497
319 206
319 300
319 302
319 305
319 455
319 486
319 489
320 38
320 229
320 318
320 322
320 398
320 401
320 473
321 158
321 295
321 300
321 317
321 447
322 19
322 60
322 140
322 168
322 179
322 188
322 230
322 284
322 320
322 336
322 353
322 376
322 423
322 483
322 494
323 5
323 13
323 36
323 40
323 61
323 230
323 457
324 5
324 139
324 172
324 327
324 328
324 456
324 463
324 480
325 47
325 273
325 354
325 447
325 450
325 466
325 498
326 140
326 161
326 419
326 422
326 463
326 483
327 316
327 324
327 337
327 340
327 456
327 492
328 13
328 208
328 324
328 375
328 457
329 37
329 39
329 332
329 382
329 393
329 427
329 467
330 54
330 135
330 235
330 332
330 352
330 379
330 393
330 413
331 81
331 207
331 346
331 361
332 69
332 87
332 130
332 329
332 330
332 369
332 451
333 14
333 95
333 104
333 226
333 243
333 334
333 490
334 115
334 139
334 172
334 226
334 333
334 359
334 480
335 37
335 226
335 336
335 339
335 382
335 427
335 467
336 19
336 179
336 188
336 322
336 335
336 339
336 483
337 316
337 327
337 340
337 405
337 406
337 440
337 491
338 15
338 78
338 309
338 310
338 315
338 428
338 433
339 206
339 335
339 336
339 429
339 439
339 455
340 59
340 193
340 303
340 316
340 327
340 337
341 108
341 158
341 217
341 347
341 424
341 465
341 479
342 32
342 97
342 221
342 344
342 350
342 454
342 491
343 106
343 176
343 192
343 206
343 234
343 285
343 317
343 363
343 364
343 414
343 482
343 500
344 205
344 342
344 350
344 352
344 399
344 403
344 445
345 27
345 108
345 289
345 347
345 360
345 470
346 89
346 252
346 331
346 381
346 443
347 77
347 214
347 260
347 341
347 345
347 395
347 499
348 174
348 312
348 373
348 416
348 481
349 30
349 72
349 166
349 210
349 237
349 373
349 430
350 50
350 227
350 305
350 342
350 344
350 352
350 477
351 33
351 98
351 99
351 404
351 411
351 470
352 152
352 235
352 291
352 330
352 344
352 350
352 353
352 379
352 419
353 60
353 188
353 204
353 322
353 352
353 357
353 358
354 47
354 86
354 273
354 325
354 370
355 359
355 362
355 405
355 406
355 431
355 440
355 491
355 500
356 1
356 5
356 221
356 222
356 227
356 314
356 434
356 474
357 173
357 353
357 358
357 360
357 485
357 488
358 156
358 239
358 293
358 301
358 309
358 353
358 357
358 360
359 45
359 139
359 172
359 236
359 299
359 334
359 355
359 362
359 456
359 463
360 159
360 280
360 289
360 345
360 357
360 358
360 364
360 417
360 470
361 58
361 158
361 160
361 331
361 364
361 365
361 447
361 479
362 241
362 355
362 359
362 387
362 399
362 403
363 29
363 82
363 195
363 215
363 283
363 285
363 307
363 343
363 396
363 414
363 444
363 461
363 468
363 469
363 500
364 34
364 192
364 234
364 343
364 360
364 361
364 365
364 482
365 132
365 229
365 278
365 361
365 364
365 366
365 450
366 94
366 283
366 365
366 367
366 371
366 396
367 79
367 92
367 102
367 150
367 366
367 371
367 374
368 167
368 214
368 372
368 375
368 416
369 6
369 8
369 9
369 332
369 394
369 407
369 410
369 436
369 451
369 469
370 117
370 187
370 249
370 266
370 354
371 222
371 310
371 366
371 367
371 374
371 494
372 21
372 145
372 240
372 368
372 375
373 124
373 275
373 348
373 349
373 416
373 452
374 75
374 144
374 367
374 371
374 379
374 400
375 13
375 36
375 328
375 368
375 372
376 123
376 140
376 188
376 284
376 322
376 378
376 483
376 486
377 110
377 131
377 191
377 192
377 206
377 439
377 470
377 486
378 12
378 120
378 196
378 256
378 376
378 380
379 54
379 135
379 152
379 235
379 291
379 330
379 352
379 374
379 381
379 385
379 413
379 419
380 157
380 378
380 384
380 403
380 472
380 476
381 14
381 89
381 270
381 296
381 346
381 379
381 383
381 497
382 37
382 39
382 42
382 72
382 107
382 188
382 191
382 203
382 206
382 226
382 262
382 329
382 335
382 390
382 427
382 467
382 488
382 494
383 1
383 67
383 148
383 223
383 244
383 381
383 385
383 478
384 46
384 380
384 386
384 392
384 422
385 1
385 270
385 296
385 379
385 383
385 443
385 449
386 95
386 274
386 294
386 384
386 389
386 490
387 1
387 164
387 205
387 241
387 362
387 388
387 403
387 476
387 500
388 10
388 65
388 230
388 261
388 290
388 387
388 390
388 391
388 488
389 146
389 201
389 282
389 313
389 386
389 392
389 412
389 421
390 39
390 42
390 203
390 382
390 388
390 391
390 427
390 467
390 495
391 4
391 199
391 271
391 388
391 390
391 398
392 45
392 46
392 172
392 384
392 389
392 395
393 63
393 163
393 184
393 242
393 248
393 329
393 330
393 459
393 466
394 13
394 69
394 111
394 129
394 238
394 290
394 369
394 415
394 432
395 260
395 347
395 392
395 404
395 416
395 499
396 141
396 206
396 215
396 363
396 366
396 397
396 418
396 444
396 461
397 38
397 132
397 141
397 297
397 304
397 396
397 400
397 401
397 450
398 38
398 141
398 183
398 278
398 297
398 320
398 391
398 400
398 450
399 157
399 164
399 293
399 294
399 295
399 344
399 362
399 403
399 472
400 57
400 144
400 246
400 374
400 397
400 398
400 401
400 425
401 38
401 182
401 320
401 397
401 400
401 406
401 407
401 450
401 473
402 32
402 137
402 221
402 454
402 459
403 157
403 164
403 232
403 267
403 316
403 344
403 362
403 380
403 387
403 399
403 405
403 445
403 476
403 479
403 486
403 491
404 27
404 159
404 289
404 351
404 395
404 417
404 420
404 470
405 19
405 337
405 355
405 403
405 406
405 431
405 440
405 479
405 486
405 490
405 491
405 500
406 8
406 76
406 85
406 128
406 169
406 181
406 247
406 253
406 337
406 355
406 401
406 405
406 407
406 408
406 440
406 442
406 491
407 48
407 369
407 401
407 406
407 408
407 410
407 436
407 451
407 469
408 15
408 59
408 263
408 406
408 407
408 410
408 428
409 99
409 127
409 190
409 275
409 452
409 472
409 473
409 477
409 484
410 9
410 238
410 369
410 407
410 408
410 411
410 412
410 451
410 469
411 159
411 211
411 351
411 410
411 412
411 417
411 470
411 490
411 496
412 114
412 146
412 201
412 313
412 389
412 410
412 411
412 464
412 490
413 17
413 130
413 131
413 330
413 379
413 419
414 88
414 186
414 199
414 210
414 271
414 285
414 343
414 363
414 460
414 469
414 500
415 35
415 70
415 129
415 189
415 281
415 287
415 290
415 394
415 432
416 77
416 167
416 210
416 214
416 348
416 368
416 373
416 395
416 499
417 27
417 33
417 63
417 71
417 159
417 287
417 360
417 404
417 411
417 470
418 215
418 283
418 396
418 424
418 425
418 490
419 140
419 142
419 318
419 326
419 352
419 379
419 413
420 25
420 271
420 404
420 422
420 460
421 11
421 53
421 114
421 201
421 211
421 213
421 282
421 389
421 448
421 464
422 161
422 326
422 384
422 420
422 426
423 15
423 68
423 140
423 188
423 284
423 288
423 310
423 322
423 468
423 483
424 268
424 295
424 341
424 418
424 425
424 446
424 453
424 462
424 465
424 479
425 144
425 246
425 400
425 418
425 424
425 462
426 18
426 95
426 101
426 243
426 306
426 422
426 435
426 448
426 490
427 37
427 42
427 203
427 329
427 335
427 382
427 390
427 428
427 429
427 462
428 15
428 59
428 78
428 225
428 338
428 408
428 427
428 429
428 433
428 462
429 133
429 138
429 206
429 286
429 339
429 427
429 428
429 430
429 455
429 486
430 3
430 30
430 72
430 231
430 237
430 264
430 349
430 429
430 433
430 438
431 8
431 85
431 128
431 156
431 169
431 181
431 247
431 253
431 314
431 355
431 405
431 440
431 467
432 69
432 111
432 394
432 415
432 436
432 439
432 443
432 445
432 451
432 469
433 15
433 78
433 165
433 193
433 303
433 338
433 428
433 430
433 438
433 495
434 5
434 258
434 314
434 315
434 356
434 465
434 472
434 480
435 66
435 155
435 255
435 276
435 426
435 437
436 4
436 111
436 236
436 288
436 369
436 407
436 432
436 451
436 463
436 469
437 67
437 250
437 435
437 471
437 478
438 5
438 20
438 202
438 268
438 314
438 430
438 433
439 93
439 131
439 138
439 206
439 286
439 339
439 377
439 432
439 443
439 445
439 446
440 128
440 241
440 253
440 268
440 337
440 355
440 405
440 406
440 431
440 444
440 491
441 185
441 241
441 306
441 444
441 447
441 448
441 466
441 490
442 41
442 43
442 45
442 76
442 406
443 7
443 270
443 296
443 346
443 385
443 432
443 439
443 445
443 446
443 449
443 497
444 82
444 195
444 215
444 283
444 363
444 396
444 440
444 441
444 461
444 466
444 468
445 164
445 205
445 241
445 316
445 344
445 403
445 432
445 439
445 443
445 446
445 476
446 217
446 300
446 311
446 424
446 439
446 443
446 445
446 447
446 451
446 453
446 465
447 116
447 158
447 217
447 311
447 321
447 325
447 361
447 441
447 446
447 457
447 479
448 95
448 103
448 104
448 136
448 211
448 214
448 243
448 248
448 308
448 421
448 426
448 441
448 490
449 18
449 20
449 24
449 258
449 318
449 385
449 443
449 497
450 38
450 73
450 297
450 325
450 365
450 397
450 398
450 401
450 457
450 466
450 473
451 48
451 130
451 332
451 369
451 407
451 410
451 432
451 436
451 446
451 452
451 453
451 454
452 99
452 373
452 409
452 451
452 453
452 454
452 455
452 474
452 484
453 51
453 268
453 279
453 295
453 424
453 446
453 451
453 452
453 454
453 455
453 465
453 479
454 221
454 342
454 402
454 451
454 452
454 453
454 455
455 93
455 133
455 206
455 265
455 319
455 339
455 429
455 452
455 453
455 454
455 460
455 489
456 139
456 172
456 304
456 307
456 308
456 315
456 324
456 327
456 359
456 492
457 13
457 36
457 61
457 323
457 328
457 447
457 450
457 473
458 26
458 84
458 119
458 123
458 126
458 143
458 244
458 493
459 242
459 248
459 393
459 402
459 466
460 4
460 25
460 186
460 210
460 271
460 277
460 414
460 420
460 455
460 476
460 482
460 485
461 4
461 29
461 108
461 195
461 240
461 307
461 363
461 396
461 444
461 463
461 480
462 32
462 97
462 221
462 269
462 424
462 425
462 427
462 428
463 4
463 161
463 172
463 288
463 324
463 326
463 359
463 436
463 461
464 282
464 313
464 412
464 421
464 470
464 476
464 482
464 485
464 486
465 116
465 268
465 291
465 300
465 311
465 341
465 424
465 434
465 446
465 453
465 472
465 479
465 480
466 16
466 63
466 125
466 139
466 163
466 242
466 248
466 325
466 393
466 441
466 444
466 450
466 459
467 37
467 107
467 154
467 155
467 191
467 217
467 226
467 262
467 329
467 335
467 382
467 390
467 431
468 2
468 3
468 29
468 82
468 94
468 108
468 195
468 283
468 307
468 363
468 423
468 444
468 483
469 14
469 48
469 209
469 238
469 363
469 369
469 407
469 410
469 414
469 432
469 436
469 484
469 487
470 33
470 189
470 211
470 269
470 289
470 345
470 351
470 360
470 377
470 404
470 411
470 417
470 464
471 10
471 437
471 478
471 485
471 488
472 157
472 380
472 399
472 409
472 434
472 465
472 477
473 38
473 132
473 304
473 320
473 401
473 409
473 450
473 457
473 477
474 17
474 31
474 99
474 171
474 190
474 212
474 221
474 222
474 269
474 275
474 285
474 300
474 356
474 452
475 14
475 30
475 100
475 160
475 237
475 484
475 487
475 495
476 91
476 157
476 164
476 216
476 242
476 267
476 316
476 380
476 387
476 403
476 445
476 460
476 464
476 482
476 485
477 1
477 227
477 305
477 314
477 350
477 409
477 472
477 473
477 495
478 148
478 223
478 244
478 250
478 383
478 437
478 471
478 481
479 19
479 116
479 207
479 279
479 300
479 341
479 361
479 403
479 405
479 424
479 447
479 453
479 465
479 483
479 491
480 172
480 245
480 279
480 299
480 324
480 334
480 434
480 461
480 465
481 41
481 62
481 83
481 174
481 257
481 272
481 312
481 348
481 478
481 489
482 98
482 106
482 154
482 176
482 192
482 220
482 234
482 317
482 343
482 364
482 460
482 464
482 476
482 485
483 15
483 19
483 30
483 140
483 179
483 188
483 204
483 284
483 322
483 326
483 336
483 376
483 423
483 468
483 479
484 14
484 127
484 160
484 162
484 171
484 190
484 212
484 228
484 275
484 285
484 409
484 452
484 469
484 475
484 487
484 495
485 10
485 65
485 141
485 173
485 194
485 215
485 230
485 259
485 261
485 290
485 357
485 460
485 464
485 471
485 476
485 482
486 93
486 110
486 114
486 133
486 206
486 265
486 286
486 319
486 376
486 377
486 403
486 405
486 429
486 464
486 489
486 491
487 14
487 49
487 124
487 160
487 275
487 469
487 475
487 484
487 495
488 10
488 65
488 72
488 141
488 173
488 188
488 194
488 206
488 261
488 290
488 357
488 382
488 388
488 471
488 494
488 500
489 319
489 455
489 481
489 486
489 496
490 95
490 103
490 208
490 243
490 274
490 294
490 308
490 333
490 386
490 405
490 411
490 412
490 418
490 426
490 441
490 448
491 8
491 19
491 65
491 76
491 85
491 128
491 169
491 181
491 247
491 337
491 342
491 355
491 403
491 405
491 406
491 440
491 479
491 486
492 45
492 172
492 327
492 456
492 497
493 26
493 85
493 86
493 90
493 119
493 126
493 143
493 458
494 39
494 55
494 72
494 188
494 206
494 322
494 371
494 382
494 488
495 14
495 160
495 227
495 305
495 314
495 390
495 433
495 475
495 477
495 484
495 487
496 134
496 233
496 411
496 489
496 498
497 258
497 296
497 318
497 381
497 443
497 449
497 492
498 86
498 273
498 325
498 496
498 499
499 71
499 260
499 347
499 395
499 416
499 498
500 8
500 85
500 181
500 206
500 253
500 285
500 343
500 355
500 363
500 387
500 405
500 414
500 488
