1 7
1 16
1 348
1 352
1 354
2 194
2 299
2 361
2 400
2 421
3 6
3 165
3 348
3 400
3 455
3 477
4 13
4 31
4 237
4 308
4 428
5 35
5 194
5 280
5 340
5 361
6 3
6 214
6 278
6 345
6 370
6 400
6 463
7 1
7 16
7 137
7 400
7 497
8 49
8 105
8 237
8 308
8 495
9 27
9 51
9 69
9 101
9 138
9 170
9 291
9 297
9 322
9 408
9 486
9 500
10 29
10 38
10 205
10 207
10 497
11 15
11 105
11 283
11 292
11 413
12 14
12 15
12 42
12 225
12 386
13 4
13 23
13 31
13 32
13 35
13 153
13 267
13 378
13 412
13 441
13 494
13 496
14 12
14 15
14 26
14 91
14 320
15 11
15 12
15 14
15 134
15 292
16 1
16 7
16 17
16 18
16 73
16 74
16 103
16 118
16 123
16 137
16 222
16 337
17 16
17 18
17 65
17 266
17 342
17 350
17 393
17 442
18 16
18 17
18 27
18 129
18 409
18 434
19 20
19 21
19 304
19 427
19 448
20 19
20 21
20 163
20 271
20 401
21 19
21 20
21 32
21 153
21 441
21 496
22 69
22 321
22 381
22 424
22 445
22 464
22 466
22 470
22 480
23 13
23 25
23 267
23 412
23 479
24 26
24 43
24 398
24 417
24 440
25 23
25 26
25 48
25 77
25 150
25 201
26 14
26 24
26 25
26 352
26 473
27 9
27 18
27 129
27 251
27 291
27 297
27 338
27 459
27 486
28 68
28 144
28 452
28 470
28 498
29 10
29 30
29 32
29 90
29 205
30 29
30 32
30 160
30 253
30 437
30 461
30 479
31 4
31 13
31 35
31 131
31 141
31 200
32 13
32 21
32 29
32 30
32 267
33 34
33 36
33 155
33 159
33 244
33 323
33 469
33 486
34 33
34 36
34 276
34 395
34 458
35 5
35 13
35 31
35 40
35 89
35 172
35 194
35 361
36 33
36 34
36 72
36 125
36 379
37 42
37 177
37 226
37 239
37 497
38 10
38 67
38 105
38 275
38 283
39 49
39 85
39 87
39 99
39 171
40 35
40 55
40 65
40 354
40 444
41 44
41 75
41 79
41 246
41 346
41 399
41 418
41 481
41 493
42 12
42 37
42 44
42 225
42 452
43 24
43 107
43 189
43 209
43 318
43 398
43 440
43 444
43 445
43 446
43 475
44 41
44 42
44 95
44 154
44 447
44 453
45 46
45 47
45 116
45 306
45 355
46 45
46 47
46 161
46 328
46 374
47 45
47 46
47 352
47 466
47 473
48 25
48 50
48 150
48 201
48 287
49 8
49 39
49 179
49 237
49 308
50 48
50 286
50 287
50 406
50 409
50 431
50 439
50 471
51 9
51 52
51 69
51 322
51 394
52 51
52 54
52 250
52 311
52 413
53 56
53 120
53 176
53 206
53 469
54 52
54 56
54 274
54 452
54 487
55 40
55 65
55 70
55 263
55 329
55 351
55 462
55 476
56 53
56 54
56 57
56 66
56 452
57 56
57 285
57 414
57 462
57 476
58 68
58 325
58 326
58 327
58 368
58 498
59 60
59 139
59 258
59 400
59 478
60 59
60 61
60 357
60 397
60 486
61 60
61 62
61 119
61 140
61 258
61 270
62 61
62 63
62 316
62 447
62 453
63 62
63 68
63 178
63 256
63 350
63 470
63 488
63 498
64 68
64 141
64 190
64 200
64 395
65 17
65 40
65 55
65 70
65 393
66 56
66 139
66 140
66 274
66 397
67 38
67 231
67 275
67 340
67 396
68 28
68 58
68 63
68 64
68 256
68 283
68 310
68 368
68 371
68 388
68 433
68 470
68 488
69 9
69 22
69 51
69 101
69 119
69 167
69 170
69 322
69 408
69 470
70 55
70 65
70 73
70 210
70 213
70 282
70 297
70 321
71 72
71 74
71 309
71 491
71 500
72 36
72 71
72 74
72 125
72 168
72 260
72 379
73 16
73 70
73 74
73 82
73 89
73 137
74 16
74 71
74 72
74 73
74 137
75 41
75 76
75 77
75 346
75 399
75 493
76 75
76 77
76 181
76 249
76 387
77 25
77 75
77 76
77 201
77 211
78 79
78 180
78 184
78 309
78 383
78 392
78 433
78 441
78 467
78 488
78 491
78 493
78 496
78 500
79 41
79 78
79 85
79 246
79 481
80 85
80 309
80 441
80 491
80 500
81 116
81 117
81 295
81 301
81 398
82 73
82 89
82 93
82 460
82 481
83 124
83 151
83 185
83 270
83 303
83 315
83 322
83 417
83 434
83 463
83 471
84 86
84 87
84 142
84 160
84 220
85 39
85 79
85 80
85 171
85 215
86 84
86 87
86 93
86 105
86 121
87 39
87 84
87 86
87 149
87 171
88 92
88 113
88 165
88 455
88 462
89 35
89 73
89 82
89 93
89 172
89 194
89 391
90 29
90 109
90 121
90 207
90 483
91 14
91 166
91 172
91 352
91 466
92 88
92 94
92 252
92 336
92 461
93 82
93 86
93 89
93 105
93 114
93 121
93 202
93 298
94 92
94 95
94 98
94 216
94 356
95 44
95 94
95 96
95 447
95 453
96 95
96 273
96 390
96 419
96 452
97 131
97 143
97 148
97 192
97 302
98 94
98 99
98 216
98 316
98 356
99 39
99 98
99 171
99 212
99 316
100 102
100 264
100 317
100 376
100 421
101 9
101 69
101 102
101 170
101 317
101 408
102 100
102 101
102 106
102 236
102 262
102 403
102 415
102 450
103 16
103 104
103 137
103 178
103 474
104 103
104 178
104 397
104 416
104 486
105 8
105 11
105 38
105 86
105 93
105 121
105 202
105 298
106 102
106 108
106 178
106 236
106 257
106 403
107 43
107 209
107 245
107 249
107 398
107 440
107 446
108 106
108 110
108 278
108 343
108 465
109 90
109 114
109 121
109 175
109 422
109 485
109 487
110 108
110 112
110 309
110 491
110 500
111 112
111 113
111 134
111 219
111 366
112 110
112 111
112 281
112 334
112 477
113 88
113 111
113 281
113 451
113 455
114 93
114 109
114 121
114 232
114 387
115 118
115 127
115 313
115 324
115 352
116 45
116 81
116 355
116 375
116 398
117 81
117 242
117 359
117 375
117 388
117 394
117 398
117 475
117 483
118 16
118 115
118 123
118 227
118 313
119 61
119 69
119 139
119 140
119 167
119 171
119 209
119 367
119 478
120 53
120 410
120 414
120 422
120 435
120 438
120 454
120 484
120 485
120 487
121 86
121 90
121 93
121 105
121 109
121 114
121 298
121 398
122 125
122 186
122 188
122 313
122 327
122 418
122 436
123 16
123 118
123 126
123 337
123 468
124 83
124 132
124 138
124 303
124 375
125 36
125 72
125 122
125 126
125 379
126 123
126 125
126 273
126 296
126 347
127 115
127 148
127 149
127 466
127 468
128 129
128 163
128 173
128 401
128 458
129 18
129 27
129 128
129 133
129 223
129 459
130 136
130 238
130 240
130 272
130 312
130 323
131 31
131 97
131 141
131 190
131 200
132 124
132 138
132 375
132 481
132 493
133 129
133 135
133 136
133 162
133 425
133 489
134 15
134 111
134 150
134 151
134 219
134 366
134 413
135 133
135 136
135 268
135 276
135 395
135 419
135 458
136 130
136 133
136 135
136 425
136 489
136 490
137 7
137 16
137 73
137 74
137 103
137 222
137 227
137 279
137 473
137 474
137 477
137 478
137 479
137 481
137 500
138 9
138 124
138 132
138 147
138 408
139 59
139 66
139 119
139 140
139 397
139 478
140 61
140 66
140 119
140 139
140 142
140 258
140 478
141 31
141 64
141 131
141 142
141 190
141 200
141 397
142 84
142 140
142 141
142 220
142 247
143 97
143 148
143 302
143 328
143 329
143 439
144 28
144 145
144 235
144 254
144 414
145 144
145 146
145 346
145 399
145 493
146 145
146 216
146 270
146 380
146 485
147 138
147 154
147 163
147 197
147 208
147 332
147 363
148 97
148 127
148 143
148 149
148 192
148 302
149 87
149 127
149 148
149 171
149 212
150 25
150 48
150 134
150 152
150 201
151 83
151 134
151 152
151 303
151 417
152 150
152 151
152 317
152 424
152 445
152 464
153 13
153 21
153 155
153 156
153 267
154 44
154 147
154 163
154 169
154 447
154 453
155 33
155 153
155 156
155 159
155 357
155 397
155 416
155 432
156 153
156 155
156 164
156 413
156 449
157 158
157 174
157 229
157 391
157 499
158 157
158 233
158 475
158 483
158 492
159 33
159 155
159 160
159 164
159 244
159 323
159 397
159 416
159 486
160 30
160 84
160 159
160 164
160 247
161 46
161 162
161 328
161 358
161 374
162 133
162 161
162 425
162 489
162 490
163 20
163 128
163 147
163 154
163 169
163 173
163 401
164 156
164 159
164 160
164 219
164 449
165 3
165 88
165 166
165 169
165 281
165 334
165 348
165 443
165 455
165 475
165 477
165 492
166 91
166 165
166 191
166 241
166 248
166 288
167 69
167 119
167 171
167 209
167 230
167 261
167 405
167 454
168 72
168 230
168 231
168 260
168 379
168 487
169 154
169 163
169 165
169 173
169 199
169 281
169 443
169 477
170 9
170 69
170 101
170 172
170 408
170 459
171 39
171 85
171 87
171 99
171 119
171 149
171 167
171 209
171 211
171 212
171 215
172 35
172 89
172 91
172 170
172 280
172 299
172 391
173 128
173 163
173 169
173 176
173 179
173 401
174 157
174 175
174 181
174 277
174 364
175 109
175 174
175 181
175 438
175 485
175 487
176 53
176 173
176 179
176 184
176 206
176 404
177 37
177 315
177 319
177 325
177 389
177 484
178 63
178 103
178 104
178 106
178 488
178 498
179 49
179 173
179 176
179 184
179 237
179 308
180 78
180 309
180 392
180 433
180 441
180 467
180 488
180 491
180 493
180 496
180 500
181 76
181 174
181 175
181 249
181 387
182 183
182 191
182 269
182 338
182 404
182 486
183 182
183 191
183 204
183 235
183 254
183 414
184 78
184 176
184 179
184 186
184 491
184 500
185 83
185 285
185 303
185 412
185 417
185 419
186 122
186 184
186 190
186 192
186 217
186 418
186 436
187 224
187 360
187 362
187 367
187 494
187 496
188 122
188 275
188 327
188 330
188 418
188 439
189 43
189 201
189 212
189 398
189 433
189 440
190 64
190 131
190 141
190 186
190 192
190 372
191 166
191 182
191 183
191 241
191 248
192 97
192 148
192 186
192 190
192 302
192 372
193 196
193 198
193 245
193 306
193 369
193 372
194 2
194 5
194 35
194 89
194 197
194 200
195 208
195 213
195 279
195 466
195 468
196 193
196 198
196 299
196 361
196 372
196 391
197 147
197 194
197 200
197 208
197 332
197 363
198 193
198 196
198 199
198 287
198 485
198 487
199 169
199 198
199 202
199 321
199 443
199 477
200 31
200 64
200 131
200 141
200 194
200 197
201 25
201 48
201 77
201 150
201 189
201 202
201 211
201 212
202 93
202 105
202 199
202 201
202 212
202 298
203 206
203 207
203 215
203 245
203 306
203 355
204 183
204 205
204 265
204 414
204 472
205 10
205 29
205 204
205 207
205 472
206 53
206 176
206 203
206 207
206 215
206 269
207 10
207 90
207 203
207 205
207 206
207 215
208 147
208 195
208 197
208 213
208 332
208 363
209 43
209 107
209 119
209 167
209 171
209 211
209 349
209 398
209 440
209 446
210 70
210 255
210 282
210 449
210 472
210 495
211 77
211 171
211 201
211 209
211 261
211 266
212 99
212 149
212 171
212 189
212 201
212 202
213 70
213 195
213 208
213 234
213 297
213 495
214 6
214 328
214 358
214 374
214 421
214 435
215 85
215 171
215 203
215 206
215 207
216 94
216 98
216 146
216 220
216 221
216 428
217 186
217 218
217 219
217 418
217 436
218 217
218 219
218 336
218 377
218 428
218 461
218 479
219 111
219 134
219 164
219 217
219 218
219 366
220 84
220 142
220 216
220 221
220 228
220 247
221 216
221 220
221 226
221 305
221 481
221 493
222 16
222 137
222 223
222 227
222 337
222 358
223 129
223 222
223 224
223 251
223 431
223 459
223 471
224 187
224 223
224 229
224 441
224 494
224 496
225 12
225 42
225 347
225 382
225 386
225 424
226 37
226 221
226 228
226 230
226 360
226 373
227 118
227 137
227 222
227 229
227 382
227 474
228 220
228 226
228 230
228 290
228 403
228 415
229 157
229 224
229 227
229 406
229 409
229 471
230 167
230 168
230 226
230 228
230 454
230 456
231 67
231 168
231 232
231 275
231 396
231 487
232 114
232 231
232 238
232 249
232 387
232 487
233 158
233 234
233 314
233 382
233 475
233 483
234 213
234 233
234 235
234 255
234 297
234 495
235 144
235 183
235 234
235 237
235 414
236 102
236 106
236 262
236 375
236 406
236 415
236 440
236 450
236 475
236 483
236 497
237 4
237 8
237 49
237 179
237 235
237 240
238 130
238 232
238 239
238 240
238 289
238 487
239 37
239 238
239 241
239 243
239 335
239 339
239 340
240 130
240 237
240 238
240 272
240 289
240 312
240 485
241 166
241 191
241 239
241 243
241 246
241 288
242 117
242 244
242 247
242 394
242 475
242 483
243 239
243 241
243 246
243 309
243 491
243 500
244 33
244 159
244 242
244 247
244 269
244 357
244 416
244 432
244 469
244 486
245 107
245 193
245 203
245 252
245 355
245 369
246 41
246 79
246 241
246 243
246 250
246 481
246 493
247 142
247 160
247 220
247 242
247 244
248 166
248 191
248 250
248 251
248 288
248 496
249 76
249 107
249 181
249 232
249 252
249 387
250 52
250 246
250 248
250 251
250 311
250 449
251 27
251 223
251 248
251 250
251 255
251 471
252 92
252 245
252 249
252 253
252 377
252 461
253 30
253 252
253 333
253 336
253 428
253 433
253 437
253 441
253 461
253 467
253 474
253 479
253 491
253 496
254 144
254 183
254 263
254 274
254 414
255 210
255 234
255 251
255 256
255 282
255 297
255 312
255 321
256 63
256 68
256 255
256 257
256 312
256 488
256 498
257 106
257 256
257 258
257 262
257 312
257 415
257 450
258 59
258 61
258 140
258 257
258 259
258 312
258 478
259 258
259 262
259 264
259 351
259 476
260 72
260 168
260 269
260 270
260 273
260 379
261 167
261 211
261 266
261 267
261 320
261 405
261 454
261 456
262 102
262 236
262 257
262 259
262 264
262 265
262 291
262 375
262 450
263 55
263 254
263 274
263 285
263 329
263 462
263 476
264 100
264 259
264 262
264 265
264 293
265 204
265 262
265 264
265 268
265 414
266 17
266 211
266 261
266 267
266 320
266 393
266 442
267 13
267 23
267 32
267 153
267 261
267 266
267 320
267 324
267 441
267 494
267 496
268 135
268 265
268 269
268 276
268 300
268 419
268 434
268 458
269 182
269 206
269 244
269 260
269 268
269 270
269 432
269 486
270 61
270 83
270 146
270 260
270 269
270 380
270 478
271 20
271 383
271 385
271 386
271 387
271 401
272 130
272 240
272 273
272 277
272 289
272 312
272 463
273 96
273 126
273 260
273 272
273 277
273 296
273 386
274 54
274 66
274 254
274 263
274 452
275 38
275 67
275 188
275 231
275 330
275 333
275 396
276 34
276 135
276 268
276 300
276 314
276 319
276 395
276 403
276 458
277 174
277 272
277 273
277 372
277 434
277 498
278 6
278 108
278 281
278 289
278 465
279 137
279 195
279 280
279 282
279 468
279 473
280 5
280 172
280 279
280 282
280 299
280 391
280 482
281 112
281 113
281 165
281 169
281 278
281 289
281 443
281 477
281 492
282 70
282 210
282 255
282 279
282 280
282 284
282 321
283 11
283 38
283 68
283 435
283 470
283 488
283 498
284 282
284 286
284 288
284 323
284 357
284 432
284 469
285 57
285 185
285 263
285 329
285 412
285 419
285 476
286 50
286 284
286 288
286 382
286 385
286 406
286 431
286 439
286 471
286 500
287 48
287 50
287 198
287 438
287 485
287 486
287 487
288 166
288 241
288 248
288 284
288 286
288 290
289 238
289 240
289 272
289 278
289 281
290 228
290 288
290 291
290 293
290 294
290 375
291 9
291 27
291 262
291 290
291 297
291 338
291 375
291 486
292 11
292 15
292 388
292 412
292 413
292 419
292 449
293 264
293 290
293 294
293 295
293 376
293 451
293 463
294 290
294 293
294 295
294 381
294 424
294 445
294 480
295 81
295 293
295 294
295 296
295 307
295 319
295 429
296 126
296 273
296 295
296 298
296 331
296 347
296 386
297 9
297 27
297 70
297 213
297 234
297 255
297 291
297 321
297 338
297 420
297 423
297 486
297 495
298 93
298 105
298 121
298 202
298 296
298 331
298 487
299 2
299 172
299 196
299 280
299 301
299 303
299 331
300 268
300 276
300 304
300 419
300 458
300 471
301 81
301 299
301 302
301 303
301 307
301 319
301 429
302 97
302 143
302 148
302 192
302 301
302 303
302 331
303 83
303 124
303 151
303 185
303 299
303 301
303 302
303 315
303 417
304 19
304 300
304 309
304 427
304 448
305 221
305 450
305 455
305 458
305 481
305 493
306 45
306 193
306 203
306 307
306 308
306 369
306 450
307 295
307 301
307 306
307 308
307 319
307 429
307 455
308 4
308 8
308 49
308 179
308 306
308 307
308 311
309 71
309 78
309 80
309 110
309 180
309 243
309 304
309 310
309 383
309 392
309 467
309 491
309 497
309 500
310 68
310 309
310 332
310 470
310 488
310 498
311 52
311 250
311 308
311 314
311 403
311 449
312 130
312 240
312 255
312 256
312 257
312 258
312 272
313 115
313 118
313 122
313 321
313 331
313 420
313 423
314 233
314 276
314 311
314 359
314 403
314 475
314 483
315 83
315 177
315 303
315 319
315 417
315 487
316 62
316 98
316 99
316 317
316 447
316 453
317 100
317 101
317 152
317 316
317 430
317 464
318 43
318 345
318 370
318 400
318 444
318 449
318 465
318 475
319 177
319 276
319 295
319 301
319 307
319 315
319 403
319 429
320 14
320 261
320 266
320 267
320 334
320 466
320 468
320 473
321 22
321 70
321 199
321 255
321 282
321 297
321 313
321 331
321 420
321 423
321 466
321 470
321 482
321 492
321 495
322 9
322 51
322 69
322 83
322 408
322 428
322 434
322 463
323 33
323 130
323 159
323 284
323 357
323 358
323 391
323 424
324 115
324 267
324 334
324 349
324 464
324 466
324 468
324 473
325 58
325 177
325 326
325 333
325 341
325 437
326 58
326 325
326 327
326 447
326 453
327 58
327 122
327 188
327 326
327 418
327 451
328 46
328 143
328 161
328 214
328 329
328 358
328 374
328 451
329 55
329 143
329 263
329 285
329 328
329 451
329 462
329 476
330 188
330 275
330 339
330 410
330 422
330 435
330 438
330 487
331 296
331 298
331 299
331 302
331 313
331 321
331 420
331 423
332 147
332 197
332 208
332 310
332 335
332 363
333 253
333 275
333 325
333 339
333 341
333 437
333 439
333 479
334 112
334 165
334 320
334 324
334 349
334 443
334 464
334 477
335 239
335 332
335 337
335 339
335 484
336 92
336 218
336 253
336 339
336 428
336 439
336 479
336 497
337 16
337 123
337 222
337 335
337 348
338 27
338 182
338 291
338 297
338 379
338 404
338 420
338 457
339 239
339 330
339 333
339 335
339 336
339 340
339 360
339 373
339 389
339 484
340 5
340 67
340 239
340 339
340 360
340 373
340 389
340 460
341 325
341 333
341 342
341 343
341 344
341 461
342 17
342 341
342 343
342 344
342 350
342 393
342 442
343 108
343 341
343 342
343 344
343 421
343 463
344 341
344 342
344 343
344 354
344 362
344 407
344 411
344 444
345 6
345 318
345 346
345 347
345 351
345 370
345 451
345 463
346 41
346 75
346 145
346 345
346 347
346 351
346 399
346 481
346 493
347 126
347 225
347 296
347 345
347 346
347 351
347 390
347 452
348 1
348 3
348 165
348 337
348 455
349 209
349 324
349 334
349 353
349 398
349 440
349 464
350 17
350 63
350 342
350 388
350 395
350 414
351 55
351 259
351 345
351 346
351 347
351 462
351 476
352 1
352 26
352 47
352 91
352 115
352 356
352 468
352 473
353 349
353 366
353 378
353 441
353 464
353 469
353 494
353 496
354 1
354 40
354 344
354 356
354 362
354 411
355 45
355 116
355 203
355 245
355 357
355 359
355 369
355 380
356 94
356 98
356 352
356 354
356 380
357 60
357 155
357 244
357 284
357 323
357 355
357 359
357 380
358 161
358 214
358 222
358 323
358 328
358 374
358 392
358 424
359 117
359 314
359 355
359 357
359 380
359 388
359 475
359 483
360 187
360 226
360 339
360 340
360 368
360 373
360 380
360 389
361 2
361 5
361 35
361 196
361 417
361 418
361 484
362 187
362 344
362 354
362 367
362 368
362 407
362 411
362 444
363 147
363 197
363 208
363 332
363 436
364 174
364 372
364 384
364 390
364 499
365 367
365 384
365 389
365 399
365 402
365 404
365 408
365 478
366 111
366 134
366 219
366 353
366 374
366 449
366 468
366 469
367 119
367 187
367 362
367 365
367 368
367 384
367 402
367 478
368 58
368 68
368 360
368 362
368 367
368 498
369 193
369 245
369 306
369 355
369 371
369 393
369 426
370 6
370 318
370 345
370 406
370 440
370 451
370 452
370 463
370 495
371 68
371 369
371 393
371 426
371 433
371 470
371 498
372 190
372 192
372 193
372 196
372 277
372 364
372 431
372 499
373 226
373 339
373 340
373 360
373 389
373 431
373 437
373 443
373 445
374 46
374 161
374 214
374 328
374 358
374 366
374 378
374 468
374 469
375 116
375 117
375 124
375 132
375 236
375 262
375 290
375 291
375 450
376 100
376 293
376 387
376 399
376 400
376 421
376 451
376 462
376 492
377 218
377 252
377 378
377 381
377 428
377 461
377 468
377 479
377 498
378 13
378 353
378 374
378 377
378 381
378 441
378 468
378 494
378 496
379 36
379 72
379 125
379 168
379 260
379 338
379 415
379 420
379 432
379 486
380 146
380 270
380 355
380 356
380 357
380 359
380 360
381 22
381 294
381 377
381 378
381 383
381 385
381 445
381 464
381 480
382 225
382 227
382 233
382 286
382 385
382 406
382 409
382 434
382 459
383 78
383 271
383 309
383 381
383 385
383 386
383 467
383 491
383 500
384 364
384 365
384 367
384 390
384 402
385 271
385 286
385 381
385 382
385 383
385 386
385 431
385 434
385 439
385 471
386 12
386 225
386 271
386 273
386 296
386 383
386 385
386 387
386 390
387 76
387 114
387 181
387 232
387 249
387 271
387 376
387 386
387 462
388 68
388 117
388 292
388 350
388 359
388 394
388 395
388 475
388 483
389 177
389 339
389 340
389 360
389 365
389 373
389 399
389 404
389 462
390 96
390 347
390 364
390 384
390 386
390 452
391 89
391 157
391 172
391 196
391 280
391 323
391 424
391 494
392 78
392 180
392 309
392 358
392 429
392 448
392 467
392 480
392 500
393 17
393 65
393 266
393 342
393 369
393 371
393 426
393 442
394 51
394 117
394 242
394 388
394 418
394 454
394 475
394 483
394 484
395 34
395 64
395 135
395 276
395 350
395 388
395 412
395 458
396 67
396 231
396 275
396 401
396 402
397 60
397 66
397 104
397 139
397 141
397 155
397 159
398 24
398 43
398 81
398 107
398 116
398 117
398 121
398 189
398 209
398 349
398 446
399 41
399 75
399 145
399 346
399 365
399 376
399 389
399 462
399 493
400 2
400 3
400 6
400 7
400 59
400 318
400 376
400 421
400 463
400 465
401 20
401 128
401 163
401 173
401 271
401 396
401 402
402 365
402 367
402 384
402 396
402 401
403 102
403 106
403 228
403 276
403 311
403 314
403 319
403 450
404 176
404 182
404 338
404 365
404 389
404 409
404 462
405 167
405 261
405 407
405 425
405 454
406 50
406 229
406 236
406 286
406 370
406 382
406 439
406 452
406 459
406 495
407 344
407 362
407 405
407 411
407 425
408 9
408 69
408 101
408 138
408 170
408 322
408 365
408 409
408 410
408 499
409 18
409 50
409 229
409 382
409 404
409 408
409 410
409 411
409 431
409 439
410 120
410 330
410 408
410 409
410 411
410 422
410 435
410 485
410 487
410 499
411 344
411 354
411 362
411 407
411 409
411 410
411 413
411 444
411 499
412 13
412 23
412 185
412 285
412 292
412 395
412 441
412 494
412 496
413 11
413 52
413 134
413 156
413 292
413 411
413 416
413 423
413 449
413 499
414 57
414 120
414 144
414 183
414 204
414 235
414 254
414 265
414 350
414 454
415 102
415 228
415 236
415 257
415 379
415 420
415 432
415 450
415 486
415 498
416 104
416 155
416 159
416 244
416 413
416 422
416 423
416 431
416 457
416 486
417 24
417 83
417 151
417 185
417 303
417 315
417 361
417 418
417 421
418 41
418 122
418 186
418 188
418 217
418 327
418 361
418 394
418 417
418 436
419 96
419 135
419 185
419 268
419 285
419 292
419 300
419 458
420 297
420 313
420 321
420 331
420 338
420 379
420 415
420 423
420 432
420 498
421 2
421 100
421 214
421 343
421 376
421 400
421 417
421 435
421 451
421 465
422 109
422 120
422 330
422 410
422 416
422 423
422 431
422 435
422 438
422 499
423 297
423 313
423 321
423 331
423 413
423 416
423 420
423 422
423 431
423 495
424 22
424 152
424 225
424 294
424 323
424 358
424 391
424 445
424 464
424 480
425 133
425 136
425 162
425 405
425 407
425 490
426 369
426 371
426 393
426 427
426 448
427 19
427 304
427 426
427 430
427 448
427 489
428 4
428 216
428 218
428 253
428 322
428 336
428 377
428 434
428 437
428 471
428 479
429 295
429 301
429 307
429 319
429 392
429 448
429 480
430 317
430 427
430 445
430 464
430 489
431 50
431 223
431 286
431 372
431 373
431 385
431 409
431 416
431 422
431 423
431 439
432 155
432 244
432 269
432 284
432 379
432 415
432 420
432 438
432 457
432 486
432 498
433 68
433 78
433 180
433 189
433 253
433 371
433 441
433 467
433 491
433 493
433 496
433 498
434 18
434 83
434 268
434 277
434 322
434 382
434 385
434 428
434 463
434 471
435 120
435 214
435 283
435 330
435 410
435 421
435 422
435 438
435 450
435 485
435 487
436 122
436 186
436 217
436 363
436 418
437 30
437 253
437 325
437 333
437 373
437 428
437 443
437 445
437 461
437 470
437 479
438 120
438 175
438 287
438 330
438 422
438 432
438 435
438 446
438 447
438 494
438 498
439 50
439 143
439 188
439 286
439 333
439 336
439 385
439 406
439 409
439 431
439 459
440 24
440 43
440 107
440 189
440 209
440 236
440 349
440 370
440 475
440 483
440 497
441 13
441 21
441 78
441 80
441 180
441 224
441 253
441 267
441 353
441 378
441 412
441 433
441 467
441 472
441 482
441 491
441 493
441 494
441 496
442 17
442 266
442 342
442 393
442 456
442 490
443 165
443 169
443 199
443 281
443 334
443 373
443 437
443 445
443 464
443 477
443 492
444 40
444 43
444 318
444 344
444 362
444 411
444 449
444 483
445 22
445 43
445 152
445 294
445 373
445 381
445 424
445 430
445 437
445 443
445 449
445 480
446 43
446 107
446 209
446 398
446 438
446 447
446 453
446 494
446 498
447 44
447 62
447 95
447 154
447 316
447 326
447 438
447 446
447 453
447 457
447 476
447 494
448 19
448 304
448 392
448 426
448 427
448 429
448 480
449 156
449 164
449 210
449 250
449 292
449 311
449 318
449 366
449 413
449 444
449 445
449 483
450 102
450 236
450 257
450 262
450 305
450 306
450 375
450 403
450 415
450 435
450 455
450 458
451 113
451 293
451 327
451 328
451 329
451 345
451 370
451 376
451 421
451 455
451 463
451 465
452 28
452 42
452 54
452 56
452 96
452 274
452 347
452 370
452 390
452 406
452 465
452 495
453 44
453 62
453 95
453 154
453 316
453 326
453 446
453 447
453 457
453 461
453 476
453 494
454 120
454 167
454 230
454 261
454 394
454 405
454 414
454 456
455 3
455 88
455 113
455 165
455 305
455 307
455 348
455 450
455 451
455 458
456 230
456 261
456 442
456 454
456 490
457 338
457 416
457 432
457 447
457 453
457 461
457 476
457 494
458 34
458 128
458 135
458 268
458 276
458 300
458 305
458 395
458 419
458 450
458 455
458 465
459 27
459 129
459 170
459 223
459 382
459 406
459 439
459 460
459 461
459 471
459 476
459 485
459 492
460 82
460 340
460 459
460 461
460 476
460 481
460 485
460 492
460 493
461 30
461 92
461 218
461 252
461 253
461 341
461 377
461 437
461 453
461 457
461 459
461 460
461 476
462 55
462 57
462 88
462 263
462 329
462 351
462 376
462 387
462 389
462 399
462 404
462 463
462 476
463 6
463 83
463 272
463 293
463 322
463 343
463 345
463 370
463 400
463 434
463 451
463 462
463 465
464 22
464 152
464 317
464 324
464 334
464 349
464 353
464 381
464 424
464 430
464 443
464 469
464 480
465 108
465 278
465 318
465 400
465 421
465 451
465 452
465 458
465 463
465 471
465 495
465 497
466 22
466 47
466 91
466 127
466 195
466 320
466 321
466 324
466 470
466 471
466 473
466 482
466 492
467 78
467 180
467 253
467 309
467 383
467 392
467 433
467 441
467 473
467 474
467 496
467 500
468 123
468 127
468 195
468 279
468 320
468 324
468 352
468 366
468 374
468 377
468 378
468 469
468 473
469 33
469 53
469 244
469 284
469 353
469 366
469 374
469 464
469 468
469 471
470 22
470 28
470 63
470 68
470 69
470 283
470 310
470 321
470 371
470 437
470 466
470 482
470 488
470 498
471 50
471 83
471 223
471 229
471 251
471 286
471 300
471 385
471 428
471 434
471 459
471 465
471 466
471 469
472 204
472 205
472 210
472 441
472 482
472 494
473 26
473 47
473 137
473 279
473 320
473 324
473 352
473 466
473 467
473 468
473 474
473 478
473 479
473 491
474 103
474 137
474 227
474 253
474 467
474 473
474 477
474 491
474 496
475 43
475 117
475 158
475 165
475 233
475 236
475 242
475 314
475 318
475 359
475 388
475 394
475 440
475 483
476 55
476 57
476 259
476 263
476 285
476 329
476 351
476 447
476 453
476 457
476 459
476 460
476 461
476 462
477 3
477 112
477 137
477 165
477 169
477 199
477 281
477 334
477 443
477 474
477 478
477 479
477 481
477 500
478 59
478 119
478 137
478 139
478 140
478 258
478 270
478 365
478 367
478 473
478 477
478 479
478 481
478 500
479 23
479 30
479 137
479 218
479 253
479 333
479 336
479 377
479 428
479 437
479 473
479 477
479 478
479 481
479 500
480 22
480 294
480 381
480 392
480 424
480 429
480 445
480 448
480 464
481 41
481 79
481 82
481 132
481 137
481 221
481 246
481 305
481 346
481 460
481 477
481 478
481 479
481 491
481 500
482 280
482 321
482 441
482 466
482 470
482 472
482 485
482 492
482 494
482 496
483 90
483 117
483 158
483 233
483 236
483 242
483 314
483 359
483 388
483 394
483 440
483 444
483 449
483 475
483 497
484 120
484 177
484 335
484 339
484 361
484 394
485 109
485 120
485 146
485 175
485 198
485 240
485 287
485 410
485 435
485 459
485 460
485 482
485 487
485 492
485 500
486 9
486 27
486 33
486 60
486 104
486 159
486 182
486 244
486 269
486 287
486 291
486 297
486 379
486 415
486 416
486 432
487 54
487 109
487 120
487 168
487 175
487 198
487 231
487 232
487 238
487 287
487 298
487 315
487 330
487 410
487 435
487 485
488 63
488 68
488 78
488 178
488 180
488 256
488 283
488 310
488 470
488 493
488 498
489 133
489 136
489 162
489 427
489 430
490 136
490 162
490 425
490 442
490 456
491 71
491 78
491 80
491 110
491 180
491 184
491 243
491 253
491 309
491 383
491 433
491 441
491 473
491 474
491 481
491 496
491 497
492 158
492 165
492 281
492 321
492 376
492 443
492 459
492 460
492 466
492 482
492 485
493 41
493 75
493 78
493 132
493 145
493 180
493 221
493 246
493 305
493 346
493 399
493 433
493 441
493 460
493 488
494 13
494 187
494 224
494 267
494 353
494 378
494 391
494 412
494 438
494 441
494 446
494 447
494 453
494 457
494 472
494 482
494 496
494 498
495 8
495 210
495 213
495 234
495 297
495 321
495 370
495 406
495 423
495 452
495 465
496 13
496 21
496 78
496 180
496 187
496 224
496 248
496 253
496 267
496 353
496 378
496 412
496 433
496 441
496 467
496 474
496 482
496 491
496 494
497 7
497 10
497 37
497 236
497 309
497 336
497 440
497 465
497 483
497 491
497 500
498 28
498 58
498 63
498 178
498 256
498 277
498 283
498 310
498 368
498 371
498 377
498 415
498 420
498 432
498 433
498 438
498 446
498 470
498 488
498 494
499 157
499 364
499 372
499 408
499 410
499 411
499 413
499 422
500 9
500 71
500 78
500 80
500 110
500 137
500 180
500 184
500 243
500 286
500 309
500 383
500 392
500 467
500 477
500 478
500 479
500 481
500 485
500 497
