1 25
2 11
3 28
4 48
5 19
6 48
7 5
8 16
9 9
10 39
11 44
12 48
13 36
14 39
15 23
16 13
17 44
18 5
19 43
20 34
21 38
22 4
23 17
24 39
25 28
26 15
27 12
28 37
29 48
30 36
31 44
32 38
33 14
34 30
35 13
36 35
37 29
38 48
39 35
40 45
41 47
42 41
43 26
44 30
45 38
46 7
47 22
48 3
49 3
50 33
51 1
52 23
53 7
54 44
55 27
56 10
57 2
58 19
59 4
60 46
61 48
62 47
63 27
64 21
65 16
66 34
67 35
68 28
69 27
70 26
71 39
72 19
73 13
74 6
75 18
76 39
77 42
78 27
79 15
80 46
81 7
82 12
83 34
84 24
85 1
86 3
87 23
88 30
89 42
90 8
91 39
92 30
93 36
94 37
95 1
96 38
97 32
98 22
99 28
100 28
101 26
102 11
103 26
104 28
105 11
106 39
107 3
108 26
109 11
110 14
111 30
112 42
113 48
114 33
115 33
116 6
117 38
118 27
119 41
120 33
121 35
122 32
123 28
124 2
125 19
126 42
127 32
128 7
129 8
130 40
131 38
132 28
133 24
134 29
135 11
136 6
137 4
138 45
139 39
140 35
141 37
142 20
143 11
144 17
145 19
146 16
147 30
148 48
149 22
150 42
151 24
152 48
153 26
154 3
155 19
156 17
157 45
158 44
159 48
160 9
161 28
162 7
163 5
164 46
165 1
166 26
167 35
168 2
169 30
170 19
171 14
172 24
173 31
174 17
175 11
176 35
177 28
178 13
179 28
180 35
181 7
182 47
183 44
184 10
185 15
186 23
187 5
188 37
189 23
190 42
191 32
192 11
193 37
194 38
195 22
196 2
197 11
198 24
199 35
200 40
201 1
202 39
203 38
204 23
205 32
206 1
207 24
208 10
209 39
210 22
211 19
212 27
213 17
214 42
215 43
216 34
217 17
218 13
219 11
220 23
221 40
222 3
223 44
224 26
225 41
226 32
227 5
228 28
229 25
230 21
231 2
232 45
233 7
234 17
235 48
236 32
237 44
238 2
239 15
240 42
241 36
242 28
243 44
244 23
245 11
246 22
247 8
248 37
249 40
250 28
251 12
252 44
253 23
254 4
255 36
256 44
257 30
258 44
259 48
260 48
261 2
262 8
263 41
264 11
265 11
266 26
267 18
268 32
269 5
270 21
271 34
272 23
273 48
274 6
275 32
276 12
277 22
278 9
279 5
280 27
281 20
282 46
283 37
284 15
285 48
286 25
287 35
288 31
289 6
290 48
291 37
292 38
293 21
294 39
295 19
296 4
297 23
298 39
299 37
300 3
301 26
302 32
303 36
304 36
305 10
306 7
307 33
308 35
309 33
310 5
311 29
312 23
313 26
314 25
315 39
316 3
317 29
318 14
319 28
320 14
321 34
322 31
323 6
324 28
325 46
326 4
327 23
328 32
329 42
330 2
331 10
332 33
333 27
334 34
335 19
336 42
337 30
338 11
339 21
340 17
341 22
342 1
343 11
344 9
345 43
346 39
347 39
348 9
349 12
350 13
351 40
352 9
353 37
354 10
355 14
356 39
357 38
358 44
359 28
360 46
361 20
362 35
363 9
364 26
365 41
366 26
367 3
368 14
369 23
370 48
371 43
372 37
373 11
374 32
375 47
376 45
377 13
378 33
379 23
380 18
381 44
382 9
383 22
384 39
385 42
386 17
387 14
388 13
389 35
390 40
391 5
392 2
393 25
394 47
395 12
396 30
397 6
398 37
399 16
400 9
401 46
402 26
403 44
404 29
405 39
406 13
407 38
408 31
409 2
410 23
411 19
412 19
413 27
414 28
415 9
416 28
417 32
418 48
419 39
420 26
421 46
422 33
423 28
424 20
425 34
426 44
427 32
428 27
429 13
430 30
431 8
432 41
433 44
434 18
435 28
436 33
437 26
438 32
439 44
440 33
441 33
442 25
443 4
444 28
445 31
446 36
447 25
448 7
449 47
450 1
451 27
452 10
453 16
454 2
455 46
456 13
457 38
458 2
459 20
460 2
461 10
462 26
463 23
464 43
465 37
466 2
467 18
468 19
469 12
470 40
471 8
472 41
473 18
474 38
475 41
476 35
477 25
478 47
479 3
480 11
481 6
482 39
483 39
484 11
485 45
486 37
487 2
488 39
489 32
490 25
491 45
492 25
493 44
494 23
495 2
496 44
497 40
498 36
499 10
500 44
