1 16
2 34
3 42
4 12
5 36
6 8
7 34
8 11
9 47
10 42
11 15
12 17
13 2
14 28
15 13
16 44
17 46
18 20
19 6
20 39
21 4
22 27
23 38
24 27
25 10
26 46
27 16
28 42
29 1
30 46
31 45
32 1
33 20
34 25
35 41
36 25
37 47
38 17
39 47
40 20
41 24
42 26
43 13
44 25
45 4
46 47
47 18
48 16
49 34
50 1
51 38
52 9
53 12
54 44
55 14
56 41
57 42
58 30
59 40
60 19
61 43
62 11
63 33
64 21
65 8
66 38
67 34
68 4
69 6
70 27
71 24
72 1
73 22
74 27
75 22
76 15
77 24
78 31
79 44
80 4
81 21
82 7
83 38
84 43
85 29
86 34
87 24
88 47
89 21
90 5
91 3
92 1
93 37
94 4
95 42
96 46
97 42
98 39
99 30
100 32
101 32
102 12
103 41
104 36
105 5
106 31
107 39
108 36
109 30
110 41
111 43
112 38
113 46
114 30
115 25
116 9
117 21
118 41
119 37
120 12
121 18
122 16
123 32
124 23
125 40
126 42
127 7
128 36
129 11
130 31
131 18
132 41
133 43
134 31
135 5
136 37
137 4
138 5
139 40
140 42
141 2
142 28
143 7
144 39
145 28
146 43
147 9
148 16
149 2
150 27
151 31
152 42
153 17
154 26
155 14
156 16
157 9
158 28
159 23
160 35
161 3
162 12
163 25
164 2
165 17
166 25
167 33
168 36
169 30
170 19
171 33
172 28
173 1
174 33
175 25
176 45
177 27
178 19
179 42
180 39
181 28
182 28
183 3
184 4
185 23
186 3
187 34
188 6
189 3
190 10
191 32
192 44
193 32
194 9
195 11
196 34
197 7
198 44
199 15
200 33
201 1
202 17
203 36
204 18
205 35
206 25
207 10
208 17
209 19
210 27
211 13
212 17
213 2
214 21
215 24
216 21
217 5
218 13
219 36
220 30
221 10
222 42
223 35
224 29
225 37
226 22
227 14
228 6
229 40
230 33
231 13
232 34
233 23
234 41
235 34
236 24
237 14
238 26
239 45
240 18
241 11
242 9
243 37
244 3
245 30
246 19
247 45
248 24
249 40
250 22
251 42
252 3
253 26
254 33
255 25
256 21
257 6
258 4
259 33
260 8
261 28
262 21
263 8
264 11
265 28
266 23
267 17
268 1
269 20
270 28
271 36
272 16
273 21
274 3
275 40
276 18
277 7
278 33
279 4
280 30
281 7
282 29
283 23
284 3
285 33
286 4
287 16
288 20
289 35
290 6
291 25
292 8
293 40
294 10
295 21
296 8
297 14
298 35
299 24
300 1
301 7
302 13
303 14
304 18
305 13
306 19
307 25
308 16
309 14
310 42
311 3
312 4
313 33
314 19
315 19
316 22
317 18
318 18
319 1
320 23
321 8
322 45
323 15
324 26
325 1
326 15
327 3
328 33
329 41
330 1
331 3
332 1
333 40
334 30
335 26
336 10
337 45
338 42
339 28
340 2
341 6
342 6
343 21
344 20
345 29
346 20
347 28
348 4
349 16
350 15
351 3
352 6
353 8
354 41
355 45
356 6
357 21
358 16
359 34
360 19
361 1
362 30
363 3
364 25
365 6
366 26
367 41
368 3
369 27
370 15
371 27
372 40
373 3
374 28
375 33
376 6
377 41
378 29
379 17
380 13
381 35
382 29
383 23
384 41
385 2
386 4
387 13
388 6
389 24
390 22
391 24
392 35
393 1
394 26
395 8
396 34
397 41
398 19
399 25
400 3
401 15
402 34
403 24
404 29
405 18
406 29
407 34
408 28
409 21
410 30
411 28
412 22
413 27
414 28
415 36
416 36
417 24
418 42
419 8
420 16
421 16
422 20
423 19
424 21
425 36
426 36
427 22
428 29
429 35
430 16
431 13
432 28
433 22
434 40
435 3
436 19
437 35
438 20
439 15
440 27
441 22
442 36
443 28
444 28
445 30
446 42
447 41
448 18
449 35
450 24
451 1
452 22
453 42
454 27
455 36
456 22
457 18
458 41
459 3
460 13
461 40
462 28
463 21
464 19
465 6
466 19
467 27
468 28
469 13
470 22
471 34
472 36
473 36
474 33
475 34
476 4
477 21
478 42
479 36
480 34
481 24
482 19
483 42
484 3
485 42
486 16
487 21
488 3
489 19
490 28
491 21
492 21
493 21
494 19
495 21
496 1
497 34
498 21
499 21
500 1
