1 162
1 194
1 319
1 439
1 440
2 74
2 80
2 226
2 410
2 421
3 94
3 361
3 425
3 459
3 460
4 443
4 466
4 494
4 498
4 499
5 123
5 178
5 393
5 425
5 460
6 22
6 23
6 201
6 357
6 461
7 172
7 299
7 338
7 381
7 385
8 116
8 142
8 307
8 323
8 353
9 244
9 275
9 311
9 327
9 352
10 144
10 229
10 238
10 379
10 459
11 58
11 205
11 345
11 444
11 460
12 144
12 158
12 229
12 379
12 414
13 309
13 375
13 389
13 392
13 395
14 250
14 288
14 424
14 480
14 485
15 214
15 312
15 398
15 402
15 484
16 219
16 224
16 307
16 353
16 377
17 33
17 87
17 217
17 397
17 413
18 47
18 65
18 487
18 490
18 493
19 198
19 412
19 468
19 470
19 478
20 319
20 329
20 405
20 439
20 440
21 41
21 79
21 138
21 152
21 199
22 6
22 61
22 201
22 404
22 461
23 6
23 201
23 270
23 287
23 404
24 109
24 153
24 204
24 308
24 356
25 41
25 138
25 152
25 157
25 199
26 82
26 90
26 218
26 236
26 355
27 29
27 134
27 165
27 251
27 370
28 60
28 159
28 183
28 388
28 429
29 27
29 165
29 237
29 251
29 370
30 191
30 232
30 277
30 297
30 303
31 316
31 412
31 470
31 478
31 481
32 367
32 492
32 494
32 498
32 499
33 17
33 106
33 192
33 213
33 413
34 136
34 158
34 238
34 266
34 414
35 365
35 366
35 463
35 477
35 488
36 45
36 291
36 293
36 344
36 400
37 60
37 183
37 335
37 349
37 388
38 309
38 375
38 389
38 392
38 395
39 274
39 386
39 418
39 427
39 441
40 244
40 275
40 311
40 327
40 352
41 21
41 25
41 79
41 138
41 199
42 212
42 416
42 447
42 465
42 490
43 63
43 134
43 237
43 251
43 370
44 76
44 155
44 317
44 334
44 399
45 36
45 438
45 467
45 491
45 497
46 302
46 324
46 368
46 473
46 476
47 18
47 465
47 487
47 490
47 493
48 137
48 180
48 294
48 494
48 498
49 170
49 177
49 265
49 348
49 378
50 90
50 230
50 355
50 373
50 406
51 180
51 186
51 443
51 498
51 499
52 175
52 205
52 315
52 321
52 444
53 72
53 106
53 213
53 217
53 397
54 140
54 330
54 332
54 483
54 484
55 416
55 447
55 487
55 490
55 493
56 82
56 236
56 355
56 373
56 406
57 458
57 466
57 498
57 499
58 11
58 59
58 245
58 382
58 444
59 58
59 211
59 321
59 382
59 444
60 28
60 37
60 335
60 349
60 429
61 22
61 73
61 125
61 270
61 461
62 169
62 419
62 474
62 475
62 486
63 43
63 134
63 237
63 251
63 370
64 362
64 448
64 455
64 486
64 500
65 18
65 416
65 447
65 487
65 493
66 387
66 447
66 457
66 490
66 493
67 147
67 156
67 223
67 268
67 322
68 75
68 139
68 349
68 388
68 429
69 203
69 343
69 350
69 376
69 425
70 227
70 479
70 491
70 496
70 497
71 171
71 465
71 487
71 490
71 493
72 53
72 87
72 255
72 397
72 413
73 61
73 91
73 282
73 357
73 461
74 2
74 313
74 360
74 374
74 410
75 68
75 139
75 335
75 388
75 429
76 44
76 104
76 317
76 358
76 399
77 172
77 254
77 299
77 381
77 385
78 155
78 239
78 267
78 334
78 380
79 21
79 41
79 105
79 152
79 283
80 2
80 360
80 374
80 410
80 421
81 424
81 431
81 454
81 476
81 485
82 26
82 56
82 230
82 236
82 406
83 86
83 90
83 149
83 262
83 296
84 319
84 329
84 405
84 439
85 304
85 452
85 464
85 482
85 495
86 83
86 234
86 247
86 296
86 328
87 17
87 72
87 217
87 255
87 397
88 333
88 453
88 464
88 482
88 489
89 228
89 275
89 311
89 327
89 352
90 26
90 50
90 83
90 218
90 406
91 73
91 269
91 357
91 404
91 461
92 95
92 105
92 305
92 371
92 483
93 179
93 200
93 220
93 292
93 339
94 3
94 103
94 343
94 425
94 446
95 92
95 214
95 398
95 483
95 484
96 130
96 387
96 457
96 465
96 493
97 116
97 219
97 307
97 353
97 377
98 179
98 200
98 220
98 292
98 339
99 185
99 190
99 258
99 276
99 346
100 120
100 412
100 437
100 471
100 481
101 424
101 454
101 469
101 473
101 480
102 298
102 416
102 457
102 465
102 490
103 94
103 242
103 243
103 354
103 396
104 76
104 155
104 317
104 334
104 399
105 79
105 92
105 283
105 483
105 484
106 33
106 53
106 192
106 213
106 413
107 109
107 372
107 430
107 463
107 488
108 273
108 375
108 389
108 392
108 395
109 24
109 107
109 128
109 216
109 301
110 394
110 423
110 479
110 496
110 497
111 426
111 452
111 472
111 489
111 495
112 177
112 348
112 369
112 378
112 401
113 144
113 229
113 238
113 379
113 414
114 129
114 288
114 302
114 431
114 485
115 420
115 432
115 479
115 491
115 497
116 8
116 97
116 219
116 323
116 353
117 281
117 362
117 456
117 486
117 500
118 232
118 277
118 289
118 297
118 303
119 318
119 409
119 467
119 496
119 497
120 100
120 412
120 470
120 478
120 481
121 122
121 313
121 360
121 410
121 421
122 121
122 200
122 220
122 292
122 339
123 5
123 350
123 446
123 459
123 460
124 203
124 351
124 361
124 446
124 459
125 61
125 270
125 282
125 404
125 461
126 242
126 337
126 354
126 396
126 408
127 242
127 279
127 337
127 354
127 408
128 109
128 233
128 272
128 308
128 356
129 114
129 424
129 473
129 480
129 485
130 96
130 457
130 465
130 490
130 493
131 253
131 318
131 446
131 491
131 496
132 443
132 492
132 494
132 498
132 499
133 389
133 392
133 395
133 456
134 27
134 43
134 63
134 237
134 370
135 225
135 372
135 449
135 477
135 488
136 34
136 229
136 238
136 379
136 414
137 48
137 186
137 492
137 494
137 499
138 21
138 25
138 41
138 157
138 199
139 68
139 75
139 159
139 349
139 429
140 54
140 326
140 359
140 398
140 484
141 154
141 207
141 226
141 410
141 421
142 8
142 224
142 323
142 353
142 377
143 218
143 230
143 355
143 373
143 406
144 10
144 12
144 113
144 379
144 414
145 419
145 422
145 445
145 474
145 500
146 188
146 391
146 433
146 434
146 436
147 67
147 160
147 173
147 268
147 322
148 194
148 241
148 405
148 439
148 440
149 83
149 234
149 262
149 296
149 328
150 290
150 468
150 471
150 478
150 481
151 271
151 291
151 300
151 310
151 400
152 21
152 25
152 79
152 157
152 199
153 24
153 233
153 301
153 308
153 356
154 141
154 170
154 265
154 348
154 401
155 44
155 78
155 104
155 182
155 399
156 67
156 160
156 173
156 196
156 223
157 25
157 138
157 152
157 172
157 199
158 12
158 34
158 266
158 379
158 414
159 28
159 139
159 349
159 388
159 429
160 147
160 156
160 196
160 268
160 322
161 170
161 177
161 369
161 378
161 401
162 1
162 363
162 405
162 439
162 440
163 458
163 492
163 494
163 498
163 499
164 340
164 341
164 390
164 433
164 434
165 27
165 29
165 237
165 251
165 370
166 314
166 430
166 442
166 449
166 488
167 228
167 244
167 311
167 327
167 352
168 306
168 342
168 468
168 471
168 478
168 481
169 62
169 445
169 448
169 474
169 486
169 500
170 49
170 154
170 161
170 348
170 378
170 401
171 71
171 284
171 298
171 487
171 490
171 493
172 7
172 77
172 157
172 184
172 338
172 385
173 147
173 156
173 196
173 223
173 268
173 322
174 206
174 302
174 431
174 473
174 476
174 485
175 52
175 315
175 321
175 345
175 382
175 444
176 271
176 300
176 310
176 325
176 344
176 400
177 49
177 112
177 161
177 265
177 369
177 401
178 5
178 343
178 351
178 393
178 459
178 460
179 93
179 98
179 200
179 220
179 292
179 339
180 48
180 51
180 458
180 492
180 498
180 499
181 202
181 451
181 462
181 464
181 472
181 495
182 155
182 239
182 267
182 358
182 380
182 399
183 28
183 37
183 193
183 335
183 388
183 429
184 172
184 221
184 254
184 295
184 338
184 385
185 99
185 190
185 248
185 256
185 276
185 346
186 51
186 137
186 411
186 435
186 492
186 494
187 209
187 231
187 364
187 418
187 427
187 441
188 146
188 285
188 286
188 340
188 434
188 436
189 350
189 361
189 376
189 446
189 459
189 460
190 99
190 185
190 256
190 258
190 264
190 346
191 30
191 232
191 277
191 289
191 297
191 303
192 33
192 106
192 217
192 255
192 397
192 413
193 183
193 442
193 449
193 463
193 477
193 488
194 1
194 148
194 363
194 405
194 439
194 440
195 269
195 282
195 287
195 357
195 404
195 461
196 156
196 160
196 173
196 223
196 268
196 322
197 394
197 420
197 438
197 491
197 496
197 497
198 19
198 261
198 437
198 468
198 478
198 481
199 21
199 25
199 41
199 138
199 152
199 157
200 93
200 98
200 122
200 179
200 292
200 339
201 6
201 22
201 23
201 269
201 357
201 461
202 181
202 403
202 407
202 426
202 451
202 472
203 69
203 124
203 247
203 425
203 459
203 460
204 24
204 233
204 272
204 301
204 308
204 356
205 11
205 52
205 315
205 321
205 345
205 444
206 174
206 450
206 469
206 473
206 480
206 485
207 141
207 226
207 360
207 374
207 410
207 421
208 209
208 281
208 283
208 419
208 455
208 500
209 187
209 208
209 252
209 386
209 427
209 441
210 227
210 409
210 479
210 491
210 496
210 497
211 59
211 216
211 245
211 345
211 382
211 444
212 42
212 416
212 457
212 487
212 490
212 493
213 33
213 53
213 106
213 255
213 397
213 413
214 15
214 95
214 326
214 402
214 483
214 484
215 458
215 466
215 492
215 494
215 498
215 499
216 109
216 211
216 233
216 301
216 308
216 356
217 17
217 53
217 87
217 192
217 397
217 413
218 26
218 90
218 143
218 312
218 373
218 406
219 16
219 97
219 116
219 224
219 353
219 377
220 93
220 98
220 122
220 179
220 292
220 339
221 184
221 295
221 299
221 338
221 381
221 385
222 242
222 279
222 337
222 354
222 396
222 408
223 67
223 156
223 173
223 196
223 313
223 322
224 16
224 142
224 219
224 307
224 323
224 377
225 135
225 372
225 430
225 449
225 463
225 477
226 2
226 141
226 207
226 313
226 360
226 421
227 70
227 210
227 420
227 423
227 491
227 497
228 89
228 167
228 244
228 275
228 311
228 352
229 10
229 12
229 113
229 136
229 266
229 414
230 50
230 82
230 143
230 355
230 373
230 406
231 187
231 364
231 384
231 386
231 418
231 441
232 30
232 118
232 191
232 289
232 297
232 303
233 128
233 153
233 204
233 216
233 272
233 356
234 86
234 149
234 247
234 261
234 296
234 328
235 366
235 372
235 449
235 463
235 477
235 488
236 26
236 56
236 82
236 355
236 373
236 406
237 29
237 43
237 63
237 134
237 165
237 370
238 10
238 34
238 113
238 136
238 266
238 414
239 78
239 182
239 317
239 358
239 380
239 399
240 302
240 424
240 469
240 473
240 480
240 485
241 148
241 319
241 329
241 363
241 405
241 440
242 103
242 126
242 127
242 222
242 396
242 408
243 103
243 259
243 279
243 354
243 396
243 408
244 9
244 40
244 167
244 228
244 311
244 352
245 58
245 211
245 315
245 345
245 382
245 444
246 367
246 435
246 466
246 492
246 498
246 499
247 86
247 203
247 234
247 261
247 262
247 328
248 185
248 256
248 258
248 264
248 276
248 346
249 362
249 422
249 456
249 474
249 486
249 500
250 14
250 302
250 368
250 450
250 469
250 485
251 27
251 29
251 43
251 63
251 165
251 370
252 209
252 364
252 386
252 418
252 427
252 441
253 131
253 432
253 467
253 479
253 496
253 497
254 77
254 184
254 295
254 338
254 381
254 385
255 72
255 87
255 192
255 213
255 397
255 413
256 185
256 190
256 248
256 264
256 276
256 346
257 362
257 445
257 448
257 475
257 486
257 500
258 99
258 190
258 248
258 264
258 346
259 243
259 279
259 337
259 354
259 396
259 408
260 419
260 422
260 445
260 455
260 474
260 500
261 198
261 234
261 247
261 262
261 296
261 328
262 83
262 149
262 247
262 261
262 296
262 328
263 366
263 430
263 442
263 463
263 477
263 488
264 190
264 248
264 256
264 258
264 276
264 346
265 49
265 154
265 177
265 348
265 369
265 378
266 34
266 158
266 229
266 238
266 379
266 414
267 78
267 182
267 317
267 334
267 358
267 380
268 67
268 147
268 160
268 173
268 196
268 322
269 91
269 195
269 201
269 287
269 357
269 461
270 23
270 61
270 125
270 282
270 287
270 404
271 151
271 176
271 293
271 300
271 325
271 400
272 128
272 204
272 233
272 301
272 308
272 356
273 108
273 309
273 375
273 389
273 392
273 395
274 39
274 331
274 384
274 386
274 418
274 427
275 9
275 40
275 89
275 228
275 327
275 352
276 99
276 185
276 248
276 256
276 264
276 346
277 30
277 118
277 191
277 289
277 297
277 303
278 432
278 438
278 479
278 489
278 491
278 497
279 127
279 222
279 243
279 259
279 337
279 408
280 331
280 364
280 384
280 418
280 427
280 441
281 117
281 208
281 448
281 456
281 474
281 486
281 500
282 73
282 125
282 195
282 270
282 287
282 404
282 461
283 79
283 105
283 208
283 347
283 456
283 486
283 500
284 171
284 387
284 447
284 457
284 465
284 487
284 488
285 188
285 340
285 383
285 391
285 433
285 434
285 436
286 188
286 341
286 390
286 391
286 433
286 434
286 436
287 23
287 195
287 269
287 270
287 282
287 404
287 461
288 14
288 114
288 368
288 424
288 473
288 480
288 485
289 118
289 191
289 232
289 277
289 297
289 298
289 303
290 150
290 316
290 412
290 468
290 470
290 471
290 478
291 36
291 151
291 293
291 300
291 310
291 325
291 344
292 93
292 98
292 122
292 179
292 200
292 220
292 339
293 36
293 271
293 291
293 300
293 325
293 344
293 400
294 48
294 411
294 466
294 492
294 494
294 498
294 499
295 184
295 221
295 254
295 299
295 338
295 381
295 385
296 83
296 86
296 149
296 234
296 261
296 262
296 328
297 30
297 118
297 191
297 232
297 277
297 289
297 303
298 102
298 171
298 289
298 387
298 487
298 490
298 493
299 7
299 77
299 221
299 295
299 338
299 381
299 385
300 151
300 176
300 271
300 291
300 293
300 344
300 400
301 109
301 153
301 204
301 216
301 272
301 308
301 356
302 46
302 114
302 174
302 240
302 250
302 454
302 476
303 30
303 118
303 191
303 232
303 277
303 289
303 297
304 85
304 407
304 415
304 451
304 464
304 472
304 495
305 92
305 312
305 326
305 330
305 402
305 483
305 484
306 168
306 316
306 437
306 468
306 470
306 471
306 481
307 8
307 16
307 97
307 224
307 323
307 377
307 428
308 24
308 128
308 153
308 204
308 216
308 272
308 301
309 13
309 38
309 273
309 375
309 389
309 392
309 395
310 151
310 176
310 291
310 325
310 336
310 344
310 400
311 9
311 40
311 89
311 167
311 228
311 244
311 327
312 15
312 218
312 305
312 332
312 371
312 483
312 484
313 74
313 121
313 223
313 226
313 374
313 410
313 421
314 166
314 365
314 442
314 449
314 463
314 477
314 488
315 52
315 175
315 205
315 245
315 321
315 345
315 444
316 31
316 290
316 306
316 470
316 471
316 478
316 481
317 44
317 76
317 104
317 239
317 267
317 358
317 380
318 119
318 131
318 432
318 467
318 479
318 491
318 496
319 1
319 20
319 84
319 241
319 363
319 439
319 440
320 428
320 451
320 453
320 462
320 482
320 489
320 495
321 52
321 59
321 175
321 205
321 315
321 382
321 444
322 67
322 147
322 160
322 173
322 196
322 223
322 268
323 8
323 116
323 142
323 224
323 307
323 353
323 377
324 46
324 450
324 469
324 473
324 476
324 480
324 485
325 176
325 271
325 291
325 293
325 310
325 344
325 400
326 140
326 214
326 305
326 359
326 398
326 402
326 483
327 9
327 40
327 89
327 167
327 275
327 311
327 352
328 86
328 149
328 234
328 247
328 261
328 262
328 296
329 20
329 84
329 241
329 363
329 405
329 439
329 440
330 54
330 305
330 332
330 359
330 398
330 483
330 484
331 274
331 280
331 384
331 386
331 418
331 427
331 441
332 54
332 312
332 330
332 359
332 371
332 483
332 484
333 88
333 407
333 415
333 428
333 451
333 462
333 495
334 44
334 78
334 104
334 267
334 358
334 380
334 399
335 37
335 60
335 75
335 183
335 349
335 388
335 429
336 310
336 368
336 431
336 450
336 454
336 480
336 485
337 126
337 127
337 222
337 259
337 279
337 396
337 408
338 7
338 172
338 184
338 221
338 254
338 295
338 299
339 93
339 98
339 122
339 179
339 200
339 220
339 292
340 164
340 188
340 285
340 390
340 433
340 434
340 436
341 164
341 286
341 383
341 390
341 391
341 433
341 436
342 168
342 437
342 468
342 470
342 471
342 478
342 481
343 69
343 94
343 178
343 351
343 425
343 459
343 460
344 36
344 176
344 291
344 293
344 300
344 310
344 325
344 400
345 11
345 175
345 205
345 211
345 245
345 315
345 382
345 444
346 99
346 185
346 190
346 248
346 256
346 258
346 264
346 276
347 283
347 415
347 455
347 456
347 474
347 475
347 486
347 500
348 49
348 112
348 154
348 170
348 265
348 369
348 378
348 401
349 37
349 60
349 68
349 139
349 159
349 335
349 388
349 429
350 69
350 123
350 189
350 351
350 361
350 376
350 393
350 446
351 124
351 178
351 343
351 350
351 361
351 425
351 446
351 460
352 9
352 40
352 89
352 167
352 228
352 244
352 275
352 327
353 8
353 16
353 97
353 116
353 142
353 219
353 323
353 377
354 103
354 126
354 127
354 222
354 243
354 259
354 396
354 408
355 26
355 50
355 56
355 143
355 230
355 236
355 373
355 406
356 24
356 128
356 153
356 204
356 216
356 233
356 272
356 301
357 6
357 73
357 91
357 195
357 201
357 269
357 404
357 461
358 76
358 182
358 239
358 267
358 317
358 334
358 369
358 399
359 140
359 326
359 330
359 332
359 371
359 402
359 483
359 484
360 74
360 80
360 121
360 207
360 226
360 374
360 410
360 421
361 3
361 124
361 189
361 350
361 351
361 393
361 459
361 460
362 64
362 117
362 249
362 257
362 474
362 475
362 486
362 500
363 162
363 194
363 241
363 319
363 329
363 405
363 439
363 440
364 187
364 231
364 252
364 280
364 384
364 418
364 427
364 441
365 35
365 314
365 366
365 430
365 442
365 463
365 477
365 488
366 35
366 235
366 263
366 365
366 372
366 442
366 477
366 488
367 32
367 246
367 411
367 435
367 443
367 492
367 494
367 499
368 46
368 250
368 288
368 336
368 431
368 450
368 469
368 473
369 112
369 161
369 177
369 265
369 348
369 358
369 378
369 401
370 27
370 29
370 43
370 63
370 134
370 165
370 237
370 251
371 92
371 312
371 332
371 359
371 398
371 402
371 483
371 484
372 107
372 135
372 225
372 235
372 366
372 430
372 449
372 488
373 50
373 56
373 143
373 218
373 230
373 236
373 355
373 406
374 74
374 80
374 207
374 313
374 360
374 376
374 410
374 421
375 13
375 38
375 108
375 273
375 309
375 389
375 392
375 395
376 69
376 189
376 350
376 374
376 393
376 425
376 446
376 459
377 16
377 97
377 142
377 219
377 224
377 307
377 323
377 353
378 49
378 112
378 161
378 170
378 265
378 348
378 369
378 401
379 10
379 12
379 113
379 136
379 144
379 158
379 266
379 414
380 78
380 182
380 239
380 267
380 317
380 334
380 381
380 399
381 7
381 77
381 221
381 254
381 295
381 299
381 380
381 385
382 58
382 59
382 175
382 211
382 245
382 321
382 345
382 383
383 285
383 341
383 382
383 390
383 391
383 433
383 434
383 436
384 231
384 274
384 280
384 331
384 364
384 386
384 427
384 441
385 7
385 77
385 172
385 184
385 221
385 254
385 295
385 299
385 381
386 39
386 209
386 231
386 252
386 274
386 331
386 384
386 418
386 427
387 66
387 96
387 284
387 298
387 447
387 457
387 465
387 487
387 493
388 28
388 37
388 68
388 75
388 159
388 183
388 335
388 349
388 429
389 13
389 38
389 108
389 133
389 273
389 309
389 375
389 392
389 395
390 164
390 286
390 340
390 341
390 383
390 391
390 433
390 434
390 436
391 146
391 285
391 286
391 341
391 383
391 390
391 433
391 434
391 436
392 13
392 38
392 108
392 133
392 273
392 309
392 375
392 389
392 395
393 5
393 178
393 350
393 361
393 376
393 425
393 446
393 459
393 460
394 110
394 197
394 423
394 438
394 467
394 479
394 491
394 496
394 497
395 13
395 38
395 108
395 133
395 273
395 309
395 375
395 389
395 392
396 103
396 126
396 222
396 242
396 243
396 259
396 337
396 354
396 408
397 17
397 53
397 72
397 87
397 192
397 213
397 217
397 255
397 413
398 15
398 95
398 140
398 326
398 330
398 371
398 402
398 483
398 484
399 44
399 76
399 104
399 155
399 182
399 239
399 334
399 358
399 380
400 36
400 151
400 176
400 271
400 293
400 300
400 310
400 325
400 344
401 112
401 154
401 161
401 170
401 177
401 348
401 369
401 378
401 404
402 15
402 214
402 305
402 326
402 359
402 371
402 398
402 483
402 484
403 202
403 407
403 415
403 417
403 428
403 452
403 472
403 482
403 489
403 495
404 22
404 23
404 91
404 125
404 195
404 270
404 282
404 287
404 357
404 401
405 20
405 84
405 148
405 162
405 194
405 241
405 329
405 363
405 439
405 440
406 50
406 56
406 82
406 90
406 143
406 218
406 230
406 236
406 355
406 373
407 202
407 304
407 333
407 403
407 417
407 452
407 453
407 462
407 482
407 495
408 126
408 127
408 222
408 242
408 243
408 259
408 279
408 337
408 354
408 396
409 119
409 210
409 413
409 420
409 438
409 467
409 479
409 491
409 496
409 497
410 2
410 74
410 80
410 121
410 141
410 207
410 313
410 360
410 374
410 421
411 186
411 294
411 367
411 435
411 458
411 466
411 492
411 494
411 498
411 499
412 19
412 31
412 100
412 120
412 290
412 437
412 468
412 470
412 471
412 481
413 17
413 33
413 72
413 106
413 192
413 213
413 217
413 255
413 397
413 409
414 12
414 34
414 113
414 136
414 144
414 158
414 229
414 238
414 266
414 379
415 304
415 333
415 347
415 403
415 452
415 453
415 464
415 472
415 482
415 489
416 42
416 55
416 65
416 102
416 212
416 447
416 465
416 487
416 490
416 493
417 403
417 407
417 426
417 451
417 452
417 462
417 472
417 482
417 489
417 495
418 39
418 187
418 231
418 252
418 274
418 280
418 331
418 364
418 386
418 441
419 62
419 145
419 208
419 260
419 448
419 456
419 474
419 475
419 486
419 500
420 115
420 197
420 227
420 409
420 432
420 438
420 467
420 479
420 496
420 497
421 2
421 80
421 121
421 141
421 207
421 226
421 313
421 360
421 374
421 410
422 145
422 249
422 260
422 445
422 448
422 455
422 474
422 475
422 486
422 500
423 110
423 227
423 394
423 432
423 438
423 467
423 479
423 491
423 496
423 497
424 14
424 81
424 101
424 129
424 240
424 288
424 431
424 454
424 469
424 476
424 480
425 3
425 5
425 69
425 94
425 203
425 343
425 351
425 376
425 393
425 446
425 459
426 111
426 202
426 417
426 428
426 451
426 453
426 462
426 472
426 482
426 489
426 495
427 39
427 187
427 209
427 252
427 274
427 280
427 331
427 364
427 384
427 386
427 441
428 307
428 320
428 333
428 403
428 426
428 453
428 462
428 464
428 482
428 489
428 495
429 28
429 60
429 68
429 75
429 139
429 159
429 183
429 335
429 349
429 388
429 437
430 107
430 166
430 225
430 263
430 365
430 372
430 442
430 449
430 463
430 477
430 488
431 81
431 114
431 174
431 336
431 368
431 424
431 454
431 469
431 473
431 476
431 485
432 115
432 253
432 278
432 318
432 420
432 423
432 467
432 479
432 491
432 496
432 497
433 146
433 164
433 285
433 286
433 340
433 341
433 383
433 390
433 391
433 434
433 436
434 146
434 164
434 188
434 285
434 286
434 340
434 383
434 390
434 391
434 433
434 436
435 186
435 246
435 367
435 411
435 443
435 458
435 466
435 492
435 494
435 498
435 499
436 146
436 188
436 285
436 286
436 340
436 341
436 383
436 390
436 391
436 433
436 434
437 100
437 198
437 306
437 342
437 412
437 429
437 468
437 470
437 471
437 478
437 481
438 45
438 197
438 278
438 394
438 409
438 420
438 423
438 479
438 491
438 496
438 497
439 1
439 20
439 84
439 148
439 162
439 194
439 319
439 329
439 363
439 405
439 440
440 1
440 20
440 148
440 162
440 194
440 241
440 319
440 329
440 363
440 405
440 439
441 39
441 187
441 209
441 231
441 252
441 280
441 331
441 364
441 384
441 418
441 427
442 166
442 193
442 263
442 314
442 365
442 366
442 430
442 449
442 463
442 477
442 488
443 4
443 51
443 132
443 367
443 435
443 458
443 466
443 492
443 494
443 498
443 499
444 11
444 52
444 58
444 59
444 175
444 205
444 211
444 245
444 315
444 321
444 345
445 145
445 169
445 257
445 260
445 422
445 448
445 455
445 456
445 474
445 475
445 500
446 94
446 123
446 124
446 131
446 189
446 350
446 351
446 376
446 393
446 425
446 460
447 42
447 55
447 65
447 66
447 284
447 387
447 416
447 457
447 487
447 490
447 493
448 64
448 169
448 257
448 281
448 419
448 422
448 445
448 455
448 456
448 475
448 500
449 135
449 166
449 193
449 225
449 235
449 314
449 372
449 430
449 442
449 463
449 477
450 206
450 250
450 324
450 336
450 368
450 454
450 469
450 473
450 476
450 480
450 485
451 181
451 202
451 304
451 320
451 333
451 417
451 426
451 452
451 453
451 472
451 489
451 495
452 85
452 111
452 403
452 407
452 415
452 417
452 451
452 462
452 464
452 482
452 489
452 495
453 88
453 320
453 407
453 415
453 426
453 428
453 451
453 464
453 472
453 482
453 489
453 495
454 81
454 101
454 302
454 336
454 424
454 431
454 450
454 469
454 473
454 476
454 480
454 485
455 64
455 208
455 260
455 347
455 422
455 445
455 448
455 456
455 474
455 475
455 486
455 500
456 117
456 133
456 249
456 281
456 283
456 347
456 419
456 445
456 448
456 455
456 475
456 486
457 66
457 96
457 102
457 130
457 212
457 284
457 387
457 447
457 465
457 487
457 490
457 493
458 57
458 163
458 180
458 215
458 411
458 435
458 443
458 466
458 492
458 494
458 498
458 499
459 3
459 10
459 123
459 124
459 178
459 189
459 203
459 343
459 361
459 376
459 393
459 425
460 3
460 5
460 11
460 123
460 178
460 189
460 203
460 343
460 351
460 361
460 393
460 446
461 6
461 22
461 61
461 73
461 91
461 125
461 195
461 201
461 269
461 282
461 287
461 357
462 181
462 320
462 333
462 407
462 417
462 426
462 428
462 452
462 464
462 472
462 482
462 495
463 35
463 107
463 193
463 225
463 235
463 263
463 314
463 365
463 430
463 442
463 449
463 477
463 488
464 85
464 88
464 181
464 304
464 415
464 428
464 452
464 453
464 462
464 465
464 472
464 489
464 495
465 42
465 47
465 71
465 96
465 102
465 130
465 284
465 387
465 416
465 457
465 464
465 487
465 493
466 4
466 57
466 215
466 246
466 294
466 411
466 435
466 443
466 458
466 492
466 494
466 498
466 499
467 45
467 119
467 253
467 318
467 394
467 409
467 420
467 423
467 432
467 479
467 491
467 496
467 497
468 19
468 150
468 168
468 198
468 290
468 306
468 342
468 412
468 437
468 470
468 471
468 478
468 481
469 101
469 206
469 240
469 250
469 324
469 368
469 424
469 431
469 450
469 454
469 471
469 476
469 480
470 19
470 31
470 120
470 290
470 306
470 316
470 342
470 412
470 437
470 468
470 471
470 478
470 481
471 100
471 150
471 168
471 290
471 306
471 316
471 342
471 412
471 437
471 468
471 469
471 470
471 478
471 481
472 111
472 181
472 202
472 304
472 403
472 415
472 417
472 426
472 451
472 453
472 462
472 464
472 482
472 489
473 46
473 101
473 129
473 174
473 206
473 240
473 288
473 324
473 368
473 431
473 450
473 454
473 476
473 480
474 62
474 145
474 169
474 249
474 260
474 281
474 347
474 362
474 419
474 422
474 445
474 455
474 475
474 500
475 62
475 257
475 347
475 362
475 419
475 422
475 445
475 448
475 455
475 456
475 474
475 476
475 486
475 500
476 46
476 81
476 174
476 302
476 324
476 424
476 431
476 450
476 454
476 469
476 473
476 475
476 480
476 485
477 35
477 135
477 193
477 225
477 235
477 263
477 314
477 365
477 366
477 430
477 442
477 449
477 463
477 488
478 19
478 31
478 120
478 150
478 168
478 198
478 290
478 316
478 342
478 437
478 468
478 470
478 471
478 481
479 70
479 110
479 115
479 210
479 253
479 278
479 318
479 394
479 409
479 420
479 423
479 432
479 438
479 467
479 496
480 14
480 101
480 129
480 206
480 240
480 288
480 324
480 336
480 424
480 450
480 454
480 469
480 473
480 476
480 485
481 31
481 100
481 120
481 150
481 168
481 198
481 306
481 316
481 342
481 412
481 437
481 468
481 470
481 471
481 478
482 85
482 88
482 320
482 403
482 407
482 415
482 417
482 426
482 428
482 452
482 453
482 462
482 472
482 489
482 495
483 54
483 92
483 95
483 105
483 214
483 305
483 312
483 326
483 330
483 332
483 359
483 371
483 398
483 402
483 484
484 15
484 54
484 95
484 105
484 140
484 214
484 305
484 312
484 330
484 332
484 359
484 371
484 398
484 402
484 483
485 14
485 81
485 114
485 129
485 174
485 206
485 240
485 250
485 288
485 324
485 336
485 431
485 450
485 454
485 476
485 480
486 62
486 64
486 117
486 169
486 249
486 257
486 281
486 283
486 347
486 362
486 419
486 422
486 455
486 456
486 475
486 500
487 18
487 47
487 55
487 65
487 71
487 171
487 212
487 284
487 298
487 387
487 416
487 447
487 457
487 465
487 490
487 493
488 35
488 107
488 135
488 166
488 193
488 235
488 263
488 284
488 314
488 365
488 366
488 372
488 430
488 442
488 463
488 477
489 88
489 111
489 278
489 320
489 403
489 415
489 417
489 426
489 428
489 451
489 452
489 453
489 464
489 472
489 482
489 495
490 18
490 42
490 47
490 55
490 66
490 71
490 102
490 130
490 171
490 212
490 298
490 416
490 447
490 457
490 487
490 493
490 500
491 45
491 70
491 115
491 131
491 197
491 210
491 227
491 278
491 318
491 394
491 409
491 423
491 432
491 438
491 467
491 496
491 497
492 32
492 132
492 137
492 163
492 180
492 186
492 215
492 246
492 294
492 367
492 411
492 435
492 443
492 458
492 466
492 494
492 498
492 499
493 18
493 47
493 55
493 65
493 66
493 71
493 96
493 130
493 171
493 212
493 298
493 387
493 416
493 447
493 457
493 465
493 487
493 490
494 4
494 32
494 48
494 132
494 137
494 163
494 186
494 215
494 294
494 367
494 411
494 435
494 443
494 458
494 466
494 492
494 498
494 499
495 85
495 111
495 181
495 304
495 320
495 333
495 403
495 407
495 417
495 426
495 428
495 451
495 452
495 453
495 462
495 464
495 482
495 489
496 70
496 110
496 119
496 131
496 197
496 210
496 253
496 318
496 394
496 409
496 420
496 423
496 432
496 438
496 467
496 479
496 491
496 497
497 45
497 70
497 110
497 115
497 119
497 197
497 210
497 227
497 253
497 278
497 394
497 409
497 420
497 423
497 432
497 438
497 467
497 491
497 496
498 4
498 32
498 48
498 51
498 57
498 132
498 163
498 180
498 215
498 246
498 294
498 411
498 435
498 443
498 458
498 466
498 492
498 494
498 499
499 4
499 32
499 51
499 57
499 132
499 137
499 163
499 180
499 215
499 246
499 294
499 367
499 411
499 435
499 443
499 458
499 466
499 492
499 494
499 498
500 64
500 117
500 145
500 169
500 208
500 249
500 257
500 260
500 281
500 283
500 347
500 362
500 419
500 422
500 445
500 448
500 455
500 474
500 475
500 486
500 490
