1 206
1 214
1 352
1 469
1 490
2 280
2 341
2 361
2 391
2 421
3 66
3 255
3 354
3 418
3 492
4 224
4 237
4 308
4 310
4 389
5 291
5 299
5 304
5 391
5 411
6 214
6 318
6 421
6 451
6 481
7 49
7 400
7 474
7 490
7 497
8 70
8 234
8 277
8 308
8 495
9 223
9 230
9 350
9 371
9 453
10 90
10 136
10 207
10 377
10 497
11 105
11 246
11 283
11 292
11 449
12 217
12 296
12 347
12 386
12 438
13 293
13 375
13 451
13 463
13 495
14 60
14 279
14 352
14 466
14 487
15 134
15 306
15 310
15 339
15 413
16 199
16 227
16 353
16 474
16 490
17 260
17 346
17 382
17 405
17 465
18 154
18 286
18 406
18 431
18 488
19 89
19 171
19 313
19 354
19 474
20 96
20 347
20 386
20 422
20 495
21 35
21 82
21 327
21 418
21 494
22 167
22 192
22 362
22 367
22 390
23 268
23 479
23 494
23 495
23 496
24 45
24 398
24 417
24 426
24 440
25 144
25 183
25 235
25 355
25 414
26 221
26 308
26 324
26 468
26 473
27 109
27 225
27 250
27 322
27 362
28 144
28 452
28 470
28 488
28 499
29 90
29 136
29 207
29 285
29 301
30 336
30 384
30 436
30 437
30 479
31 173
31 175
31 243
31 289
31 291
32 48
32 295
32 429
32 494
32 495
33 271
33 357
33 366
33 416
33 457
34 154
34 248
34 288
34 436
34 481
35 21
35 122
35 310
35 418
35 497
36 72
36 111
36 327
36 342
36 412
37 309
37 360
37 371
37 411
37 497
38 67
38 159
38 275
38 283
38 472
39 97
39 193
39 230
39 259
39 302
40 147
40 291
40 338
40 367
40 460
41 304
41 393
41 418
41 481
41 493
42 61
42 73
42 120
42 266
42 332
43 171
43 313
43 383
43 444
43 475
44 62
44 242
44 324
44 447
44 453
45 24
45 115
45 303
45 306
45 355
46 147
46 328
46 346
46 358
46 374
47 195
47 402
47 449
47 468
47 473
48 32
48 211
48 235
48 351
48 482
49 7
49 222
49 276
49 444
49 474
50 216
50 287
50 409
50 431
50 448
51 394
51 402
51 408
51 425
51 456
52 270
52 339
52 355
52 366
52 449
53 56
53 120
53 244
53 357
53 436
54 109
54 167
54 296
54 386
54 487
55 190
55 382
55 412
55 431
55 439
56 53
56 73
56 290
56 378
56 414
57 285
57 329
57 376
57 414
57 476
58 81
58 148
58 327
58 427
58 444
59 98
59 130
59 218
59 400
59 478
60 14
60 357
60 397
60 436
60 486
61 42
61 160
61 215
61 436
61 479
62 44
62 415
62 427
62 447
62 453
63 350
63 371
63 378
63 498
63 499
64 75
64 141
64 200
64 345
64 395
65 72
65 346
65 357
65 405
65 453
66 3
66 140
66 296
66 375
66 452
67 38
67 119
67 231
67 275
67 340
68 343
68 388
68 470
68 498
68 499
69 97
69 218
69 270
69 337
69 478
70 8
70 234
70 237
70 253
70 308
71 135
71 144
71 183
71 232
71 414
72 36
72 65
72 312
72 342
72 412
73 42
73 56
73 156
73 183
73 414
74 103
74 342
74 440
74 474
74 490
75 64
75 284
75 393
75 481
75 493
76 114
76 187
76 249
76 255
76 387
77 150
77 235
77 258
77 351
77 387
78 79
78 133
78 162
78 205
78 290
79 78
79 311
79 460
79 490
79 493
80 427
80 441
80 491
80 497
80 500
81 58
81 116
81 160
81 295
81 301
82 21
82 311
82 375
82 399
82 492
83 270
83 321
83 416
83 445
83 464
84 100
84 139
84 341
84 428
84 472
85 86
85 87
85 99
85 257
85 427
86 85
86 298
86 326
86 335
86 355
87 85
87 89
87 212
87 427
87 495
88 165
88 455
88 460
88 462
88 492
89 19
89 87
89 171
89 278
89 313
90 10
90 29
90 289
90 436
90 483
91 164
91 172
91 466
91 468
91 473
92 207
92 341
92 349
92 461
92 472
93 124
93 309
93 360
93 411
93 430
94 132
94 275
94 489
94 491
94 497
95 175
95 316
95 433
95 447
95 453
96 20
96 250
96 273
96 321
96 419
97 39
97 69
97 192
97 259
97 302
98 59
98 273
98 396
98 478
98 499
99 85
99 149
99 232
99 413
99 427
100 84
100 317
100 363
100 421
100 454
101 232
101 249
101 387
101 405
101 473
102 282
102 403
102 450
102 456
102 483
103 74
103 118
103 324
103 340
103 490
104 132
104 404
104 416
104 486
104 489
105 11
105 379
105 431
105 447
105 453
106 178
106 375
106 415
106 444
106 488
107 245
107 426
107 442
107 446
107 482
108 343
108 377
108 400
108 454
108 489
109 27
109 54
109 261
109 288
109 347
110 385
110 466
110 484
110 497
110 500
111 36
111 156
111 292
111 337
111 413
112 334
112 372
112 450
112 455
112 492
113 274
113 443
113 451
113 477
113 492
114 76
114 138
114 387
114 403
114 464
115 45
115 320
115 324
115 365
115 468
116 81
116 245
116 303
116 351
116 398
117 379
117 380
117 396
117 429
117 478
118 103
118 123
118 168
118 454
118 490
119 67
119 231
119 275
119 367
119 490
120 42
120 53
120 128
120 332
120 431
121 193
121 216
121 365
121 398
121 478
122 35
122 313
122 327
122 418
122 485
123 118
123 227
123 443
123 468
123 490
124 93
124 369
124 375
124 430
124 456
125 168
125 342
125 353
125 390
125 412
126 225
126 250
126 284
126 452
126 500
127 149
127 320
127 466
127 473
127 485
128 120
128 266
128 332
128 458
128 469
129 325
129 348
129 377
129 479
129 490
130 59
130 240
130 264
130 272
130 323
131 141
131 190
131 200
131 243
131 345
132 94
132 104
132 409
132 460
132 493
133 78
133 236
133 239
133 361
133 430
134 15
134 150
134 164
134 449
134 491
135 71
135 372
135 382
135 385
135 419
136 10
136 29
136 202
136 207
136 401
137 226
137 279
137 484
137 497
137 500
138 114
138 408
138 434
138 456
138 477
139 84
139 203
139 258
139 270
139 344
140 66
140 146
140 270
140 344
140 493
141 64
141 131
141 345
141 397
141 472
142 220
142 332
142 437
142 472
142 492
143 407
143 439
143 457
143 462
143 476
144 25
144 28
144 71
144 386
144 414
145 221
145 384
145 391
145 399
145 481
146 140
146 254
146 327
146 478
146 485
147 40
147 46
147 376
147 400
147 411
148 58
148 149
148 212
148 427
148 487
149 99
149 127
149 148
149 290
149 427
150 77
150 134
150 235
150 351
150 380
151 369
151 417
151 424
151 430
151 498
152 370
152 381
152 404
152 407
152 424
153 196
153 474
153 482
153 494
153 495
154 18
154 34
154 182
154 241
154 288
155 179
155 244
155 339
155 363
155 469
156 73
156 111
156 338
156 366
156 413
157 365
157 372
157 391
157 406
157 459
158 388
158 475
158 477
158 483
158 492
159 38
159 284
159 309
159 436
159 486
160 61
160 81
160 461
160 472
160 496
161 297
161 304
161 318
161 350
161 371
162 78
162 205
162 236
162 239
162 331
163 204
163 328
163 358
163 374
163 499
164 91
164 134
164 219
164 339
164 368
165 88
165 376
165 455
165 475
165 477
166 174
166 178
166 181
166 300
166 458
167 22
167 54
167 209
167 280
167 405
167 435
168 118
168 125
168 231
168 342
168 412
168 491
169 171
169 338
169 362
169 367
169 390
169 464
170 181
170 281
170 322
170 402
170 456
170 459
171 19
171 43
171 89
171 169
171 313
171 434
172 91
172 182
172 194
172 196
172 291
172 361
173 31
173 175
173 243
173 289
173 328
173 460
174 166
174 278
174 385
174 395
174 419
174 458
175 31
175 95
175 173
175 243
175 289
175 477
176 341
176 423
176 441
176 465
176 478
176 480
177 319
177 325
177 360
177 373
177 385
177 389
178 106
178 166
178 184
178 470
178 488
178 498
179 155
179 211
179 404
179 462
179 469
179 474
180 340
180 358
180 389
180 411
180 479
180 500
181 166
181 170
181 402
181 408
181 456
181 484
182 154
182 172
182 357
182 432
182 469
182 486
183 25
183 71
183 73
183 331
183 414
183 460
184 178
184 203
184 455
184 489
184 497
184 500
185 369
185 396
185 417
185 419
185 430
185 456
186 261
186 265
186 447
186 488
186 498
186 499
187 76
187 360
187 368
187 401
187 494
187 496
188 305
188 310
188 327
188 330
188 418
188 439
189 212
189 334
189 397
189 433
189 442
189 446
190 55
190 131
190 200
190 338
190 345
190 396
191 244
191 259
191 298
191 316
191 447
191 453
192 22
192 97
192 259
192 302
192 454
192 477
193 39
193 121
193 203
193 306
193 355
193 372
194 172
194 196
194 291
194 359
194 391
194 448
195 47
195 213
195 279
195 352
195 381
195 468
196 153
196 172
196 194
196 262
196 304
196 369
197 384
197 428
197 449
197 489
197 491
197 500
198 221
198 330
198 401
198 416
198 487
198 493
199 16
199 203
199 321
199 443
199 477
199 492
200 64
200 131
200 190
200 209
200 299
200 345
201 266
201 308
201 332
201 363
201 479
201 488
202 136
202 264
202 326
202 335
202 356
202 362
203 139
203 184
203 193
203 199
203 303
203 355
204 163
204 261
204 328
204 374
204 431
204 466
205 78
205 162
205 236
205 239
205 291
205 339
206 1
206 226
206 269
206 393
206 457
206 469
207 10
207 29
207 92
207 136
207 323
207 351
208 287
208 422
208 432
208 438
208 444
208 485
209 167
209 200
209 260
209 346
209 405
209 496
210 213
210 420
210 423
210 441
210 449
210 472
211 48
211 179
211 246
211 318
211 326
211 351
212 87
212 148
212 189
212 285
212 394
212 427
213 195
213 210
213 314
213 337
213 465
213 480
214 1
214 6
214 222
214 473
214 474
214 491
215 61
215 336
215 341
215 350
215 398
215 437
216 50
216 121
216 239
216 365
216 380
216 428
217 12
217 253
217 360
217 379
217 482
217 495
218 59
218 69
218 254
218 396
218 420
218 464
219 164
219 244
219 339
219 413
219 449
219 456
220 142
220 228
220 333
220 350
220 437
220 438
221 26
221 145
221 198
221 228
221 393
221 481
222 49
222 214
222 358
222 390
222 474
222 490
223 9
223 251
223 316
223 431
223 439
223 459
224 4
224 474
224 482
224 494
224 495
224 496
225 27
225 126
225 273
225 424
225 452
225 490
226 137
226 206
226 340
226 360
226 411
226 458
227 16
227 123
227 356
227 474
227 481
227 490
228 220
228 221
228 254
228 257
228 403
228 444
229 286
229 372
229 382
229 434
229 469
229 476
230 9
230 39
230 234
230 297
230 371
230 391
231 67
231 119
231 168
231 275
231 333
231 389
232 71
232 99
232 101
232 249
232 387
232 414
233 382
233 384
233 394
233 475
233 483
233 499
234 8
234 70
234 230
234 237
234 421
234 460
235 25
235 48
235 77
235 150
235 351
235 380
236 133
236 162
236 205
236 239
236 406
236 498
237 4
237 70
237 234
237 308
237 362
237 496
238 248
238 264
238 272
238 312
238 472
238 487
239 133
239 162
239 205
239 216
239 236
239 314
240 130
240 264
240 272
240 293
240 312
240 485
241 154
241 248
241 251
241 288
241 368
241 478
242 44
242 384
242 388
242 406
242 475
242 483
243 31
243 131
243 173
243 175
243 289
243 421
244 53
244 155
244 191
244 219
244 416
244 457
245 107
245 116
245 303
245 306
245 355
245 499
246 11
246 211
246 413
246 424
246 449
246 476
247 251
247 277
247 381
247 427
247 439
247 448
248 34
248 238
248 241
248 288
248 364
248 496
249 76
249 101
249 232
249 256
249 345
249 387
250 27
250 96
250 126
250 372
250 452
250 466
251 223
251 241
251 247
251 336
251 410
251 471
252 283
252 393
252 470
252 473
252 484
252 498
253 70
253 217
253 353
253 401
253 494
253 497
254 146
254 218
254 228
254 258
254 396
254 435
255 3
255 76
255 281
255 406
255 443
255 477
256 249
256 383
256 409
256 470
256 488
256 498
256 499
257 85
257 228
257 290
257 418
257 425
257 444
257 480
258 77
258 139
258 254
258 312
258 344
258 396
258 422
259 39
259 97
259 191
259 192
259 302
259 484
259 500
260 17
260 209
260 273
260 346
260 405
260 470
260 473
261 109
261 186
261 204
261 378
261 487
261 498
261 499
262 196
262 265
262 331
262 425
262 459
262 465
262 480
263 271
263 329
263 364
263 413
263 439
263 462
263 476
264 130
264 202
264 238
264 240
264 272
264 312
264 446
265 186
265 262
265 331
265 348
265 370
265 453
265 480
266 42
266 128
266 201
266 303
266 332
266 349
266 482
267 295
267 301
267 307
267 319
267 396
267 463
267 482
268 23
268 300
268 395
268 419
268 434
268 458
268 489
269 206
269 305
269 307
269 409
269 432
269 469
269 486
270 52
270 69
270 83
270 139
270 140
270 380
270 401
271 33
271 263
271 329
271 364
271 387
271 471
271 476
272 130
272 238
272 240
272 264
272 369
272 463
272 486
273 96
273 98
273 225
273 260
273 347
273 452
273 495
274 113
274 353
274 386
274 410
274 435
274 485
274 487
275 38
275 67
275 94
275 119
275 231
275 330
275 415
276 49
276 300
276 319
276 392
276 395
276 419
276 458
277 8
277 247
277 342
277 434
277 448
277 471
277 498
278 89
278 174
278 368
278 388
278 429
278 482
278 496
279 14
279 137
279 195
279 352
279 425
279 466
279 475
280 2
280 167
280 299
280 304
280 391
280 467
280 482
281 170
281 255
281 354
281 455
281 477
281 488
281 492
282 102
282 324
282 403
282 444
282 450
282 476
282 478
283 11
283 38
283 252
283 378
283 435
283 498
283 499
284 75
284 126
284 159
284 323
284 349
284 357
284 483
285 29
285 57
285 212
285 364
285 419
285 462
285 476
286 18
286 229
286 394
286 402
286 433
286 448
286 500
287 50
287 208
287 410
287 434
287 435
287 486
287 487
288 34
288 109
288 154
288 241
288 248
288 308
288 489
289 31
289 90
289 173
289 175
289 243
289 348
289 420
290 56
290 78
290 149
290 257
290 375
290 403
290 425
291 5
291 31
291 40
291 172
291 194
291 205
291 299
292 11
292 111
292 303
292 366
292 388
292 396
292 449
293 13
293 240
293 374
293 400
293 442
293 451
293 463
294 295
294 296
294 347
294 381
294 407
294 424
294 445
295 32
295 81
295 267
295 294
295 307
295 319
295 392
296 12
296 54
296 66
296 294
296 452
296 470
296 497
297 161
297 230
297 350
297 365
297 371
297 390
297 410
298 86
298 191
298 326
298 335
298 356
298 415
298 487
299 5
299 200
299 280
299 291
299 331
299 361
299 423
300 166
300 268
300 276
300 419
300 458
300 471
300 493
301 29
301 81
301 267
301 307
301 319
301 348
301 395
302 39
302 97
302 192
302 259
302 403
302 442
302 447
303 45
303 116
303 203
303 245
303 266
303 292
303 462
304 5
304 41
304 161
304 196
304 280
304 361
304 468
305 188
305 269
305 311
305 414
305 460
305 481
305 493
306 15
306 45
306 193
306 245
306 355
306 421
306 450
307 267
307 269
307 295
307 301
307 319
307 455
307 483
308 4
308 8
308 26
308 70
308 201
308 237
308 288
309 37
309 93
309 159
309 371
309 373
309 411
309 492
310 4
310 15
310 35
310 188
310 327
310 410
310 418
311 79
311 82
311 305
311 426
311 443
311 493
311 496
312 72
312 238
312 240
312 258
312 264
312 397
312 476
313 19
313 43
313 89
313 122
313 171
313 442
313 451
314 213
314 239
314 359
314 388
314 470
314 475
314 483
315 317
315 369
315 417
315 430
315 487
315 499
316 95
316 191
316 223
316 317
316 424
316 447
316 453
317 100
317 315
317 316
317 321
317 424
317 445
317 464
318 6
318 161
318 211
318 343
318 454
318 463
318 475
318 493
319 177
319 267
319 276
319 295
319 301
319 307
319 393
319 403
320 115
320 127
320 322
320 352
320 412
320 420
320 457
320 473
321 83
321 96
321 199
321 317
321 381
321 407
321 464
321 494
322 27
322 170
322 320
322 332
322 402
322 408
322 428
322 456
323 130
323 207
323 284
323 404
323 416
323 436
323 472
323 489
324 26
324 44
324 103
324 115
324 282
324 334
324 468
324 473
325 129
325 177
325 326
325 341
325 377
325 436
325 461
325 479
326 86
326 202
326 211
326 298
326 325
326 335
326 356
326 380
327 21
327 36
327 58
327 122
327 146
327 188
327 310
327 418
328 46
328 163
328 173
328 204
328 358
328 374
328 441
328 451
329 57
329 263
329 271
329 346
329 381
329 462
329 468
329 476
330 188
330 198
330 275
330 388
330 410
330 422
330 485
330 487
331 162
331 183
331 262
331 265
331 299
331 352
331 420
331 465
332 42
332 120
332 128
332 142
332 201
332 266
332 322
332 446
333 220
333 231
333 336
333 337
333 428
333 441
333 461
333 479
334 112
334 189
334 324
334 354
334 443
334 467
334 478
334 492
335 86
335 202
335 298
335 326
335 356
335 415
335 417
335 438
336 30
336 215
336 251
336 333
336 461
336 479
336 484
336 497
337 69
337 111
337 213
337 333
337 348
337 420
337 441
337 480
338 40
338 156
338 169
338 190
338 354
338 362
338 390
338 418
339 15
339 52
339 155
339 164
339 205
339 219
339 410
339 449
340 67
340 103
340 180
340 226
340 360
340 373
340 389
340 460
341 2
341 84
341 92
341 176
341 215
341 325
341 373
341 472
342 36
342 72
342 74
342 125
342 168
342 277
342 412
342 470
343 68
343 108
343 318
343 370
343 421
343 463
343 475
343 490
344 139
344 140
344 258
344 380
344 429
344 434
344 458
344 478
345 64
345 131
345 141
345 190
345 200
345 249
345 412
345 454
346 17
346 46
346 65
346 209
346 260
346 329
346 405
346 426
347 12
347 20
347 109
347 273
347 294
347 386
347 423
347 431
348 129
348 265
348 289
348 301
348 337
348 423
348 465
348 480
349 92
349 266
349 284
349 404
349 432
349 438
349 469
349 486
350 9
350 63
350 161
350 215
350 220
350 297
350 358
350 371
351 48
351 77
351 116
351 150
351 207
351 211
351 235
351 495
352 1
352 14
352 195
352 279
352 320
352 331
352 466
352 473
353 16
353 125
353 253
353 274
353 379
353 437
353 494
353 496
354 3
354 19
354 281
354 334
354 338
354 448
354 477
354 492
355 25
355 45
355 52
355 86
355 193
355 203
355 245
355 306
356 202
356 227
356 298
356 326
356 335
356 461
356 472
356 488
357 33
357 53
357 60
357 65
357 182
357 284
357 359
357 447
358 46
358 163
358 180
358 222
358 328
358 350
358 374
358 392
359 194
359 314
359 357
359 384
359 394
359 407
359 475
359 483
360 37
360 93
360 177
360 187
360 217
360 226
360 340
360 380
361 2
361 133
361 172
361 299
361 304
361 391
361 417
361 484
362 22
362 27
362 169
362 202
362 237
362 338
362 367
362 390
363 100
363 155
363 201
363 376
363 445
363 451
363 454
363 463
364 248
364 263
364 271
364 285
364 371
364 407
364 462
364 476
365 115
365 121
365 157
365 216
365 297
365 380
365 408
365 478
366 33
366 52
366 156
366 292
366 404
366 413
366 426
366 473
367 22
367 40
367 119
367 169
367 362
367 390
367 473
367 494
368 164
368 187
368 241
368 278
368 372
368 429
368 450
368 495
368 496
369 124
369 151
369 185
369 196
369 272
369 315
369 417
369 430
369 440
370 152
370 265
370 343
370 376
370 400
370 421
370 440
370 452
370 454
371 9
371 37
371 63
371 161
371 230
371 297
371 309
371 350
371 364
372 112
372 135
372 157
372 193
372 229
372 250
372 368
372 431
372 459
373 177
373 309
373 340
373 341
373 389
373 411
373 433
373 445
373 480
374 46
374 163
374 204
374 293
374 328
374 358
374 442
374 469
374 479
375 13
375 66
375 82
375 106
375 124
375 290
375 415
375 425
375 450
376 57
376 147
376 165
376 363
376 370
376 399
376 400
376 463
376 492
377 10
377 108
377 129
377 325
377 428
377 437
377 468
377 472
377 498
378 56
378 63
378 261
378 283
378 404
378 446
378 488
378 498
378 499
379 105
379 117
379 217
379 353
379 413
379 482
379 493
379 495
379 496
380 117
380 150
380 216
380 235
380 270
380 326
380 344
380 360
380 365
381 152
381 195
381 247
381 294
381 321
381 329
381 424
381 441
381 464
382 17
382 55
382 135
382 229
382 233
382 385
382 402
382 406
382 439
383 43
383 256
383 387
383 467
383 486
383 489
383 491
383 497
383 500
384 30
384 145
384 197
384 233
384 242
384 359
384 394
384 475
384 483
385 110
385 135
385 174
385 177
385 382
385 400
385 434
385 459
385 471
386 12
386 20
386 54
386 144
386 274
386 347
386 387
386 390
386 452
387 76
387 77
387 101
387 114
387 232
387 249
387 271
387 383
387 386
388 68
388 158
388 242
388 278
388 292
388 314
388 330
388 475
388 483
389 4
389 177
389 180
389 231
389 340
389 373
389 411
389 412
389 430
390 22
390 125
390 169
390 222
390 297
390 338
390 362
390 367
390 386
391 2
391 5
391 145
391 157
391 194
391 230
391 280
391 361
391 494
392 276
392 295
392 358
392 467
392 484
392 491
392 497
392 498
392 500
393 41
393 75
393 206
393 221
393 252
393 319
393 460
393 481
393 493
394 51
394 212
394 233
394 286
394 359
394 384
394 454
394 475
394 483
395 64
395 174
395 268
395 276
395 301
395 412
395 419
395 458
395 486
396 98
396 117
396 185
396 190
396 218
396 254
396 258
396 267
396 292
397 60
397 141
397 189
397 312
397 399
397 426
397 440
397 442
397 446
398 24
398 116
398 121
398 215
398 426
398 440
398 442
398 446
398 449
399 82
399 145
399 376
399 397
399 460
399 481
399 493
399 498
399 499
400 7
400 59
400 108
400 147
400 293
400 370
400 376
400 385
400 451
400 492
401 136
401 187
401 198
401 253
401 270
401 410
401 422
401 435
401 438
401 485
402 47
402 51
402 170
402 181
402 286
402 322
402 382
402 408
402 433
402 456
403 102
403 114
403 228
403 282
403 290
403 302
403 319
403 425
403 450
403 480
404 104
404 152
404 179
404 323
404 349
404 366
404 378
404 432
404 457
404 462
405 17
405 65
405 101
405 167
405 209
405 260
405 346
405 465
405 485
405 490
406 18
406 157
406 236
406 242
406 255
406 382
406 409
406 434
406 448
406 452
407 143
407 152
407 294
407 321
407 359
407 364
407 424
407 445
407 464
407 491
408 51
408 138
408 181
408 322
408 365
408 402
408 456
408 459
408 461
408 470
409 50
409 132
409 256
409 269
409 406
409 431
409 433
409 459
409 471
409 492
410 251
410 274
410 287
410 297
410 310
410 330
410 339
410 401
410 438
410 487
411 5
411 37
411 93
411 147
411 180
411 226
411 309
411 373
411 389
411 490
412 36
412 55
412 72
412 125
412 168
412 320
412 342
412 345
412 389
412 395
413 15
413 99
413 111
413 156
413 219
413 246
413 263
413 366
413 379
413 447
414 25
414 56
414 57
414 71
414 73
414 144
414 183
414 232
414 305
414 448
415 62
415 106
415 275
415 298
415 335
415 375
415 425
415 444
415 450
415 486
416 33
416 83
416 104
416 198
416 244
416 323
416 436
416 457
416 463
416 467
417 24
417 151
417 185
417 315
417 335
417 361
417 369
417 430
417 447
418 3
418 21
418 35
418 41
418 122
418 188
418 257
418 310
418 327
418 338
419 96
419 135
419 174
419 185
419 268
419 276
419 285
419 300
419 395
419 458
420 210
420 218
420 289
420 320
420 331
420 337
420 430
420 441
420 480
420 488
421 2
421 6
421 100
421 234
421 243
421 306
421 343
421 370
421 454
421 463
422 20
422 208
422 258
422 330
422 401
422 435
422 459
422 485
422 487
422 499
423 176
423 210
423 299
423 347
423 348
423 429
423 441
423 465
423 468
423 480
424 151
424 152
424 225
424 246
424 294
424 316
424 317
424 381
424 407
424 445
424 464
425 51
425 257
425 262
425 279
425 290
425 375
425 403
425 415
425 433
425 446
425 450
426 24
426 107
426 311
426 346
426 366
426 397
426 398
426 440
426 442
426 446
426 491
427 58
427 62
427 80
427 85
427 87
427 99
427 148
427 149
427 212
427 247
427 432
428 84
428 197
428 216
428 322
428 333
428 377
428 430
428 437
428 461
428 471
428 479
429 32
429 117
429 278
429 344
429 368
429 423
429 456
429 482
429 494
429 495
429 496
430 93
430 124
430 133
430 151
430 185
430 315
430 369
430 389
430 417
430 420
430 428
431 18
431 50
431 55
431 105
431 120
431 204
431 223
431 347
431 372
431 409
431 471
432 182
432 208
432 269
432 349
432 404
432 427
432 446
432 452
432 457
432 465
432 486
433 95
433 189
433 286
433 373
433 402
433 409
433 425
433 434
433 448
433 459
433 471
434 138
434 171
434 229
434 268
434 277
434 287
434 344
434 385
434 406
434 433
434 439
435 167
435 254
435 274
435 283
435 287
435 401
435 422
435 438
435 450
435 485
435 487
436 30
436 34
436 53
436 60
436 61
436 90
436 159
436 323
436 325
436 416
436 469
437 30
437 142
437 215
437 220
437 353
437 377
437 428
437 466
437 470
437 472
437 495
438 12
438 208
438 220
438 335
438 349
438 401
438 410
438 435
438 479
438 485
438 487
439 55
439 143
439 188
439 223
439 247
439 263
439 382
439 434
439 440
439 459
439 471
440 24
440 74
440 369
440 370
440 397
440 398
440 426
440 439
440 442
440 446
440 479
441 80
441 176
441 210
441 328
441 333
441 337
441 381
441 420
441 423
441 465
441 500
442 107
442 189
442 293
442 302
442 313
442 374
442 397
442 398
442 426
442 440
442 446
443 113
443 123
443 199
443 255
443 311
443 334
443 445
443 455
443 464
443 477
443 492
444 43
444 49
444 58
444 106
444 208
444 228
444 257
444 282
444 415
444 450
444 457
445 83
445 294
445 317
445 363
445 373
445 407
445 424
445 443
445 449
445 455
445 464
446 107
446 189
446 264
446 332
446 378
446 397
446 398
446 425
446 426
446 432
446 440
446 442
447 44
447 62
447 95
447 105
447 186
447 191
447 302
447 316
447 357
447 413
447 417
447 453
448 50
448 194
448 247
448 277
448 286
448 354
448 406
448 414
448 433
448 471
448 482
448 493
449 11
449 47
449 52
449 134
449 197
449 210
449 219
449 246
449 292
449 339
449 398
449 445
450 102
450 112
450 282
450 306
450 368
450 375
450 403
450 415
450 425
450 435
450 444
450 489
451 6
451 13
451 113
451 293
451 313
451 328
451 363
451 400
451 454
451 455
451 463
451 477
452 28
452 66
452 126
452 225
452 250
452 273
452 296
452 370
452 386
452 406
452 432
452 461
453 9
453 44
453 62
453 65
453 95
453 105
453 191
453 265
453 316
453 447
453 454
453 464
454 100
454 108
454 118
454 192
454 318
454 345
454 363
454 370
454 394
454 421
454 451
454 453
455 88
455 112
455 165
455 184
455 281
455 307
455 443
455 445
455 451
455 458
455 477
455 492
456 51
456 102
456 124
456 138
456 170
456 181
456 185
456 219
456 322
456 402
456 408
456 429
457 33
457 143
457 206
457 244
457 320
457 404
457 416
457 432
457 444
457 461
457 486
457 494
458 128
458 166
458 174
458 226
458 268
458 276
458 300
458 344
458 395
458 419
458 455
458 465
459 157
459 170
459 223
459 262
459 372
459 385
459 408
459 409
459 422
459 433
459 439
459 476
459 494
460 40
460 79
460 88
460 132
460 173
460 183
460 234
460 305
460 340
460 393
460 399
460 481
460 493
461 92
461 160
461 325
461 333
461 336
461 356
461 408
461 428
461 452
461 457
461 472
461 479
461 483
462 88
462 143
462 179
462 263
462 285
462 303
462 329
462 364
462 404
462 463
462 476
462 489
462 498
463 13
463 267
463 272
463 293
463 318
463 343
463 363
463 376
463 416
463 421
463 451
463 462
463 484
464 83
464 114
464 169
464 218
464 317
464 321
464 381
464 407
464 424
464 443
464 445
464 453
464 469
465 17
465 176
465 213
465 262
465 331
465 348
465 405
465 423
465 432
465 441
465 458
465 480
465 486
466 14
466 91
466 110
466 127
466 204
466 250
466 279
466 352
466 437
466 468
466 471
466 473
466 492
467 280
467 334
467 383
467 392
467 416
467 468
467 474
467 476
467 484
467 489
467 491
467 497
467 500
468 26
468 47
468 91
468 115
468 123
468 195
468 304
468 324
468 329
468 377
468 423
468 466
468 467
469 1
469 128
469 155
469 179
469 182
469 206
469 229
469 269
469 349
469 374
469 436
469 464
469 471
469 486
470 28
470 68
470 178
470 252
470 256
470 260
470 296
470 314
470 342
470 408
470 437
470 488
470 498
470 499
471 251
471 271
471 277
471 300
471 385
471 409
471 428
471 431
471 433
471 439
471 448
471 466
471 469
471 474
472 38
472 84
472 92
472 141
472 142
472 160
472 210
472 238
472 323
472 341
472 356
472 377
472 437
472 461
473 26
473 47
473 91
473 101
473 127
473 214
473 252
473 260
473 320
473 324
473 352
473 366
473 367
473 466
474 7
474 16
474 19
474 49
474 74
474 153
474 179
474 214
474 222
474 224
474 227
474 467
474 471
474 490
475 43
475 158
475 165
475 233
475 242
475 279
475 314
475 318
475 343
475 359
475 384
475 388
475 394
475 483
476 57
476 143
476 229
476 246
476 263
476 271
476 282
476 285
476 312
476 329
476 364
476 459
476 462
476 467
477 113
477 138
477 158
477 165
477 175
477 192
477 199
477 255
477 281
477 354
477 443
477 451
477 455
477 499
478 59
478 69
478 98
478 117
478 121
478 146
478 176
478 241
478 282
478 334
478 344
478 365
478 481
478 500
479 23
479 30
479 61
479 129
479 180
479 201
479 325
479 333
479 336
479 374
479 428
479 438
479 440
479 461
479 485
480 176
480 213
480 257
480 262
480 265
480 337
480 348
480 373
480 403
480 420
480 423
480 465
480 489
480 491
480 496
481 6
481 34
481 41
481 75
481 145
481 221
481 227
481 305
481 393
481 399
481 460
481 478
481 488
481 491
481 493
482 48
482 107
482 153
482 217
482 224
482 266
482 267
482 278
482 280
482 379
482 429
482 448
482 494
482 495
482 496
483 90
483 102
483 158
483 233
483 242
483 284
483 307
483 314
483 359
483 384
483 388
483 394
483 461
483 475
483 497
484 110
484 137
484 181
484 252
484 259
484 336
484 361
484 392
484 463
484 467
484 489
484 491
484 495
484 497
484 500
485 122
485 127
485 146
485 208
485 240
485 274
485 330
485 401
485 405
485 422
485 435
485 438
485 479
485 487
485 500
486 60
486 104
486 159
486 182
486 269
486 272
486 287
486 349
486 383
486 395
486 415
486 432
486 457
486 465
486 469
486 500
487 14
487 54
487 148
487 198
487 238
487 261
487 274
487 287
487 298
487 315
487 330
487 410
487 422
487 435
487 438
487 485
488 18
488 28
488 106
488 178
488 186
488 201
488 256
488 281
488 356
488 378
488 420
488 470
488 481
488 496
488 498
488 499
489 94
489 104
489 108
489 184
489 197
489 268
489 288
489 323
489 383
489 450
489 462
489 467
489 480
489 484
489 491
489 497
489 500
490 1
490 7
490 16
490 74
490 79
490 103
490 118
490 119
490 123
490 129
490 222
490 225
490 227
490 343
490 405
490 411
490 474
491 80
491 94
491 134
491 168
491 197
491 214
491 383
491 392
491 407
491 426
491 467
491 480
491 481
491 484
491 489
491 497
491 500
492 3
492 82
492 88
492 112
492 113
492 142
492 158
492 199
492 281
492 309
492 334
492 354
492 376
492 400
492 409
492 443
492 455
492 466
493 41
493 75
493 79
493 132
493 140
493 198
493 300
493 305
493 311
493 318
493 379
493 393
493 399
493 448
493 460
493 481
493 496
493 499
494 21
494 23
494 32
494 153
494 187
494 224
494 253
494 321
494 353
494 367
494 391
494 429
494 457
494 459
494 482
494 495
494 496
494 498
495 8
495 13
495 20
495 23
495 32
495 87
495 153
495 217
495 224
495 273
495 351
495 368
495 379
495 429
495 437
495 482
495 484
495 494
495 496
496 23
496 160
496 187
496 209
496 224
496 237
496 248
496 278
496 311
496 353
496 368
496 379
496 429
496 480
496 482
496 488
496 493
496 494
496 495
497 7
497 10
497 35
497 37
497 80
497 94
497 110
497 137
497 184
497 253
497 296
497 336
497 383
497 392
497 467
497 483
497 484
497 489
497 491
497 500
498 63
498 68
498 151
498 178
498 186
498 236
498 252
498 256
498 261
498 277
498 283
498 377
498 378
498 392
498 399
498 462
498 470
498 488
498 494
498 499
499 28
499 63
499 68
499 98
499 163
499 186
499 233
499 245
499 256
499 261
499 283
499 315
499 378
499 399
499 422
499 470
499 477
499 488
499 493
499 498
500 80
500 110
500 126
500 137
500 180
500 184
500 197
500 259
500 286
500 383
500 392
500 441
500 467
500 478
500 484
500 485
500 486
500 489
500 491
500 497
