1 2
1 181
1 408
1 420
1 445
2 1
2 5
2 181
2 348
2 420
3 15
3 17
3 169
3 266
3 350
4 5
4 6
4 7
4 438
4 464
5 2
5 4
5 6
5 7
5 181
6 4
6 5
6 7
6 8
6 330
7 4
7 5
7 6
7 8
7 330
8 6
8 7
8 181
8 330
8 348
9 101
9 112
9 152
9 210
9 226
9 404
9 427
9 451
9 455
9 465
9 473
10 174
10 186
10 298
10 363
10 382
11 83
11 154
11 179
11 270
11 304
11 437
11 471
12 13
12 14
12 218
12 330
12 410
13 12
13 14
13 26
13 28
13 218
14 12
14 13
14 26
14 28
14 218
15 3
15 133
15 169
15 269
15 471
16 58
16 103
16 138
16 336
16 357
16 391
17 3
17 37
17 169
17 345
17 437
18 19
18 56
18 105
18 263
18 302
18 430
18 431
18 459
18 467
18 469
18 477
18 497
19 18
19 20
19 23
19 169
19 499
20 19
20 23
20 24
20 133
20 193
21 244
21 248
21 249
21 251
21 258
21 260
22 43
22 47
22 71
22 72
22 78
23 19
23 20
23 24
23 34
23 104
24 20
24 23
24 34
24 44
24 50
25 56
25 196
25 284
25 393
25 440
25 450
25 462
25 469
25 470
25 476
25 477
25 482
25 500
26 13
26 14
26 28
26 30
26 495
27 339
27 366
27 367
27 377
27 387
27 405
27 410
27 438
27 445
28 13
28 14
28 26
28 29
28 30
29 28
29 30
29 33
29 218
29 432
30 26
30 28
30 29
30 33
30 218
31 191
31 195
31 203
31 289
31 484
32 115
32 147
32 151
32 153
32 257
33 29
33 30
33 38
33 197
33 272
34 23
34 24
34 36
34 37
34 44
35 38
35 39
35 197
35 272
35 306
36 34
36 51
36 130
36 166
36 250
36 352
36 398
36 434
36 466
36 468
37 17
37 34
37 44
37 46
37 270
38 33
38 35
38 197
38 272
38 306
39 35
39 48
39 197
39 272
39 306
40 41
40 45
40 57
40 306
40 492
41 40
41 45
41 48
41 57
41 388
42 147
42 377
42 396
42 405
42 410
42 421
42 422
42 459
42 468
43 22
43 79
43 255
43 277
43 424
44 24
44 34
44 37
44 46
44 422
44 483
45 40
45 41
45 48
45 57
45 306
46 37
46 44
46 49
46 50
46 112
47 22
47 69
47 71
47 72
47 307
48 39
48 41
48 45
48 57
48 306
49 46
49 50
49 208
49 421
50 24
50 46
50 49
50 52
50 208
51 36
51 130
51 166
51 228
51 250
51 352
51 398
51 434
51 466
51 468
52 50
52 63
52 179
52 208
52 351
53 305
53 319
53 342
53 481
53 487
54 96
54 185
54 257
54 314
54 351
54 372
54 394
54 435
55 57
55 68
55 227
55 233
55 272
56 18
56 25
56 94
56 105
56 297
56 440
56 450
56 459
56 462
56 467
56 469
56 470
56 477
56 497
57 40
57 41
57 45
57 48
57 55
58 16
58 103
58 138
58 149
58 187
58 336
58 412
59 62
59 65
59 67
59 233
59 445
60 63
60 158
60 201
60 345
60 490
61 89
61 98
61 141
61 150
61 256
61 301
61 361
61 429
61 460
61 492
61 493
61 496
61 499
62 59
62 65
62 68
62 227
62 233
63 52
63 60
63 201
63 208
63 255
64 66
64 70
64 80
64 81
64 87
65 59
65 62
65 67
65 307
65 405
66 64
66 80
66 81
66 200
66 339
67 59
67 65
67 307
67 330
67 411
68 55
68 62
68 227
68 233
68 307
69 47
69 71
69 72
69 312
69 409
70 64
70 80
70 81
70 158
70 201
71 22
71 47
71 69
71 72
71 411
72 22
72 47
72 69
72 71
72 307
73 99
73 113
73 116
73 223
73 453
74 145
74 206
74 243
74 352
74 486
75 124
75 129
75 131
75 252
75 439
76 209
76 230
76 281
76 282
76 284
76 364
76 432
76 440
76 456
76 464
76 475
76 476
76 482
76 486
76 491
76 500
77 86
77 270
77 298
77 313
77 345
77 423
77 428
77 461
78 22
78 79
78 255
78 277
78 396
79 43
79 78
79 82
79 255
79 277
80 64
80 66
80 70
80 81
80 201
81 64
81 66
81 70
81 80
81 194
82 79
82 84
82 255
82 277
82 488
83 11
83 226
83 268
83 304
83 436
84 82
84 85
84 88
84 90
84 488
85 84
85 88
85 90
85 255
85 488
86 77
86 87
86 94
86 436
86 442
87 64
87 86
87 94
87 436
87 486
88 84
88 85
88 90
88 478
88 488
89 61
89 98
89 101
89 150
89 256
89 260
89 301
89 361
89 429
89 460
89 474
89 483
89 489
89 490
89 492
89 493
89 496
89 499
90 84
90 85
90 88
90 91
90 488
91 90
91 92
91 93
91 95
91 271
92 91
92 93
92 95
92 271
92 488
93 91
93 92
93 95
93 271
93 434
94 56
94 86
94 87
94 99
94 436
95 91
95 92
95 93
95 216
95 271
96 54
96 106
96 108
96 109
96 285
97 173
97 192
97 193
97 215
97 385
97 413
97 419
97 441
97 442
98 61
98 89
98 143
98 150
98 301
98 429
98 460
98 493
98 496
99 73
99 94
99 101
99 113
99 188
100 148
100 154
100 157
100 161
100 315
101 9
101 89
101 99
101 113
101 436
102 120
102 126
102 446
102 468
102 495
103 16
103 58
103 138
103 149
103 336
103 391
104 23
104 133
104 344
104 370
104 383
104 386
104 389
104 392
104 396
104 422
105 18
105 56
105 263
105 302
105 307
105 430
105 431
105 447
105 459
105 467
105 469
105 497
106 96
106 109
106 285
106 474
106 496
107 186
107 225
107 259
107 371
107 451
108 96
108 109
108 285
108 411
108 491
109 96
109 106
109 108
109 216
109 285
110 117
110 118
110 119
110 216
110 485
111 288
111 295
111 296
111 297
111 299
111 311
111 316
111 392
112 9
112 46
112 152
112 210
112 404
112 431
112 433
112 447
112 448
112 451
112 455
112 473
113 73
113 99
113 101
113 453
113 485
114 160
114 164
114 165
114 168
114 172
115 32
115 122
115 147
115 151
115 463
116 73
116 232
116 259
116 446
116 453
117 110
117 118
117 119
117 123
117 485
118 110
118 117
118 119
118 123
118 485
119 110
119 117
119 118
119 285
119 485
120 102
120 121
120 125
120 166
120 446
121 120
121 125
121 392
121 453
121 477
122 115
122 153
122 156
122 463
122 494
123 117
123 118
123 393
123 443
123 485
124 75
124 129
124 131
124 320
124 414
125 120
125 121
125 126
125 127
125 134
126 102
126 125
126 127
126 348
126 446
127 125
127 126
127 128
127 140
127 485
128 127
128 134
128 137
128 139
128 142
129 75
129 124
129 131
129 252
129 414
130 36
130 51
130 166
130 250
130 283
130 352
130 398
130 418
130 466
131 75
131 124
131 129
131 252
131 414
132 136
132 144
132 266
132 351
132 424
133 15
133 20
133 104
133 169
133 412
134 125
134 128
134 137
134 139
134 402
135 155
135 266
135 390
135 445
135 464
136 132
136 144
136 146
136 155
136 266
137 128
137 134
137 139
137 247
137 470
138 16
138 58
138 103
138 149
138 159
138 412
139 128
139 134
139 137
139 141
139 395
140 127
140 141
140 142
140 143
140 381
141 61
141 139
141 140
141 142
141 143
142 128
142 140
142 141
142 143
142 469
143 98
143 140
143 141
143 142
143 348
144 132
144 136
144 146
144 155
144 266
145 74
145 163
145 206
145 240
145 243
146 136
146 144
146 155
146 414
146 435
147 32
147 42
147 115
147 151
147 441
148 100
148 154
148 157
148 161
148 287
149 58
149 103
149 138
149 159
149 162
149 412
150 61
150 89
150 98
150 256
150 301
150 303
150 361
150 429
150 460
150 489
150 492
150 493
150 499
151 32
151 115
151 147
151 420
151 465
152 9
152 112
152 210
152 226
152 235
152 404
152 427
152 439
152 451
152 465
152 473
153 32
153 122
153 388
153 463
153 494
154 11
154 100
154 148
154 157
154 418
155 135
155 136
155 144
155 146
155 494
156 122
156 164
156 165
156 463
156 494
157 100
157 148
157 154
157 161
157 246
158 60
158 70
158 201
158 208
158 340
159 138
159 149
159 162
159 170
159 171
159 412
160 114
160 164
160 165
160 364
160 391
161 100
161 148
161 157
161 319
161 374
162 149
162 159
162 170
162 171
162 183
162 184
162 190
163 145
163 206
163 240
163 245
163 253
164 114
164 156
164 160
164 172
164 494
165 114
165 156
165 160
165 172
165 422
166 36
166 51
166 120
166 130
166 250
166 283
166 352
166 398
166 418
166 466
167 185
167 212
167 217
167 219
167 452
168 114
168 175
168 176
168 177
168 313
169 3
169 15
169 17
169 19
169 133
170 159
170 162
170 171
170 184
170 190
170 412
171 159
171 162
171 170
171 184
171 190
171 490
172 114
172 164
172 165
172 314
172 463
172 467
173 97
173 193
173 402
173 405
173 406
173 408
173 413
173 419
173 421
173 442
173 495
174 10
174 186
174 192
174 225
174 268
174 304
175 168
175 176
175 177
175 180
175 187
175 493
176 168
176 175
176 177
176 180
176 187
177 168
177 175
177 176
177 180
177 187
177 198
178 206
178 235
178 236
178 238
178 243
178 379
179 11
179 52
179 304
179 382
179 437
179 471
180 175
180 176
180 177
180 183
180 187
181 1
181 2
181 5
181 8
181 324
181 420
182 261
182 278
182 280
182 288
182 401
182 425
182 432
183 162
183 180
183 187
183 189
183 289
183 452
184 162
184 170
184 171
184 190
184 199
184 202
184 326
185 54
185 167
185 204
185 207
185 212
185 217
186 10
186 107
186 174
186 223
186 259
186 382
187 58
187 175
187 176
187 177
187 180
187 183
188 99
188 189
188 194
188 289
188 376
188 428
189 183
189 188
189 191
189 194
189 289
190 162
190 170
190 171
190 184
190 199
190 202
191 31
191 189
191 194
191 195
191 289
191 377
192 97
192 174
192 268
192 270
192 382
192 455
193 20
193 97
193 173
193 215
193 385
193 413
193 419
193 441
193 442
194 81
194 188
194 189
194 191
194 195
194 289
195 31
195 191
195 194
195 203
195 294
195 435
196 25
196 284
196 417
196 440
196 450
196 459
196 462
196 468
196 469
196 470
196 476
196 477
196 482
196 500
197 33
197 35
197 38
197 39
197 272
197 469
198 177
198 247
198 267
198 274
198 374
199 184
199 190
199 202
199 211
199 213
199 327
200 66
200 203
200 204
200 207
200 283
200 475
201 60
201 63
201 70
201 80
201 158
201 258
202 184
202 190
202 199
202 211
202 213
202 489
203 31
203 195
203 200
203 204
203 207
203 332
204 185
204 200
204 203
204 207
204 212
204 299
205 223
205 225
205 294
205 315
205 319
205 498
206 74
206 145
206 163
206 178
206 243
206 379
207 185
207 200
207 203
207 204
207 212
208 49
208 50
208 52
208 63
208 158
209 76
209 230
209 281
209 354
209 452
209 456
209 458
209 464
209 474
209 483
209 484
209 489
209 490
209 491
210 9
210 112
210 152
210 226
210 404
210 418
210 427
210 433
210 439
210 447
210 451
210 455
210 473
211 199
211 202
211 213
211 220
211 221
211 327
212 167
212 185
212 204
212 207
212 217
212 325
213 199
213 202
213 211
213 220
213 221
213 327
214 324
214 349
214 363
214 364
214 376
214 409
214 411
215 97
215 193
215 322
215 328
215 334
215 335
215 385
215 441
216 95
216 109
216 110
216 271
216 285
216 317
217 167
217 185
217 212
217 219
217 231
217 256
218 12
218 13
218 14
218 29
218 30
218 460
219 167
219 217
219 228
219 231
219 281
219 499
220 211
220 213
220 221
220 327
220 367
220 473
221 211
221 213
221 220
221 224
221 241
221 327
222 228
222 231
222 232
222 283
222 415
222 477
223 73
223 186
223 205
223 259
223 382
223 484
224 221
224 230
224 241
224 242
224 282
224 462
225 107
225 174
225 205
225 259
225 382
225 422
226 9
226 83
226 152
226 210
226 404
226 427
226 434
226 439
226 451
226 465
226 468
227 55
227 62
227 68
227 233
227 329
227 443
228 51
228 219
228 222
228 229
228 232
228 415
229 228
229 232
229 234
229 372
229 415
229 448
230 76
230 209
230 224
230 281
230 282
230 284
230 372
230 440
230 456
230 464
230 475
230 476
230 482
230 486
230 491
230 500
231 217
231 219
231 222
231 232
231 275
231 415
232 116
232 222
232 228
232 229
232 231
232 415
233 55
233 59
233 62
233 68
233 227
233 372
234 229
234 235
234 238
234 274
234 415
234 435
235 152
235 178
235 234
235 236
235 238
235 379
236 178
236 235
236 238
236 239
236 379
236 491
237 241
237 242
237 244
237 327
237 361
237 445
238 178
238 234
238 235
238 236
238 379
239 236
239 240
239 245
239 246
239 253
239 470
240 145
240 163
240 239
240 245
240 246
240 376
241 221
241 224
241 237
241 242
241 244
241 500
242 224
242 237
242 241
242 244
242 248
242 249
243 74
243 145
243 178
243 206
243 246
243 371
244 21
244 237
244 241
244 242
244 248
244 249
245 163
245 239
245 240
245 246
245 253
246 157
246 239
246 240
246 243
246 245
246 265
247 137
247 198
247 267
247 274
247 374
248 21
248 242
248 244
248 249
248 251
248 258
249 21
249 242
249 244
249 248
249 251
249 426
250 36
250 51
250 130
250 166
250 301
250 390
250 392
250 427
250 434
250 439
250 465
250 466
250 468
251 21
251 248
251 249
251 258
251 260
251 264
252 75
252 129
252 131
252 320
252 406
252 410
253 163
253 239
253 245
253 265
253 379
253 412
254 339
254 346
254 366
254 367
254 387
254 401
254 425
254 432
254 445
255 43
255 63
255 78
255 79
255 82
255 85
255 277
256 61
256 89
256 150
256 217
256 258
256 301
256 361
256 429
256 452
256 460
256 474
256 483
256 484
256 489
256 490
256 492
256 493
256 499
257 32
257 54
257 314
257 351
257 435
257 442
257 500
258 21
258 201
258 248
258 251
258 256
258 264
258 469
259 107
259 116
259 186
259 223
259 225
259 270
259 421
260 21
260 89
260 251
260 262
260 264
260 495
260 497
261 182
261 278
261 280
261 288
261 425
261 469
261 500
262 260
262 264
262 275
262 287
262 291
262 315
262 491
263 18
263 105
263 267
263 302
263 430
263 431
263 433
263 447
263 448
263 459
263 467
263 497
264 251
264 258
264 260
264 262
264 275
264 291
264 317
265 246
265 253
265 273
265 279
265 309
266 3
266 132
266 135
266 136
266 144
266 320
266 414
267 198
267 247
267 263
267 274
267 374
268 83
268 174
268 192
268 271
268 285
268 305
268 432
269 15
269 299
269 311
269 316
269 323
269 325
269 326
269 333
270 11
270 37
270 77
270 192
270 259
270 437
270 471
271 91
271 92
271 93
271 95
271 216
271 268
271 492
272 33
272 35
272 38
272 39
272 55
272 197
272 443
273 265
273 279
273 309
273 338
273 356
274 198
274 234
274 247
274 267
274 374
275 231
275 262
275 264
275 286
275 287
275 291
275 489
276 290
276 341
276 354
276 355
276 368
276 390
276 393
277 43
277 78
277 79
277 82
277 255
277 388
277 394
278 182
278 261
278 280
278 288
278 401
278 425
278 432
279 265
279 273
279 309
279 319
279 338
279 356
280 182
280 261
280 278
280 288
280 295
280 425
280 500
281 76
281 209
281 219
281 230
281 282
281 452
281 456
281 458
281 464
281 475
281 476
281 484
281 486
281 491
282 76
282 224
282 230
282 281
282 284
282 327
282 440
282 456
282 458
282 464
282 475
282 476
282 482
282 486
282 500
283 130
283 166
283 200
283 222
283 352
283 398
283 402
283 406
283 418
283 443
283 480
284 25
284 76
284 196
284 230
284 282
284 421
284 440
284 450
284 456
284 458
284 475
284 476
284 482
284 486
284 500
285 96
285 106
285 108
285 109
285 119
285 216
285 268
286 275
286 287
286 291
286 292
286 386
286 425
286 468
287 148
287 262
287 275
287 286
287 291
287 292
287 336
288 111
288 182
288 261
288 278
288 280
288 295
288 425
289 31
289 183
289 188
289 189
289 191
289 194
289 486
290 276
290 340
290 346
290 354
290 355
290 368
290 393
291 262
291 264
291 275
291 286
291 287
291 292
291 411
292 286
292 287
292 291
292 306
292 308
292 310
292 426
293 303
293 308
293 310
293 318
293 337
293 387
293 470
294 195
294 205
294 317
294 319
294 321
294 340
294 350
294 359
294 371
294 375
295 111
295 280
295 288
295 296
295 297
295 299
295 311
296 111
296 295
296 297
296 299
296 311
296 466
296 480
297 56
297 111
297 295
297 296
297 299
297 323
297 469
298 10
298 77
298 300
298 313
298 373
298 428
298 482
299 111
299 204
299 269
299 295
299 296
299 297
299 311
299 323
300 298
300 353
300 380
300 403
300 423
300 461
300 495
301 61
301 89
301 98
301 150
301 250
301 256
301 361
301 460
301 474
301 483
301 489
301 490
301 492
301 493
301 496
301 499
302 18
302 105
302 263
302 361
302 430
302 431
302 433
302 447
302 448
302 455
302 467
302 497
303 150
303 293
303 308
303 310
303 318
303 409
303 460
304 11
304 83
304 174
304 179
304 321
304 437
304 471
305 53
305 268
305 315
305 444
305 481
305 487
305 495
306 35
306 38
306 39
306 40
306 45
306 48
306 292
307 47
307 65
307 67
307 68
307 72
307 105
307 412
308 292
308 293
308 303
308 318
308 343
308 353
309 265
309 273
309 279
309 338
309 356
310 292
310 293
310 303
310 318
310 343
310 403
310 493
311 111
311 269
311 295
311 296
311 299
311 316
311 323
312 69
312 348
312 372
312 388
312 394
312 402
312 420
313 77
313 168
313 298
313 314
313 424
313 428
313 435
314 54
314 172
314 257
314 313
314 351
314 435
314 455
315 100
315 205
315 262
315 305
315 319
315 481
315 498
316 111
316 269
316 311
316 323
316 325
316 425
316 477
317 216
317 264
317 294
317 321
317 364
317 371
317 375
317 376
317 411
318 293
318 303
318 308
318 310
318 343
318 370
318 403
319 53
319 161
319 205
319 279
319 294
319 315
319 498
320 124
320 252
320 266
320 389
320 414
320 459
320 485
321 294
321 304
321 317
321 329
321 340
321 350
321 371
321 375
322 215
322 328
322 334
322 335
322 347
322 365
322 385
322 441
323 269
323 297
323 299
323 311
323 316
323 325
323 326
323 480
324 181
324 214
324 329
324 349
324 363
324 409
324 411
324 424
325 212
325 269
325 316
325 323
325 326
325 331
325 332
325 337
326 184
326 269
326 323
326 325
326 331
326 332
326 333
326 337
327 199
327 211
327 213
327 220
327 221
327 237
327 282
327 391
328 215
328 322
328 334
328 335
328 347
328 365
328 385
328 441
328 447
329 227
329 321
329 324
329 349
329 364
329 376
329 411
329 466
330 6
330 7
330 8
330 12
330 67
330 349
330 420
330 444
331 325
331 326
331 332
331 333
331 337
331 341
331 413
331 436
332 203
332 325
332 326
332 331
332 333
332 337
332 341
332 390
333 269
333 326
333 331
333 332
333 337
333 341
333 368
333 390
334 215
334 322
334 328
334 335
334 347
334 365
334 369
334 385
335 215
335 322
335 328
335 334
335 347
335 365
335 369
335 370
336 16
336 58
336 103
336 287
336 357
336 391
336 426
336 454
337 293
337 325
337 326
337 331
337 332
337 333
337 341
337 390
338 273
338 279
338 309
338 356
338 360
339 27
339 66
339 254
339 363
339 366
339 367
339 387
339 401
339 429
339 438
339 445
340 158
340 290
340 294
340 321
340 350
340 359
340 371
340 375
341 276
341 331
341 332
341 333
341 337
341 390
341 393
341 416
342 53
342 399
342 400
342 444
342 449
342 479
343 308
343 310
343 318
343 353
343 380
343 403
343 446
344 104
344 370
344 383
344 386
344 389
344 392
344 396
344 422
345 17
345 60
345 77
345 357
345 423
345 428
345 461
345 468
346 254
346 290
346 354
346 355
346 368
346 390
346 401
346 484
347 322
347 328
347 334
347 335
347 365
347 369
347 370
347 383
348 2
348 8
348 126
348 143
348 312
348 372
348 388
348 420
348 492
349 214
349 324
349 329
349 330
349 363
349 364
349 376
349 411
350 3
350 294
350 321
350 340
350 359
350 368
350 371
350 375
351 52
351 54
351 132
351 257
351 314
351 372
351 394
351 435
352 36
352 51
352 74
352 130
352 166
352 283
352 398
352 418
352 466
352 473
352 480
353 300
353 308
353 343
353 366
353 380
353 403
353 425
353 430
354 209
354 276
354 290
354 346
354 355
354 368
354 393
354 473
355 276
355 290
355 346
355 354
355 359
355 368
355 393
355 475
356 273
356 279
356 309
356 338
356 360
357 16
357 336
357 345
357 381
357 391
357 426
357 454
357 478
358 363
358 373
358 379
358 381
358 409
358 424
358 477
358 478
359 294
359 340
359 350
359 355
359 371
359 375
359 393
359 486
360 338
360 356
360 362
360 378
360 384
361 61
361 89
361 150
361 237
361 256
361 301
361 302
361 373
361 429
361 439
361 452
361 460
361 474
361 483
361 484
361 489
361 490
361 492
361 493
361 499
362 360
362 378
362 384
362 395
362 397
362 441
363 10
363 214
363 324
363 339
363 349
363 358
363 388
363 409
363 424
364 76
364 160
364 214
364 317
364 329
364 349
364 376
364 411
364 424
365 322
365 328
365 334
365 335
365 347
365 369
365 383
365 441
365 484
366 27
366 254
366 339
366 353
366 367
366 377
366 387
366 410
366 438
366 452
367 27
367 220
367 254
367 339
367 366
367 387
367 401
367 438
367 445
368 276
368 290
368 333
368 346
368 350
368 354
368 355
368 393
368 500
369 334
369 335
369 347
369 365
369 370
369 383
369 386
369 389
370 104
370 318
370 335
370 344
370 347
370 369
370 386
370 389
370 482
371 107
371 243
371 294
371 317
371 321
371 340
371 350
371 359
371 375
372 54
372 229
372 230
372 233
372 312
372 348
372 351
372 388
372 394
373 298
373 358
373 361
373 381
373 409
373 424
373 426
373 454
373 478
374 161
374 198
374 247
374 267
374 274
375 294
375 317
375 321
375 340
375 350
375 359
375 371
375 376
375 486
376 188
376 214
376 240
376 317
376 329
376 349
376 364
376 375
376 411
377 27
377 42
377 191
377 366
377 387
377 396
377 405
377 410
377 438
378 360
378 362
378 384
378 395
378 397
379 178
379 206
379 235
379 236
379 238
379 253
379 358
380 300
380 343
380 353
380 403
380 407
380 423
380 461
381 140
381 357
381 358
381 373
381 391
381 408
381 426
381 454
381 478
382 10
382 179
382 186
382 192
382 223
382 225
382 421
383 104
383 344
383 347
383 365
383 369
383 386
383 389
383 401
383 500
384 360
384 362
384 378
384 395
384 397
385 97
385 193
385 215
385 322
385 328
385 334
385 419
385 441
385 500
386 104
386 286
386 344
386 369
386 370
386 383
386 389
386 392
386 476
387 27
387 254
387 293
387 339
387 366
387 367
387 377
387 410
387 438
388 41
388 153
388 277
388 312
388 348
388 363
388 372
388 394
388 420
389 104
389 320
389 344
389 369
389 370
389 383
389 386
389 392
389 422
390 135
390 250
390 276
390 332
390 333
390 337
390 341
390 346
390 393
391 16
391 103
391 160
391 327
391 336
391 357
391 381
391 426
391 454
392 104
392 111
392 121
392 250
392 344
392 386
392 389
392 396
392 421
392 422
393 25
393 123
393 276
393 290
393 341
393 354
393 355
393 359
393 368
393 390
394 54
394 277
394 312
394 351
394 372
394 388
394 435
395 139
395 362
395 378
395 384
395 397
395 399
396 42
396 78
396 104
396 344
396 377
396 392
396 405
396 421
396 422
396 426
397 362
397 378
397 384
397 395
397 399
398 36
398 51
398 130
398 166
398 283
398 352
398 410
398 418
398 443
398 480
399 342
399 395
399 397
399 400
399 449
400 342
400 399
400 444
400 449
400 479
401 182
401 254
401 278
401 339
401 346
401 367
401 383
401 425
401 432
401 445
402 134
402 173
402 283
402 312
402 406
402 408
402 413
402 442
402 443
402 480
402 495
403 300
403 310
403 318
403 343
403 353
403 380
403 423
404 9
404 112
404 152
404 210
404 226
404 427
404 434
404 439
404 465
404 468
405 27
405 42
405 65
405 173
405 377
405 396
405 410
405 421
405 422
405 438
406 173
406 252
406 283
406 402
406 408
406 418
406 443
406 480
406 495
406 497
407 380
407 416
407 417
407 457
407 472
408 1
408 173
408 381
408 402
408 406
408 413
408 419
408 442
408 443
408 480
408 495
409 69
409 214
409 303
409 324
409 358
409 363
409 373
409 424
409 462
409 472
409 478
410 12
410 27
410 42
410 252
410 366
410 377
410 387
410 398
410 405
410 438
410 483
411 67
411 71
411 108
411 214
411 291
411 317
411 324
411 329
411 349
411 364
411 376
412 58
412 133
412 138
412 149
412 159
412 170
412 253
412 307
412 477
412 478
412 496
413 97
413 173
413 193
413 331
413 402
413 408
413 419
413 442
413 451
413 456
413 495
414 124
414 129
414 131
414 146
414 266
414 320
415 222
415 228
415 229
415 231
415 232
415 234
416 341
416 407
416 417
416 457
416 472
417 196
417 407
417 416
417 457
417 472
418 130
418 154
418 166
418 210
418 283
418 352
418 398
418 406
418 443
418 461
418 480
419 97
419 173
419 193
419 385
419 408
419 413
419 421
419 441
419 442
419 495
420 1
420 2
420 151
420 181
420 312
420 330
420 348
420 388
420 452
421 42
421 49
421 173
421 259
421 284
421 382
421 392
421 396
421 405
421 419
421 422
422 42
422 44
422 104
422 165
422 225
422 344
422 389
422 392
422 396
422 405
422 421
423 77
423 300
423 345
423 380
423 403
423 428
423 461
424 43
424 132
424 313
424 324
424 358
424 363
424 364
424 373
424 409
424 426
424 478
425 182
425 254
425 261
425 278
425 280
425 286
425 288
425 316
425 353
425 401
425 432
426 249
426 292
426 336
426 357
426 373
426 381
426 391
426 396
426 424
426 454
426 478
427 9
427 152
427 210
427 226
427 250
427 404
427 434
427 439
427 465
427 468
427 497
428 77
428 188
428 298
428 313
428 345
428 423
428 461
429 61
429 89
429 98
429 150
429 256
429 339
429 361
429 460
429 474
429 483
429 489
429 490
429 492
429 493
429 496
429 499
430 18
430 105
430 263
430 302
430 353
430 431
430 433
430 447
430 448
430 455
430 467
430 473
431 18
431 105
431 112
431 263
431 302
431 430
431 433
431 440
431 447
431 448
431 455
431 473
432 29
432 76
432 182
432 254
432 268
432 278
432 401
432 425
432 441
432 445
432 473
432 499
433 112
433 210
433 263
433 302
433 430
433 431
433 447
433 448
433 451
433 455
433 473
433 500
434 36
434 51
434 93
434 226
434 250
434 404
434 427
434 439
434 457
434 465
434 466
434 468
435 54
435 146
435 195
435 234
435 257
435 313
435 314
435 351
435 394
435 443
436 83
436 86
436 87
436 94
436 101
436 331
437 11
437 17
437 179
437 270
437 304
437 469
437 471
438 4
438 27
438 339
438 366
438 367
438 377
438 387
438 405
438 410
439 75
439 152
439 210
439 226
439 250
439 361
439 404
439 427
439 434
439 465
439 466
439 468
440 25
440 56
440 76
440 196
440 230
440 282
440 284
440 431
440 450
440 462
440 470
440 475
440 476
440 482
440 486
441 97
441 147
441 193
441 215
441 322
441 328
441 362
441 365
441 385
441 419
441 432
441 445
441 452
442 86
442 97
442 173
442 193
442 257
442 402
442 408
442 413
442 419
442 445
442 479
442 480
442 495
443 123
443 227
443 272
443 283
443 398
443 402
443 406
443 408
443 418
443 435
443 466
443 480
443 495
444 305
444 330
444 342
444 400
444 449
444 479
445 1
445 27
445 59
445 135
445 237
445 254
445 339
445 367
445 401
445 432
445 441
445 442
445 466
446 102
446 116
446 120
446 126
446 343
446 453
447 105
447 112
447 210
447 263
447 302
447 328
447 430
447 431
447 433
447 448
447 451
447 455
447 473
448 112
448 229
448 263
448 302
448 430
448 431
448 433
448 447
448 451
448 455
448 467
448 473
448 498
449 342
449 399
449 400
449 444
449 479
450 25
450 56
450 196
450 284
450 440
450 459
450 462
450 469
450 470
450 477
450 482
450 491
450 497
451 9
451 107
451 112
451 152
451 210
451 226
451 413
451 433
451 447
451 448
451 455
451 467
451 473
451 499
452 167
452 183
452 209
452 256
452 281
452 361
452 366
452 420
452 441
452 458
452 464
452 474
452 483
452 484
452 489
452 490
452 491
452 492
452 499
453 73
453 113
453 116
453 121
453 446
454 336
454 357
454 373
454 381
454 391
454 426
454 478
455 9
455 112
455 192
455 210
455 302
455 314
455 430
455 431
455 433
455 447
455 448
455 451
455 473
455 481
456 76
456 209
456 230
456 281
456 282
456 284
456 413
456 458
456 464
456 475
456 476
456 486
456 491
456 500
457 407
457 416
457 417
457 434
457 472
458 209
458 281
458 282
458 284
458 452
458 456
458 464
458 475
458 476
458 478
458 484
458 486
458 491
458 500
459 18
459 42
459 56
459 105
459 196
459 263
459 320
459 450
459 462
459 467
459 469
459 470
459 477
459 482
459 497
460 61
460 89
460 98
460 150
460 218
460 256
460 301
460 303
460 361
460 429
460 463
460 474
460 483
460 484
460 489
460 490
460 492
460 493
460 496
460 499
461 77
461 300
461 345
461 380
461 418
461 423
461 428
462 25
462 56
462 196
462 224
462 409
462 440
462 450
462 459
462 467
462 469
462 470
462 477
462 488
462 497
462 500
463 115
463 122
463 153
463 156
463 172
463 460
463 494
464 4
464 76
464 135
464 209
464 230
464 281
464 282
464 452
464 456
464 458
464 475
464 476
464 486
464 491
464 500
465 9
465 151
465 152
465 226
465 250
465 404
465 427
465 434
465 439
465 466
465 468
465 499
466 36
466 51
466 130
466 166
466 250
466 296
466 329
466 352
466 434
466 439
466 443
466 445
466 465
466 468
466 476
467 18
467 56
467 105
467 172
467 263
467 302
467 430
467 448
467 451
467 459
467 462
467 469
467 470
467 477
467 497
468 36
468 42
468 51
468 102
468 196
468 226
468 250
468 286
468 345
468 404
468 427
468 434
468 439
468 465
468 466
469 18
469 25
469 56
469 105
469 142
469 196
469 197
469 258
469 261
469 297
469 437
469 450
469 459
469 462
469 467
469 470
469 477
469 497
470 25
470 56
470 137
470 196
470 239
470 293
470 440
470 450
470 459
470 462
470 467
470 469
470 477
470 482
470 497
471 11
471 15
471 179
471 270
471 304
471 437
472 407
472 409
472 416
472 417
472 457
473 9
473 112
473 152
473 210
473 220
473 352
473 354
473 430
473 431
473 432
473 433
473 447
473 448
473 451
473 455
473 495
474 89
474 106
474 209
474 256
474 301
474 361
474 429
474 452
474 460
474 483
474 484
474 489
474 490
474 491
474 492
474 499
475 76
475 200
475 230
475 281
475 282
475 284
475 355
475 440
475 456
475 458
475 464
475 476
475 482
475 486
475 490
475 500
476 25
476 76
476 196
476 230
476 281
476 282
476 284
476 386
476 440
476 456
476 458
476 464
476 466
476 475
476 482
476 486
477 18
477 25
477 56
477 121
477 196
477 222
477 316
477 358
477 412
477 450
477 459
477 462
477 467
477 469
477 470
477 483
477 497
478 88
478 357
478 358
478 373
478 381
478 409
478 412
478 424
478 426
478 454
478 458
479 342
479 400
479 442
479 444
479 449
479 487
480 283
480 296
480 323
480 352
480 398
480 402
480 406
480 408
480 418
480 442
480 443
480 495
481 53
481 305
481 315
481 455
481 487
481 498
482 25
482 76
482 196
482 230
482 282
482 284
482 298
482 370
482 440
482 450
482 459
482 470
482 475
482 476
482 486
482 491
482 500
483 44
483 89
483 209
483 256
483 301
483 361
483 410
483 429
483 452
483 460
483 474
483 477
483 484
483 489
483 490
483 491
483 492
483 499
484 31
484 209
484 223
484 256
484 281
484 346
484 361
484 365
484 452
484 458
484 460
484 474
484 483
484 489
484 490
484 491
484 492
484 499
485 110
485 113
485 117
485 118
485 119
485 123
485 127
485 320
486 74
486 76
486 87
486 230
486 281
486 282
486 284
486 289
486 359
486 375
486 440
486 456
486 458
486 464
486 475
486 476
486 482
486 500
487 53
487 305
487 479
487 481
487 498
488 82
488 84
488 85
488 88
488 90
488 92
488 462
489 89
489 150
489 202
489 209
489 256
489 275
489 301
489 361
489 429
489 452
489 460
489 474
489 483
489 484
489 490
489 491
489 492
489 499
490 60
490 89
490 171
490 209
490 256
490 301
490 361
490 429
490 452
490 460
490 474
490 475
490 483
490 484
490 489
490 491
490 492
490 499
491 76
491 108
491 209
491 230
491 236
491 262
491 281
491 450
491 452
491 456
491 458
491 464
491 474
491 482
491 483
491 484
491 489
491 490
491 492
492 40
492 61
492 89
492 150
492 256
492 271
492 301
492 348
492 361
492 429
492 452
492 460
492 474
492 483
492 484
492 489
492 490
492 491
492 499
493 61
493 89
493 98
493 150
493 175
493 256
493 301
493 310
493 361
493 429
493 460
493 496
493 499
494 122
494 153
494 155
494 156
494 164
494 463
495 26
495 102
495 173
495 260
495 300
495 305
495 402
495 406
495 408
495 413
495 419
495 442
495 443
495 473
495 480
496 61
496 89
496 98
496 106
496 301
496 412
496 429
496 460
496 493
497 18
497 56
497 105
497 260
497 263
497 302
497 406
497 427
497 450
497 459
497 462
497 467
497 469
497 470
497 477
498 205
498 315
498 319
498 448
498 481
498 487
499 19
499 61
499 89
499 150
499 219
499 256
499 301
499 361
499 429
499 432
499 451
499 452
499 460
499 465
499 474
499 483
499 484
499 489
499 490
499 492
499 493
500 25
500 76
500 196
500 230
500 241
500 257
500 261
500 280
500 282
500 284
500 368
500 383
500 385
500 433
500 456
500 458
500 462
500 464
500 475
500 482
500 486
