1 37
2 6
3 28
4 35
5 6
6 10
7 14
8 35
9 2
10 35
11 21
12 11
13 7
14 39
15 19
16 9
17 40
18 36
19 22
20 1
21 30
22 17
23 11
24 36
25 15
26 7
27 19
28 14
29 31
30 5
31 35
32 17
33 28
34 40
35 30
36 33
37 40
38 3
39 20
40 14
41 22
42 4
43 18
44 28
45 12
46 16
47 27
48 11
49 5
50 39
51 30
52 8
53 35
54 26
55 23
56 33
57 21
58 10
59 39
60 2
61 35
62 11
63 15
64 39
65 11
66 25
67 37
68 38
69 26
70 39
71 33
72 15
73 24
74 33
75 38
76 8
77 38
78 36
79 25
80 13
81 8
82 12
83 4
84 3
85 39
86 13
87 6
88 34
89 19
90 7
91 19
92 32
93 36
94 26
95 39
96 36
97 14
98 9
99 17
100 19
101 8
102 35
103 13
104 2
105 24
106 30
107 19
108 14
109 23
110 22
111 37
112 28
113 24
114 36
115 15
116 1
117 25
118 19
119 1
120 23
121 17
122 3
123 12
124 23
125 26
126 5
127 24
128 6
129 33
130 30
131 37
132 35
133 31
134 31
135 5
136 35
137 4
138 12
139 34
140 35
141 7
142 8
143 34
144 22
145 21
146 34
147 26
148 9
149 30
150 32
151 24
152 20
153 34
154 20
155 37
156 32
157 38
158 3
159 2
160 15
161 33
162 32
163 15
164 15
165 19
166 38
167 28
168 1
169 15
170 34
171 38
172 4
173 33
174 14
175 27
176 9
177 13
178 35
179 9
180 11
181 27
182 3
183 30
184 20
185 32
186 10
187 37
188 15
189 1
190 10
191 4
192 22
193 24
194 7
195 23
196 4
197 10
198 18
199 36
200 12
201 26
202 26
203 38
204 38
205 17
206 8
207 10
208 22
209 8
210 14
211 25
212 20
213 19
214 3
215 25
216 37
217 31
218 33
219 1
220 21
221 3
222 8
223 33
224 30
225 9
226 31
227 24
228 23
229 24
230 1
231 21
232 36
233 29
234 3
235 31
236 16
237 13
238 7
239 13
240 19
241 40
242 40
243 1
244 10
245 10
246 20
247 40
248 21
249 12
250 1
251 29
252 5
253 11
254 22
255 22
256 1
257 11
258 31
259 35
260 1
261 31
262 34
263 13
264 37
265 40
266 15
267 33
268 39
269 19
270 21
271 27
272 18
273 24
274 28
275 3
276 9
277 33
278 16
279 24
280 2
281 26
282 27
283 5
284 33
285 21
286 14
287 29
288 7
289 27
290 15
291 4
292 30
293 3
294 29
295 25
296 6
297 15
298 28
299 20
300 5
301 2
302 13
303 39
304 38
305 25
306 17
307 36
308 9
309 5
310 13
311 21
312 26
313 10
314 15
315 26
316 33
317 38
318 15
319 5
320 40
321 18
322 18
323 20
324 18
325 30
326 37
327 13
328 34
329 18
330 40
331 29
332 19
333 32
334 29
335 4
336 30
337 6
338 20
339 16
340 18
341 17
342 40
343 40
344 34
345 20
346 34
347 28
348 34
349 22
350 18
351 7
352 17
353 21
354 15
355 11
356 27
357 13
358 18
359 21
360 16
361 40
362 2
363 29
364 37
365 36
366 21
367 12
368 21
369 26
370 30
371 24
372 34
373 24
374 15
375 37
376 17
377 25
378 9
379 15
380 24
381 14
382 31
383 36
384 37
385 11
386 38
387 24
388 22
389 39
390 16
391 6
392 30
393 4
394 13
395 32
396 13
397 14
398 14
399 11
400 9
401 15
402 21
403 18
404 12
405 5
406 3
407 21
408 7
409 19
410 24
411 23
412 11
413 12
414 7
415 31
416 2
417 7
418 5
419 33
420 9
421 3
422 2
423 13
424 19
425 2
426 16
427 1
428 33
429 20
430 5
431 14
432 32
433 13
434 4
435 29
436 30
437 19
438 13
439 33
440 24
441 37
442 24
443 13
444 3
445 7
446 30
447 31
448 37
449 15
450 12
451 12
452 27
453 14
454 35
455 32
456 14
457 5
458 34
459 8
460 39
461 12
462 15
463 34
464 19
465 19
466 5
467 3
468 37
469 30
470 34
471 15
472 34
473 34
474 33
475 15
476 13
477 33
478 14
479 19
480 24
481 33
482 14
483 25
484 33
485 14
486 33
487 21
488 13
489 14
490 19
491 33
492 24
493 3
494 24
495 24
496 24
497 3
498 16
499 24
500 33
