1 45
1 120
1 160
1 211
1 475
2 76
2 123
2 401
2 465
2 469
3 5
3 180
3 274
3 278
3 480
4 37
4 169
4 369
4 430
4 449
5 3
5 56
5 403
5 440
5 464
6 329
6 453
6 454
6 457
6 479
7 297
7 439
7 475
7 476
7 484
8 72
8 88
8 453
8 462
8 480
9 212
9 326
9 423
9 468
9 494
10 47
10 83
10 308
10 395
10 469
11 254
11 311
11 330
11 338
11 364
12 305
12 310
12 431
12 454
12 480
13 102
13 196
13 215
13 442
13 463
14 20
14 329
14 345
14 395
14 458
15 295
15 319
15 352
15 363
15 452
16 73
16 286
16 432
16 443
16 482
17 98
17 112
17 204
17 408
17 433
18 40
18 278
18 438
18 466
18 484
19 128
19 276
19 310
19 314
19 463
20 14
20 21
20 374
20 380
20 416
21 20
21 400
21 417
21 453
21 464
22 224
22 348
22 435
22 455
22 494
23 284
23 377
23 452
23 478
23 495
24 254
24 321
24 325
24 466
24 496
25 385
25 431
25 456
25 466
25 495
26 330
26 414
26 465
26 472
26 484
27 64
27 233
27 415
27 435
27 493
28 184
28 241
28 287
28 426
28 444
29 183
29 239
29 412
29 451
29 454
30 87
30 171
30 269
30 422
30 482
31 220
31 446
31 484
31 485
31 498
32 88
32 113
32 294
32 441
32 450
33 204
33 248
33 262
33 446
33 461
34 95
34 196
34 213
34 422
34 481
35 68
35 381
35 446
35 461
35 493
36 38
36 435
36 455
36 479
36 483
37 4
37 90
37 97
37 103
37 391
38 36
38 437
38 449
38 473
38 490
39 155
39 309
39 311
39 421
39 487
40 18
40 176
40 261
40 325
40 364
41 208
41 233
41 350
41 457
41 481
42 51
42 384
42 447
42 461
42 472
43 62
43 120
43 273
43 372
43 475
44 170
44 334
44 414
44 429
44 494
45 1
45 78
45 145
45 486
45 493
46 99
46 109
46 143
46 209
46 435
47 10
47 166
47 190
47 381
47 386
48 158
48 198
48 427
48 462
48 468
49 279
49 400
49 412
49 460
49 474
50 266
50 409
50 429
50 435
50 489
51 42
51 207
51 453
51 472
51 477
52 179
52 316
52 380
52 396
52 480
53 207
53 329
53 398
53 486
53 494
54 63
54 132
54 251
54 302
54 373
55 221
55 350
55 425
55 482
55 499
56 5
56 191
56 199
56 331
56 372
57 109
57 112
57 129
57 278
57 459
58 206
58 239
58 272
58 425
58 499
59 282
59 299
59 313
59 388
59 500
60 307
60 399
60 415
60 444
60 488
61 233
61 306
61 413
61 478
61 492
62 43
62 187
62 200
62 354
62 428
63 54
63 363
63 365
63 387
63 486
64 27
64 69
64 135
64 395
64 412
65 293
65 311
65 388
65 463
65 500
66 185
66 222
66 264
66 434
66 435
67 224
67 236
67 409
67 465
67 498
68 35
68 287
68 415
68 467
68 474
69 64
69 358
69 405
69 463
69 469
70 125
70 231
70 245
70 414
70 469
71 128
71 220
71 244
71 446
71 466
72 8
72 285
72 321
72 359
72 495
73 16
73 185
73 269
73 425
73 487
74 91
74 271
74 439
74 466
74 494
75 108
75 115
75 176
75 434
75 471
76 2
76 88
76 209
76 462
76 496
77 430
77 434
77 470
77 489
77 497
78 45
78 115
78 187
78 321
78 450
79 198
79 349
79 422
79 428
79 454
80 235
80 294
80 334
80 482
80 485
81 192
81 393
81 395
81 422
81 475
82 121
82 151
82 163
82 280
82 407
83 10
83 176
83 313
83 450
83 489
84 147
84 420
84 442
84 467
84 490
85 218
85 373
85 429
85 443
85 460
86 142
86 320
86 406
86 450
86 489
87 30
87 236
87 423
87 467
87 486
88 8
88 32
88 76
88 270
88 438
89 174
89 385
89 439
89 442
89 495
90 37
90 301
90 339
90 462
90 479
91 74
91 312
91 402
91 466
91 490
92 100
92 135
92 205
92 359
92 499
93 152
93 157
93 334
93 401
93 410
94 237
94 238
94 353
94 356
94 418
95 34
95 118
95 414
95 471
95 491
96 185
96 277
96 348
96 455
96 500
97 37
97 135
97 200
97 441
97 450
98 17
98 104
98 227
98 393
98 429
99 46
99 106
99 142
99 280
99 456
100 92
100 120
100 140
100 348
100 370
101 166
101 170
101 200
101 300
101 444
102 13
102 227
102 372
102 484
102 500
103 37
103 296
103 425
103 445
103 489
104 98
104 307
104 392
104 395
104 400
105 130
105 392
105 438
105 458
105 483
106 99
106 153
106 180
106 236
106 476
107 190
107 210
107 346
107 428
107 485
108 75
108 256
108 459
108 474
108 476
109 46
109 57
109 141
109 298
109 449
110 207
110 262
110 443
110 467
110 499
111 113
111 380
111 393
111 421
111 442
112 17
112 57
112 160
112 247
112 348
113 32
113 111
113 198
113 458
113 494
114 204
114 373
114 408
114 433
114 495
115 75
115 78
115 130
115 243
115 458
116 177
116 222
116 400
116 450
116 456
117 194
117 264
117 310
117 480
117 498
118 95
118 154
118 438
118 464
118 493
119 336
119 402
119 456
119 459
119 480
120 1
120 43
120 100
120 308
120 444
121 82
121 322
121 394
121 417
121 471
122 211
122 320
122 361
122 436
122 498
123 2
123 201
123 243
123 460
123 469
124 240
124 391
124 418
124 487
124 497
125 70
125 224
125 245
125 300
125 490
126 250
126 270
126 402
126 473
126 476
127 141
127 173
127 361
127 368
127 485
128 19
128 71
128 245
128 286
128 359
129 57
129 170
129 387
129 392
129 439
130 105
130 115
130 248
130 279
130 474
131 147
131 269
131 333
131 347
131 457
132 54
132 462
132 495
132 498
132 499
133 223
133 319
133 363
133 443
133 448
134 221
134 257
134 426
134 445
134 486
135 64
135 92
135 97
135 240
135 292
136 273
136 282
136 297
136 450
136 493
137 352
137 376
137 441
137 445
137 459
138 166
138 241
138 289
138 346
138 477
139 176
139 276
139 363
139 471
139 485
140 100
140 297
140 452
140 487
140 495
141 109
141 127
141 236
141 397
141 496
142 86
142 99
142 341
142 378
142 446
143 46
143 157
143 313
143 365
143 493
144 153
144 268
144 295
144 368
144 407
145 45
145 212
145 228
145 263
145 476
146 358
146 429
146 456
146 470
146 496
147 84
147 131
147 234
147 464
147 499
148 195
148 374
148 380
148 422
148 496
149 268
149 270
149 381
149 456
149 469
150 188
150 202
150 263
150 317
150 429
151 82
151 184
151 281
151 392
151 494
152 93
152 235
152 359
152 392
152 465
153 106
153 144
153 269
153 428
153 481
154 118
154 268
154 281
154 288
154 438
155 39
155 175
155 186
155 426
155 494
156 157
156 233
156 259
156 482
156 487
157 93
157 143
157 156
157 193
157 496
158 48
158 259
158 383
158 426
158 455
159 237
159 262
159 342
159 415
159 461
160 1
160 112
160 277
160 352
160 461
161 191
161 202
161 366
161 451
161 490
162 351
162 379
162 472
162 487
162 489
163 82
163 344
163 377
163 441
163 477
164 278
164 334
164 374
164 399
164 494
165 205
165 283
165 284
165 329
165 335
166 47
166 101
166 138
166 314
166 323
167 270
167 346
167 379
167 400
167 409
168 238
168 372
168 408
168 431
168 456
169 4
169 393
169 442
169 471
169 491
170 44
170 101
170 129
170 328
170 408
171 30
171 328
171 347
171 404
171 465
172 228
172 293
172 337
172 432
172 460
173 127
173 214
173 363
173 402
173 444
174 89
174 197
174 250
174 409
174 472
175 155
175 294
175 338
175 412
175 491
176 40
176 75
176 83
176 139
176 279
177 116
177 198
177 232
177 319
177 393
178 345
178 371
178 422
178 467
178 488
179 52
179 298
179 399
179 459
179 490
180 3
180 106
180 191
180 392
180 424
181 271
181 315
181 337
181 424
181 483
182 221
182 319
182 330
182 410
182 466
182 494
183 29
183 292
183 314
183 326
183 436
183 451
184 28
184 151
184 311
184 327
184 370
184 408
185 66
185 73
185 96
185 302
185 412
185 487
186 155
186 233
186 294
186 349
186 479
186 486
187 62
187 78
187 195
187 458
187 481
187 491
188 150
188 299
188 360
188 370
188 415
188 487
189 211
189 257
189 293
189 417
189 451
189 455
190 47
190 107
190 303
190 358
190 432
190 498
191 56
191 161
191 180
191 379
191 380
191 400
192 81
192 204
192 206
192 455
192 485
192 490
193 157
193 194
193 240
193 265
193 306
193 327
194 117
194 193
194 259
194 340
194 373
194 396
195 148
195 187
195 212
195 379
195 442
195 483
196 13
196 34
196 328
196 375
196 416
196 468
197 174
197 275
197 371
197 393
197 453
197 493
198 48
198 79
198 113
198 177
198 391
198 439
199 56
199 398
199 426
199 444
199 459
199 473
200 62
200 97
200 101
200 256
200 304
200 458
201 123
201 343
201 374
201 379
201 447
201 481
202 150
202 161
202 234
202 267
202 298
202 434
203 221
203 378
203 387
203 414
203 486
203 500
204 17
204 33
204 114
204 192
204 344
204 422
205 92
205 165
205 276
205 364
205 440
205 473
206 58
206 192
206 345
206 415
206 449
206 485
207 51
207 53
207 110
207 330
207 460
207 499
208 41
208 219
208 347
208 358
208 442
208 494
209 46
209 76
209 222
209 262
209 398
209 448
210 107
210 309
210 311
210 366
210 453
210 477
211 1
211 122
211 189
211 337
211 455
211 457
212 9
212 145
212 195
212 274
212 282
212 411
213 34
213 341
213 473
213 477
213 478
213 496
214 173
214 332
214 350
214 443
214 462
214 470
215 13
215 291
215 304
215 373
215 480
215 497
216 260
216 283
216 365
216 391
216 418
216 492
217 319
217 375
217 402
217 460
217 473
217 474
218 85
218 241
218 252
218 456
218 486
218 492
219 208
219 284
219 410
219 416
219 491
219 497
220 31
220 71
220 252
220 258
220 444
220 494
221 55
221 134
221 182
221 203
221 463
221 494
222 66
222 116
222 209
222 252
222 394
222 456
223 133
223 394
223 405
223 448
223 467
223 482
224 22
224 67
224 125
224 368
224 457
224 461
225 226
225 244
225 267
225 307
225 450
225 456
226 225
226 302
226 345
226 377
226 394
226 467
227 98
227 102
227 333
227 381
227 414
227 469
228 145
228 172
228 411
228 416
228 444
228 483
229 242
229 339
229 356
229 362
229 369
229 384
230 360
230 386
230 411
230 438
230 444
230 487
231 70
231 323
231 325
231 339
231 383
231 385
232 177
232 241
232 325
232 388
232 408
232 421
233 27
233 41
233 61
233 156
233 186
233 459
234 147
234 202
234 318
234 416
234 445
234 457
235 80
235 152
235 305
235 339
235 379
235 397
236 67
236 87
236 106
236 141
236 245
236 335
237 94
237 159
237 431
237 443
237 453
237 500
238 94
238 168
238 265
238 380
238 429
238 445
239 29
239 58
239 382
239 398
239 421
239 488
240 124
240 135
240 193
240 288
240 318
240 380
241 28
241 138
241 218
241 232
241 300
241 488
242 229
242 344
242 417
242 460
242 488
242 491
243 115
243 123
243 274
243 288
243 370
243 439
244 71
244 225
244 318
244 323
244 482
244 487
245 70
245 125
245 128
245 236
245 448
245 471
246 251
246 279
246 281
246 357
246 475
246 499
247 112
247 337
247 430
247 432
247 451
247 496
248 33
248 130
248 261
248 390
248 473
248 497
249 334
249 340
249 369
249 428
249 475
249 492
250 126
250 174
250 326
250 438
250 496
250 498
251 54
251 246
251 351
251 444
251 453
251 499
252 218
252 220
252 222
252 274
252 479
252 489
253 275
253 345
253 351
253 398
253 425
253 448
254 11
254 24
254 338
254 407
254 421
254 438
255 292
255 362
255 384
255 419
255 471
255 482
256 108
256 200
256 355
256 393
256 449
256 476
257 134
257 189
257 354
257 371
257 485
257 492
258 220
258 295
258 305
258 410
258 482
258 488
259 156
259 158
259 194
259 323
259 341
259 425
260 216
260 328
260 342
260 346
260 440
260 498
261 40
261 248
261 264
261 281
261 445
261 464
262 33
262 110
262 159
262 209
262 283
262 478
263 145
263 150
263 310
263 406
263 423
263 499
264 66
264 117
264 261
264 266
264 372
264 496
265 193
265 238
265 289
265 357
265 426
265 489
266 50
266 264
266 306
266 432
266 472
266 476
267 202
267 225
267 285
267 441
267 477
267 489
268 144
268 149
268 154
268 386
268 463
268 476
269 30
269 73
269 131
269 153
269 280
269 378
270 88
270 126
270 149
270 167
270 369
270 388
271 74
271 181
271 301
271 404
271 478
271 495
272 58
272 281
272 369
272 387
272 422
272 494
273 43
273 136
273 329
273 354
273 389
273 418
274 3
274 212
274 243
274 252
274 300
274 347
275 197
275 253
275 309
275 317
275 366
275 490
276 19
276 139
276 205
276 351
276 355
276 437
277 96
277 160
277 293
277 453
277 455
277 482
278 3
278 18
278 57
278 164
278 483
278 488
279 49
279 130
279 176
279 246
279 324
279 386
280 82
280 99
280 269
280 378
280 401
280 482
280 493
281 151
281 154
281 246
281 261
281 272
281 343
281 483
282 59
282 136
282 212
282 299
282 342
282 358
282 488
283 165
283 216
283 262
283 378
283 439
283 441
283 460
284 23
284 165
284 219
284 289
284 404
284 450
284 493
285 72
285 267
285 339
285 385
285 478
285 483
285 485
286 16
286 128
286 316
286 388
286 420
286 421
286 434
287 28
287 68
287 300
287 376
287 382
287 447
287 491
288 154
288 240
288 243
288 293
288 327
288 351
288 427
289 138
289 265
289 284
289 349
289 405
289 411
289 487
290 296
290 352
290 357
290 359
290 386
290 441
290 490
291 215
291 297
291 353
291 385
291 430
291 431
291 442
292 135
292 183
292 255
292 359
292 437
292 443
292 499
293 65
293 172
293 189
293 277
293 288
293 298
293 485
294 32
294 80
294 175
294 186
294 356
294 441
294 469
295 15
295 144
295 258
295 321
295 410
295 494
295 499
296 103
296 290
296 300
296 346
296 436
296 481
296 484
297 7
297 136
297 140
297 291
297 342
297 441
297 476
298 109
298 179
298 202
298 293
298 398
298 399
298 439
299 59
299 188
299 282
299 358
299 417
299 446
299 478
300 101
300 125
300 241
300 274
300 287
300 296
300 479
301 90
301 271
301 331
301 394
301 476
301 484
301 498
302 54
302 185
302 226
302 362
302 373
302 403
302 462
303 190
303 312
303 385
303 406
303 450
303 451
303 493
304 200
304 215
304 334
304 366
304 373
304 424
304 487
305 12
305 235
305 258
305 343
305 366
305 440
305 458
306 61
306 193
306 266
306 319
306 420
306 470
306 489
307 60
307 104
307 225
307 322
307 427
307 434
307 456
308 10
308 120
308 336
308 396
308 397
308 443
308 482
309 39
309 210
309 275
309 311
309 327
309 389
309 486
310 12
310 19
310 117
310 263
310 322
310 435
310 484
311 11
311 39
311 65
311 184
311 210
311 309
311 419
312 91
312 303
312 347
312 349
312 406
312 413
312 458
313 59
313 83
313 143
313 356
313 423
313 490
313 492
314 19
314 166
314 183
314 385
314 481
314 493
314 494
315 181
315 330
315 354
315 399
315 454
315 477
315 483
316 52
316 286
316 318
316 404
316 437
316 453
316 470
317 150
317 275
317 380
317 382
317 437
317 443
317 482
318 234
318 240
318 244
318 316
318 357
318 423
318 472
319 15
319 133
319 177
319 182
319 217
319 306
319 377
320 86
320 122
320 322
320 324
320 343
320 402
320 406
321 24
321 72
321 78
321 295
321 383
321 478
321 490
322 121
322 307
322 310
322 320
322 416
322 468
322 481
323 166
323 231
323 244
323 259
323 383
323 387
323 397
324 279
324 320
324 372
324 434
324 447
324 487
324 488
325 24
325 40
325 231
325 232
325 334
325 403
325 424
326 9
326 183
326 250
326 361
326 427
326 443
326 494
327 184
327 193
327 288
327 309
327 432
327 474
327 492
328 170
328 171
328 196
328 260
328 383
328 410
328 413
329 6
329 14
329 53
329 165
329 273
329 441
329 484
330 11
330 26
330 182
330 207
330 315
330 400
330 423
331 56
331 301
331 411
331 418
331 455
331 465
331 481
332 214
332 335
332 337
332 469
332 475
332 484
332 498
333 131
333 227
333 449
333 469
333 479
333 486
333 495
334 44
334 80
334 93
334 164
334 249
334 304
334 325
335 165
335 236
335 332
335 361
335 472
335 474
335 489
336 119
336 308
336 368
336 431
336 497
336 499
336 500
337 172
337 181
337 211
337 247
337 332
337 358
337 427
338 11
338 175
338 254
338 366
338 438
338 456
338 497
339 90
339 229
339 231
339 235
339 285
339 403
339 478
340 194
340 249
340 343
340 396
340 445
340 464
340 482
341 142
341 213
341 259
341 428
341 470
341 475
341 495
342 159
342 260
342 282
342 297
342 395
342 446
342 461
342 476
343 201
343 281
343 305
343 320
343 340
343 367
343 403
343 493
344 163
344 204
344 242
344 368
344 378
344 411
344 452
344 497
345 14
345 178
345 206
345 226
345 253
345 448
345 450
345 468
346 107
346 138
346 167
346 260
346 296
346 432
346 472
346 474
347 131
347 171
347 208
347 274
347 312
347 424
347 457
347 499
348 22
348 96
348 100
348 112
348 351
348 455
348 484
348 495
349 79
349 186
349 289
349 312
349 356
349 357
349 435
349 449
350 41
350 55
350 214
350 361
350 362
350 454
350 459
350 483
351 162
351 251
351 253
351 276
351 288
351 348
351 405
351 500
352 15
352 137
352 160
352 290
352 460
352 479
352 480
352 489
353 94
353 291
353 376
353 414
353 429
353 476
353 485
353 489
354 62
354 257
354 273
354 315
354 376
354 403
354 485
354 492
355 256
355 276
355 364
355 377
355 381
355 398
355 409
355 418
356 94
356 229
356 294
356 313
356 349
356 388
356 396
356 498
357 246
357 265
357 290
357 318
357 349
357 395
357 405
357 406
358 69
358 146
358 190
358 208
358 282
358 299
358 337
358 499
359 72
359 92
359 128
359 152
359 290
359 292
359 367
359 491
360 188
360 230
360 406
360 417
360 420
360 465
360 488
360 497
361 122
361 127
361 326
361 335
361 350
361 391
361 398
361 429
362 229
362 255
362 302
362 350
362 365
362 410
362 474
362 486
363 15
363 63
363 133
363 139
363 173
363 369
363 473
363 496
364 11
364 40
364 205
364 355
364 390
364 407
364 440
364 493
365 63
365 143
365 216
365 362
365 371
365 419
365 451
365 493
366 161
366 210
366 275
366 304
366 305
366 338
366 436
366 486
367 343
367 359
367 413
367 449
367 451
367 485
367 491
367 492
368 127
368 144
368 224
368 336
368 344
368 407
368 452
368 476
369 4
369 229
369 249
369 270
369 272
369 363
369 479
369 490
370 100
370 184
370 188
370 243
370 415
370 465
370 493
370 495
371 178
371 197
371 257
371 365
371 434
371 438
371 444
371 490
372 43
372 56
372 102
372 168
372 264
372 324
372 470
372 499
373 54
373 85
373 114
373 194
373 215
373 302
373 304
373 493
374 20
374 148
374 164
374 201
374 376
374 399
374 447
374 491
375 196
375 217
375 427
375 436
375 448
375 468
375 483
375 499
376 137
376 287
376 353
376 354
376 374
376 392
376 393
376 464
377 23
377 163
377 226
377 319
377 355
377 413
377 473
377 483
378 142
378 203
378 269
378 280
378 283
378 344
378 415
378 495
379 162
379 167
379 191
379 195
379 201
379 235
379 408
379 485
380 20
380 52
380 111
380 148
380 191
380 238
380 240
380 317
381 35
381 47
381 149
381 227
381 355
381 386
381 419
381 452
382 239
382 287
382 317
382 406
382 420
382 473
382 496
382 499
383 158
383 231
383 321
383 323
383 328
383 409
383 473
383 498
384 42
384 229
384 255
384 385
384 387
384 426
384 452
384 465
384 485
385 25
385 89
385 231
385 285
385 291
385 303
385 314
385 384
385 442
386 47
386 230
386 268
386 279
386 290
386 381
386 413
386 470
386 471
387 63
387 129
387 203
387 272
387 323
387 384
387 411
387 484
387 486
388 59
388 65
388 232
388 270
388 286
388 356
388 403
388 475
388 487
389 273
389 309
389 391
389 418
389 426
389 457
389 468
389 472
389 498
390 248
390 364
390 424
390 431
390 433
390 435
390 454
390 466
390 473
391 37
391 124
391 198
391 216
391 361
391 389
391 412
391 418
391 470
392 104
392 105
392 129
392 151
392 152
392 180
392 376
392 478
392 481
393 81
393 98
393 111
393 169
393 177
393 197
393 256
393 376
393 468
394 121
394 222
394 223
394 226
394 301
394 396
394 435
394 436
394 473
395 10
395 14
395 64
395 81
395 104
395 342
395 357
395 459
395 491
396 52
396 194
396 308
396 340
396 356
396 394
396 428
396 447
396 490
397 141
397 235
397 308
397 323
397 402
397 460
397 467
397 496
397 500
398 53
398 199
398 209
398 239
398 253
398 298
398 355
398 361
398 500
399 60
399 164
399 179
399 298
399 315
399 374
399 466
399 488
399 496
400 21
400 49
400 104
400 116
400 167
400 191
400 330
400 404
400 466
401 2
401 93
401 280
401 407
401 408
401 410
401 440
401 467
401 478
402 91
402 119
402 126
402 173
402 217
402 320
402 397
402 437
402 497
403 5
403 302
403 325
403 339
403 343
403 354
403 388
403 442
403 499
404 171
404 271
404 284
404 316
404 400
404 427
404 480
404 497
404 500
405 69
405 223
405 289
405 351
405 357
405 412
405 417
405 497
405 500
406 86
406 263
406 303
406 312
406 320
406 357
406 360
406 382
406 497
407 82
407 144
407 254
407 364
407 368
407 401
407 452
407 457
407 478
408 17
408 114
408 168
408 170
408 184
408 232
408 379
408 401
408 431
409 50
409 67
409 167
409 174
409 355
409 383
409 432
409 433
409 489
409 492
410 93
410 182
410 219
410 258
410 295
410 328
410 362
410 401
410 440
410 479
411 212
411 228
411 230
411 289
411 331
411 344
411 387
411 417
411 421
411 500
412 29
412 49
412 64
412 175
412 185
412 391
412 405
412 447
412 471
412 491
413 61
413 312
413 328
413 367
413 377
413 386
413 449
413 466
413 478
413 492
414 26
414 44
414 70
414 95
414 203
414 227
414 353
414 429
414 435
414 436
415 27
415 60
415 68
415 159
415 188
415 206
415 370
415 378
415 439
415 480
416 20
416 196
416 219
416 228
416 234
416 322
416 425
416 457
416 496
416 498
417 21
417 121
417 189
417 242
417 299
417 360
417 405
417 411
417 419
417 477
418 94
418 124
418 216
418 273
418 331
418 355
418 389
418 391
418 424
418 468
419 255
419 311
419 365
419 381
419 417
419 427
419 463
419 474
419 477
419 484
420 84
420 286
420 306
420 360
420 382
420 423
420 430
420 441
420 492
420 498
421 39
421 111
421 232
421 239
421 254
421 286
421 411
421 445
421 487
421 497
422 30
422 34
422 79
422 81
422 148
422 178
422 204
422 272
422 464
422 490
423 9
423 87
423 263
423 313
423 318
423 330
423 420
423 452
423 484
423 499
424 180
424 181
424 304
424 325
424 347
424 390
424 418
424 445
424 448
424 475
425 55
425 58
425 73
425 103
425 253
425 259
425 416
425 448
425 460
425 468
426 28
426 134
426 155
426 158
426 199
426 265
426 384
426 389
426 430
426 500
427 48
427 288
427 307
427 326
427 337
427 375
427 404
427 419
427 446
427 491
427 500
428 62
428 79
428 107
428 153
428 249
428 341
428 396
428 479
428 490
428 494
428 498
429 44
429 50
429 85
429 98
429 146
429 150
429 238
429 353
429 361
429 414
429 448
430 4
430 77
430 247
430 291
430 420
430 426
430 440
430 475
430 477
430 484
430 495
431 12
431 25
431 168
431 237
431 291
431 336
431 390
431 408
431 474
431 487
431 497
432 16
432 172
432 190
432 247
432 266
432 327
432 346
432 409
432 447
432 452
432 474
433 17
433 114
433 390
433 409
433 436
433 439
433 463
433 465
433 471
433 481
433 488
434 66
434 75
434 77
434 202
434 286
434 307
434 324
434 371
434 437
434 443
434 464
435 22
435 27
435 36
435 46
435 50
435 66
435 310
435 349
435 390
435 394
435 414
436 122
436 183
436 296
436 366
436 375
436 394
436 414
436 433
436 475
436 498
436 500
437 38
437 276
437 292
437 316
437 317
437 402
437 434
437 455
437 466
437 467
437 482
438 18
438 88
438 105
438 118
438 154
438 230
438 250
438 254
438 338
438 371
438 480
439 7
439 74
439 89
439 129
439 198
439 243
439 283
439 298
439 415
439 433
439 466
439 493
440 5
440 205
440 260
440 305
440 364
440 401
440 410
440 430
440 468
440 472
440 480
440 489
441 32
441 97
441 137
441 163
441 267
441 283
441 290
441 294
441 297
441 329
441 420
441 492
442 13
442 84
442 89
442 111
442 169
442 195
442 208
442 291
442 385
442 403
442 484
442 490
443 16
443 85
443 110
443 133
443 214
443 237
443 292
443 308
443 317
443 326
443 434
443 464
444 28
444 60
444 101
444 120
444 173
444 199
444 220
444 228
444 230
444 251
444 371
444 454
445 103
445 134
445 137
445 234
445 238
445 261
445 340
445 421
445 424
445 458
445 469
445 492
446 31
446 33
446 35
446 71
446 142
446 299
446 342
446 427
446 461
446 465
446 477
446 486
447 42
447 201
447 287
447 324
447 374
447 396
447 412
447 432
447 452
447 471
447 491
447 495
448 133
448 209
448 223
448 245
448 253
448 345
448 375
448 424
448 425
448 429
448 468
448 491
449 4
449 38
449 109
449 206
449 256
449 333
449 349
449 367
449 413
449 454
449 485
449 492
450 32
450 78
450 83
450 86
450 97
450 116
450 136
450 225
450 284
450 303
450 345
450 468
451 29
451 161
451 183
451 189
451 247
451 303
451 365
451 367
451 459
451 462
451 463
451 484
452 15
452 23
452 140
452 344
452 368
452 381
452 384
452 407
452 423
452 432
452 447
452 469
453 6
453 8
453 21
453 51
453 197
453 210
453 237
453 251
453 277
453 316
453 457
453 462
453 497
454 6
454 12
454 29
454 79
454 315
454 350
454 390
454 444
454 449
454 458
454 461
454 480
454 483
455 22
455 36
455 96
455 158
455 189
455 192
455 211
455 277
455 331
455 348
455 437
455 461
455 489
456 25
456 99
456 116
456 119
456 146
456 149
456 168
456 218
456 222
456 225
456 307
456 338
456 474
457 6
457 41
457 131
457 211
457 224
457 234
457 347
457 389
457 407
457 416
457 453
457 461
457 496
458 14
458 105
458 113
458 115
458 187
458 200
458 305
458 312
458 445
458 454
458 461
458 489
458 496
459 57
459 108
459 119
459 137
459 179
459 199
459 233
459 350
459 395
459 451
459 470
459 477
459 496
460 49
460 85
460 123
460 172
460 207
460 217
460 242
460 283
460 352
460 397
460 425
460 464
460 480
461 33
461 35
461 42
461 159
461 160
461 224
461 342
461 446
461 454
461 455
461 457
461 458
461 500
462 8
462 48
462 76
462 90
462 132
462 214
462 302
462 451
462 453
462 470
462 471
462 487
462 497
463 13
463 19
463 65
463 69
463 221
463 268
463 419
463 433
463 451
463 479
463 481
463 486
463 489
464 5
464 21
464 118
464 147
464 261
464 340
464 376
464 422
464 434
464 443
464 460
464 472
464 474
465 2
465 26
465 67
465 152
465 171
465 331
465 360
465 370
465 384
465 433
465 446
465 466
465 488
466 18
466 24
466 25
466 71
466 74
466 91
466 182
466 390
466 399
466 400
466 413
466 437
466 439
466 465
467 68
467 84
467 87
467 110
467 178
467 223
467 226
467 397
467 401
467 437
467 473
467 478
467 482
467 493
468 9
468 48
468 196
468 322
468 345
468 375
468 389
468 393
468 418
468 425
468 440
468 448
468 450
468 469
469 2
469 10
469 69
469 70
469 123
469 149
469 227
469 294
469 332
469 333
469 445
469 452
469 468
469 475
470 77
470 146
470 214
470 306
470 316
470 341
470 372
470 386
470 391
470 459
470 462
470 479
470 481
470 500
471 75
471 95
471 121
471 139
471 169
471 245
471 255
471 386
471 412
471 433
471 447
471 462
471 483
471 491
471 492
472 26
472 42
472 51
472 162
472 174
472 266
472 318
472 335
472 346
472 389
472 440
472 464
472 479
472 488
472 497
473 38
473 126
473 199
473 205
473 213
473 217
473 248
473 363
473 377
473 382
473 383
473 390
473 394
473 467
473 486
474 49
474 68
474 108
474 130
474 217
474 327
474 335
474 346
474 362
474 419
474 431
474 432
474 456
474 464
474 491
475 1
475 7
475 43
475 81
475 246
475 249
475 332
475 341
475 388
475 424
475 430
475 436
475 469
475 495
475 498
476 7
476 106
476 108
476 126
476 145
476 256
476 266
476 268
476 297
476 301
476 342
476 353
476 368
476 490
476 496
477 51
477 138
477 163
477 210
477 213
477 267
477 315
477 417
477 419
477 430
477 446
477 459
477 481
477 486
477 488
477 495
478 23
478 61
478 213
478 262
478 271
478 285
478 299
478 321
478 339
478 392
478 401
478 407
478 413
478 467
478 479
478 488
479 6
479 36
479 90
479 186
479 252
479 300
479 333
479 352
479 369
479 410
479 428
479 463
479 470
479 472
479 478
479 489
480 3
480 8
480 12
480 52
480 117
480 119
480 215
480 352
480 404
480 415
480 438
480 440
480 454
480 460
480 483
480 493
481 34
481 41
481 153
481 187
481 201
481 296
481 314
481 322
481 331
481 392
481 433
481 463
481 470
481 477
481 483
481 491
482 16
482 30
482 55
482 80
482 156
482 223
482 244
482 255
482 258
482 277
482 280
482 308
482 317
482 340
482 437
482 467
482 492
483 36
483 105
483 181
483 195
483 228
483 278
483 281
483 285
483 315
483 350
483 375
483 377
483 454
483 471
483 480
483 481
483 500
484 7
484 18
484 26
484 31
484 102
484 296
484 301
484 310
484 329
484 332
484 348
484 387
484 419
484 423
484 430
484 442
484 451
484 495
485 31
485 80
485 107
485 127
485 139
485 192
485 206
485 257
485 285
485 293
485 353
485 354
485 367
485 379
485 384
485 449
485 486
485 492
486 45
486 53
486 63
486 87
486 134
486 186
486 203
486 218
486 309
486 333
486 362
486 366
486 387
486 446
486 463
486 473
486 477
486 485
487 39
487 73
487 124
487 140
487 156
487 162
487 185
487 188
487 230
487 244
487 289
487 304
487 324
487 388
487 421
487 431
487 462
487 500
488 60
488 178
488 239
488 241
488 242
488 258
488 278
488 282
488 324
488 360
488 399
488 433
488 465
488 472
488 477
488 478
488 494
488 497
489 50
489 77
489 83
489 86
489 103
489 162
489 252
489 265
489 267
489 306
489 335
489 352
489 353
489 409
489 440
489 455
489 458
489 463
489 479
490 38
490 84
490 91
490 125
490 161
490 179
490 192
490 275
490 290
490 313
490 321
490 369
490 371
490 396
490 422
490 428
490 442
490 476
490 491
491 95
491 169
491 175
491 187
491 219
491 242
491 287
491 359
491 367
491 374
491 395
491 412
491 427
491 447
491 448
491 471
491 474
491 481
491 490
492 61
492 216
492 218
492 249
492 257
492 313
492 327
492 354
492 367
492 409
492 413
492 420
492 441
492 445
492 449
492 471
492 482
492 485
492 497
493 27
493 35
493 45
493 118
493 136
493 143
493 197
493 280
493 284
493 303
493 314
493 343
493 364
493 365
493 370
493 373
493 439
493 467
493 480
494 9
494 22
494 44
494 53
494 74
494 113
494 151
494 155
494 164
494 182
494 208
494 220
494 221
494 272
494 295
494 314
494 326
494 428
494 488
495 23
495 25
495 72
495 89
495 114
495 132
495 140
495 271
495 333
495 341
495 348
495 370
495 378
495 430
495 447
495 475
495 477
495 484
495 498
495 500
496 24
496 76
496 141
496 146
496 148
496 157
496 213
496 247
496 250
496 264
496 363
496 382
496 397
496 399
496 416
496 457
496 458
496 459
496 476
496 498
497 77
497 124
497 215
497 219
497 248
497 336
497 338
497 344
497 360
497 402
497 404
497 405
497 406
497 421
497 431
497 453
497 462
497 472
497 488
497 492
498 31
498 67
498 117
498 122
498 132
498 190
498 250
498 260
498 301
498 332
498 356
498 383
498 389
498 416
498 420
498 428
498 436
498 475
498 495
498 496
499 55
499 58
499 92
499 110
499 132
499 147
499 207
499 246
499 251
499 263
499 292
499 295
499 336
499 347
499 358
499 372
499 375
499 382
499 403
499 423
500 59
500 65
500 96
500 102
500 203
500 237
500 336
500 351
500 397
500 398
500 404
500 405
500 411
500 426
500 427
500 436
500 461
500 470
500 483
500 487
500 495
