1 6
2 11
3 35
4 1
5 35
6 27
7 13
8 31
9 28
10 4
11 25
12 4
13 29
14 30
15 15
16 31
17 19
18 34
19 17
20 6
21 33
22 27
23 27
24 10
25 33
26 3
27 23
28 7
29 23
30 22
31 17
32 1
33 19
34 4
35 20
36 18
37 7
38 29
39 16
40 28
41 33
42 34
43 23
44 36
45 26
46 30
47 34
48 1
49 14
50 3
51 1
52 25
53 19
54 15
55 34
56 3
57 1
58 25
59 25
60 7
61 27
62 5
63 23
64 5
65 34
66 34
67 21
68 7
69 35
70 26
71 34
72 19
73 27
74 11
75 7
76 36
77 13
78 36
79 33
80 11
81 30
82 3
83 2
84 6
85 8
86 2
87 19
88 8
89 28
90 3
91 27
92 15
93 24
94 35
95 15
96 34
97 31
98 24
99 32
100 17
101 30
102 34
103 9
104 36
105 15
106 19
107 20
108 29
109 10
110 26
111 8
112 14
113 4
114 30
115 26
116 31
117 5
118 22
119 26
120 17
121 11
122 24
123 35
124 35
125 27
126 9
127 9
128 10
129 30
130 34
131 26
132 1
133 29
134 23
135 20
136 4
137 1
138 33
139 7
140 15
141 11
142 31
143 3
144 4
145 5
146 12
147 21
148 6
149 2
150 17
151 18
152 33
153 10
154 14
155 36
156 21
157 33
158 4
159 7
160 21
161 14
162 6
163 1
164 12
165 23
166 20
167 28
168 17
169 5
170 14
171 34
172 13
173 21
174 30
175 25
176 18
177 14
178 35
179 24
180 1
181 8
182 36
183 7
184 13
185 32
186 1
187 16
188 12
189 35
190 32
191 22
192 19
193 20
194 6
195 27
196 21
197 26
198 17
199 33
200 24
201 27
202 8
203 35
204 10
205 25
206 30
207 11
208 5
209 16
210 26
211 25
212 34
213 19
214 15
215 1
216 10
217 19
218 3
219 31
220 24
221 13
222 9
223 21
224 31
225 20
226 11
227 26
228 28
229 4
230 3
231 16
232 22
233 10
234 2
235 20
236 3
237 23
238 4
239 36
240 30
241 6
242 9
243 9
244 28
245 25
246 1
247 2
248 32
249 5
250 30
251 23
252 16
253 26
254 13
255 19
256 32
257 5
258 32
259 9
260 5
261 2
262 2
263 20
264 32
265 14
266 4
267 36
268 21
269 27
270 27
271 18
272 10
273 29
274 16
275 28
276 32
277 22
278 26
279 9
280 16
281 5
282 27
283 5
284 34
285 12
286 12
287 27
288 30
289 22
290 17
291 18
292 24
293 18
294 1
295 13
296 2
297 22
298 34
299 13
300 18
301 10
302 30
303 22
304 8
305 15
306 17
307 31
308 10
309 29
310 18
311 28
312 15
313 11
314 20
315 25
316 17
317 36
318 26
319 6
320 8
321 25
322 21
323 31
324 30
325 18
326 15
327 28
328 2
329 6
330 15
331 16
332 15
333 8
334 36
335 7
336 30
337 9
338 13
339 24
340 12
341 12
342 17
343 35
344 18
345 25
346 32
347 5
348 14
349 7
350 35
351 35
352 28
353 31
354 9
355 3
356 10
357 27
358 36
359 15
360 11
361 35
362 5
363 6
364 16
365 20
366 20
367 1
368 30
369 14
370 23
371 15
372 20
373 3
374 11
375 29
376 35
377 31
378 14
379 4
380 36
381 13
382 25
383 12
384 16
385 13
386 16
387 34
388 7
389 29
390 12
391 12
392 29
393 35
394 26
395 29
396 9
397 19
398 15
399 36
400 18
401 14
402 15
403 8
404 27
405 6
406 3
407 8
408 9
409 26
410 11
411 1
412 17
413 19
414 4
415 8
416 34
417 8
418 16
419 5
420 26
421 11
422 5
423 26
424 30
425 35
426 8
427 16
428 8
429 7
430 20
431 30
432 26
433 12
434 12
435 1
436 12
437 17
438 26
439 6
440 6
441 16
442 20
443 1
444 25
445 5
446 35
447 34
448 5
449 20
450 30
451 8
452 8
453 8
454 30
455 5
456 5
457 34
458 1
459 35
460 35
461 27
462 8
463 20
464 8
465 34
466 1
467 26
468 17
469 30
470 17
471 17
472 8
473 30
474 5
475 5
476 30
477 20
478 17
479 26
480 30
481 17
482 8
483 15
484 15
485 30
486 5
487 34
488 20
489 8
490 34
491 26
492 1
493 34
494 1
495 8
496 26
497 26
498 1
499 1
500 5
