1 8
1 15
1 17
1 342
1 372
2 3
2 9
2 52
2 111
2 369
3 2
3 5
3 9
3 194
3 477
4 154
4 156
4 229
4 367
4 450
5 3
5 54
5 200
5 282
5 296
6 31
6 77
6 85
6 117
6 121
6 412
6 442
7 63
7 218
7 219
7 227
7 230
7 300
7 378
8 1
8 15
8 17
8 29
8 372
9 2
9 3
9 14
9 37
9 54
10 127
10 189
10 294
10 295
10 342
10 343
10 377
10 444
10 462
10 478
10 480
10 483
10 488
10 490
10 492
10 494
10 498
10 500
11 56
11 146
11 149
11 229
11 245
12 76
12 86
12 189
12 221
12 373
12 377
12 455
12 478
12 483
12 490
12 494
12 496
13 284
13 382
13 393
13 395
13 400
13 414
13 415
13 417
13 418
13 428
13 429
13 449
13 492
14 9
14 18
14 19
14 26
14 327
15 1
15 8
15 17
15 26
15 29
16 47
16 53
16 185
16 191
16 263
16 350
16 395
16 418
16 449
17 1
17 8
17 15
17 26
17 29
17 57
18 14
18 19
18 42
18 429
18 469
19 14
19 18
19 103
19 371
19 435
20 23
20 24
20 31
20 171
20 389
21 197
21 206
21 262
21 286
21 325
21 418
21 425
21 452
21 454
21 457
21 462
21 469
21 473
21 486
22 36
22 61
22 62
22 64
22 67
23 20
23 24
23 30
23 31
23 169
24 20
24 23
24 30
24 31
24 235
25 32
25 138
25 142
25 294
25 353
26 14
26 15
26 17
26 29
26 40
26 318
27 145
27 227
27 262
27 446
27 447
27 452
27 453
27 455
27 457
27 459
27 469
27 470
28 166
28 167
28 168
28 275
28 451
29 8
29 15
29 17
29 26
29 39
29 77
29 318
30 23
30 24
30 31
30 281
30 326
31 6
31 20
31 23
31 24
31 30
32 25
32 138
32 142
32 143
32 144
32 149
33 34
33 35
33 126
33 282
33 410
34 33
34 35
34 36
34 38
34 430
35 33
35 34
35 38
35 88
35 296
36 22
36 34
36 38
36 200
36 357
37 9
37 41
37 45
37 49
37 390
38 34
38 35
38 36
38 41
38 45
39 29
39 40
39 46
39 240
39 369
40 26
40 39
40 46
40 231
40 318
40 369
40 407
41 37
41 38
41 45
41 49
41 73
42 18
42 43
42 237
42 322
42 469
43 42
43 101
43 102
43 237
43 442
44 246
44 341
44 388
44 439
44 464
44 475
44 479
44 480
44 481
44 482
44 487
44 497
44 499
45 37
45 38
45 41
45 49
45 237
46 39
46 40
46 65
46 318
46 369
47 16
47 53
47 116
47 185
47 191
47 225
47 395
47 418
48 65
48 68
48 72
48 205
48 369
49 37
49 41
49 45
49 67
49 237
50 61
50 220
50 310
50 456
50 477
51 64
51 76
51 81
51 210
51 249
52 2
52 190
52 208
52 220
52 439
53 16
53 47
53 127
53 185
53 191
53 225
53 395
53 418
53 486
54 5
54 9
54 200
54 296
54 483
55 56
55 57
55 58
55 75
55 112
56 11
56 55
56 57
56 58
56 220
57 17
57 55
57 56
57 58
57 208
58 55
58 56
58 57
58 62
58 185
59 60
59 61
59 62
59 84
59 419
60 59
60 61
60 62
60 416
60 498
61 22
61 50
61 59
61 60
61 493
62 22
62 58
62 59
62 60
62 99
63 7
63 219
63 222
63 304
63 434
64 22
64 51
64 66
64 67
64 189
65 46
65 48
65 72
65 205
65 318
66 64
66 67
66 69
66 71
66 94
67 22
67 49
67 64
67 66
67 69
68 48
68 115
68 240
68 366
68 375
68 376
68 379
68 405
68 477
69 66
69 67
69 71
69 74
69 228
70 279
70 287
70 316
70 413
70 485
71 66
71 69
71 74
71 128
71 259
72 48
72 65
72 192
72 205
72 369
72 467
73 41
73 286
73 291
73 297
73 313
73 314
73 389
74 69
74 71
74 75
74 81
74 280
75 55
75 74
75 76
75 81
75 312
76 12
76 51
76 75
76 81
76 168
76 249
77 6
77 29
77 85
77 117
77 121
77 412
77 442
78 79
78 87
78 205
78 411
78 453
79 78
79 80
79 87
79 89
79 90
79 371
79 497
80 79
80 89
80 90
80 205
80 447
81 51
81 74
81 75
81 76
81 382
82 85
82 123
82 128
82 329
82 476
83 84
83 125
83 210
83 249
83 420
84 59
84 83
84 91
84 210
84 394
85 6
85 77
85 82
85 117
85 121
85 182
85 412
86 12
86 189
86 377
86 412
86 455
86 478
86 496
87 78
87 79
87 89
87 90
87 205
87 397
88 35
88 91
88 94
88 285
88 394
89 79
89 80
89 87
89 90
89 487
90 79
90 80
90 87
90 89
90 126
90 145
91 84
91 88
91 94
91 95
91 394
92 321
92 341
92 381
92 432
92 433
92 439
92 458
92 459
92 473
92 475
92 479
92 480
92 482
92 497
93 95
93 97
93 102
93 394
93 404
94 66
94 88
94 91
94 95
94 394
95 91
95 93
95 94
95 97
95 98
96 113
96 126
96 130
96 372
96 416
97 93
97 95
97 98
97 180
97 287
98 95
98 97
98 99
98 109
98 341
99 62
99 98
99 100
99 451
99 487
100 99
100 101
100 103
100 104
100 459
101 43
101 100
101 103
101 104
101 105
102 43
102 93
102 200
102 282
102 296
102 310
102 322
103 19
103 100
103 101
103 104
103 105
104 100
104 101
104 103
104 105
104 123
105 101
105 103
105 104
105 106
105 177
106 105
106 131
106 451
106 459
106 494
107 109
107 110
107 119
107 306
107 484
108 114
108 148
108 367
108 399
108 489
109 98
109 107
109 110
109 115
109 484
110 107
110 109
110 115
110 118
110 484
111 2
111 148
111 305
111 326
111 327
111 355
111 357
111 371
111 443
112 55
112 133
112 213
112 241
112 298
112 329
112 335
112 390
113 96
113 126
113 130
113 137
113 289
114 108
114 148
114 253
114 269
114 489
115 68
115 109
115 110
115 480
115 484
116 47
116 118
116 119
116 192
116 484
117 6
117 77
117 85
117 121
117 176
117 182
117 499
118 110
118 116
118 119
118 192
118 411
119 107
119 116
119 118
119 192
119 396
120 123
120 124
120 128
120 329
120 492
121 6
121 77
121 85
121 117
121 176
121 182
121 229
122 270
122 277
122 365
122 367
122 378
122 386
122 388
122 404
122 435
123 82
123 104
123 120
123 124
123 128
124 120
124 123
124 128
124 156
124 192
125 83
125 129
125 132
125 241
125 391
126 33
126 90
126 96
126 113
126 130
126 137
127 10
127 53
127 294
127 295
127 343
127 361
127 475
127 481
127 483
127 486
127 487
127 488
127 490
127 492
127 494
127 498
127 500
128 71
128 82
128 120
128 123
128 124
129 125
129 132
129 133
129 146
129 473
130 96
130 113
130 126
130 137
130 155
130 289
131 106
131 132
131 133
131 136
131 217
132 125
132 129
132 131
132 133
132 135
133 112
133 129
133 131
133 132
133 217
134 146
134 149
134 199
134 245
134 423
135 132
135 206
135 277
135 330
135 337
135 383
135 443
135 471
136 131
136 217
136 397
136 497
136 500
137 113
137 126
137 130
137 142
137 170
137 289
138 25
138 32
138 142
138 143
138 353
139 140
139 145
139 217
139 335
139 469
140 139
140 145
140 217
140 423
140 486
141 173
141 174
141 175
141 180
141 265
142 25
142 32
142 137
142 138
142 353
143 32
143 138
143 272
143 353
143 497
144 32
144 150
144 158
144 272
144 439
145 27
145 90
145 139
145 140
145 423
146 11
146 129
146 134
146 149
146 423
147 150
147 151
147 157
147 158
147 184
147 272
148 108
148 111
148 114
148 341
148 489
149 11
149 32
149 134
149 146
149 316
150 144
150 147
150 151
150 158
150 272
151 147
151 150
151 157
151 159
151 272
152 172
152 173
152 186
152 229
152 250
153 201
153 202
153 203
153 204
153 418
154 4
154 155
154 172
154 174
154 450
155 130
155 154
155 160
155 250
155 450
156 4
156 124
156 160
156 422
156 481
157 147
157 151
157 159
157 294
157 497
158 144
158 147
158 150
158 159
158 272
159 151
159 157
159 158
159 161
159 169
159 372
160 155
160 156
160 162
160 282
160 450
161 159
161 169
161 173
161 265
161 449
162 160
162 163
162 164
162 165
162 207
163 162
163 164
163 165
163 201
163 450
164 162
164 163
164 165
164 286
164 467
165 162
165 163
165 164
165 166
165 211
166 28
166 165
166 167
166 168
166 302
167 28
167 166
167 168
167 170
167 204
168 28
168 76
168 166
168 167
168 170
169 23
169 159
169 161
169 173
169 175
169 265
170 137
170 167
170 168
170 177
170 424
171 20
171 177
171 183
171 240
171 424
172 152
172 154
172 229
172 245
172 250
173 141
173 152
173 161
173 169
173 175
173 265
174 141
174 154
174 179
174 180
174 265
174 330
175 141
175 169
175 173
175 179
175 225
175 265
176 117
176 121
176 178
176 182
176 193
176 198
176 236
177 105
177 170
177 171
177 183
177 415
177 424
178 176
178 182
178 198
178 236
178 428
178 436
179 174
179 175
179 180
179 181
179 193
179 215
180 97
180 141
180 174
180 179
180 193
180 379
181 179
181 193
181 194
181 195
181 444
181 498
182 85
182 117
182 121
182 176
182 178
182 236
182 430
183 171
183 177
183 187
183 292
183 424
184 147
184 187
184 188
184 197
184 424
185 16
185 47
185 53
185 58
185 191
185 225
185 268
185 338
186 152
186 260
186 303
186 336
186 339
186 351
186 399
186 407
186 417
186 447
186 461
186 476
187 183
187 184
187 188
187 197
187 244
188 184
188 187
188 197
188 211
188 349
189 10
189 12
189 64
189 86
189 294
189 371
189 377
189 478
189 483
189 490
189 494
189 496
189 497
190 52
190 208
190 220
190 262
190 325
190 365
191 16
191 47
191 53
191 185
191 225
191 268
191 313
191 338
192 72
192 116
192 118
192 119
192 124
192 413
193 176
193 179
193 180
193 181
193 194
193 195
194 3
194 181
194 193
194 195
194 196
194 199
195 181
195 193
195 194
195 196
195 199
195 205
196 194
196 195
196 199
196 202
196 288
196 471
197 21
197 184
197 187
197 188
197 211
198 176
198 178
198 236
198 253
198 254
198 462
199 134
199 194
199 195
199 196
199 202
199 456
200 5
200 36
200 54
200 102
200 218
200 282
200 296
201 153
201 163
201 202
201 204
201 366
201 470
202 153
202 196
202 199
202 201
202 204
202 220
203 153
203 204
203 206
203 241
203 482
203 486
204 153
204 167
204 201
204 202
204 203
204 206
205 48
205 65
205 72
205 78
205 80
205 87
205 195
206 21
206 135
206 203
206 204
206 207
206 209
207 162
207 206
207 209
207 273
207 405
207 492
208 52
208 57
208 190
208 220
208 237
208 379
209 206
209 207
209 212
209 214
209 243
209 273
210 51
210 83
210 84
210 255
210 421
210 486
211 165
211 188
211 197
211 224
211 252
212 209
212 214
212 215
212 217
212 273
212 304
213 112
213 224
213 241
213 249
213 298
213 329
213 335
213 390
214 209
214 212
214 215
214 273
214 304
215 179
215 212
215 214
215 216
215 273
215 304
216 215
216 218
216 219
216 304
216 343
216 434
217 131
217 133
217 136
217 139
217 140
217 212
218 7
218 200
218 216
218 219
218 304
218 446
219 7
219 63
219 216
219 218
219 230
219 372
220 50
220 52
220 56
220 190
220 202
220 208
221 12
221 224
221 252
221 266
221 269
222 63
222 228
222 230
222 270
222 459
222 500
223 227
223 228
223 409
223 464
223 480
223 489
224 211
224 213
224 221
224 266
224 269
225 47
225 53
225 175
225 185
225 191
225 268
225 338
225 340
226 307
226 308
226 309
226 315
226 388
226 470
227 7
227 27
227 223
227 228
227 409
227 455
228 69
228 222
228 223
228 227
228 230
228 409
229 4
229 11
229 121
229 152
229 172
229 250
230 7
230 219
230 222
230 228
230 234
230 409
231 40
231 232
231 333
231 344
231 409
231 412
232 231
232 233
232 234
232 235
232 266
232 333
233 232
233 234
233 235
233 333
233 406
233 487
234 230
234 232
234 233
234 235
234 333
234 482
235 24
235 232
235 233
235 234
235 333
235 409
236 176
236 178
236 182
236 198
236 253
236 254
236 310
237 42
237 43
237 45
237 49
237 208
237 302
238 242
238 243
238 246
238 261
238 363
238 476
239 249
239 278
239 288
239 303
239 324
239 380
239 408
239 426
239 432
239 444
239 456
239 466
240 39
240 68
240 171
240 306
240 366
240 375
240 376
240 379
240 405
240 477
240 485
241 112
241 125
241 203
241 213
241 275
241 329
241 335
241 360
242 238
242 243
242 244
242 246
242 267
242 443
243 209
243 238
243 242
243 244
243 246
243 497
244 187
244 242
244 243
244 246
244 333
244 486
245 11
245 134
245 172
245 328
245 423
245 497
246 44
246 238
246 242
246 243
246 244
246 247
247 246
247 248
247 254
247 256
247 281
247 283
248 247
248 283
248 285
248 378
248 409
248 479
249 51
249 76
249 83
249 213
249 239
249 500
250 152
250 155
250 172
250 229
250 257
250 360
251 256
251 281
251 283
251 288
251 470
251 475
252 211
252 221
252 266
252 269
252 317
253 114
253 198
253 236
253 254
253 255
253 257
253 500
254 198
254 236
254 247
254 253
254 255
254 257
254 258
255 210
255 253
255 254
255 257
255 258
255 263
255 414
256 247
256 251
256 281
256 283
256 288
256 445
256 458
257 250
257 253
257 254
257 255
257 258
257 263
257 267
258 254
258 255
258 257
258 263
258 264
258 267
258 325
259 71
259 285
259 310
259 357
259 421
259 435
259 493
260 186
260 261
260 325
260 336
260 399
260 425
260 429
260 454
260 462
260 476
260 486
261 238
261 260
261 362
261 381
261 391
261 398
261 403
261 416
261 437
261 441
261 467
261 488
262 21
262 27
262 190
262 325
262 376
262 425
262 443
262 448
262 452
262 454
262 457
262 462
262 469
262 473
263 16
263 255
263 257
263 258
263 264
263 267
263 276
264 258
264 263
264 267
264 276
264 278
264 412
264 499
265 141
265 161
265 169
265 173
265 174
265 175
266 221
266 224
266 232
266 252
266 269
267 242
267 257
267 258
267 263
267 264
267 276
267 466
268 185
268 191
268 225
268 338
268 340
268 347
268 475
269 114
269 221
269 224
269 252
269 266
270 122
270 222
270 365
270 367
270 386
270 388
270 404
270 435
271 293
271 300
271 317
271 319
271 469
272 143
272 144
272 147
272 150
272 151
272 158
272 279
273 207
273 209
273 212
273 214
273 215
273 337
273 436
274 276
274 278
274 280
274 284
274 287
274 291
274 442
275 28
275 241
275 311
275 329
275 335
275 360
275 474
276 263
276 264
276 267
276 274
276 278
276 280
276 290
277 122
277 135
277 330
277 337
277 383
277 385
277 471
278 239
278 264
278 274
278 276
278 280
278 291
278 396
279 70
279 272
279 285
279 287
279 306
279 437
279 485
280 74
280 274
280 276
280 278
280 284
280 291
280 389
281 30
281 247
281 251
281 256
281 283
281 288
282 5
282 33
282 102
282 160
282 200
282 296
282 322
283 247
283 248
283 251
283 256
283 281
283 288
283 444
284 13
284 274
284 280
284 291
284 389
284 442
284 449
285 88
285 248
285 259
285 279
285 306
285 421
285 435
286 21
286 73
286 164
286 297
286 313
286 314
286 320
286 389
287 70
287 97
287 274
287 279
287 306
287 421
287 427
288 196
288 239
288 251
288 256
288 281
288 283
288 290
289 113
289 130
289 137
289 342
289 353
289 385
289 483
290 276
290 288
290 292
290 299
290 301
290 302
291 73
291 274
291 278
291 280
291 284
291 314
291 439
292 183
292 290
292 299
292 301
292 302
292 449
292 499
293 271
293 300
293 317
293 319
293 441
294 10
294 25
294 127
294 157
294 189
294 295
294 343
294 410
294 478
294 479
294 483
294 488
294 490
294 492
294 494
294 498
294 500
295 10
295 127
295 294
295 339
295 343
295 400
295 481
295 483
295 487
295 488
295 490
295 492
295 494
295 498
295 499
295 500
296 5
296 35
296 54
296 102
296 200
296 282
296 383
297 73
297 286
297 313
297 314
297 320
297 347
297 411
298 112
298 213
298 305
298 327
298 390
298 400
298 473
299 290
299 292
299 301
299 302
299 307
300 7
300 271
300 293
300 317
300 319
301 290
301 292
301 299
301 302
301 307
301 415
302 166
302 237
302 290
302 292
302 299
302 301
302 307
303 186
303 239
303 339
303 351
303 355
303 408
303 417
303 435
303 444
303 458
303 461
303 476
304 63
304 212
304 214
304 215
304 216
304 218
304 330
305 111
305 298
305 326
305 327
305 357
305 390
305 487
306 107
306 240
306 279
306 285
306 287
306 421
306 485
307 226
307 299
307 301
307 302
307 308
307 345
308 226
308 307
308 309
308 315
308 323
309 226
309 308
309 315
309 323
309 331
310 50
310 102
310 236
310 259
310 312
310 322
310 493
311 275
311 336
311 360
311 382
311 431
311 472
311 474
312 75
312 310
312 322
312 351
312 353
312 383
312 493
313 73
313 191
313 286
313 297
313 314
313 389
313 496
314 73
314 286
314 291
314 297
314 313
314 320
314 332
315 226
315 308
315 309
315 323
315 331
315 334
315 478
316 70
316 149
316 326
316 413
316 427
316 438
316 463
317 252
317 271
317 293
317 300
317 319
318 26
318 29
318 40
318 46
318 65
318 362
318 393
319 271
319 293
319 300
319 317
319 356
320 286
320 297
320 314
320 332
320 362
320 391
320 429
320 435
321 92
321 358
321 433
321 455
321 458
321 459
321 475
321 479
321 480
321 482
321 497
322 42
322 102
322 282
322 310
322 312
322 332
322 426
322 493
323 308
323 309
323 315
323 331
323 334
324 239
324 333
324 380
324 392
324 406
324 408
324 426
324 432
324 444
324 456
324 466
324 496
325 21
325 190
325 258
325 260
325 262
325 360
325 378
325 425
325 436
325 454
325 457
325 462
325 469
325 473
325 486
326 30
326 111
326 305
326 316
326 327
326 357
326 371
326 444
327 14
327 111
327 298
327 305
327 326
327 371
327 381
327 443
328 245
328 356
328 364
328 374
328 440
329 82
329 112
329 120
329 213
329 241
329 275
329 335
329 360
330 135
330 174
330 277
330 304
330 342
330 372
330 383
330 471
331 309
331 315
331 323
331 334
331 348
332 314
332 320
332 322
332 346
332 349
332 359
332 389
332 404
333 231
333 232
333 233
333 234
333 235
333 244
333 324
334 315
334 323
334 331
334 348
334 354
334 373
334 478
335 112
335 139
335 213
335 241
335 275
335 329
335 365
335 499
336 186
336 260
336 311
336 351
336 399
336 407
336 417
336 425
336 461
336 486
337 135
337 273
337 277
337 348
337 381
337 383
337 443
337 499
338 185
338 191
338 225
338 268
338 340
338 347
338 358
338 468
339 186
339 295
339 303
339 351
339 399
339 407
339 417
339 432
339 444
339 456
339 461
340 225
340 268
340 338
340 345
340 347
340 352
340 358
340 420
341 44
341 92
341 98
341 148
341 355
341 385
341 439
341 464
341 475
341 479
341 480
341 481
341 482
341 487
341 497
341 499
342 1
342 10
342 289
342 330
342 372
342 383
342 385
342 471
343 10
343 127
343 216
343 294
343 295
343 458
343 481
343 483
343 487
343 488
343 490
343 492
343 494
343 498
343 499
343 500
344 231
344 391
344 396
344 406
344 416
344 419
344 420
344 434
344 451
345 307
345 340
345 347
345 352
345 358
345 361
345 395
345 497
346 332
346 349
346 350
346 355
346 359
346 363
347 268
347 297
347 338
347 340
347 345
347 352
347 361
347 368
348 331
348 334
348 337
348 354
348 373
348 387
349 188
349 332
349 346
349 350
349 355
349 359
349 363
349 470
350 16
350 346
350 349
350 355
350 359
350 363
350 401
350 495
351 186
351 303
351 312
351 336
351 339
351 353
351 399
351 407
351 417
351 461
351 476
352 340
352 345
352 347
352 358
352 361
352 368
352 370
352 427
353 25
353 138
353 142
353 143
353 289
353 312
353 351
353 470
354 334
354 348
354 373
354 387
354 430
354 476
355 111
355 303
355 341
355 346
355 349
355 350
355 359
355 363
356 319
356 328
356 364
356 374
356 440
357 36
357 111
357 259
357 305
357 326
357 390
357 402
357 461
358 321
358 338
358 340
358 345
358 352
358 361
358 368
358 370
359 332
359 346
359 349
359 350
359 355
359 390
359 401
359 498
360 241
360 250
360 275
360 311
360 325
360 329
360 472
360 474
361 127
361 345
361 347
361 352
361 358
361 368
361 370
361 384
362 261
362 318
362 320
362 398
362 403
362 429
362 436
362 437
362 441
362 467
362 474
363 238
363 346
363 349
363 350
363 355
363 401
363 431
363 498
364 328
364 356
364 374
364 380
364 440
365 122
365 190
365 270
365 335
365 404
365 435
365 449
365 468
365 491
366 68
366 201
366 240
366 375
366 378
366 379
366 386
366 388
366 389
367 4
367 108
367 122
367 270
367 384
367 404
367 435
367 468
367 491
368 347
368 352
368 358
368 361
368 370
368 384
368 414
368 468
369 2
369 39
369 40
369 46
369 48
369 72
369 392
369 424
369 441
370 352
370 358
370 361
370 368
370 384
370 468
370 474
370 491
371 19
371 79
371 111
371 189
371 326
371 327
371 381
371 405
371 443
372 1
372 8
372 96
372 159
372 219
372 330
372 342
372 385
372 471
373 12
373 334
373 348
373 354
373 387
373 430
374 328
374 356
374 364
374 440
374 459
375 68
375 240
375 366
375 376
375 378
375 379
375 386
375 388
375 436
376 68
376 240
376 262
376 375
376 379
376 385
376 400
376 405
376 477
377 10
377 12
377 86
377 189
377 456
377 466
377 478
377 483
377 490
377 492
377 494
377 496
378 7
378 122
378 248
378 325
378 366
378 375
378 379
378 386
378 388
379 68
379 180
379 208
379 240
379 366
379 375
379 376
379 378
379 386
380 239
380 324
380 364
380 392
380 408
380 422
380 426
380 432
380 466
381 92
381 261
381 327
381 337
381 371
381 383
381 428
381 443
381 466
382 13
382 81
382 311
382 401
382 410
382 431
382 472
382 474
382 490
383 135
383 277
383 296
383 312
383 330
383 337
383 342
383 381
383 471
384 361
384 367
384 368
384 370
384 418
384 434
384 468
384 490
384 491
385 277
385 289
385 341
385 342
385 372
385 376
385 398
385 452
385 497
386 122
386 270
386 366
386 375
386 378
386 379
386 388
386 415
386 462
387 348
387 354
387 373
387 430
387 438
388 44
388 122
388 226
388 270
388 366
388 375
388 378
388 386
388 500
389 20
389 73
389 280
389 284
389 286
389 313
389 332
389 366
389 499
390 37
390 112
390 213
390 298
390 305
390 357
390 359
390 467
390 478
391 125
391 261
391 320
391 344
391 403
391 406
391 416
391 419
391 434
391 441
392 324
392 369
392 380
392 396
392 397
392 408
392 416
392 422
392 426
392 466
393 13
393 318
393 395
393 414
393 415
393 428
393 436
393 437
393 449
393 496
394 84
394 88
394 91
394 93
394 94
395 13
395 16
395 47
395 53
395 345
395 393
395 415
395 418
395 438
395 449
396 119
396 278
396 344
396 392
396 397
396 408
396 420
396 422
396 451
396 482
397 87
397 136
397 392
397 396
397 419
397 420
397 422
397 426
397 434
397 451
398 261
398 362
398 385
398 403
398 406
398 416
398 437
398 441
398 467
398 475
399 108
399 186
399 260
399 336
399 339
399 351
399 407
399 417
399 461
399 476
400 13
400 295
400 298
400 376
400 402
400 410
400 411
400 442
400 456
400 457
401 350
401 359
401 363
401 382
401 431
401 457
401 472
401 481
402 357
402 400
402 410
402 411
402 442
402 447
402 461
402 466
402 477
402 479
403 261
403 362
403 391
403 398
403 414
403 416
403 429
403 437
403 441
403 467
404 93
404 122
404 270
404 332
404 365
404 367
404 435
404 480
404 491
404 492
405 68
405 207
405 240
405 371
405 376
405 409
405 410
405 411
405 449
405 477
406 233
406 324
406 344
406 391
406 398
406 416
406 419
406 420
406 434
406 465
406 488
407 40
407 186
407 336
407 339
407 351
407 399
407 417
407 425
407 461
407 476
407 481
408 239
408 303
408 324
408 380
408 392
408 396
408 432
408 439
408 444
408 456
408 466
409 223
409 227
409 228
409 230
409 231
409 235
409 248
409 405
410 33
410 294
410 382
410 400
410 402
410 405
410 411
410 412
410 437
410 442
410 477
411 78
411 118
411 297
411 400
411 402
411 405
411 410
411 412
411 441
411 442
411 477
412 6
412 77
412 85
412 86
412 231
412 264
412 410
412 411
412 442
412 455
412 480
413 70
413 192
413 316
413 427
413 454
413 463
413 485
414 13
414 255
414 368
414 393
414 403
414 415
414 428
414 429
414 436
414 449
414 461
415 13
415 177
415 301
415 386
415 393
415 395
415 414
415 418
415 428
415 449
415 469
416 60
416 96
416 261
416 344
416 391
416 392
416 398
416 403
416 406
416 432
416 488
417 13
417 186
417 303
417 336
417 339
417 351
417 399
417 407
417 419
417 461
417 476
418 13
418 16
418 21
418 47
418 53
418 153
418 384
418 395
418 415
418 449
418 458
419 59
419 344
419 391
419 397
419 406
419 417
419 420
419 434
419 451
419 475
419 492
420 83
420 340
420 344
420 396
420 397
420 406
420 419
420 422
420 434
420 451
420 487
421 210
421 259
421 285
421 287
421 306
421 433
421 473
421 493
422 156
422 380
422 392
422 396
422 397
422 420
422 434
422 451
422 482
422 488
422 498
423 134
423 140
423 145
423 146
423 245
423 428
424 170
424 171
424 177
424 183
424 184
424 369
425 21
425 260
425 262
425 325
425 336
425 407
425 454
425 456
425 462
425 469
425 473
425 486
426 239
426 322
426 324
426 380
426 392
426 397
426 432
426 444
426 454
426 456
426 466
426 480
427 287
427 316
427 352
427 413
427 438
427 463
427 485
428 13
428 178
428 381
428 393
428 414
428 415
428 423
428 429
428 436
428 449
428 463
428 482
429 13
429 18
429 260
429 320
429 362
429 403
429 414
429 428
429 436
429 437
429 467
429 488
430 34
430 182
430 354
430 373
430 387
430 438
430 463
431 311
431 363
431 382
431 401
431 467
431 472
431 474
431 500
432 92
432 239
432 324
432 339
432 380
432 408
432 416
432 426
432 453
432 456
432 461
432 486
433 92
433 321
433 421
433 446
433 447
433 453
433 455
433 458
433 459
433 470
433 473
433 479
434 63
434 216
434 344
434 384
434 391
434 397
434 406
434 419
434 420
434 422
434 451
434 490
435 19
435 122
435 259
435 270
435 285
435 303
435 320
435 365
435 367
435 404
435 468
435 491
436 178
436 273
436 325
436 362
436 375
436 393
436 414
436 428
436 429
436 441
436 467
436 473
437 261
437 279
437 362
437 393
437 398
437 403
437 410
437 429
437 441
437 467
437 479
437 494
438 316
438 387
438 395
438 427
438 430
438 463
439 44
439 52
439 92
439 144
439 291
439 341
439 408
439 464
439 475
439 479
439 481
439 482
439 487
439 497
439 499
439 500
440 328
440 356
440 364
440 374
440 499
441 261
441 293
441 362
441 369
441 391
441 398
441 403
441 411
441 436
441 437
441 462
441 467
442 6
442 43
442 77
442 274
442 284
442 400
442 402
442 410
442 411
442 412
442 451
442 452
443 111
443 135
443 242
443 262
443 327
443 337
443 371
443 381
444 10
444 181
444 239
444 283
444 303
444 324
444 326
444 339
444 408
444 426
444 456
444 466
445 256
445 448
445 460
445 465
445 495
446 27
446 218
446 433
446 447
446 452
446 453
446 455
446 458
446 459
446 470
446 491
446 492
446 496
447 27
447 80
447 186
447 402
447 433
447 446
447 452
447 453
447 455
447 458
447 459
447 470
447 499
448 262
448 445
448 460
448 465
448 495
449 13
449 16
449 161
449 284
449 292
449 365
449 393
449 395
449 405
449 414
449 415
449 418
449 428
450 4
450 154
450 155
450 160
450 163
451 28
451 99
451 106
451 344
451 396
451 397
451 419
451 420
451 422
451 434
451 442
451 452
451 466
452 21
452 27
452 262
452 385
452 442
452 446
452 447
452 451
452 453
452 454
452 457
452 470
452 473
453 27
453 78
453 432
453 433
453 446
453 447
453 452
453 455
453 457
453 458
453 459
453 464
453 470
454 21
454 260
454 262
454 325
454 413
454 425
454 426
454 452
454 457
454 462
454 469
454 473
454 486
455 12
455 27
455 86
455 227
455 321
455 412
455 433
455 446
455 447
455 453
455 458
455 459
455 470
456 50
456 199
456 239
456 324
456 339
456 377
456 400
456 408
456 425
456 426
456 432
456 444
456 466
457 21
457 27
457 262
457 325
457 400
457 401
457 452
457 453
457 454
457 462
457 469
457 473
457 481
458 92
458 256
458 303
458 321
458 343
458 418
458 433
458 446
458 447
458 453
458 455
458 459
458 470
459 27
459 92
459 100
459 106
459 222
459 321
459 374
459 433
459 446
459 447
459 453
459 455
459 458
459 470
460 445
460 448
460 465
460 493
460 495
461 186
461 303
461 336
461 339
461 351
461 357
461 399
461 402
461 407
461 414
461 417
461 432
461 476
461 490
462 10
462 21
462 198
462 260
462 262
462 325
462 386
462 425
462 441
462 454
462 457
462 469
462 473
462 486
463 316
463 413
463 427
463 428
463 430
463 438
464 44
464 223
464 341
464 439
464 453
464 475
464 479
464 480
464 481
464 482
464 487
464 494
464 497
464 499
465 406
465 445
465 448
465 460
465 495
466 239
466 267
466 324
466 377
466 380
466 381
466 392
466 402
466 408
466 426
466 444
466 451
466 456
466 479
467 72
467 164
467 261
467 362
467 390
467 398
467 403
467 429
467 431
467 436
467 437
467 441
467 480
467 500
468 338
468 365
468 367
468 368
468 370
468 384
468 435
468 491
469 18
469 21
469 27
469 42
469 139
469 262
469 271
469 325
469 415
469 425
469 454
469 457
469 462
469 473
469 486
470 27
470 201
470 226
470 251
470 349
470 353
470 433
470 446
470 447
470 452
470 453
470 455
470 458
470 459
470 498
471 135
471 196
471 277
471 330
471 342
471 372
471 383
471 479
472 311
472 360
472 382
472 401
472 431
472 474
472 477
473 21
473 92
473 129
473 262
473 298
473 325
473 421
473 425
473 433
473 436
473 452
473 454
473 457
473 462
473 469
473 486
474 275
474 311
474 360
474 362
474 370
474 382
474 431
474 472
475 44
475 92
475 127
475 251
475 268
475 321
475 341
475 398
475 419
475 439
475 464
475 479
475 480
475 482
475 489
475 497
476 82
476 186
476 238
476 260
476 303
476 351
476 354
476 399
476 407
476 417
476 461
476 486
477 3
477 50
477 68
477 240
477 376
477 402
477 405
477 410
477 411
477 472
478 10
478 12
478 86
478 189
478 294
478 315
478 334
478 377
478 390
478 483
478 490
478 494
478 496
479 44
479 92
479 248
479 294
479 321
479 341
479 402
479 433
479 437
479 439
479 464
479 466
479 471
479 475
479 480
479 482
479 497
480 10
480 44
480 92
480 115
480 223
480 321
480 341
480 404
480 412
480 426
480 464
480 467
480 475
480 479
480 482
480 497
480 499
481 44
481 127
481 156
481 295
481 341
481 343
481 401
481 407
481 439
481 457
481 464
481 487
481 488
481 492
481 498
481 499
481 500
482 44
482 92
482 203
482 234
482 321
482 341
482 396
482 422
482 428
482 439
482 464
482 475
482 479
482 480
482 497
482 498
482 499
483 10
483 12
483 54
483 127
483 189
483 289
483 294
483 295
483 343
483 377
483 478
483 488
483 490
483 492
483 494
483 498
483 500
484 107
484 109
484 110
484 115
484 116
485 70
485 240
485 279
485 306
485 413
485 427
486 21
486 53
486 127
486 140
486 203
486 210
486 244
486 260
486 325
486 336
486 425
486 432
486 454
486 462
486 469
486 473
486 476
487 44
487 89
487 99
487 127
487 233
487 295
487 305
487 341
487 343
487 420
487 439
487 464
487 481
487 488
487 498
487 499
487 500
488 10
488 127
488 261
488 294
488 295
488 343
488 406
488 416
488 422
488 429
488 481
488 483
488 487
488 490
488 492
488 494
488 498
488 500
489 108
489 114
489 148
489 223
489 475
490 10
490 12
490 127
490 189
490 294
490 295
490 343
490 377
490 382
490 384
490 434
490 461
490 478
490 483
490 488
490 492
490 494
490 498
491 365
491 367
491 370
491 384
491 404
491 435
491 446
491 468
492 10
492 13
492 120
492 127
492 207
492 294
492 295
492 343
492 377
492 404
492 419
492 446
492 481
492 483
492 488
492 490
492 494
492 498
492 500
493 61
493 259
493 310
493 312
493 322
493 421
493 460
494 10
494 12
494 106
494 127
494 189
494 294
494 295
494 343
494 377
494 437
494 464
494 478
494 483
494 488
494 490
494 492
494 496
494 498
494 499
494 500
495 350
495 445
495 448
495 460
495 465
496 12
496 86
496 189
496 313
496 324
496 377
496 393
496 446
496 478
496 494
497 44
497 79
497 92
497 136
497 143
497 157
497 189
497 243
497 245
497 321
497 341
497 345
497 385
497 439
497 464
497 475
497 479
497 480
497 482
497 499
498 10
498 60
498 127
498 181
498 294
498 295
498 343
498 359
498 363
498 422
498 470
498 481
498 482
498 483
498 487
498 488
498 490
498 492
498 494
498 500
499 44
499 117
499 264
499 292
499 295
499 335
499 337
499 341
499 343
499 389
499 439
499 440
499 447
499 464
499 480
499 481
499 482
499 487
499 494
499 497
499 500
500 10
500 127
500 136
500 222
500 249
500 253
500 294
500 295
500 343
500 388
500 431
500 439
500 467
500 481
500 483
500 487
500 488
500 492
500 494
500 498
500 499
