1 2
1 175
1 370
1 386
1 456
2 1
2 189
2 370
2 371
2 480
3 4
3 150
3 189
3 411
3 459
4 3
4 6
4 67
4 158
4 189
5 6
5 7
5 330
5 407
5 417
6 4
6 5
6 19
6 330
6 480
7 5
7 21
7 92
7 330
7 403
8 10
8 82
8 87
8 330
8 406
9 35
9 36
9 204
9 243
9 285
10 8
10 11
10 82
10 311
10 399
11 10
11 82
11 93
11 178
11 213
12 44
12 58
12 73
12 84
12 387
12 418
13 14
13 17
13 86
13 346
13 460
14 13
14 16
14 17
14 49
14 393
15 25
15 85
15 106
15 242
15 264
15 354
15 411
15 432
15 435
15 456
16 14
16 82
16 153
16 330
16 370
17 13
17 14
17 19
17 119
17 153
18 196
18 201
18 328
18 375
18 376
19 6
19 17
19 20
19 21
19 480
20 19
20 21
20 296
20 388
20 398
21 7
21 19
21 20
21 22
21 291
22 21
22 24
22 26
22 214
22 435
23 64
23 65
23 246
23 273
23 367
24 22
24 26
24 27
24 378
24 443
25 15
25 85
25 106
25 134
25 151
25 155
25 242
25 367
25 399
25 458
25 483
26 22
26 24
26 27
26 254
26 489
27 24
27 26
27 28
27 433
27 436
28 27
28 31
28 144
28 245
28 315
29 93
29 123
29 262
29 298
29 318
29 387
29 414
29 427
29 448
29 468
29 473
29 478
29 479
29 482
29 485
29 487
30 45
30 53
30 54
30 69
30 86
30 97
30 146
30 206
30 243
30 267
30 285
30 374
30 475
30 480
30 493
30 494
30 495
30 497
30 499
31 28
31 245
31 291
31 302
31 412
32 433
32 490
32 496
33 45
33 110
33 333
33 445
33 487
34 35
34 204
34 274
34 453
34 499
35 9
35 34
35 36
35 345
35 360
36 9
36 35
36 42
36 344
36 486
37 96
37 105
37 112
37 332
37 342
37 419
38 42
38 43
38 74
38 113
38 452
39 78
39 147
39 221
39 222
39 480
40 134
40 256
40 265
40 268
40 392
41 183
41 185
41 194
41 242
41 285
42 36
42 38
42 43
42 398
42 442
43 38
43 42
43 118
43 432
43 494
44 12
44 58
44 248
44 302
44 387
44 394
44 418
44 489
45 30
45 33
45 69
45 86
45 132
45 136
45 333
45 374
45 477
45 479
45 480
45 487
45 493
45 495
46 47
46 48
46 109
46 142
46 429
47 46
47 48
47 112
47 121
47 499
48 46
48 47
48 49
48 69
48 335
48 439
49 14
49 48
49 50
49 51
49 67
50 49
50 51
50 52
50 433
50 436
51 49
51 50
51 52
51 183
51 220
51 323
52 50
52 51
52 110
52 461
52 468
53 30
53 127
53 164
53 165
53 166
53 475
54 30
54 56
54 57
54 306
54 475
55 82
55 84
55 87
55 105
55 165
55 267
55 352
55 368
55 413
55 414
56 54
56 60
56 74
56 145
56 306
57 54
57 58
57 75
57 94
57 126
57 127
57 362
57 429
57 432
57 442
57 474
58 12
58 44
58 57
58 71
58 75
58 126
58 157
59 107
59 214
59 215
59 467
59 491
60 56
60 87
60 306
60 406
60 419
61 62
61 63
61 388
61 429
61 457
62 61
62 63
62 70
62 306
62 329
63 61
63 62
63 196
63 266
63 286
64 23
64 67
64 207
64 266
64 466
65 23
65 67
65 367
65 461
65 470
66 104
66 173
66 209
66 272
66 337
66 338
66 407
66 408
66 429
66 457
66 492
67 4
67 49
67 64
67 65
67 70
68 70
68 79
68 219
68 301
68 321
69 30
69 45
69 48
69 86
69 98
69 132
69 229
69 335
69 345
69 360
69 374
69 439
69 449
69 477
69 480
69 493
69 494
69 495
70 62
70 67
70 68
70 79
70 167
71 58
71 99
71 137
71 156
71 157
71 159
72 73
72 79
72 194
72 242
72 335
73 12
73 72
73 79
73 84
73 335
74 38
74 56
74 231
74 235
74 236
74 237
75 57
75 58
75 76
75 77
75 78
76 75
76 77
76 78
76 80
76 335
77 75
77 76
77 78
77 80
77 494
78 39
78 75
78 76
78 77
78 480
79 68
79 70
79 72
79 73
79 280
79 467
79 491
80 76
80 77
80 81
80 308
80 313
81 80
81 144
81 308
81 313
81 315
82 8
82 10
82 11
82 16
82 55
82 413
83 90
83 97
83 98
83 100
83 102
84 12
84 55
84 73
84 87
84 302
84 320
84 352
84 368
84 369
84 417
85 15
85 25
85 106
85 134
85 140
85 242
85 251
85 257
85 399
85 446
86 13
86 30
86 45
86 69
86 130
86 132
86 306
86 346
86 374
86 380
86 477
86 480
86 481
86 493
86 494
86 495
86 497
87 8
87 55
87 60
87 84
87 175
87 296
87 368
87 386
87 406
87 417
87 418
88 89
88 137
88 313
88 341
88 408
89 88
89 92
89 100
89 308
89 418
90 83
90 92
90 94
90 466
90 470
91 259
91 260
91 262
91 419
91 476
92 7
92 89
92 90
92 94
92 394
93 11
93 29
93 129
93 205
93 376
93 398
93 403
93 427
93 448
94 57
94 90
94 92
94 100
94 126
95 184
95 203
95 350
95 357
95 366
95 374
95 393
95 407
95 417
95 451
95 480
95 489
95 491
95 494
95 497
95 498
95 499
96 37
96 98
96 109
96 332
96 404
97 30
97 83
97 146
97 209
97 491
98 69
98 83
98 96
98 100
98 111
99 71
99 134
99 157
99 159
99 411
100 83
100 89
100 94
100 98
100 418
101 102
101 123
101 199
101 299
101 492
102 83
102 101
102 103
102 363
102 496
103 102
103 104
103 105
103 110
103 468
104 66
104 103
104 105
104 411
104 465
105 37
105 55
105 103
105 104
105 492
106 15
106 25
106 85
106 216
106 242
106 411
106 435
106 441
106 459
106 477
106 482
106 494
106 495
107 59
107 171
107 212
107 213
107 374
108 157
108 181
108 200
108 201
108 207
109 46
109 96
109 111
109 149
109 332
110 33
110 52
110 103
110 445
110 468
111 98
111 109
111 112
111 114
111 358
112 37
112 47
112 111
112 114
112 188
113 38
113 114
113 115
113 267
113 423
114 111
114 112
114 113
114 419
114 476
115 113
115 118
115 271
115 423
115 476
116 120
116 150
116 184
116 195
116 196
116 286
116 467
116 472
116 479
116 481
116 485
116 491
117 119
117 237
117 423
117 442
117 444
118 43
118 115
118 119
118 423
118 494
119 17
119 117
119 118
119 121
119 418
119 431
120 116
120 132
120 150
120 184
120 195
120 264
120 370
120 373
120 398
120 442
120 459
120 479
120 481
121 47
121 119
121 122
121 124
121 188
122 121
122 124
122 248
122 277
122 394
123 29
123 101
123 244
123 368
123 374
123 405
123 447
123 467
123 468
123 473
123 475
123 476
123 478
123 482
123 487
123 498
124 121
124 122
124 129
124 277
124 372
124 478
125 126
125 128
125 131
125 201
125 408
126 57
126 58
126 94
126 125
126 128
126 277
127 53
127 57
127 166
127 167
127 192
128 125
128 126
128 131
128 133
128 171
129 93
129 124
129 168
129 179
129 189
129 372
129 376
129 403
129 414
129 444
129 478
130 86
130 172
130 445
130 481
130 497
131 125
131 128
131 133
131 171
131 277
132 45
132 69
132 86
132 120
132 287
132 305
132 309
132 370
132 373
132 398
132 442
132 459
132 477
132 493
132 495
133 128
133 131
133 135
133 138
133 315
134 25
134 40
134 85
134 99
134 169
134 186
134 241
134 392
134 399
134 400
134 402
135 133
135 137
135 138
135 480
135 499
136 45
136 205
136 274
136 398
136 412
136 428
136 429
136 432
136 487
136 493
137 71
137 88
137 135
137 138
137 338
138 133
138 135
138 137
138 141
138 144
139 142
139 172
139 224
139 473
139 479
140 85
140 141
140 142
140 189
140 335
141 138
141 140
141 142
141 301
141 348
142 46
142 139
142 140
142 141
142 149
143 145
143 146
143 148
143 162
143 305
144 28
144 81
144 138
144 194
144 203
144 315
144 443
144 449
144 459
145 56
145 143
145 146
145 148
145 267
146 30
146 97
146 143
146 145
146 148
147 39
147 217
147 218
147 246
147 460
148 143
148 145
148 146
148 295
148 499
149 109
149 142
149 151
149 152
149 299
150 3
150 116
150 120
150 184
150 195
150 221
150 230
150 264
150 411
150 465
150 479
150 481
151 25
151 149
151 299
151 355
151 367
152 149
152 299
152 334
152 459
152 461
153 16
153 17
153 154
153 272
153 299
154 153
154 155
154 272
154 378
154 450
155 25
155 154
155 156
155 272
155 367
156 71
156 155
156 158
156 160
156 341
157 58
157 71
157 99
157 108
157 159
157 181
157 263
157 289
158 4
158 156
158 160
158 409
158 428
159 71
159 99
159 157
159 193
159 225
159 384
160 156
160 158
160 162
160 242
160 308
161 162
161 163
161 366
161 403
161 495
162 143
162 160
162 161
162 163
162 166
163 161
163 162
163 165
163 174
163 432
164 53
164 165
164 317
164 476
164 487
165 53
165 55
165 163
165 164
165 413
166 53
166 127
166 162
166 349
166 373
167 70
167 127
167 208
167 349
167 429
168 129
168 170
168 173
168 174
168 478
169 134
169 238
169 351
169 379
169 382
169 399
169 400
169 402
169 404
169 405
169 441
170 168
170 174
170 349
170 452
170 499
171 107
171 128
171 131
171 212
171 213
172 130
172 139
172 178
172 324
172 400
173 66
173 168
173 174
173 349
173 457
174 163
174 168
174 170
174 173
174 432
175 1
175 87
175 176
175 180
175 357
176 175
176 180
176 318
176 357
176 414
177 179
177 181
177 182
177 210
177 402
178 11
178 172
178 265
178 277
178 500
179 129
179 177
179 180
179 182
179 478
180 175
180 176
180 179
180 313
180 385
181 108
181 157
181 177
181 182
181 390
182 177
182 179
182 181
182 282
182 331
182 415
183 41
183 51
183 185
183 220
183 285
184 95
184 116
184 120
184 150
184 195
184 264
184 350
184 357
184 407
184 417
184 451
184 479
184 481
185 41
185 183
185 187
185 285
185 311
185 399
186 134
186 187
186 384
186 392
186 418
186 469
187 185
187 186
187 384
187 399
187 469
187 487
188 112
188 121
188 190
188 345
188 392
188 469
189 2
189 3
189 4
189 129
189 140
189 446
190 188
190 345
190 377
190 392
190 469
190 470
191 199
191 205
191 300
191 309
191 356
191 485
192 127
192 339
192 346
192 347
192 350
192 421
193 159
193 225
193 235
193 363
193 389
193 425
193 446
193 451
193 457
193 461
193 466
193 470
193 471
194 41
194 72
194 144
194 203
194 206
194 242
194 308
194 443
194 449
195 116
195 120
195 150
195 184
195 264
195 404
195 434
195 436
195 439
195 474
195 485
196 18
196 63
196 116
196 200
196 444
196 491
197 198
197 223
197 261
197 310
197 392
197 435
198 197
198 211
198 223
198 255
198 345
198 454
199 101
199 191
199 309
199 328
199 410
200 108
200 196
200 201
200 383
200 410
201 18
201 108
201 125
201 200
201 269
201 292
202 207
202 208
202 210
202 222
202 274
203 95
203 144
203 194
203 206
203 443
203 463
204 9
204 34
204 245
204 274
204 278
204 435
205 93
205 136
205 191
205 300
205 356
205 396
205 398
205 412
205 444
206 30
206 194
206 203
206 219
206 220
206 232
206 243
206 475
207 64
207 108
207 202
207 210
207 340
207 410
208 167
208 202
208 210
208 239
208 247
208 408
209 66
209 97
209 338
209 407
209 484
209 492
210 177
210 202
210 207
210 208
210 395
210 402
211 198
211 223
211 253
211 328
211 345
211 469
212 107
212 171
212 213
212 279
212 494
213 11
213 107
213 171
213 212
213 265
213 277
214 22
214 59
214 215
214 216
214 278
214 435
215 59
215 214
215 216
215 217
215 268
215 330
216 106
216 214
216 215
216 218
216 477
216 495
217 147
217 215
217 218
217 268
217 290
217 431
218 147
218 216
218 217
218 227
218 322
219 68
219 206
219 220
219 232
219 314
219 326
219 348
220 51
220 183
220 206
220 219
220 232
220 314
220 323
220 326
221 39
221 150
221 222
221 225
221 411
221 465
222 39
222 202
222 221
222 225
222 274
223 197
223 198
223 211
223 296
223 409
223 420
224 139
224 230
224 231
224 359
224 400
224 482
225 159
225 193
225 221
225 222
225 227
225 425
226 227
226 228
226 405
226 447
226 473
226 475
227 218
227 225
227 226
227 228
227 322
228 226
228 227
228 359
228 376
228 416
228 455
229 69
229 230
229 359
229 439
229 449
229 487
230 150
230 224
230 229
230 359
230 411
230 465
231 74
231 224
231 332
231 371
231 412
231 452
232 206
232 219
232 220
232 234
232 314
232 326
232 364
232 365
233 234
233 238
233 241
233 296
233 320
233 369
234 232
234 233
234 238
234 241
234 296
234 381
235 74
235 193
235 240
235 297
235 350
235 390
236 74
236 237
236 240
236 260
236 336
236 343
237 74
237 117
237 236
237 240
237 444
237 469
238 169
238 233
238 234
238 241
238 296
238 351
239 208
239 240
239 329
239 384
239 440
239 500
240 235
240 236
240 237
240 239
240 247
240 283
241 134
241 233
241 234
241 238
241 372
241 392
242 15
242 25
242 41
242 72
242 85
242 106
242 160
242 194
242 308
242 411
242 435
242 441
242 450
243 9
243 30
243 206
243 440
243 475
243 500
244 123
244 249
244 251
244 254
244 294
244 368
244 372
245 28
245 31
245 204
245 274
245 324
245 400
246 23
246 147
246 247
246 248
246 421
246 460
247 208
247 240
247 246
247 248
247 283
247 386
248 44
248 122
248 246
248 247
248 250
248 489
249 244
249 251
249 253
249 261
249 433
249 436
250 248
250 252
250 257
250 262
250 448
251 85
251 244
251 249
251 254
251 261
251 446
252 250
252 257
252 258
252 325
252 334
252 470
253 211
253 249
253 261
253 328
253 372
253 497
254 26
254 244
254 251
254 261
254 372
254 489
255 198
255 269
255 270
255 271
255 273
255 454
256 40
256 265
256 278
256 280
256 284
256 495
257 85
257 250
257 252
257 258
257 446
258 252
258 257
258 260
258 307
258 497
259 91
259 358
259 379
259 434
259 485
259 498
260 91
260 236
260 258
260 343
260 468
260 471
261 197
261 249
261 251
261 253
261 254
261 310
261 464
262 29
262 91
262 250
262 265
262 380
262 414
263 157
263 289
263 347
263 350
263 354
263 421
264 15
264 120
264 150
264 184
264 195
264 354
264 432
264 436
264 439
264 448
264 456
265 40
265 178
265 213
265 256
265 262
266 63
266 64
266 347
266 367
266 391
266 493
267 30
267 55
267 113
267 145
267 269
267 270
268 40
268 215
268 217
268 278
268 431
268 497
269 201
269 255
269 267
269 270
269 271
269 408
270 255
270 267
270 269
270 271
270 477
270 482
270 494
271 115
271 255
271 269
271 270
271 273
271 342
271 419
271 476
272 66
272 153
272 154
272 155
272 444
272 457
273 23
273 255
273 271
273 284
273 460
273 478
274 34
274 136
274 202
274 204
274 222
274 245
275 283
275 284
275 359
275 368
275 391
275 449
276 283
276 284
276 287
276 288
276 387
276 479
276 487
277 122
277 124
277 126
277 131
277 178
277 213
278 204
278 214
278 256
278 268
278 279
278 435
279 212
279 278
279 280
279 281
279 494
280 79
280 256
280 279
280 281
280 467
280 491
281 279
281 280
281 282
281 298
281 448
282 182
282 281
282 286
282 293
282 304
282 422
283 240
283 247
283 275
283 276
283 284
283 288
283 384
284 256
284 273
284 275
284 276
284 283
284 494
284 495
285 9
285 30
285 41
285 183
285 185
285 309
285 475
286 63
286 116
286 282
286 289
286 422
287 132
287 276
287 288
287 305
287 309
287 434
287 497
288 276
288 283
288 287
288 292
288 303
288 477
288 482
289 157
289 263
289 286
289 293
289 422
290 217
290 355
290 386
290 462
290 474
290 483
290 485
291 21
291 31
291 310
291 315
291 327
291 349
291 489
292 201
292 288
292 294
292 295
292 300
292 408
292 445
293 282
293 289
293 310
293 331
293 385
293 415
293 422
294 244
294 292
294 295
294 300
294 301
294 368
294 498
295 148
295 292
295 294
295 300
295 301
295 499
296 20
296 87
296 223
296 233
296 234
296 238
296 395
297 235
297 303
297 305
297 312
297 317
297 390
297 451
298 29
298 281
298 353
298 383
298 385
298 391
298 394
298 448
299 101
299 149
299 151
299 152
299 153
299 340
299 466
300 191
300 205
300 292
300 294
300 295
300 301
300 356
301 68
301 141
301 294
301 295
301 300
301 302
301 348
302 31
302 44
302 84
302 301
302 317
302 450
302 489
303 288
303 297
303 305
303 317
303 468
303 477
303 482
304 282
304 334
304 336
304 337
304 340
304 421
304 434
305 132
305 143
305 287
305 297
305 303
305 311
305 317
306 54
306 56
306 60
306 62
306 86
306 481
306 497
307 258
307 320
307 321
307 335
307 388
307 408
307 497
308 80
308 81
308 89
308 160
308 194
308 242
308 313
309 132
309 191
309 199
309 285
309 287
309 328
309 370
310 197
310 261
310 291
310 293
310 327
311 10
311 185
311 305
311 312
311 316
311 318
311 399
312 297
312 311
312 316
312 318
312 412
312 452
312 499
313 80
313 81
313 88
313 180
313 308
313 415
313 421
314 219
314 220
314 232
314 333
314 378
314 434
314 450
315 28
315 81
315 133
315 144
315 291
315 342
315 407
316 311
316 312
316 317
316 318
316 404
316 434
316 474
317 164
317 297
317 302
317 303
317 305
317 316
317 493
318 29
318 176
318 311
318 312
318 316
318 341
318 414
319 323
319 324
319 341
319 371
319 450
320 84
320 233
320 307
320 321
320 369
320 370
320 388
320 408
320 484
321 68
321 307
321 320
321 354
321 388
321 408
321 456
322 218
322 227
322 324
322 325
322 329
322 331
323 51
323 220
323 319
323 324
323 341
323 371
323 463
324 172
324 245
324 319
324 322
324 323
324 371
324 400
325 252
325 322
325 331
325 371
325 376
325 461
325 470
326 219
326 220
326 232
326 333
326 434
326 443
326 450
327 291
327 310
327 342
327 423
327 424
328 18
328 199
328 211
328 253
328 309
328 384
328 466
329 62
329 239
329 322
329 331
329 339
329 384
329 499
330 5
330 6
330 7
330 8
330 16
330 215
331 182
331 293
331 322
331 325
331 329
331 339
331 385
332 37
332 96
332 109
332 231
332 366
332 403
332 407
333 33
333 45
333 314
333 326
333 334
333 336
333 434
333 493
334 152
334 252
334 304
334 333
334 336
334 337
334 353
334 434
335 48
335 69
335 72
335 73
335 76
335 140
335 307
335 449
336 236
336 304
336 333
336 334
336 337
336 343
336 434
336 468
337 66
337 304
337 334
337 336
337 340
337 343
337 429
337 457
338 66
338 137
338 209
338 355
338 363
338 407
338 425
338 492
339 192
339 329
339 331
339 346
339 464
339 490
340 207
340 299
340 304
340 337
340 343
340 348
340 447
340 466
341 88
341 156
341 318
341 319
341 323
341 347
341 371
341 441
342 37
342 271
342 315
342 327
342 344
342 419
342 476
343 236
343 260
343 336
343 337
343 340
343 348
343 351
343 447
344 36
344 342
344 358
344 363
344 460
345 35
345 69
345 188
345 190
345 198
345 211
345 360
345 392
346 13
346 86
346 192
346 339
346 421
346 444
346 481
346 497
347 192
347 263
347 266
347 341
347 350
347 391
347 421
347 471
348 141
348 219
348 301
348 340
348 343
348 351
348 413
348 447
349 166
349 167
349 170
349 173
349 291
349 390
349 417
349 451
350 95
350 184
350 192
350 235
350 263
350 347
350 357
350 421
351 169
351 238
351 343
351 348
351 379
351 393
351 413
351 447
352 55
352 84
352 368
352 414
352 417
352 467
352 472
352 491
353 298
353 334
353 385
353 391
353 394
353 395
353 426
353 461
354 15
354 263
354 264
354 321
354 356
354 375
354 382
354 456
355 151
355 290
355 338
355 363
355 386
355 425
355 462
355 483
356 191
356 205
356 300
356 354
356 375
356 382
356 396
356 424
357 95
357 175
357 176
357 184
357 350
357 362
357 420
357 474
358 111
358 259
358 344
358 363
358 364
358 485
359 224
359 228
359 229
359 230
359 275
359 471
360 35
360 69
360 345
360 361
360 365
360 373
360 378
360 393
361 360
361 362
361 365
361 373
361 393
361 413
361 462
361 498
362 57
362 357
362 361
362 379
362 390
362 442
362 462
362 474
362 498
363 102
363 193
363 338
363 344
363 355
363 358
363 364
363 389
364 232
364 358
364 363
364 365
364 377
365 232
365 360
365 361
365 364
365 373
365 381
365 393
365 413
366 95
366 161
366 332
366 403
366 437
366 440
366 465
366 467
366 475
366 489
366 491
366 498
366 499
367 23
367 25
367 65
367 151
367 155
367 266
367 458
367 482
368 55
368 84
368 87
368 123
368 244
368 275
368 294
368 352
368 417
368 498
369 84
369 233
369 320
369 380
369 415
369 416
369 425
369 452
370 1
370 2
370 16
370 120
370 132
370 309
370 320
370 388
370 442
371 2
371 231
371 319
371 323
371 324
371 325
371 341
371 452
371 480
372 124
372 129
372 241
372 244
372 253
372 254
372 478
372 488
372 498
373 120
373 132
373 166
373 360
373 361
373 365
373 378
373 383
373 459
374 30
374 45
374 69
374 86
374 95
374 107
374 123
374 405
374 473
374 480
374 494
374 497
374 498
374 499
375 18
375 354
375 356
375 382
375 416
375 424
376 18
376 93
376 129
376 228
376 325
376 403
376 414
376 444
376 455
377 190
377 364
377 381
377 389
377 470
378 24
378 154
378 314
378 360
378 373
378 383
378 393
378 443
378 449
379 169
379 259
379 351
379 362
379 390
379 441
379 442
379 450
379 474
380 86
380 262
380 369
380 390
380 425
380 450
380 452
380 481
380 497
381 234
381 365
381 377
381 389
381 396
382 169
382 354
382 356
382 375
382 424
382 441
383 200
383 298
383 373
383 378
383 385
383 391
383 466
384 159
384 186
384 187
384 239
384 283
384 328
384 329
384 387
384 481
385 180
385 293
385 298
385 331
385 353
385 383
385 391
385 421
385 447
386 1
386 87
386 247
386 290
386 355
386 406
386 424
386 462
386 483
387 12
387 29
387 44
387 276
387 384
387 417
387 418
387 479
387 493
388 20
388 61
388 307
388 320
388 321
388 370
388 395
388 402
389 193
389 363
389 377
389 381
389 396
390 181
390 235
390 297
390 349
390 362
390 379
390 380
390 450
390 474
391 266
391 275
391 298
391 347
391 353
391 383
391 385
391 394
391 471
392 40
392 134
392 186
392 188
392 190
392 197
392 241
392 345
392 469
393 14
393 95
393 351
393 360
393 361
393 365
393 378
393 407
393 413
394 44
394 92
394 122
394 298
394 353
394 391
394 395
394 415
394 489
395 210
395 296
395 353
395 388
395 394
395 402
395 415
395 416
395 452
396 205
396 356
396 381
396 389
396 409
397 401
397 409
397 420
397 471
397 500
398 20
398 42
398 93
398 120
398 132
398 136
398 205
398 412
398 432
398 459
399 10
399 25
399 85
399 134
399 169
399 185
399 187
399 311
399 400
399 402
400 134
400 169
400 172
400 224
400 245
400 324
400 399
400 402
400 404
400 405
401 397
401 409
401 420
401 444
401 469
402 134
402 169
402 177
402 210
402 388
402 395
402 399
402 400
402 404
402 405
403 7
403 93
403 129
403 161
403 332
403 366
403 376
403 414
403 440
403 444
404 96
404 169
404 195
404 316
404 400
404 402
404 405
404 406
404 410
404 485
405 123
405 169
405 226
405 374
405 400
405 402
405 404
405 406
405 410
405 447
406 8
406 60
406 87
406 386
406 404
406 405
406 410
406 431
406 433
406 455
407 5
407 66
407 95
407 184
407 209
407 315
407 332
407 338
407 393
407 492
408 66
408 88
408 125
408 208
408 269
408 292
408 307
408 320
408 321
408 445
409 158
409 223
409 396
409 397
409 401
410 199
410 200
410 207
410 404
410 405
410 406
410 431
410 433
410 455
410 466
411 3
411 15
411 99
411 104
411 106
411 150
411 221
411 230
411 242
411 435
411 441
411 456
411 460
411 465
412 31
412 136
412 205
412 231
412 312
412 398
412 429
412 432
412 452
412 499
413 55
413 82
413 165
413 348
413 351
413 361
413 365
413 393
413 447
413 492
414 29
414 55
414 129
414 176
414 262
414 318
414 352
414 376
414 403
414 444
415 182
415 293
415 313
415 369
415 394
415 395
415 416
415 421
415 452
416 228
416 369
416 375
416 395
416 415
416 425
416 452
416 455
417 5
417 84
417 87
417 95
417 184
417 349
417 352
417 368
417 387
417 418
418 12
418 44
418 87
418 89
418 100
418 119
418 186
418 387
418 417
418 431
419 37
419 60
419 91
419 114
419 271
419 342
419 441
419 446
419 456
419 460
419 461
419 470
419 471
419 476
420 223
420 357
420 397
420 401
420 426
421 192
421 246
421 263
421 304
421 313
421 346
421 347
421 350
421 385
421 415
422 282
422 286
422 289
422 293
422 430
423 113
423 115
423 117
423 118
423 327
423 424
424 327
424 356
424 375
424 382
424 386
424 423
425 193
425 225
425 338
425 355
425 369
425 380
425 416
425 450
425 452
425 496
425 499
426 353
426 420
426 427
426 430
426 461
426 470
427 29
427 93
427 426
427 430
427 437
428 136
428 158
428 443
428 449
428 455
428 459
428 472
428 479
428 481
428 487
428 493
429 46
429 57
429 61
429 66
429 136
429 167
429 337
429 412
429 432
429 438
429 443
430 422
430 426
430 427
430 431
430 437
431 119
431 217
431 268
431 406
431 410
431 418
431 430
431 433
431 455
431 472
431 489
432 15
432 43
432 57
432 136
432 163
432 174
432 264
432 398
432 412
432 429
432 456
433 27
433 32
433 50
433 249
433 406
433 410
433 431
433 436
433 455
433 472
433 479
434 195
434 259
434 287
434 304
434 314
434 316
434 326
434 333
434 334
434 336
434 485
435 15
435 22
435 106
435 197
435 204
435 214
435 242
435 278
435 411
435 441
435 456
435 460
436 27
436 50
436 195
436 249
436 264
436 433
436 439
436 448
436 451
436 457
436 491
437 366
437 427
437 430
437 438
437 440
438 429
438 437
438 453
438 454
438 457
439 48
439 69
439 195
439 229
439 264
439 436
439 448
439 449
439 451
439 457
439 470
440 239
440 243
440 366
440 403
440 437
441 106
441 169
441 242
441 341
441 379
441 382
441 411
441 419
441 435
441 446
441 471
442 42
442 57
442 117
442 120
442 132
442 362
442 370
442 379
442 450
442 459
442 474
443 24
443 144
443 194
443 203
443 326
443 378
443 428
443 429
443 449
443 450
443 459
444 117
444 129
444 196
444 205
444 237
444 272
444 346
444 376
444 401
444 403
444 414
444 469
445 33
445 110
445 130
445 292
445 408
446 85
446 189
446 193
446 251
446 257
446 419
446 441
446 456
446 460
446 461
446 466
446 471
447 123
447 226
447 340
447 343
447 348
447 351
447 385
447 405
447 413
447 473
447 485
447 498
448 29
448 93
448 250
448 264
448 281
448 298
448 436
448 439
448 451
448 457
448 466
448 470
449 69
449 144
449 194
449 229
449 275
449 335
449 378
449 428
449 439
449 443
449 459
449 472
450 154
450 242
450 302
450 314
450 319
450 326
450 379
450 380
450 390
450 425
450 442
450 443
451 95
451 184
451 193
451 297
451 349
451 436
451 439
451 448
451 457
451 466
451 470
452 38
452 170
452 231
452 312
452 369
452 371
452 380
452 395
452 412
452 415
452 416
452 425
453 34
453 438
453 454
453 458
453 499
454 198
454 255
454 438
454 453
454 458
455 228
455 376
455 406
455 410
455 416
455 428
455 431
455 433
455 472
456 1
456 15
456 264
456 321
456 354
456 411
456 419
456 432
456 435
456 446
456 460
456 461
456 471
457 61
457 66
457 173
457 193
457 272
457 337
457 436
457 438
457 439
457 448
457 451
457 466
457 470
458 25
458 367
458 453
458 454
458 463
459 3
459 106
459 120
459 132
459 144
459 152
459 373
459 398
459 428
459 442
459 443
459 449
459 472
460 13
460 147
460 246
460 273
460 344
460 411
460 419
460 435
460 446
460 456
460 461
460 471
460 486
461 52
461 65
461 152
461 193
461 325
461 353
461 419
461 426
461 446
461 456
461 460
461 466
461 471
462 290
462 355
462 361
462 362
462 386
462 483
463 203
463 323
463 458
463 464
463 484
464 261
464 339
464 463
464 484
464 486
464 490
465 104
465 150
465 221
465 230
465 366
465 411
465 467
465 473
465 475
465 476
465 489
465 491
465 498
466 64
466 90
466 193
466 299
466 328
466 340
466 383
466 410
466 446
466 448
466 451
466 457
466 461
466 470
467 59
467 79
467 116
467 123
467 280
467 352
467 366
467 465
467 472
467 473
467 475
467 476
467 489
467 498
468 29
468 52
468 103
468 110
468 123
468 260
468 303
468 336
468 478
468 479
468 481
468 482
468 485
468 487
469 186
469 187
469 188
469 190
469 211
469 237
469 392
469 401
469 444
470 65
470 90
470 190
470 193
470 252
470 325
470 377
470 419
470 426
470 439
470 448
470 451
470 457
470 466
471 193
471 260
471 347
471 359
471 391
471 397
471 419
471 441
471 446
471 456
471 460
471 461
471 499
471 500
472 116
472 352
472 428
472 431
472 433
472 449
472 455
472 459
472 467
472 491
473 29
473 123
473 139
473 226
473 374
473 447
473 465
473 467
473 475
473 476
473 478
473 482
473 487
473 498
474 57
474 195
474 290
474 316
474 357
474 362
474 379
474 390
474 442
474 485
475 30
475 53
475 54
475 123
475 206
475 226
475 243
475 285
475 366
475 465
475 467
475 473
475 476
475 489
475 498
476 91
476 114
476 115
476 123
476 164
476 271
476 342
476 419
476 465
476 467
476 473
476 475
476 482
476 487
476 489
477 45
477 69
477 86
477 106
477 132
477 216
477 270
477 288
477 303
477 482
477 493
477 494
477 495
478 29
478 123
478 124
478 129
478 168
478 179
478 273
478 372
478 468
478 473
478 481
478 482
478 485
478 487
478 488
478 498
479 29
479 45
479 116
479 120
479 139
479 150
479 184
479 276
479 387
479 428
479 433
479 468
479 481
479 485
479 487
479 493
480 2
480 6
480 19
480 30
480 39
480 45
480 69
480 78
480 86
480 95
480 135
480 371
480 374
480 491
480 494
480 497
481 86
481 116
481 120
481 130
481 150
481 184
481 306
481 346
481 380
481 384
481 428
481 468
481 478
481 479
481 485
481 497
482 29
482 106
482 123
482 224
482 270
482 288
482 303
482 367
482 468
482 473
482 476
482 477
482 478
482 485
482 487
482 495
483 25
483 290
483 355
483 386
483 462
484 209
484 320
484 463
484 464
484 486
485 29
485 116
485 191
485 195
485 259
485 290
485 358
485 404
485 434
485 447
485 468
485 474
485 478
485 479
485 481
485 482
485 487
486 36
486 460
486 464
486 484
486 488
487 29
487 33
487 45
487 123
487 136
487 164
487 187
487 229
487 276
487 428
487 468
487 473
487 476
487 478
487 479
487 482
487 485
488 372
488 478
488 486
488 490
488 496
489 26
489 44
489 95
489 248
489 254
489 291
489 302
489 366
489 394
489 431
489 465
489 467
489 475
489 476
489 491
489 497
489 498
489 499
490 32
490 339
490 464
490 488
490 496
491 59
491 79
491 95
491 97
491 116
491 196
491 280
491 352
491 366
491 436
491 465
491 472
491 480
491 489
491 494
491 497
491 498
491 499
492 66
492 101
492 105
492 209
492 338
492 407
492 413
493 30
493 45
493 69
493 86
493 132
493 136
493 266
493 317
493 333
493 387
493 428
493 477
493 479
493 495
494 30
494 43
494 69
494 77
494 86
494 95
494 106
494 118
494 212
494 270
494 279
494 284
494 374
494 477
494 480
494 491
494 495
494 497
494 499
495 30
495 45
495 69
495 86
495 106
495 132
495 161
495 216
495 256
495 284
495 477
495 482
495 493
495 494
496 32
496 102
496 425
496 488
496 490
497 30
497 86
497 95
497 130
497 253
497 258
497 268
497 287
497 306
497 307
497 346
497 374
497 380
497 480
497 481
497 489
497 491
497 494
497 498
497 499
498 95
498 123
498 259
498 294
498 361
498 362
498 366
498 368
498 372
498 374
498 447
498 465
498 467
498 473
498 475
498 478
498 489
498 491
498 497
498 499
499 30
499 34
499 47
499 95
499 135
499 148
499 170
499 295
499 312
499 329
499 366
499 374
499 412
499 425
499 453
499 471
499 489
499 491
499 494
499 497
499 498
500 178
500 239
500 243
500 397
500 471
