1 2
1 50
1 180
1 356
1 416
2 1
2 3
2 6
2 247
2 249
3 2
3 11
3 35
3 246
3 433
4 5
4 219
4 244
4 256
4 421
5 4
5 131
5 242
5 336
5 447
6 2
6 12
6 13
6 86
6 446
7 8
7 41
7 218
7 267
7 457
8 7
8 41
8 114
8 271
8 457
9 41
9 198
9 378
9 451
9 476
9 478
10 258
10 260
10 263
10 292
10 328
10 365
10 387
10 449
11 3
11 112
11 440
11 460
11 491
12 6
12 13
12 309
12 368
12 460
13 6
13 12
13 113
13 125
13 476
14 15
14 162
14 416
14 420
14 470
15 14
15 38
15 67
15 94
15 147
15 429
16 19
16 38
16 110
16 400
16 432
17 58
17 61
17 285
17 341
17 493
18 19
18 32
18 38
18 233
18 308
19 16
19 18
19 26
19 219
19 313
19 343
20 22
20 23
20 265
20 306
20 338
21 28
21 35
21 43
21 142
21 220
21 317
21 450
21 475
21 489
22 20
22 23
22 102
22 256
22 421
23 20
23 22
23 60
23 224
23 302
23 495
24 25
24 269
24 392
24 448
24 486
25 24
25 119
25 347
25 356
25 488
26 19
26 72
26 142
26 159
26 219
26 242
26 262
26 285
26 343
26 436
26 439
26 453
26 459
26 486
27 32
27 52
27 111
27 309
27 486
28 21
28 35
28 43
28 49
28 450
28 473
28 479
28 483
29 50
29 60
29 82
29 304
29 370
29 378
29 390
29 470
29 491
29 492
30 33
30 48
30 117
30 306
30 457
31 32
31 127
31 309
31 391
31 494
32 18
32 27
32 31
32 56
32 308
33 30
33 48
33 205
33 208
33 457
34 36
34 37
34 184
34 296
34 366
34 377
34 418
35 3
35 21
35 28
35 43
35 206
35 228
35 246
35 433
35 450
35 496
36 34
36 37
36 231
36 248
36 443
37 34
37 36
37 133
37 144
37 323
38 15
38 16
38 18
38 268
38 342
39 40
39 178
39 232
39 335
39 375
40 39
40 42
40 53
40 156
40 357
41 7
41 8
41 9
41 177
41 370
41 378
41 470
41 476
42 40
42 44
42 435
42 453
42 498
43 21
43 28
43 35
43 65
43 82
43 330
43 436
43 451
43 468
43 494
44 42
44 45
44 62
44 69
44 402
45 44
45 46
45 103
45 457
45 499
46 45
46 47
46 152
46 194
46 207
47 46
47 49
47 131
47 442
47 447
48 30
48 33
48 64
48 103
48 162
49 28
49 47
49 53
49 197
49 479
50 1
50 29
50 60
50 82
50 129
50 168
50 180
50 183
50 199
50 416
50 491
51 54
51 175
51 278
51 299
51 435
52 27
52 111
52 140
52 155
52 200
52 335
52 358
52 404
52 413
52 482
52 485
52 486
52 495
52 498
53 40
53 49
53 54
53 170
53 357
54 51
54 53
54 363
54 370
54 420
54 434
54 457
55 83
55 266
55 285
55 287
55 326
56 32
56 57
56 58
56 233
56 308
57 56
57 58
57 230
57 316
57 407
58 17
58 56
58 57
58 285
58 341
59 61
59 62
59 212
59 303
59 319
60 23
60 29
60 50
60 82
60 129
60 224
60 302
60 488
60 491
60 495
60 500
61 17
61 59
61 62
61 285
61 326
62 44
62 59
62 61
62 402
62 471
63 83
63 213
63 260
63 319
63 465
63 468
63 474
63 479
63 481
63 483
63 488
63 499
64 48
64 67
64 68
64 272
64 417
65 43
65 105
65 114
65 115
65 129
65 386
65 474
65 483
66 69
66 109
66 250
66 275
66 295
66 463
67 15
67 64
67 68
67 71
67 94
67 227
67 237
67 334
67 429
68 64
68 67
68 71
68 78
68 108
68 471
68 497
69 44
69 66
69 287
69 364
69 389
70 72
70 206
70 218
70 267
70 344
71 67
71 68
71 95
71 97
71 377
72 26
72 70
72 155
72 206
72 219
72 231
72 248
72 439
72 459
73 74
73 79
73 206
73 239
73 356
74 73
74 77
74 131
74 336
74 447
75 102
75 355
75 361
75 364
75 493
76 130
76 141
76 150
76 171
76 254
76 389
76 414
76 496
77 74
77 78
77 195
77 482
77 498
78 68
78 77
78 108
78 425
78 497
79 73
79 80
79 136
79 356
79 486
80 79
80 84
80 176
80 238
80 286
80 312
81 133
81 134
81 186
81 428
81 476
82 29
82 43
82 50
82 60
82 129
82 246
82 330
82 391
82 436
82 451
82 468
82 494
83 55
83 63
83 172
83 244
83 315
83 465
83 468
83 479
83 481
83 488
83 499
84 80
84 85
84 187
84 292
84 345
85 84
85 86
85 126
85 149
85 388
86 6
86 85
86 88
86 432
86 446
87 89
87 116
87 208
87 441
87 442
88 86
88 89
88 174
88 229
88 268
88 294
88 305
88 406
89 87
89 88
89 173
89 376
89 430
90 91
90 92
90 120
90 412
90 498
91 90
91 92
91 269
91 392
91 448
92 90
92 91
92 401
92 423
92 456
93 160
93 251
93 380
93 383
93 392
94 15
94 67
94 152
94 227
94 237
94 238
94 334
94 356
94 364
94 429
95 71
95 98
95 107
95 318
95 331
95 428
95 445
95 465
96 102
96 256
96 262
96 400
96 421
97 71
97 333
97 366
97 377
97 400
98 95
98 107
98 112
98 157
98 298
98 460
99 100
99 169
99 400
99 409
99 478
100 99
100 101
100 223
100 243
100 394
100 396
100 450
100 487
100 492
101 100
101 106
101 349
101 392
101 448
102 22
102 75
102 96
102 256
102 421
103 45
103 48
103 106
103 108
103 499
104 140
104 148
104 243
104 410
104 412
104 413
104 415
104 435
104 446
104 447
104 453
104 482
104 498
105 65
105 114
105 115
105 136
105 189
105 272
105 417
105 467
106 101
106 103
106 128
106 132
106 497
107 95
107 98
107 112
107 178
107 232
108 68
108 78
108 103
108 109
108 497
109 66
109 108
109 277
109 410
109 463
109 476
110 16
110 111
110 113
110 400
110 432
111 27
111 52
111 110
111 113
111 193
112 11
112 98
112 107
112 121
112 164
113 13
113 110
113 111
113 372
113 476
114 8
114 65
114 105
114 115
114 136
114 271
115 65
115 105
115 114
115 136
115 140
115 200
115 335
115 405
115 485
116 87
116 119
116 205
116 441
116 457
117 30
117 119
117 265
117 306
117 499
118 120
118 121
118 163
118 225
118 500
119 25
119 116
119 117
119 438
119 500
120 90
120 118
120 121
120 122
120 435
121 112
121 118
121 120
121 122
121 210
122 120
122 121
122 123
122 210
122 477
123 122
123 137
123 174
123 342
123 471
124 125
124 190
124 290
124 307
124 359
124 463
125 13
125 124
125 283
125 340
125 495
126 85
126 128
126 130
126 149
126 388
127 31
127 135
127 296
127 297
127 390
128 106
128 126
128 130
128 257
128 471
129 50
129 60
129 65
129 82
129 246
129 303
129 332
129 474
129 479
129 483
130 76
130 126
130 128
130 141
130 171
131 5
131 47
131 74
131 132
131 211
131 293
131 313
131 336
131 442
132 106
132 131
132 133
132 204
132 497
133 37
133 81
133 132
133 144
133 323
134 81
134 135
134 310
134 368
134 460
135 127
135 134
135 391
135 494
135 496
136 79
136 105
136 114
136 115
136 186
136 239
136 356
137 123
137 139
137 144
137 276
137 495
138 223
138 225
138 226
138 381
138 398
139 137
139 144
139 145
139 215
139 216
139 271
140 52
140 104
140 115
140 193
140 200
140 243
140 358
140 371
140 405
140 410
140 446
140 447
140 462
140 485
141 76
141 130
141 143
141 171
141 254
141 330
142 21
142 26
142 196
142 259
142 285
142 309
142 317
142 384
142 413
142 421
142 469
142 475
142 486
142 489
143 141
143 150
143 289
143 300
143 330
143 376
143 430
144 37
144 133
144 137
144 139
144 145
144 323
145 139
145 144
145 163
145 296
145 366
145 418
146 148
146 153
146 301
146 330
146 411
147 15
147 163
147 334
147 402
147 488
148 104
148 146
148 149
148 412
148 415
148 453
148 482
148 498
149 85
149 126
149 148
149 150
149 388
150 76
150 143
150 149
150 300
150 430
151 153
151 202
151 347
151 485
151 500
152 46
152 94
152 194
152 207
152 235
152 238
152 295
152 364
153 146
153 151
153 154
153 179
153 301
153 411
154 153
154 156
154 318
154 379
154 465
155 52
155 72
155 413
155 439
155 443
155 482
155 485
155 495
155 498
156 40
156 154
156 158
156 170
156 357
157 98
157 309
157 310
157 333
157 368
157 380
157 416
157 443
157 459
157 460
157 483
158 156
158 159
158 354
158 392
158 448
159 26
159 158
159 160
159 219
159 242
159 346
160 93
160 159
160 161
160 251
160 323
161 160
161 162
161 273
161 274
161 281
161 480
162 14
162 48
162 161
162 166
162 499
163 118
163 145
163 147
163 201
163 402
164 112
164 167
164 440
164 491
164 499
165 168
165 313
165 343
165 402
165 409
166 162
166 167
166 191
166 317
166 489
167 164
167 166
167 236
167 245
167 314
167 468
167 494
168 50
168 165
168 170
168 183
168 409
168 472
169 99
169 185
169 187
169 190
169 478
169 491
170 53
170 156
170 168
170 173
170 357
170 476
171 76
171 130
171 141
171 172
171 174
171 254
172 83
172 171
172 174
172 222
172 295
172 315
172 324
172 325
172 399
172 481
173 89
173 170
173 181
173 376
173 429
173 430
174 88
174 123
174 171
174 172
174 294
174 305
174 342
175 51
175 176
175 278
175 299
175 323
176 80
176 175
176 286
176 323
176 466
177 41
177 277
177 323
177 363
177 385
177 434
178 39
178 107
178 179
178 232
178 277
178 375
179 153
179 178
179 187
179 301
179 411
180 1
180 50
180 254
180 300
180 358
180 416
181 173
181 275
181 277
181 429
181 448
181 463
182 183
182 279
182 444
182 448
182 457
182 490
183 50
183 168
183 182
183 184
183 188
183 199
184 34
184 183
184 188
184 296
184 366
184 448
185 169
185 224
185 321
185 464
185 488
185 495
186 81
186 136
186 198
186 215
186 272
186 283
186 372
186 476
187 84
187 169
187 179
187 328
187 345
187 365
188 183
188 184
188 217
188 278
188 298
188 437
189 105
189 191
189 272
189 417
189 463
189 469
190 124
190 169
190 192
190 290
190 307
190 359
191 166
191 189
191 298
191 317
191 463
191 475
192 190
192 193
192 262
192 350
192 351
192 397
193 111
193 140
193 192
193 199
193 200
193 371
194 46
194 152
194 195
194 207
194 353
194 463
195 77
195 194
195 196
195 353
195 482
195 498
196 142
196 195
196 197
196 317
196 353
196 413
197 49
197 196
197 201
197 213
197 353
197 483
198 9
198 186
198 215
198 272
198 275
198 304
198 390
199 50
199 183
199 193
199 200
199 416
200 52
200 115
200 140
200 193
200 199
200 209
200 291
200 327
200 335
200 371
200 405
200 485
201 163
201 197
201 202
201 225
201 478
201 487
202 151
202 201
202 203
202 204
202 438
202 500
203 202
203 204
203 210
203 401
203 423
203 456
204 132
204 202
204 203
204 208
204 389
204 497
205 33
205 116
205 331
205 334
205 441
205 473
206 35
206 70
206 72
206 73
206 433
207 46
207 152
207 194
207 340
207 347
207 463
208 33
208 87
208 204
208 210
208 212
208 441
209 200
209 396
209 405
209 462
209 487
209 492
210 121
210 122
210 203
210 208
210 212
210 497
211 131
211 212
211 213
211 216
211 442
211 447
212 59
212 208
212 210
212 211
212 213
212 260
213 63
213 197
213 211
213 212
213 216
213 217
214 254
214 279
214 302
214 358
214 444
214 490
215 139
215 186
215 198
215 216
215 271
215 272
215 275
216 139
216 211
216 213
216 215
216 217
216 271
217 188
217 213
217 216
217 299
217 426
217 437
218 7
218 70
218 247
218 267
218 344
218 395
219 4
219 19
219 26
219 72
219 159
219 242
219 249
219 346
219 439
219 459
220 21
220 223
220 225
220 413
220 426
220 489
221 235
221 247
221 253
221 348
221 395
222 172
222 255
222 304
222 363
222 481
222 483
223 100
223 138
223 220
223 282
223 396
223 426
224 23
224 60
224 185
224 276
224 280
224 317
224 332
224 347
224 376
224 479
224 487
224 488
224 491
224 492
224 495
224 497
224 500
225 118
225 138
225 201
225 220
225 426
226 138
226 229
226 230
226 259
226 413
226 489
227 67
227 94
227 232
227 234
227 242
227 429
228 35
228 234
228 246
228 395
228 433
228 496
229 88
229 226
229 230
229 231
229 268
230 57
230 226
230 229
230 231
230 403
230 431
231 36
231 72
231 229
231 230
231 233
231 248
232 39
232 107
232 178
232 227
232 375
232 426
233 18
233 56
233 231
233 235
233 308
233 386
234 227
234 228
234 270
234 419
234 452
234 491
235 152
235 221
235 233
235 239
235 253
235 348
235 386
236 167
236 245
236 314
236 417
236 420
236 442
236 461
236 468
236 494
237 67
237 94
237 282
237 284
237 286
237 334
238 80
238 94
238 152
238 262
238 286
238 312
238 364
238 466
239 73
239 136
239 235
239 240
239 356
239 386
240 239
240 248
240 384
240 386
240 413
240 489
241 245
241 250
241 426
241 453
241 498
241 500
242 5
242 26
242 159
242 219
242 227
242 346
242 459
243 100
243 104
243 140
243 282
243 352
243 394
243 396
243 410
243 413
243 446
243 450
243 464
243 485
243 487
243 492
243 495
243 497
244 4
244 83
244 249
244 315
244 367
244 481
245 167
245 236
245 241
245 248
245 250
245 314
245 494
246 3
246 35
246 82
246 129
246 228
246 332
246 349
246 359
246 433
246 496
247 2
247 218
247 221
247 249
247 389
247 446
248 36
248 72
248 231
248 240
248 245
248 250
249 2
249 219
249 244
249 247
249 446
249 469
250 66
250 241
250 245
250 248
250 297
250 463
251 93
251 160
251 255
251 256
251 323
251 479
252 283
252 284
252 340
252 398
252 417
252 476
253 221
253 235
253 266
253 287
253 290
253 348
254 76
254 141
254 171
254 180
254 214
254 301
255 222
255 251
255 256
255 415
255 481
256 4
256 22
256 96
256 102
256 251
256 255
256 415
256 421
257 128
257 259
257 322
257 408
257 471
257 484
258 10
258 260
258 374
258 393
258 415
258 455
259 142
259 226
259 257
259 317
259 475
259 484
260 10
260 63
260 212
260 258
260 319
260 415
261 264
261 329
261 337
261 452
261 484
261 491
262 26
262 96
262 192
262 238
262 320
262 350
262 351
262 458
263 10
263 267
263 268
263 315
263 353
263 381
263 398
264 261
264 271
264 424
264 450
264 464
265 20
265 117
265 304
265 306
265 307
265 325
265 338
265 363
266 55
266 253
266 386
266 434
266 451
266 473
266 474
267 7
267 70
267 218
267 263
267 273
267 315
267 344
268 38
268 88
268 229
268 263
268 273
268 294
268 315
269 24
269 91
269 270
269 274
269 285
269 349
269 448
270 234
270 269
270 273
270 274
270 311
270 329
270 419
271 8
271 114
271 139
271 215
271 216
271 264
271 283
272 64
272 105
272 186
272 189
272 198
272 215
272 275
272 417
272 454
272 467
273 161
273 267
273 268
273 270
273 281
273 480
274 161
274 269
274 270
274 276
274 281
274 480
275 66
275 181
275 198
275 215
275 272
275 280
275 410
275 463
276 137
276 224
276 274
276 278
276 279
276 488
276 500
277 109
277 177
277 178
277 181
277 414
277 463
278 51
278 175
278 188
278 276
278 279
278 281
278 437
279 182
279 214
279 276
279 278
279 281
279 444
279 490
280 224
280 275
280 288
280 293
280 305
280 332
280 488
280 495
280 500
281 161
281 273
281 274
281 278
281 279
281 282
281 480
282 223
282 237
282 243
282 281
282 284
282 394
282 487
283 125
283 186
283 252
283 271
283 312
283 372
283 476
284 237
284 252
284 282
284 286
284 372
284 476
285 17
285 26
285 55
285 58
285 61
285 142
285 269
285 326
285 341
285 421
285 469
285 486
286 80
286 176
286 237
286 238
286 284
286 312
286 497
287 55
287 69
287 253
287 322
287 408
287 464
287 497
288 280
288 293
288 305
288 306
288 362
288 422
288 469
289 143
289 290
289 300
289 422
289 430
289 434
289 461
290 124
290 190
290 253
290 289
290 307
290 422
291 200
291 292
291 327
291 335
291 371
291 390
291 434
292 10
292 84
292 291
292 294
292 365
292 387
292 390
293 131
293 280
293 288
293 305
293 306
293 442
293 447
294 88
294 174
294 268
294 292
294 390
294 406
294 422
295 66
295 152
295 172
295 325
295 356
295 481
295 488
296 34
296 127
296 145
296 184
296 297
296 418
296 451
297 127
297 250
297 296
297 358
297 410
297 463
298 98
298 188
298 191
298 310
298 460
298 463
298 489
299 51
299 175
299 217
299 306
299 314
299 316
299 445
300 143
300 150
300 180
300 289
300 301
300 303
300 376
301 146
301 153
301 179
301 254
301 300
301 303
301 411
302 23
302 60
302 214
302 303
302 358
302 495
303 59
303 129
303 300
303 301
303 302
303 474
303 483
304 29
304 198
304 222
304 265
304 307
304 390
304 470
305 88
305 174
305 280
305 288
305 293
305 306
305 342
306 20
306 30
306 117
306 265
306 288
306 293
306 299
306 305
306 338
307 124
307 190
307 265
307 290
307 304
307 359
307 429
308 18
308 32
308 56
308 233
308 310
308 325
308 363
309 12
309 27
309 31
309 142
309 157
309 310
309 380
310 134
310 157
310 298
310 308
310 309
310 311
310 325
310 380
311 270
311 310
311 318
311 321
311 337
311 419
311 452
311 478
312 80
312 238
312 283
312 286
312 320
313 19
313 131
313 165
313 393
313 459
313 474
314 167
314 236
314 245
314 299
314 445
314 450
314 491
314 494
315 83
315 172
315 244
315 263
315 267
315 268
315 448
315 481
316 57
316 299
316 319
316 324
316 403
316 407
316 431
316 445
317 21
317 142
317 166
317 191
317 196
317 224
317 259
317 345
317 368
317 384
317 413
317 475
317 487
317 489
317 491
317 492
317 497
317 500
318 95
318 154
318 311
318 321
318 325
318 428
318 445
318 465
319 59
319 63
319 260
319 316
319 324
319 326
319 445
319 479
320 262
320 312
320 344
320 350
320 351
321 185
321 311
321 318
321 473
321 488
321 495
321 500
322 257
322 287
322 405
322 408
322 425
322 442
322 470
322 471
322 497
323 37
323 133
323 144
323 160
323 175
323 176
323 177
323 251
324 172
324 316
324 319
324 326
324 367
324 399
324 445
324 481
325 172
325 265
325 295
325 308
325 310
325 318
325 367
325 399
326 55
326 61
326 285
326 319
326 324
326 327
326 329
326 341
327 200
327 291
327 326
327 329
327 335
327 485
327 492
327 494
328 10
328 187
328 331
328 337
328 345
328 387
328 449
328 473
329 261
329 270
329 326
329 327
329 337
329 341
329 475
329 491
330 43
330 82
330 141
330 143
330 146
330 436
330 451
330 468
331 95
331 205
331 328
331 337
331 379
331 428
331 445
331 465
332 129
332 224
332 246
332 280
332 349
332 359
332 370
332 488
332 495
332 500
333 97
333 157
333 352
333 382
333 393
333 428
333 464
333 487
334 67
334 94
334 147
334 205
334 237
334 337
334 429
334 473
335 39
335 52
335 115
335 200
335 291
335 327
335 358
335 371
335 404
335 405
335 430
335 431
335 432
335 433
335 439
335 453
335 485
336 5
336 74
336 131
336 341
336 343
336 345
336 442
336 447
336 474
337 261
337 311
337 328
337 329
337 331
337 334
337 409
337 491
338 20
338 265
338 306
338 339
338 350
338 371
339 338
339 350
339 369
339 371
339 374
339 393
339 477
340 125
340 207
340 252
340 342
340 347
340 476
341 17
341 58
341 285
341 326
341 329
341 336
341 343
341 474
342 38
342 123
342 174
342 305
342 340
342 351
342 500
343 19
343 26
343 165
343 336
343 341
343 345
343 459
343 474
344 70
344 218
344 267
344 320
344 348
345 84
345 187
345 317
345 328
345 336
345 343
345 449
345 474
346 159
346 219
346 242
346 354
346 366
346 459
346 460
346 474
347 25
347 151
347 207
347 224
347 340
347 351
347 488
347 500
348 221
348 235
348 253
348 344
348 355
349 101
349 246
349 269
349 332
349 354
349 359
349 370
349 392
349 448
349 455
350 192
350 262
350 320
350 338
350 339
350 351
350 371
350 458
351 192
351 262
351 320
351 342
351 347
351 350
351 371
351 397
352 243
352 333
352 360
352 382
352 434
352 483
352 487
352 492
353 194
353 195
353 196
353 197
353 263
353 381
353 395
353 398
354 158
354 346
354 349
354 366
354 367
354 392
354 448
354 460
355 75
355 348
355 357
355 364
355 493
356 1
356 25
356 73
356 79
356 94
356 136
356 239
356 295
357 40
357 53
357 156
357 170
357 355
357 362
358 52
358 140
358 180
358 214
358 297
358 302
358 335
358 404
359 124
359 190
359 246
359 307
359 332
359 349
359 370
359 455
360 352
360 361
360 365
360 403
360 407
360 431
361 75
361 360
361 364
361 365
361 379
362 288
362 357
362 369
362 422
362 469
363 54
363 177
363 222
363 265
363 308
363 427
363 434
363 459
364 69
364 75
364 94
364 152
364 238
364 355
364 361
364 493
365 10
365 187
365 292
365 360
365 361
365 379
365 387
365 449
366 34
366 97
366 145
366 184
366 346
366 354
366 367
366 460
367 244
367 324
367 325
367 354
367 366
367 373
367 399
367 460
368 12
368 134
368 157
368 317
368 372
368 373
368 374
368 380
368 460
369 339
369 362
369 374
369 375
369 393
369 425
369 455
369 477
370 29
370 41
370 54
370 332
370 349
370 359
370 407
370 420
370 427
370 455
370 457
370 470
370 499
371 140
371 193
371 200
371 291
371 335
371 338
371 339
371 350
371 351
372 113
372 186
372 283
372 284
372 368
372 373
372 374
372 460
372 476
373 367
373 368
373 372
373 374
373 403
373 407
373 431
374 258
374 339
374 368
374 369
374 372
374 373
374 377
374 393
374 425
374 455
374 477
374 484
375 39
375 178
375 232
375 369
375 382
376 89
376 143
376 173
376 224
376 300
376 377
376 378
376 381
376 461
377 34
377 71
377 97
377 374
377 376
377 378
377 381
378 9
378 29
378 41
378 376
378 377
378 381
378 384
378 470
378 499
379 154
379 331
379 361
379 365
379 380
379 445
379 465
380 93
380 157
380 309
380 310
380 368
380 379
380 383
380 460
381 138
381 263
381 353
381 376
381 377
381 378
381 384
381 395
381 398
382 333
382 352
382 375
382 388
382 464
382 492
383 93
383 380
383 392
383 414
383 428
383 445
383 465
384 142
384 240
384 317
384 378
384 381
384 385
384 394
384 475
384 489
385 177
385 384
385 387
385 391
385 394
385 420
385 427
385 457
385 499
386 65
386 233
386 235
386 239
386 240
386 266
386 474
386 479
386 483
387 10
387 292
387 328
387 365
387 385
387 391
387 394
387 449
387 494
388 85
388 126
388 149
388 382
388 401
389 69
389 76
389 204
389 247
389 398
389 402
389 408
389 414
389 471
390 29
390 127
390 198
390 291
390 292
390 294
390 304
391 31
391 82
391 135
391 385
391 387
391 394
391 396
391 436
392 24
392 91
392 93
392 101
392 158
392 349
392 354
392 383
392 404
393 258
393 313
393 333
393 339
393 369
393 374
393 425
393 428
393 443
393 455
393 484
394 100
394 243
394 282
394 384
394 385
394 387
394 391
394 487
394 492
395 218
395 221
395 228
395 353
395 381
395 398
396 100
396 209
396 223
396 243
396 391
396 397
396 399
396 408
396 487
397 192
397 351
397 396
397 399
397 408
397 412
398 138
398 252
398 263
398 353
398 381
398 389
398 395
398 472
398 490
399 172
399 324
399 325
399 367
399 396
399 397
399 408
399 412
399 481
400 16
400 96
400 97
400 99
400 110
400 432
400 469
401 92
401 203
401 388
401 403
401 456
402 44
402 62
402 147
402 163
402 165
402 389
402 408
402 409
402 471
402 497
403 230
403 316
403 360
403 373
403 401
403 407
403 418
403 431
404 52
404 335
404 358
404 392
404 406
404 411
404 485
405 115
405 140
405 200
405 209
405 322
405 335
405 442
405 452
405 470
405 485
406 88
406 294
406 404
406 411
406 423
407 57
407 316
407 360
407 370
407 373
407 403
407 419
407 427
407 430
407 455
408 257
408 287
408 322
408 389
408 396
408 397
408 399
408 402
408 412
408 471
409 99
409 165
409 168
409 337
409 402
409 419
409 452
409 475
409 478
409 491
410 104
410 109
410 140
410 243
410 275
410 297
410 446
410 447
410 462
410 463
411 146
411 153
411 179
411 301
411 404
411 406
411 423
412 90
412 104
412 148
412 397
412 399
412 408
412 415
412 435
412 461
412 482
413 52
413 104
413 142
413 155
413 196
413 220
413 226
413 240
413 243
413 317
413 425
413 475
413 482
413 485
413 489
413 495
414 76
414 277
414 383
414 389
414 428
414 445
414 465
414 496
415 104
415 148
415 255
415 256
415 258
415 260
415 412
415 453
415 482
415 498
416 1
416 14
416 50
416 157
416 180
416 199
416 425
416 435
416 443
416 472
417 64
417 105
417 189
417 236
417 252
417 272
417 420
417 454
417 461
417 467
417 470
418 34
418 145
418 296
418 403
418 424
419 234
419 270
419 311
419 407
419 409
419 427
419 430
419 431
419 452
419 455
420 14
420 54
420 236
420 370
420 385
420 417
420 457
420 461
420 487
420 499
421 4
421 22
421 96
421 102
421 142
421 256
421 285
421 469
421 486
421 489
422 288
422 289
422 290
422 294
422 362
422 434
422 469
423 92
423 203
423 406
423 411
423 440
424 264
424 418
424 437
424 450
424 464
425 78
425 322
425 369
425 374
425 393
425 413
425 416
425 435
425 477
426 217
426 220
426 223
426 225
426 232
426 241
426 453
426 498
427 363
427 370
427 385
427 407
427 419
427 430
427 431
427 434
427 455
427 470
427 499
428 81
428 95
428 318
428 331
428 333
428 383
428 393
428 414
428 445
428 465
428 496
429 15
429 67
429 94
429 173
429 181
429 227
429 307
429 334
429 448
429 477
430 89
430 143
430 150
430 173
430 289
430 335
430 407
430 419
430 427
430 431
430 461
431 230
431 316
431 335
431 360
431 373
431 403
431 419
431 427
431 430
431 439
432 16
432 86
432 110
432 335
432 400
432 433
432 436
432 439
432 446
432 453
432 469
433 3
433 35
433 206
433 228
433 246
433 335
433 432
433 436
433 439
433 453
433 496
434 54
434 177
434 266
434 289
434 291
434 352
434 363
434 422
434 427
434 470
434 499
435 42
435 51
435 104
435 120
435 412
435 416
435 425
435 443
435 470
435 482
435 498
436 26
436 43
436 82
436 330
436 391
436 432
436 433
436 439
436 451
436 453
436 468
437 188
437 217
437 278
437 424
437 438
438 119
438 202
438 437
438 441
438 500
439 26
439 72
439 155
439 219
439 335
439 431
439 432
439 433
439 436
439 443
439 459
440 11
440 164
440 423
440 449
440 456
441 87
441 116
441 205
441 208
441 438
441 444
442 47
442 87
442 131
442 211
442 236
442 293
442 322
442 336
442 405
442 470
443 36
443 155
443 157
443 393
443 416
443 435
443 439
443 483
444 182
444 214
444 279
444 441
444 454
445 95
445 299
445 314
445 316
445 318
445 319
445 324
445 331
445 379
445 383
445 414
445 428
446 6
446 86
446 104
446 140
446 243
446 247
446 249
446 410
446 432
446 447
446 462
446 469
447 5
447 47
447 74
447 104
447 140
447 211
447 293
447 336
447 410
447 446
447 462
447 465
448 24
448 91
448 101
448 158
448 181
448 182
448 184
448 269
448 315
448 349
448 354
448 429
449 10
449 328
449 345
449 365
449 387
449 440
449 456
449 458
450 21
450 28
450 35
450 100
450 243
450 264
450 314
450 424
450 464
450 475
450 492
450 494
451 9
451 43
451 82
451 266
451 296
451 330
451 436
451 459
451 464
451 468
451 478
451 494
452 234
452 261
452 311
452 405
452 409
452 419
452 471
452 475
452 477
452 489
452 491
452 494
453 26
453 42
453 104
453 148
453 241
453 335
453 415
453 426
453 432
453 433
453 436
453 482
454 272
454 417
454 444
454 467
454 493
455 258
455 349
455 359
455 369
455 370
455 374
455 393
455 407
455 419
455 427
455 477
456 92
456 203
456 401
456 440
456 449
456 458
457 7
457 8
457 30
457 33
457 45
457 54
457 116
457 182
457 370
457 385
457 420
457 470
457 499
458 262
458 350
458 449
458 456
458 466
459 26
459 72
459 157
459 219
459 242
459 313
459 343
459 346
459 363
459 439
459 451
459 464
459 483
460 11
460 12
460 98
460 134
460 157
460 298
460 346
460 354
460 366
460 367
460 368
460 372
460 380
461 236
461 289
461 376
461 412
461 417
461 420
461 430
462 140
462 209
462 410
462 446
462 447
462 464
462 465
462 468
462 492
463 66
463 109
463 124
463 181
463 189
463 191
463 194
463 207
463 250
463 275
463 277
463 297
463 298
463 410
464 185
464 243
464 264
464 287
464 333
464 382
464 424
464 450
464 451
464 459
464 462
464 478
464 483
464 492
465 63
465 83
465 95
465 154
465 318
465 331
465 379
465 383
465 414
465 428
465 447
465 462
465 468
465 499
466 176
466 238
466 458
466 472
466 490
467 105
467 272
467 417
467 454
467 480
468 43
468 63
468 82
468 83
468 167
468 236
468 330
468 436
468 451
468 462
468 465
468 488
468 494
468 499
469 142
469 189
469 249
469 285
469 288
469 362
469 400
469 421
469 422
469 432
469 446
469 486
469 489
470 14
470 29
470 41
470 304
470 322
470 370
470 378
470 405
470 417
470 427
470 434
470 435
470 442
470 457
470 499
471 62
471 68
471 123
471 128
471 257
471 322
471 389
471 402
471 408
471 452
471 475
471 477
471 489
471 494
471 497
472 168
472 398
472 416
472 466
472 490
473 28
473 205
473 266
473 321
473 328
473 334
473 474
473 479
473 483
474 63
474 65
474 129
474 266
474 303
474 313
474 336
474 341
474 343
474 345
474 346
474 386
474 473
474 479
474 483
475 21
475 142
475 191
475 259
475 317
475 329
475 384
475 409
475 413
475 450
475 452
475 471
475 477
475 489
475 494
476 9
476 13
476 41
476 81
476 109
476 113
476 170
476 186
476 252
476 283
476 284
476 340
476 372
476 478
476 489
477 122
477 339
477 369
477 374
477 425
477 429
477 452
477 455
477 471
477 475
477 489
477 494
478 9
478 99
478 169
478 201
478 311
478 409
478 451
478 464
478 476
478 491
479 28
479 49
479 63
479 83
479 129
479 224
479 251
479 319
479 386
479 473
479 474
479 481
479 483
479 487
479 488
479 500
480 161
480 273
480 274
480 281
480 467
481 63
481 83
481 172
481 222
481 244
481 255
481 295
481 315
481 324
481 399
481 479
481 487
481 488
481 497
481 499
481 500
482 52
482 77
482 104
482 148
482 155
482 195
482 412
482 413
482 415
482 435
482 453
482 485
482 495
482 498
483 28
483 63
483 65
483 129
483 157
483 197
483 222
483 303
483 352
483 386
483 443
483 459
483 464
483 473
483 474
483 479
484 257
484 259
484 261
484 374
484 393
485 52
485 115
485 140
485 151
485 155
485 200
485 243
485 327
485 335
485 404
485 405
485 413
485 482
485 486
485 495
485 498
486 24
486 26
486 27
486 52
486 79
486 142
486 285
486 421
486 469
486 485
487 100
487 201
487 209
487 224
487 243
487 282
487 317
487 333
487 352
487 394
487 396
487 420
487 479
487 481
487 492
487 497
487 500
488 25
488 60
488 63
488 83
488 147
488 185
488 224
488 276
488 280
488 295
488 321
488 332
488 347
488 468
488 479
488 481
488 499
489 21
489 142
489 166
489 220
489 226
489 240
489 298
489 317
489 384
489 413
489 421
489 452
489 469
489 471
489 475
489 476
489 477
490 182
490 214
490 279
490 398
490 466
490 472
491 11
491 29
491 50
491 60
491 164
491 169
491 224
491 234
491 261
491 314
491 317
491 329
491 337
491 409
491 452
491 478
491 492
492 29
492 100
492 209
492 224
492 243
492 317
492 327
492 352
492 382
492 394
492 450
492 462
492 464
492 487
492 491
492 497
492 500
493 17
493 75
493 355
493 364
493 454
494 31
494 43
494 82
494 135
494 167
494 236
494 245
494 314
494 327
494 387
494 450
494 451
494 452
494 468
494 471
494 475
494 477
495 23
495 52
495 60
495 125
495 137
495 155
495 185
495 224
495 243
495 280
495 302
495 321
495 332
495 413
495 482
495 485
495 498
495 500
496 35
496 76
496 135
496 228
496 246
496 414
496 428
496 433
497 68
497 78
497 106
497 108
497 132
497 204
497 210
497 224
497 243
497 286
497 287
497 317
497 322
497 402
497 471
497 481
497 487
497 492
497 500
498 42
498 52
498 77
498 90
498 104
498 148
498 155
498 195
498 241
498 415
498 426
498 435
498 482
498 485
498 495
499 45
499 63
499 83
499 103
499 117
499 162
499 164
499 370
499 378
499 385
499 420
499 427
499 434
499 457
499 465
499 468
499 470
499 481
499 488
500 60
500 118
500 119
500 151
500 202
500 224
500 241
500 276
500 280
500 317
500 321
500 332
500 342
500 347
500 438
500 479
500 481
500 487
500 492
500 495
500 497
