1 38
2 11
3 28
4 48
5 19
6 48
7 34
8 3
9 9
10 39
11 44
12 48
13 36
14 39
15 38
16 13
17 44
18 5
19 43
20 34
21 38
22 4
23 17
24 39
25 28
26 15
27 28
28 25
29 48
30 36
31 44
32 38
33 14
34 30
35 8
36 37
37 46
38 48
39 21
40 13
41 47
42 41
43 19
44 27
45 38
46 7
47 4
48 3
49 3
50 19
51 1
52 23
53 7
54 25
55 27
56 10
57 35
58 36
59 33
60 46
61 48
62 47
63 27
64 21
65 16
66 34
67 42
68 28
69 27
70 26
71 39
72 19
73 13
74 6
75 18
76 39
77 42
78 27
79 15
80 29
81 7
82 12
83 10
84 31
85 4
86 3
87 23
88 30
89 42
90 29
91 40
92 30
93 36
94 37
95 1
96 38
97 22
98 12
99 12
100 28
101 26
102 11
103 26
104 28
105 11
106 39
107 3
108 46
109 11
110 14
111 30
112 42
113 48
114 33
115 4
116 9
117 38
118 45
119 41
120 33
121 37
122 32
123 28
124 2
125 19
126 9
127 11
128 7
129 8
130 9
131 38
132 26
133 24
134 8
135 32
136 6
137 4
138 45
139 39
140 35
141 20
142 10
143 11
144 17
145 2
146 16
147 30
148 23
149 33
150 42
151 24
152 48
153 26
154 3
155 1
156 17
157 30
158 44
159 24
160 14
161 28
162 7
163 5
164 1
165 28
166 28
167 35
168 2
169 30
170 18
171 14
172 26
173 22
174 17
175 11
176 35
177 28
178 13
179 28
180 35
181 20
182 13
183 44
184 27
185 15
186 23
187 5
188 35
189 23
190 32
191 32
192 11
193 37
194 38
195 22
196 33
197 11
198 48
199 35
200 48
201 1
202 39
203 47
204 23
205 42
206 1
207 24
208 23
209 39
210 22
211 19
212 10
213 17
214 42
215 43
216 34
217 17
218 13
219 11
220 23
221 40
222 21
223 44
224 31
225 41
226 4
227 39
228 28
229 25
230 21
231 20
232 45
233 13
234 17
235 48
236 32
237 44
238 2
239 26
240 35
241 36
242 38
243 33
244 1
245 11
246 22
247 47
248 37
249 14
250 25
251 12
252 44
253 22
254 32
255 36
256 44
257 20
258 44
259 48
260 48
261 2
262 8
263 41
264 15
265 11
266 26
267 26
268 32
269 5
270 14
271 34
272 23
273 48
274 6
275 32
276 22
277 22
278 9
279 5
280 27
281 7
282 46
283 37
284 11
285 48
286 44
287 35
288 31
289 6
290 48
291 37
292 25
293 35
294 39
295 10
296 2
297 12
298 39
299 37
300 3
301 26
302 32
303 19
304 39
305 34
306 7
307 33
308 35
309 31
310 5
311 29
312 23
313 26
314 46
315 39
316 44
317 29
318 40
319 28
320 48
321 29
322 24
323 6
324 28
325 46
326 23
327 23
328 32
329 42
330 32
331 10
332 33
333 27
334 5
335 36
336 42
337 23
338 11
339 3
340 17
341 22
342 1
343 11
344 8
345 43
346 39
347 39
348 9
349 10
350 13
351 39
352 9
353 37
354 12
355 6
356 39
357 38
358 44
359 28
360 46
361 26
362 35
363 40
364 26
365 41
366 30
367 3
368 14
369 23
370 40
371 43
372 37
373 11
374 32
375 19
376 45
377 7
378 2
379 23
380 18
381 44
382 42
383 23
384 39
385 42
386 17
387 21
388 45
389 35
390 40
391 5
392 2
393 25
394 47
395 12
396 13
397 6
398 37
399 47
400 9
401 46
402 24
403 44
404 34
405 39
406 13
407 38
408 31
409 2
410 30
411 19
412 19
413 27
414 28
415 9
416 28
417 32
418 14
419 39
420 15
421 46
422 33
423 28
424 20
425 34
426 44
427 32
428 27
429 30
430 30
431 8
432 41
433 44
434 18
435 28
436 33
437 26
438 32
439 44
440 33
441 33
442 37
443 4
444 28
445 26
446 19
447 25
448 25
449 16
450 16
451 27
452 19
453 16
454 2
455 26
456 13
457 38
458 2
459 35
460 2
461 10
462 26
463 48
464 43
465 37
466 2
467 18
468 19
469 23
470 40
471 9
472 41
473 18
474 28
475 41
476 2
477 7
478 47
479 3
480 11
481 6
482 36
483 39
484 11
485 45
486 37
487 2
488 5
489 32
490 25
491 45
492 25
493 44
494 23
495 2
496 44
497 40
498 36
499 10
500 44
