1 47
1 48
1 171
1 259
1 399
2 62
2 104
2 198
2 376
2 421
2 456
3 69
3 100
3 225
3 256
3 302
4 66
4 73
4 74
4 196
4 350
5 46
5 176
5 208
5 211
5 361
6 39
6 111
6 222
6 311
6 368
6 388
7 46
7 101
7 176
7 208
7 230
7 361
8 12
8 18
8 51
8 79
8 332
9 129
9 212
9 235
9 236
9 252
10 53
10 92
10 98
10 145
10 201
10 231
10 241
10 336
11 99
11 108
11 110
11 194
11 324
12 8
12 18
12 51
12 323
12 332
13 30
13 56
13 85
13 321
13 354
14 33
14 116
14 282
14 349
14 365
15 31
15 78
15 316
15 375
15 426
15 483
16 210
16 221
16 266
16 276
16 322
16 339
16 357
17 25
17 72
17 113
17 131
17 165
17 240
17 326
18 8
18 12
18 51
18 79
18 332
19 28
19 279
19 284
19 394
19 424
20 81
20 134
20 151
20 153
20 186
20 297
20 318
20 367
20 404
20 475
21 344
21 443
21 449
21 481
21 489
22 106
22 304
22 309
22 335
22 370
23 266
23 276
23 322
23 339
23 357
24 63
24 112
24 127
24 360
24 395
25 17
25 131
25 213
25 240
25 326
26 48
26 170
26 171
26 399
26 496
27 344
27 369
27 408
27 481
27 489
28 19
28 143
28 284
28 353
28 424
29 31
29 109
29 375
29 426
29 483
30 13
30 56
30 85
30 321
30 354
31 15
31 29
31 78
31 296
31 375
31 381
31 400
31 422
31 426
31 463
31 483
32 51
32 323
32 332
33 14
33 282
33 349
33 365
33 377
34 43
34 52
34 82
34 146
34 437
35 49
35 143
35 154
35 353
35 424
36 91
36 130
36 409
36 455
36 493
37 202
37 229
37 268
37 308
37 472
37 487
38 167
38 202
38 308
38 472
38 487
39 6
39 83
39 111
39 227
39 293
39 310
39 311
39 388
40 410
40 415
40 476
40 491
40 494
41 108
41 121
41 194
41 206
41 324
41 385
42 45
42 70
42 138
42 271
42 286
43 34
43 52
43 82
43 146
43 162
43 437
44 95
44 182
44 314
44 392
44 413
44 418
44 453
45 42
45 70
45 138
45 271
45 286
46 5
46 7
46 176
46 208
46 211
46 230
47 1
47 57
47 259
47 380
47 399
48 1
48 26
48 58
48 171
48 399
49 35
49 154
49 279
49 353
49 424
50 107
50 199
50 292
50 319
50 411
51 8
51 12
51 18
51 32
51 79
51 323
51 332
52 34
52 43
52 82
52 146
52 162
53 10
53 98
53 201
53 241
53 336
54 61
54 77
54 136
54 139
54 152
54 218
54 258
54 389
54 414
54 419
54 433
54 436
54 438
54 445
54 447
54 454
54 462
54 464
54 488
54 497
55 159
55 166
55 203
55 215
55 245
55 277
55 290
55 358
55 391
56 13
56 30
56 85
56 224
56 288
56 321
56 346
56 354
57 47
57 171
57 185
57 259
57 380
57 399
58 48
58 170
58 171
58 399
58 496
59 183
59 198
59 272
59 376
59 456
60 64
60 142
60 249
60 303
60 307
61 54
61 77
61 136
61 152
61 164
61 414
61 419
61 447
61 462
61 464
61 488
62 2
62 93
62 183
62 226
62 272
62 351
62 366
62 376
62 421
62 456
63 24
63 127
63 352
63 395
63 439
64 60
64 142
64 249
64 303
64 307
65 89
65 161
65 189
65 247
65 291
66 4
66 73
66 74
66 196
66 350
67 136
67 419
67 438
67 454
67 464
68 148
68 191
68 214
68 425
68 473
68 499
68 500
69 3
69 97
69 100
69 225
69 256
69 382
69 482
70 42
70 45
70 138
70 271
70 286
71 410
71 428
71 450
71 491
71 494
72 17
72 113
72 165
72 213
72 326
73 4
73 66
73 74
73 196
73 350
74 4
74 66
74 73
74 196
74 350
75 181
75 451
75 457
75 468
75 474
76 224
76 288
76 346
76 354
77 54
77 61
77 136
77 152
77 414
77 419
77 445
77 447
77 454
77 464
77 488
77 497
78 15
78 31
78 109
78 217
78 296
78 305
78 316
78 331
78 375
78 381
78 400
78 422
78 426
78 452
78 463
78 483
78 486
79 8
79 18
79 51
79 323
79 332
80 95
80 182
80 312
80 314
80 453
81 20
81 318
81 367
81 390
81 404
82 34
82 43
82 52
82 162
82 437
83 39
83 227
83 293
83 310
83 368
84 192
84 285
84 294
84 306
84 327
84 347
84 362
84 458
84 465
85 13
85 30
85 56
85 288
85 354
86 123
86 140
86 178
86 205
86 281
86 289
86 393
87 285
87 306
87 327
87 362
87 458
88 173
88 272
88 351
88 366
88 421
88 432
89 65
89 161
89 174
89 239
89 275
89 291
90 405
90 409
90 455
90 469
90 478
90 485
90 493
91 36
91 130
91 455
91 485
91 493
92 10
92 201
92 231
92 241
92 336
93 62
93 104
93 226
93 272
93 376
93 421
93 456
94 137
94 223
94 273
94 278
94 479
95 44
95 80
95 182
95 204
95 264
95 312
95 314
95 392
95 413
95 418
95 453
96 174
96 189
96 239
96 275
96 291
97 69
97 100
97 225
97 302
97 382
98 10
98 53
98 145
98 201
98 231
99 11
99 108
99 110
99 194
99 467
100 3
100 69
100 97
100 256
100 302
100 315
101 7
101 176
101 211
101 230
101 361
102 117
102 133
102 207
102 220
102 317
103 401
103 420
103 429
103 434
103 471
104 2
104 93
104 183
104 351
105 344
105 374
105 408
105 423
105 441
105 446
105 449
105 481
105 490
106 22
106 187
106 309
106 325
106 370
106 379
107 50
107 199
107 209
107 292
107 319
107 411
107 448
108 11
108 41
108 99
108 110
108 121
108 194
108 385
109 29
109 78
109 375
109 422
109 483
110 11
110 99
110 108
110 194
110 385
111 6
111 39
111 293
111 368
111 388
112 24
112 127
112 180
112 360
112 395
113 17
113 72
113 131
113 165
113 213
113 240
113 326
114 175
114 181
114 313
114 345
114 387
114 396
114 397
114 417
114 427
114 440
114 451
114 457
114 468
114 474
115 123
115 289
115 328
115 363
115 393
116 14
116 265
116 282
116 295
116 349
116 365
116 495
117 102
117 133
117 200
117 207
117 220
118 137
118 238
118 253
118 269
118 278
118 412
119 136
119 177
119 188
119 270
119 330
119 333
119 430
120 161
120 174
120 239
120 275
120 291
121 41
121 108
121 194
121 206
121 467
122 148
122 191
122 214
122 338
122 383
122 425
122 460
122 473
122 484
123 86
123 115
123 178
123 205
123 281
123 289
123 363
123 393
124 135
124 168
124 234
124 248
124 287
125 172
125 197
125 257
125 267
125 340
125 355
126 304
126 309
126 325
126 335
126 370
126 379
127 24
127 63
127 112
127 147
127 150
127 251
127 360
127 439
128 223
128 269
128 371
128 412
128 479
129 9
129 144
129 190
129 212
129 242
129 384
129 398
129 492
130 36
130 91
130 232
130 260
130 263
130 298
130 386
130 409
130 455
130 469
130 478
130 485
130 493
131 17
131 25
131 113
131 213
131 326
132 255
132 314
132 413
132 418
132 453
133 102
133 117
133 200
133 207
133 220
133 317
134 20
134 151
134 153
134 169
134 186
134 297
134 318
134 367
134 404
134 475
135 124
135 155
135 234
135 248
136 54
136 61
136 67
136 77
136 119
136 139
136 152
136 164
136 218
136 258
136 389
136 414
136 419
136 438
136 447
136 454
136 462
136 464
136 488
136 497
137 94
137 118
137 238
137 253
137 269
137 273
137 278
137 412
137 479
138 42
138 45
138 70
138 271
138 286
139 54
139 136
139 152
139 218
139 414
139 445
139 462
139 464
139 488
140 86
140 178
140 328
140 363
140 393
141 423
141 441
141 446
141 481
141 489
142 60
142 64
142 249
142 303
142 307
143 28
143 35
143 154
143 353
143 394
143 424
144 129
144 212
144 242
144 384
144 398
144 492
145 10
145 98
145 201
145 231
145 241
145 336
146 34
146 43
146 52
146 162
146 437
147 127
147 180
147 352
147 395
147 439
148 68
148 122
148 156
148 191
148 214
148 216
148 274
148 338
148 342
148 364
148 383
148 425
148 431
148 442
148 460
148 470
148 473
148 477
148 484
148 500
149 184
149 441
149 446
149 449
149 489
150 127
150 251
150 352
150 360
150 395
151 20
151 134
151 153
151 169
151 186
151 404
152 54
152 61
152 77
152 136
152 139
152 389
152 438
152 447
152 462
152 488
152 497
153 20
153 134
153 151
153 297
153 318
153 367
153 406
153 475
154 35
154 49
154 143
154 284
154 353
154 394
154 424
155 135
155 168
155 234
155 248
155 287
156 148
156 191
156 214
156 216
156 274
156 342
156 364
156 425
156 460
156 473
156 484
156 500
157 348
157 356
157 401
157 420
157 429
158 263
158 298
158 334
158 386
158 409
158 455
158 469
158 478
158 485
158 493
159 55
159 245
159 277
159 341
159 358
160 250
160 348
160 401
160 402
160 407
160 420
160 429
160 434
160 471
160 480
161 65
161 89
161 120
161 189
161 275
161 291
162 43
162 52
162 82
162 146
162 437
163 228
163 329
163 337
163 359
163 403
163 410
163 415
163 428
163 450
163 466
163 476
163 491
163 494
164 61
164 136
164 419
164 438
164 488
165 17
165 72
165 113
165 213
165 240
166 55
166 215
166 245
166 290
166 391
167 38
167 229
167 308
167 472
167 487
168 124
168 155
168 174
168 234
168 248
168 287
169 134
169 151
169 297
169 404
169 475
170 26
170 58
170 171
170 399
170 496
171 1
171 26
171 48
171 57
171 58
171 170
171 185
171 380
171 496
172 125
172 193
172 197
172 246
172 257
172 267
172 340
172 355
173 88
173 226
173 272
173 366
173 376
174 89
174 96
174 120
174 168
174 247
175 114
175 179
175 181
175 219
175 345
175 387
175 396
175 397
175 417
175 427
175 440
175 451
175 457
175 468
175 474
176 5
176 7
176 46
176 101
176 208
176 211
176 230
176 361
177 119
177 270
177 320
177 330
177 333
177 372
177 430
178 86
178 123
178 140
178 328
178 363
178 393
179 175
179 181
179 417
179 440
179 468
179 474
180 112
180 147
180 360
180 395
180 439
181 75
181 114
181 175
181 179
181 254
181 313
181 345
181 387
181 397
181 427
181 440
181 451
181 457
182 44
182 80
182 95
182 264
182 314
182 413
182 416
182 418
182 453
183 59
183 62
183 104
183 272
183 421
183 432
184 149
184 344
184 423
184 441
184 449
184 481
184 489
184 490
185 57
185 171
185 259
185 380
185 399
186 20
186 134
186 151
186 297
186 318
186 404
187 106
187 283
187 304
187 325
187 335
187 379
188 119
188 270
188 330
188 333
188 372
188 430
189 65
189 96
189 161
189 247
189 275
190 129
190 212
190 242
190 384
190 398
190 492
191 68
191 122
191 148
191 156
191 214
191 216
191 274
191 280
191 338
191 342
191 364
191 383
191 425
191 431
191 442
191 460
191 473
191 477
191 484
191 498
191 499
192 84
192 294
192 306
192 347
192 362
192 465
193 172
193 197
193 246
193 340
194 11
194 41
194 99
194 108
194 110
194 121
194 206
194 324
194 467
195 344
195 423
195 441
195 446
195 489
195 490
196 4
196 66
196 73
196 74
196 350
197 125
197 172
197 193
197 246
197 257
197 267
197 340
197 355
198 2
198 59
198 351
198 366
198 421
199 50
199 107
199 292
199 319
199 448
200 117
200 133
200 207
200 220
200 317
201 10
201 53
201 92
201 98
201 145
201 231
201 241
202 37
202 38
202 268
202 308
202 472
202 487
203 55
203 245
203 290
203 341
203 358
203 391
204 95
204 244
204 264
204 314
204 392
204 413
205 86
205 123
205 281
205 289
205 363
205 393
206 41
206 121
206 194
206 324
206 385
207 102
207 117
207 133
207 200
207 220
207 317
208 5
208 7
208 46
208 176
208 211
209 107
209 292
209 319
209 411
209 448
210 16
210 221
210 276
210 322
210 339
210 357
211 5
211 46
211 101
211 176
211 208
212 9
212 129
212 144
212 190
212 235
212 236
212 242
212 252
212 384
212 492
213 25
213 72
213 113
213 131
213 165
213 240
214 68
214 122
214 148
214 156
214 191
214 216
214 274
214 280
214 338
214 342
214 364
214 383
214 425
214 431
214 442
214 460
214 473
214 477
214 484
214 498
214 500
215 55
215 166
215 245
215 358
215 391
216 148
216 156
216 191
216 214
216 274
216 364
216 425
216 431
216 460
216 473
216 477
216 484
216 498
216 500
217 78
217 331
217 400
217 422
217 483
217 486
218 54
218 136
218 139
218 445
218 447
218 488
219 175
219 396
219 417
219 457
219 468
219 474
220 102
220 117
220 133
220 200
220 207
220 317
221 16
221 210
221 266
221 322
221 339
221 357
222 6
222 293
222 310
222 311
222 368
222 388
223 94
223 128
223 269
223 371
223 412
224 56
224 76
224 288
224 321
224 346
224 354
225 3
225 69
225 97
225 256
225 302
225 315
226 62
226 93
226 173
226 272
226 376
226 421
227 39
227 83
227 310
227 311
227 368
228 163
228 378
228 415
228 428
228 466
228 494
229 37
229 167
229 268
229 308
229 472
229 487
230 7
230 46
230 101
230 176
230 361
231 10
231 92
231 98
231 145
231 201
232 130
232 260
232 409
232 455
232 485
232 493
233 403
233 410
233 415
233 466
233 491
233 494
234 124
234 135
234 155
234 168
234 248
234 287
235 9
235 212
235 242
235 252
235 384
235 492
236 9
236 212
236 242
236 252
236 492
237 282
237 295
237 349
237 365
237 377
238 118
238 137
238 253
238 269
238 278
239 89
239 96
239 120
239 247
239 275
240 17
240 25
240 113
240 165
240 213
241 10
241 53
241 92
241 145
241 201
241 336
242 129
242 144
242 190
242 212
242 235
242 236
242 252
242 398
242 492
243 344
243 423
243 435
243 449
243 481
243 489
244 204
244 255
244 314
244 413
244 418
244 453
245 55
245 159
245 166
245 203
245 215
245 277
245 290
245 341
245 358
246 172
246 193
246 197
246 340
246 355
247 65
247 174
247 189
247 239
247 275
247 291
248 124
248 135
248 155
248 168
248 234
248 287
249 60
249 64
249 142
249 303
249 307
250 160
250 401
250 402
250 420
250 480
251 127
251 150
251 360
251 395
251 439
252 9
252 212
252 235
252 236
252 242
252 492
253 118
253 137
253 238
253 269
253 278
253 412
254 181
254 256
254 396
254 417
254 451
254 468
255 132
255 244
255 413
255 418
255 453
256 3
256 69
256 100
256 225
256 254
256 302
256 315
256 482
257 125
257 172
257 197
257 267
257 340
257 355
258 54
258 136
258 433
258 447
258 464
258 488
259 1
259 47
259 57
259 185
259 380
259 399
260 130
260 232
260 409
260 455
260 469
260 485
260 493
261 403
261 415
261 428
261 450
261 466
261 491
261 494
262 410
262 415
262 428
262 476
262 491
262 494
263 130
263 158
263 298
263 300
263 334
263 373
263 386
263 409
263 455
263 469
263 478
263 485
263 493
264 95
264 182
264 204
264 314
264 413
264 416
264 418
264 453
265 116
265 282
265 295
265 349
265 365
265 377
266 16
266 23
266 221
266 276
266 322
266 339
266 357
267 125
267 172
267 197
267 257
267 340
267 355
268 37
268 202
268 229
268 306
268 472
268 487
269 118
269 128
269 137
269 223
269 238
269 253
269 273
269 278
269 371
269 412
269 479
270 119
270 177
270 188
270 320
270 333
270 430
271 42
271 45
271 70
271 138
271 286
272 59
272 62
272 88
272 93
272 173
272 183
272 226
272 351
272 366
272 376
272 421
273 94
273 137
273 269
273 371
273 412
273 479
274 148
274 156
274 191
274 214
274 216
274 342
274 364
274 425
274 431
274 442
274 460
274 473
274 477
274 484
275 89
275 96
275 120
275 161
275 189
275 239
275 247
275 291
276 16
276 23
276 210
276 266
276 322
276 339
276 357
277 55
277 159
277 245
277 290
277 358
277 391
278 94
278 118
278 137
278 238
278 253
278 269
278 412
279 19
279 49
279 284
279 394
280 191
280 214
280 473
280 484
280 498
280 500
281 86
281 123
281 205
281 289
281 328
281 363
281 393
282 14
282 33
282 116
282 237
282 265
282 295
282 365
282 377
282 495
283 187
283 304
283 309
283 325
283 335
284 19
284 28
284 154
284 279
284 353
284 394
284 424
285 84
285 87
285 294
285 362
285 465
286 42
286 45
286 70
286 138
286 271
287 124
287 155
287 168
287 234
287 248
288 56
288 76
288 85
288 224
288 321
288 346
288 354
289 86
289 115
289 123
289 205
289 281
289 393
290 55
290 166
290 203
290 245
290 277
290 358
290 391
291 65
291 89
291 96
291 120
291 161
291 247
291 275
292 50
292 107
292 199
292 209
292 319
292 411
292 448
293 39
293 83
293 111
293 222
293 310
293 368
293 388
294 84
294 192
294 285
294 306
294 347
294 458
294 465
295 116
295 237
295 265
295 282
295 349
296 31
296 78
296 375
296 381
296 400
296 422
296 426
296 483
297 20
297 134
297 153
297 169
297 186
297 404
297 475
298 130
298 158
298 263
298 334
298 373
298 386
298 444
298 455
298 469
298 478
298 485
298 493
299 301
299 415
299 450
299 491
299 494
300 263
300 373
300 386
300 409
300 455
300 469
300 478
300 485
300 493
301 299
301 415
301 450
301 491
301 494
302 3
302 97
302 100
302 225
302 256
302 382
302 482
303 60
303 64
303 142
303 249
303 307
304 22
304 126
304 187
304 283
304 309
304 335
304 379
305 78
305 316
305 400
305 422
305 426
305 452
305 483
306 84
306 87
306 192
306 268
306 294
306 347
306 458
307 60
307 64
307 142
307 249
307 303
308 37
308 38
308 167
308 202
308 229
308 472
308 487
309 22
309 106
309 126
309 283
309 304
309 325
309 379
310 39
310 83
310 222
310 227
310 293
310 368
310 388
311 6
311 39
311 222
311 227
311 368
311 388
312 80
312 95
312 314
312 413
312 418
312 453
313 114
313 181
313 417
313 468
313 474
314 44
314 80
314 95
314 132
314 182
314 204
314 244
314 264
314 312
314 413
314 418
315 100
315 225
315 256
315 382
315 482
316 15
316 78
316 305
316 400
316 422
316 426
316 483
317 102
317 133
317 200
317 207
317 220
318 20
318 81
318 134
318 153
318 186
318 367
318 390
318 404
318 475
319 50
319 107
319 199
319 209
319 292
319 411
319 448
320 177
320 270
320 330
320 333
320 430
321 13
321 30
321 56
321 224
321 288
321 346
321 354
322 16
322 23
322 210
322 221
322 266
322 276
322 339
322 357
323 12
323 32
323 51
323 79
323 332
324 11
324 41
324 194
324 206
324 467
325 106
325 126
325 187
325 283
325 309
325 370
325 379
326 17
326 25
326 72
326 113
326 131
327 84
327 87
327 347
327 362
327 458
328 115
328 140
328 178
328 281
328 363
329 163
329 337
329 415
329 428
329 466
329 491
329 494
330 119
330 177
330 188
330 320
330 333
330 372
330 430
331 78
331 217
331 426
331 452
331 483
332 8
332 12
332 18
332 32
332 51
332 79
332 323
333 119
333 177
333 188
333 270
333 320
333 330
333 372
333 430
334 158
334 263
334 298
334 386
334 409
334 455
334 469
334 478
334 485
334 493
335 22
335 126
335 187
335 283
335 304
335 379
336 10
336 53
336 92
336 145
336 241
337 163
337 329
337 359
337 403
337 415
337 450
337 466
337 494
338 122
338 148
338 191
338 214
338 425
338 470
338 473
339 16
339 23
339 210
339 221
339 266
339 276
339 322
339 357
340 125
340 172
340 193
340 197
340 246
340 257
340 267
340 355
341 159
341 203
341 245
341 358
341 391
342 148
342 156
342 191
342 214
342 274
342 425
342 431
342 442
342 460
342 473
342 477
342 484
342 500
343 443
343 449
343 481
343 489
344 21
344 27
344 105
344 184
344 195
344 243
344 369
344 374
344 408
344 423
344 435
344 441
344 443
344 446
344 449
344 481
344 489
344 490
345 114
345 175
345 181
345 427
345 440
345 457
345 468
345 474
346 56
346 76
346 224
346 288
346 321
346 354
347 84
347 192
347 294
347 306
347 327
347 362
347 458
348 157
348 160
348 356
348 401
348 402
348 407
348 420
348 429
348 434
348 471
348 480
349 14
349 33
349 116
349 237
349 265
349 295
349 365
349 377
349 495
350 4
350 66
350 73
350 74
350 196
351 62
351 88
351 104
351 198
351 272
351 366
351 376
351 421
351 432
352 63
352 147
352 150
352 395
352 439
353 28
353 35
353 49
353 143
353 154
353 284
353 394
353 424
354 13
354 30
354 56
354 76
354 85
354 224
354 288
354 321
354 346
355 125
355 172
355 197
355 246
355 257
355 267
355 340
356 157
356 348
356 401
356 420
356 429
356 480
357 16
357 23
357 210
357 221
357 266
357 276
357 322
357 339
358 55
358 159
358 203
358 215
358 245
358 277
358 290
358 341
358 391
359 163
359 337
359 415
359 428
359 450
359 466
359 491
359 494
360 24
360 112
360 127
360 150
360 180
360 251
360 395
360 439
361 5
361 7
361 101
361 176
361 230
362 84
362 87
362 192
362 285
362 327
362 347
362 458
362 465
363 115
363 123
363 140
363 178
363 205
363 281
363 328
363 393
364 148
364 156
364 191
364 214
364 216
364 274
364 425
364 431
364 442
364 460
364 473
364 484
364 500
365 14
365 33
365 116
365 237
365 265
365 282
365 349
365 377
366 62
366 88
366 173
366 198
366 272
366 351
366 376
366 432
367 20
367 81
367 134
367 153
367 318
367 404
367 406
367 475
368 6
368 83
368 111
368 222
368 227
368 293
368 310
368 311
368 388
369 27
369 344
369 374
369 423
369 441
369 446
369 481
369 489
369 490
370 22
370 106
370 126
370 325
370 379
371 128
371 223
371 269
371 273
371 412
372 177
372 188
372 330
372 333
372 430
373 263
373 298
373 300
373 386
373 409
373 455
373 478
373 485
373 493
374 105
374 344
374 369
374 443
374 481
374 489
375 15
375 29
375 31
375 78
375 109
375 296
375 381
375 400
375 483
376 2
376 59
376 62
376 93
376 173
376 226
376 272
376 351
376 366
376 421
376 456
377 33
377 237
377 265
377 282
377 349
377 365
377 495
378 228
378 415
378 450
378 491
378 494
379 106
379 126
379 187
379 304
379 309
379 325
379 335
379 370
380 47
380 57
380 171
380 185
380 259
381 31
381 78
381 296
381 375
381 400
381 422
381 426
381 483
382 69
382 97
382 302
382 315
382 482
383 122
383 148
383 191
383 214
383 460
383 470
383 473
384 129
384 144
384 190
384 212
384 235
384 492
385 41
385 108
385 110
385 206
385 467
386 130
386 158
386 263
386 298
386 300
386 334
386 373
386 409
386 444
386 455
386 469
386 478
386 485
386 493
387 114
387 175
387 181
387 396
387 427
387 440
387 451
387 457
387 468
388 6
388 39
388 111
388 222
388 293
388 310
388 311
388 368
389 54
389 136
389 152
389 414
389 419
389 436
389 454
389 462
389 464
389 488
390 81
390 318
390 404
390 406
390 475
391 55
391 166
391 203
391 215
391 277
391 290
391 341
391 358
392 44
392 95
392 204
392 413
392 418
392 453
393 86
393 115
393 123
393 140
393 178
393 205
393 281
393 289
393 363
394 19
394 143
394 154
394 279
394 284
394 353
394 424
395 24
395 63
395 112
395 147
395 150
395 180
395 251
395 352
395 360
395 439
396 114
396 175
396 219
396 254
396 387
396 397
396 427
396 440
396 451
396 457
397 114
397 175
397 181
397 396
397 417
397 440
397 457
397 468
397 474
398 129
398 144
398 190
398 242
398 492
399 1
399 26
399 47
399 48
399 57
399 58
399 170
399 185
399 259
399 496
400 31
400 78
400 217
400 296
400 305
400 316
400 375
400 381
400 422
400 426
400 463
400 483
401 103
401 157
401 160
401 250
401 348
401 356
401 402
401 429
401 434
401 471
401 480
402 160
402 250
402 348
402 401
402 407
402 420
402 429
402 434
402 471
402 480
403 163
403 233
403 261
403 337
403 410
403 459
403 466
403 476
403 491
403 494
404 20
404 81
404 134
404 151
404 169
404 186
404 297
404 318
404 367
404 390
404 406
404 475
405 90
405 409
405 431
405 455
405 469
405 485
405 493
406 153
406 367
406 390
406 404
406 475
407 160
407 348
407 402
407 420
407 429
407 434
407 480
408 27
408 105
408 344
408 423
408 441
408 443
408 446
408 481
408 489
408 490
409 36
409 90
409 130
409 158
409 232
409 260
409 263
409 300
409 334
409 373
409 386
409 405
409 444
409 455
409 478
409 485
409 493
410 40
410 71
410 163
410 233
410 262
410 403
410 415
410 450
410 476
410 491
411 50
411 107
411 209
411 292
411 319
411 448
412 118
412 128
412 137
412 223
412 253
412 269
412 273
412 278
412 371
412 479
413 44
413 95
413 132
413 182
413 204
413 244
413 255
413 264
413 312
413 314
413 392
413 416
413 418
413 453
414 54
414 61
414 77
414 136
414 139
414 389
414 419
414 433
414 438
414 447
414 462
414 464
414 488
415 40
415 163
415 228
415 233
415 261
415 262
415 299
415 301
415 329
415 337
415 359
415 378
415 410
415 466
415 494
416 182
416 264
416 413
416 418
416 453
417 114
417 175
417 179
417 219
417 254
417 313
417 397
417 440
417 451
417 457
417 474
418 44
418 95
418 132
418 182
418 244
418 255
418 264
418 312
418 314
418 392
418 413
418 416
418 453
419 54
419 61
419 67
419 77
419 136
419 164
419 389
419 414
419 454
419 462
419 488
420 103
420 157
420 160
420 250
420 348
420 356
420 402
420 407
420 434
420 471
420 480
421 2
421 62
421 88
421 93
421 183
421 198
421 226
421 272
421 351
421 376
421 432
422 31
422 78
422 109
422 217
422 296
422 305
422 316
422 381
422 400
422 426
422 452
423 105
423 141
423 184
423 195
423 243
423 344
423 369
423 408
423 435
423 443
423 449
423 481
424 19
424 28
424 35
424 49
424 143
424 154
424 284
424 353
424 394
425 68
425 122
425 148
425 156
425 191
425 214
425 216
425 274
425 338
425 342
425 364
425 431
425 442
425 473
425 500
426 15
426 29
426 31
426 78
426 296
426 305
426 316
426 331
426 381
426 400
426 422
426 463
426 486
427 114
427 175
427 181
427 345
427 387
427 396
427 440
427 451
427 457
427 461
427 474
428 71
428 163
428 228
428 261
428 262
428 329
428 359
428 466
428 476
428 491
428 494
429 103
429 157
429 160
429 348
429 356
429 401
429 402
429 407
429 434
429 471
429 480
430 119
430 177
430 188
430 270
430 320
430 330
430 333
430 372
431 148
431 191
431 214
431 216
431 274
431 342
431 364
431 405
431 425
431 442
431 460
431 473
431 477
431 484
431 500
432 88
432 183
432 351
432 366
432 421
433 54
433 258
433 414
433 447
433 488
434 103
434 160
434 348
434 401
434 402
434 407
434 420
434 429
434 471
434 480
435 243
435 344
435 423
435 441
435 446
435 489
436 54
436 389
436 454
436 464
436 488
437 34
437 43
437 82
437 146
437 162
438 54
438 67
438 136
438 152
438 164
438 414
438 454
438 462
438 464
438 488
438 497
439 63
439 127
439 147
439 180
439 251
439 352
439 360
439 395
440 114
440 175
440 179
440 181
440 345
440 387
440 396
440 397
440 417
440 427
440 451
440 457
440 461
440 468
440 474
441 105
441 141
441 149
441 184
441 195
441 344
441 369
441 408
441 435
441 443
441 481
441 490
442 148
442 191
442 214
442 274
442 342
442 364
442 425
442 431
442 460
442 477
442 484
442 500
443 21
443 343
443 344
443 374
443 408
443 423
443 441
443 446
443 449
443 489
443 490
444 298
444 386
444 409
444 469
444 478
444 485
444 493
445 54
445 77
445 139
445 218
445 488
446 105
446 141
446 149
446 195
446 344
446 369
446 408
446 435
446 443
446 449
446 489
446 490
447 54
447 61
447 77
447 136
447 152
447 218
447 258
447 414
447 433
447 462
447 464
447 497
448 107
448 199
448 209
448 292
448 319
448 411
449 21
449 105
449 149
449 184
449 243
449 343
449 344
449 423
449 443
449 446
449 481
449 489
450 71
450 163
450 261
450 299
450 301
450 337
450 359
450 378
450 410
450 459
450 466
450 476
450 495
451 75
451 114
451 175
451 181
451 254
451 387
451 396
451 417
451 427
451 440
451 457
451 468
451 474
452 78
452 305
452 331
452 422
452 483
453 44
453 80
453 95
453 132
453 182
453 244
453 255
453 264
453 312
453 392
453 413
453 416
453 418
454 54
454 67
454 77
454 136
454 389
454 419
454 436
454 438
454 462
454 464
455 36
455 90
455 91
455 130
455 158
455 232
455 260
455 263
455 298
455 300
455 334
455 373
455 386
455 405
455 409
455 478
455 493
456 2
456 59
456 62
456 93
456 376
457 75
457 114
457 175
457 181
457 219
457 345
457 387
457 396
457 397
457 417
457 427
457 440
457 451
457 461
457 468
458 84
458 87
458 294
458 306
458 327
458 347
458 362
459 403
459 450
459 466
459 491
459 494
460 122
460 148
460 156
460 191
460 214
460 216
460 274
460 342
460 364
460 383
460 431
460 442
460 477
460 499
460 500
461 427
461 440
461 457
461 474
462 54
462 61
462 136
462 139
462 152
462 389
462 414
462 419
462 438
462 447
462 454
462 464
462 488
462 497
463 31
463 78
463 400
463 426
463 483
463 486
464 54
464 61
464 67
464 77
464 136
464 139
464 258
464 389
464 414
464 436
464 438
464 447
464 454
464 462
465 84
465 192
465 285
465 294
465 362
466 163
466 228
466 233
466 261
466 329
466 337
466 359
466 403
466 415
466 428
466 450
466 459
466 476
466 491
467 99
467 121
467 194
467 324
467 385
468 75
468 114
468 175
468 179
468 219
468 254
468 313
468 345
468 387
468 397
468 440
468 451
468 457
469 90
469 130
469 158
469 260
469 263
469 298
469 300
469 334
469 386
469 405
469 444
469 478
469 485
469 493
470 148
470 338
470 383
470 473
470 484
471 103
471 160
471 348
471 401
471 402
471 420
471 429
471 434
471 480
472 37
472 38
472 167
472 202
472 229
472 268
472 308
472 487
473 68
473 122
473 148
473 156
473 191
473 214
473 216
473 274
473 280
473 338
473 342
473 364
473 383
473 425
473 431
473 470
473 477
473 484
473 498
473 499
473 500
474 75
474 114
474 175
474 179
474 219
474 313
474 345
474 397
474 417
474 427
474 440
474 451
474 461
475 20
475 134
475 153
475 169
475 297
475 318
475 367
475 390
475 404
475 406
476 40
476 163
476 262
476 403
476 410
476 428
476 450
476 466
476 491
476 494
477 148
477 191
477 214
477 216
477 274
477 342
477 431
477 442
477 460
477 473
477 499
478 90
478 130
478 158
478 263
478 298
478 300
478 334
478 373
478 386
478 409
478 444
478 455
478 469
478 485
478 493
479 94
479 128
479 137
479 269
479 273
479 412
480 160
480 250
480 348
480 356
480 401
480 402
480 407
480 420
480 429
480 434
480 471
481 21
481 27
481 105
481 141
481 184
481 243
481 343
481 344
481 369
481 374
481 408
481 423
481 441
481 449
481 489
482 69
482 256
482 302
482 315
482 382
483 15
483 29
483 31
483 78
483 109
483 217
483 296
483 305
483 316
483 331
483 375
483 381
483 400
483 452
483 463
483 486
484 122
484 148
484 156
484 191
484 214
484 216
484 274
484 280
484 342
484 364
484 431
484 442
484 470
484 473
484 498
484 500
485 90
485 91
485 130
485 158
485 232
485 260
485 263
485 298
485 300
485 334
485 373
485 386
485 405
485 409
485 444
485 469
485 478
486 78
486 217
486 426
486 463
486 483
487 37
487 38
487 167
487 202
487 229
487 268
487 308
487 472
488 54
488 61
488 77
488 136
488 139
488 152
488 164
488 218
488 258
488 389
488 414
488 419
488 433
488 436
488 438
488 445
488 462
489 21
489 27
489 141
489 149
489 184
489 195
489 243
489 343
489 344
489 369
489 374
489 408
489 435
489 443
489 446
489 449
489 481
489 490
490 105
490 184
490 195
490 344
490 369
490 408
490 441
490 443
490 446
490 489
491 40
491 71
491 163
491 233
491 261
491 262
491 299
491 301
491 329
491 359
491 378
491 403
491 410
491 428
491 459
491 466
491 476
491 494
492 129
492 144
492 190
492 212
492 235
492 236
492 242
492 252
492 384
492 398
493 36
493 90
493 91
493 130
493 158
493 232
493 260
493 263
493 298
493 300
493 334
493 373
493 386
493 405
493 409
493 444
493 455
493 469
493 478
494 40
494 71
494 163
494 228
494 233
494 261
494 262
494 299
494 301
494 329
494 337
494 359
494 378
494 403
494 415
494 428
494 459
494 476
494 491
495 116
495 282
495 349
495 377
495 450
496 26
496 58
496 170
496 171
496 399
497 54
497 77
497 136
497 152
497 438
497 447
497 462
498 191
498 214
498 216
498 280
498 473
498 484
499 68
499 191
499 460
499 473
499 477
500 68
500 148
500 156
500 214
500 216
500 280
500 342
500 364
500 425
500 431
500 442
500 460
500 473
500 484
