1 82
1 85
1 225
1 260
1 495
2 77
2 215
2 365
2 462
2 472
3 109
3 287
3 355
3 427
4 16
4 99
4 355
4 488
4 489
5 166
5 188
5 233
5 328
5 357
6 271
6 275
6 372
6 455
6 497
7 110
7 240
7 256
7 386
7 486
8 289
8 404
8 422
8 442
8 486
9 39
9 132
9 257
9 326
9 337
10 40
10 298
10 393
10 466
10 469
11 14
11 252
11 462
11 495
11 500
12 192
12 227
12 312
12 456
12 463
13 30
13 132
13 191
13 325
13 385
14 11
14 377
14 426
14 452
14 488
15 194
15 230
15 428
15 439
15 496
16 4
16 209
16 312
16 437
16 489
17 126
17 281
17 390
17 396
17 475
18 97
18 246
18 327
18 472
18 485
19 184
19 219
19 346
19 375
19 485
20 389
20 455
20 489
20 492
20 499
21 90
21 221
21 302
21 438
21 467
22 81
22 262
22 354
22 390
22 465
23 113
23 156
23 329
23 344
23 473
24 218
24 364
24 374
24 427
24 432
25 59
25 145
25 206
25 352
25 413
26 35
26 224
26 236
26 423
26 494
27 221
27 389
27 392
27 445
27 499
28 343
28 374
28 386
28 480
28 492
29 337
29 344
29 370
29 410
29 414
30 13
30 40
30 342
30 373
30 489
31 123
31 211
31 213
31 302
31 380
32 138
32 250
32 281
32 411
32 495
33 74
33 376
33 405
33 425
33 444
34 254
34 320
34 418
34 446
34 464
35 26
35 69
35 163
35 204
35 469
36 222
36 228
36 461
36 470
36 485
37 68
37 287
37 355
37 473
37 492
38 137
38 194
38 302
38 392
38 494
39 9
39 384
39 421
39 424
39 487
40 10
40 30
40 419
40 459
40 495
41 123
41 132
41 314
41 322
41 494
42 48
42 375
42 467
42 491
42 495
43 70
43 340
43 414
43 434
43 466
44 332
44 442
44 474
44 496
44 500
45 47
45 285
45 382
45 457
45 477
46 85
46 329
46 386
46 444
46 497
47 45
47 288
47 455
47 491
47 497
48 42
48 193
48 239
48 452
48 477
49 59
49 241
49 391
49 417
49 442
50 204
50 369
50 464
50 478
50 496
51 231
51 306
51 360
51 456
51 474
52 66
52 122
52 270
52 299
52 311
53 67
53 128
53 313
53 400
53 486
54 195
54 240
54 356
54 417
54 494
55 182
55 236
55 247
55 305
55 488
56 60
56 313
56 357
56 428
56 442
57 69
57 130
57 330
57 386
57 474
58 64
58 131
58 395
58 435
58 493
59 25
59 49
59 95
59 341
59 361
60 56
60 316
60 439
60 486
60 495
61 119
61 126
61 259
61 322
61 444
62 97
62 282
62 339
62 356
62 479
63 276
63 306
63 441
63 451
63 498
64 58
64 162
64 246
64 298
64 498
65 185
65 292
65 458
65 489
65 495
66 52
66 128
66 284
66 325
66 429
67 53
67 75
67 131
67 232
67 292
68 37
68 321
68 327
68 441
68 451
69 35
69 57
69 73
69 444
69 489
70 43
70 214
70 448
70 489
70 498
71 185
71 364
71 398
71 426
71 482
72 214
72 284
72 288
72 414
72 427
73 69
73 187
73 194
73 235
73 345
74 33
74 397
74 438
74 468
74 477
75 67
75 291
75 328
75 348
75 371
76 180
76 342
76 357
76 367
76 497
77 2
77 198
77 407
77 429
77 454
78 179
78 387
78 456
78 474
78 492
79 97
79 129
79 189
79 393
79 395
80 226
80 303
80 351
80 391
80 432
81 22
81 278
81 374
81 436
81 447
82 1
82 307
82 376
82 458
82 493
83 186
83 254
83 370
83 417
83 472
84 273
84 296
84 427
84 472
84 488
85 1
85 46
85 114
85 238
85 436
86 119
86 272
86 396
86 431
86 460
87 116
87 205
87 248
87 424
87 474
88 120
88 137
88 148
88 441
88 464
89 91
89 150
89 178
89 226
89 359
90 21
90 117
90 161
90 170
90 190
91 89
91 121
91 177
91 427
91 444
92 125
92 178
92 421
92 447
92 498
93 222
93 248
93 461
93 468
93 490
94 108
94 227
94 231
94 390
94 417
95 59
95 99
95 188
95 430
95 481
96 135
96 238
96 381
96 474
96 499
97 18
97 62
97 79
97 222
97 394
98 202
98 234
98 237
98 473
98 480
99 4
99 95
99 245
99 419
99 496
100 259
100 368
100 395
100 436
100 460
101 219
101 290
101 333
101 414
101 471
102 263
102 301
102 375
102 391
102 461
103 134
103 257
103 294
103 410
103 476
104 185
104 271
104 290
104 316
104 472
105 152
105 250
105 365
105 421
105 487
106 119
106 173
106 263
106 475
106 482
107 147
107 336
107 351
107 432
107 456
108 94
108 244
108 300
108 410
108 485
109 3
109 280
109 326
109 461
109 495
110 7
110 256
110 288
110 314
110 396
111 141
111 448
111 460
111 476
111 500
112 234
112 351
112 360
112 429
112 441
113 23
113 363
113 372
113 441
113 500
114 85
114 223
114 228
114 492
114 493
115 219
115 280
115 454
115 457
115 462
116 87
116 236
116 308
116 393
116 470
117 90
117 237
117 354
117 453
117 490
118 153
118 435
118 449
118 451
118 497
119 61
119 86
119 106
119 450
119 479
120 88
120 195
120 259
120 486
120 499
121 91
121 296
121 354
121 439
121 466
122 52
122 197
122 318
122 392
122 496
123 31
123 41
123 131
123 308
123 368
124 263
124 416
124 479
124 484
124 499
125 92
125 165
125 316
125 412
125 454
126 17
126 61
126 229
126 244
126 293
127 207
127 310
127 428
127 439
127 481
128 53
128 66
128 271
128 361
128 429
129 79
129 360
129 389
129 427
129 446
130 57
130 226
130 379
130 437
130 468
131 58
131 67
131 123
131 229
131 243
132 9
132 13
132 41
132 416
132 470
133 238
133 262
133 297
133 450
133 493
134 103
134 136
134 242
134 401
134 451
135 96
135 279
135 335
135 445
135 455
136 134
136 147
136 171
136 409
136 490
137 38
137 88
137 313
137 363
137 431
138 32
138 387
138 440
138 485
138 494
139 287
139 386
139 395
139 438
139 460
140 384
140 394
140 476
140 480
140 483
141 111
141 360
141 421
141 471
141 476
142 160
142 169
142 245
142 422
142 450
143 227
143 243
143 301
143 346
143 499
144 208
144 295
144 297
144 301
144 389
145 25
145 159
145 242
145 454
145 497
146 245
146 386
146 465
146 470
146 479
147 107
147 136
147 207
147 295
147 494
148 88
148 205
148 236
148 261
148 484
149 245
149 361
149 403
149 409
149 476
150 89
150 289
150 376
150 444
150 491
151 176
151 270
151 286
151 347
151 490
152 105
152 241
152 383
152 394
152 397
153 118
153 177
153 469
153 485
153 496
154 225
154 338
154 375
154 426
154 435
155 278
155 319
155 425
155 464
155 472
156 23
156 432
156 443
156 458
156 475
157 258
157 304
157 323
157 353
157 461
158 249
158 279
158 285
158 356
158 464
159 145
159 347
159 360
159 397
159 485
160 142
160 179
160 372
160 453
160 492
161 90
161 264
161 352
161 380
161 397
162 64
162 199
162 411
162 446
162 453
163 35
163 252
163 385
163 439
163 481
164 224
164 350
164 400
164 477
164 496
165 125
165 321
165 337
165 383
165 415
166 5
166 186
166 281
166 376
166 492
167 291
167 387
167 450
167 481
167 492
168 278
168 290
168 348
168 486
168 489
169 142
169 247
169 253
169 371
169 389
170 90
170 238
170 333
170 374
170 484
171 136
171 176
171 186
171 370
171 471
172 219
172 239
172 346
172 480
172 488
173 106
173 322
173 339
173 434
173 476
174 348
174 429
174 458
174 492
174 497
175 213
175 468
175 476
175 482
175 487
176 151
176 171
176 235
176 405
176 436
176 462
177 91
177 153
177 286
177 465
177 481
177 488
178 89
178 92
178 244
178 433
178 467
178 498
179 78
179 160
179 226
179 264
179 413
179 471
180 76
180 358
180 384
180 397
180 409
180 478
181 239
181 384
181 426
181 431
181 447
181 499
182 55
182 183
182 369
182 434
182 469
182 476
183 182
183 315
183 450
183 463
183 469
183 491
184 19
184 379
184 389
184 418
184 432
184 450
185 65
185 71
185 104
185 196
185 387
185 400
186 83
186 166
186 171
186 280
186 496
186 499
187 73
187 196
187 292
187 460
187 490
187 498
188 5
188 95
188 268
188 281
188 477
188 484
189 79
189 270
189 340
189 468
189 472
189 477
190 90
190 194
190 259
190 268
190 317
190 455
191 13
191 381
191 388
191 422
191 442
191 466
192 12
192 264
192 350
192 402
192 424
192 485
193 48
193 236
193 277
193 306
193 405
193 456
194 15
194 38
194 73
194 190
194 278
194 352
195 54
195 120
195 302
195 459
195 460
195 464
196 185
196 187
196 221
196 385
196 423
196 453
197 122
197 266
197 358
197 418
197 442
197 443
198 77
198 217
198 360
198 447
198 454
198 460
199 162
199 331
199 374
199 427
199 460
199 476
200 245
200 367
200 417
200 431
200 477
200 483
201 258
201 303
201 402
201 416
201 423
201 468
202 98
202 384
202 393
202 408
202 467
202 476
203 209
203 251
203 347
203 453
203 478
203 490
204 35
204 50
204 314
204 353
204 445
204 459
205 87
205 148
205 206
205 224
205 423
205 435
206 25
206 205
206 297
206 373
206 446
206 448
207 127
207 147
207 276
207 296
207 419
207 436
208 144
208 350
208 385
208 400
208 472
208 492
209 16
209 203
209 217
209 346
209 469
209 471
210 344
210 369
210 433
210 461
210 489
210 494
211 31
211 268
211 413
211 456
211 469
211 496
212 243
212 267
212 411
212 421
212 451
212 496
213 31
213 175
213 363
213 423
213 471
213 491
214 70
214 72
214 295
214 356
214 376
214 437
215 2
215 272
215 319
215 438
215 454
215 466
216 305
216 379
216 408
216 484
216 491
216 495
217 198
217 209
217 277
217 412
217 475
217 493
218 24
218 248
218 265
218 286
218 325
218 437
219 19
219 101
219 115
219 172
219 316
219 483
220 321
220 349
220 422
220 467
220 483
220 500
221 21
221 27
221 196
221 382
221 394
221 398
222 36
222 93
222 97
222 295
222 371
222 472
223 114
223 267
223 291
223 327
223 389
223 487
224 26
224 164
224 205
224 230
224 433
224 446
225 1
225 154
225 268
225 367
225 392
225 483
226 80
226 89
226 130
226 179
226 336
226 498
227 12
227 94
227 143
227 274
227 377
227 433
228 36
228 114
228 310
228 406
228 448
228 473
229 126
229 131
229 274
229 333
229 432
229 440
230 15
230 224
230 366
230 391
230 446
230 496
231 51
231 94
231 407
231 426
231 433
231 458
232 67
232 250
232 331
232 341
232 344
232 485
233 5
233 362
233 448
233 482
233 488
233 491
234 98
234 112
234 282
234 394
234 445
234 472
235 73
235 176
235 425
235 490
235 493
235 497
236 26
236 55
236 116
236 148
236 193
236 397
237 98
237 117
237 343
237 373
237 486
237 495
238 85
238 96
238 133
238 170
238 306
238 352
239 48
239 172
239 181
239 377
239 385
239 484
240 7
240 54
240 260
240 336
240 414
240 468
241 49
241 152
241 246
241 265
241 323
241 490
242 134
242 145
242 290
242 354
242 434
242 498
243 131
243 143
243 212
243 346
243 353
243 373
244 108
244 126
244 178
244 348
244 400
244 500
245 99
245 142
245 146
245 149
245 200
245 408
246 18
246 64
246 241
246 429
246 478
246 487
247 55
247 169
247 278
247 313
247 420
247 460
248 87
248 93
248 218
248 363
248 462
248 470
249 158
249 285
249 296
249 339
249 404
249 478
250 32
250 105
250 232
250 314
250 366
250 463
251 203
251 318
251 330
251 423
251 441
251 479
252 11
252 163
252 310
252 430
252 438
252 447
253 169
253 287
253 317
253 324
253 326
253 360
254 34
254 83
254 263
254 327
254 357
254 450
255 439
255 454
255 483
255 485
255 498
255 500
256 7
256 110
256 286
256 358
256 385
256 491
257 9
257 103
257 348
257 379
257 471
257 495
258 157
258 201
258 399
258 484
258 495
258 500
259 61
259 100
259 120
259 190
259 303
259 458
260 1
260 240
260 350
260 401
260 419
260 493
261 148
261 317
261 405
261 473
261 474
261 487
262 22
262 133
262 304
262 382
262 400
262 401
263 102
263 106
263 124
263 254
263 319
263 487
264 161
264 179
264 192
264 372
264 426
264 498
265 218
265 241
265 293
265 427
265 443
265 455
266 197
266 275
266 334
266 450
266 455
266 467
267 212
267 223
267 269
267 294
267 314
267 458
268 188
268 190
268 211
268 225
268 305
268 324
269 267
269 270
269 417
269 436
269 445
269 456
270 52
270 151
270 189
270 269
270 355
270 442
271 6
271 104
271 128
271 394
271 440
271 483
272 86
272 215
272 276
272 380
272 396
272 495
273 84
273 395
273 397
273 402
273 427
273 500
274 227
274 229
274 303
274 388
274 419
274 454
275 6
275 266
275 280
275 291
275 299
275 443
276 63
276 207
276 272
276 385
276 386
276 499
277 193
277 217
277 321
277 340
277 407
277 474
278 81
278 155
278 168
278 194
278 247
278 315
279 135
279 158
279 328
279 433
279 487
279 488
280 109
280 115
280 186
280 275
280 299
280 431
281 17
281 32
281 166
281 188
281 315
281 356
282 62
282 234
282 322
282 363
282 411
282 460
283 380
283 387
283 398
283 428
283 466
283 489
284 66
284 72
284 310
284 407
284 472
284 497
285 45
285 158
285 249
285 330
285 402
285 454
285 487
286 151
286 177
286 218
286 256
286 402
286 489
286 490
287 3
287 37
287 139
287 253
287 383
287 393
287 493
288 47
288 72
288 110
288 311
288 447
288 469
288 478
289 8
289 150
289 303
289 404
289 414
289 434
289 451
290 101
290 104
290 168
290 242
290 300
290 340
290 436
291 75
291 167
291 223
291 275
291 372
291 471
291 494
292 65
292 67
292 187
292 334
292 435
292 482
292 484
293 126
293 265
293 428
293 441
293 460
293 464
293 466
294 103
294 267
294 333
294 381
294 434
294 459
294 466
295 144
295 147
295 214
295 222
295 305
295 443
295 484
296 84
296 121
296 207
296 249
296 328
296 330
296 454
297 133
297 144
297 206
297 409
297 466
297 469
297 498
298 10
298 64
298 338
298 411
298 443
298 446
298 478
299 52
299 275
299 280
299 303
299 375
299 449
299 486
300 108
300 290
300 308
300 338
300 346
300 420
300 430
301 102
301 143
301 144
301 376
301 382
301 408
301 453
302 21
302 31
302 38
302 195
302 312
302 438
302 440
303 80
303 201
303 259
303 274
303 289
303 299
303 335
304 157
304 262
304 362
304 367
304 398
304 419
304 480
305 55
305 216
305 268
305 295
305 369
305 452
305 491
306 51
306 63
306 193
306 238
306 359
306 369
306 402
307 82
307 308
307 366
307 407
307 465
307 478
307 490
308 116
308 123
308 300
308 307
308 315
308 445
308 453
309 310
309 318
309 383
309 425
309 446
309 478
309 492
310 127
310 228
310 252
310 284
310 309
310 379
310 436
311 52
311 288
311 358
311 395
311 415
311 431
311 465
312 12
312 16
312 302
312 319
312 381
312 390
312 495
313 53
313 56
313 137
313 247
313 392
313 465
313 495
314 41
314 110
314 204
314 250
314 267
314 318
314 474
315 183
315 278
315 281
315 308
315 349
315 448
315 487
316 60
316 104
316 125
316 219
316 364
316 410
316 486
317 190
317 253
317 261
317 324
317 408
317 419
317 458
318 122
318 251
318 309
318 314
318 354
318 478
318 496
319 155
319 215
319 263
319 312
319 413
319 464
319 491
320 34
320 359
320 432
320 480
320 493
320 494
320 500
321 68
321 165
321 220
321 277
321 406
321 490
321 499
322 41
322 61
322 173
322 282
322 362
322 440
322 455
323 157
323 241
323 325
323 418
323 452
323 474
323 500
324 253
324 268
324 317
324 434
324 461
324 474
324 485
325 13
325 66
325 218
325 323
325 338
325 434
325 481
326 9
326 109
326 253
326 347
326 350
326 416
326 457
327 18
327 68
327 223
327 254
327 445
327 451
327 482
328 5
328 75
328 279
328 296
328 366
328 484
328 497
329 23
329 46
329 339
329 399
329 420
329 465
329 500
330 57
330 251
330 285
330 296
330 414
330 430
330 488
331 199
331 232
331 348
331 351
331 400
331 408
331 448
332 44
332 345
332 362
332 372
332 413
332 464
332 469
333 101
333 170
333 229
333 294
333 449
333 461
333 480
334 266
334 292
334 420
334 430
334 455
334 487
334 490
335 135
335 303
335 380
335 394
335 406
335 463
335 474
336 107
336 226
336 240
336 350
336 462
336 475
336 489
337 9
337 29
337 165
337 344
337 382
337 466
337 487
338 154
338 298
338 300
338 325
338 388
338 413
338 469
339 62
339 173
339 249
339 329
339 418
339 430
339 475
340 43
340 189
340 277
340 290
340 408
340 412
340 478
341 59
341 232
341 442
341 482
341 489
341 491
341 498
342 30
342 76
342 380
342 429
342 443
342 462
342 492
343 28
343 237
343 347
343 361
343 442
343 449
343 494
344 23
344 29
344 210
344 232
344 337
344 439
344 476
344 489
345 73
345 332
345 353
345 416
345 459
345 462
345 464
345 499
346 19
346 143
346 172
346 209
346 243
346 300
346 355
346 403
347 151
347 159
347 203
347 326
347 343
347 391
347 449
347 457
348 75
348 168
348 174
348 244
348 257
348 331
348 481
348 492
349 220
349 315
349 363
349 385
349 416
349 437
349 451
349 480
350 164
350 192
350 208
350 260
350 326
350 336
350 459
350 465
351 80
351 107
351 112
351 331
351 359
351 410
351 447
351 482
352 25
352 161
352 194
352 238
352 354
352 403
352 450
352 470
353 157
353 204
353 243
353 345
353 357
353 365
353 413
353 423
354 22
354 117
354 121
354 242
354 318
354 352
354 432
354 498
355 3
355 4
355 37
355 270
355 346
355 445
355 454
355 494
356 54
356 62
356 158
356 214
356 281
356 364
356 425
356 481
357 5
357 56
357 76
357 254
357 353
357 430
357 452
357 466
358 180
358 197
358 256
358 311
358 439
358 458
358 459
358 486
359 89
359 306
359 320
359 351
359 426
359 461
359 470
359 499
360 51
360 112
360 129
360 141
360 159
360 198
360 253
360 403
361 59
361 128
361 149
361 343
361 364
361 404
361 453
361 484
362 233
362 304
362 322
362 332
362 406
362 428
362 440
362 478
363 113
363 137
363 213
363 248
363 282
363 349
363 370
363 474
364 24
364 71
364 316
364 356
364 361
364 421
364 446
364 500
365 2
365 105
365 353
365 420
365 435
365 477
365 492
365 494
366 230
366 250
366 307
366 328
366 445
366 457
366 466
366 498
367 76
367 200
367 225
367 304
367 377
367 424
367 462
367 463
368 100
368 123
368 393
368 435
368 436
368 449
368 460
368 463
369 50
369 182
369 210
369 305
369 306
369 383
369 449
369 461
370 29
370 83
370 171
370 363
370 418
370 435
370 488
370 499
371 75
371 169
371 222
371 390
371 431
371 436
371 439
371 440
372 6
372 113
372 160
372 264
372 291
372 332
372 410
372 496
373 30
373 206
373 237
373 243
373 396
373 438
373 473
373 499
374 24
374 28
374 81
374 170
374 199
374 377
374 475
374 480
375 19
375 42
375 102
375 154
375 299
375 449
375 457
375 459
376 33
376 82
376 150
376 166
376 214
376 301
376 385
376 462
377 14
377 227
377 239
377 367
377 374
377 392
377 399
377 500
378 390
378 411
378 449
378 457
378 462
378 478
378 483
378 489
379 130
379 184
379 216
379 257
379 310
379 412
379 476
379 497
380 31
380 161
380 272
380 283
380 335
380 342
380 396
380 409
381 96
381 191
381 294
381 312
381 412
381 432
381 447
381 484
382 45
382 221
382 262
382 301
382 337
382 405
382 473
382 497
383 152
383 165
383 287
383 309
383 369
383 415
383 459
383 480
384 39
384 140
384 180
384 181
384 202
384 405
384 407
384 461
384 486
385 13
385 163
385 196
385 208
385 239
385 256
385 276
385 349
385 376
386 7
386 28
386 46
386 57
386 139
386 146
386 276
386 468
386 491
387 78
387 138
387 167
387 185
387 283
387 456
387 464
387 470
387 485
388 191
388 274
388 338
388 390
388 414
388 434
388 444
388 448
388 491
389 20
389 27
389 129
389 144
389 169
389 184
389 223
389 420
389 466
390 17
390 22
390 94
390 312
390 371
390 378
390 388
390 465
390 500
391 49
391 80
391 102
391 230
391 347
391 396
391 402
391 481
391 491
392 27
392 38
392 122
392 225
392 313
392 377
392 400
392 425
392 467
393 10
393 79
393 116
393 202
393 287
393 368
393 427
393 473
393 475
394 97
394 140
394 152
394 221
394 234
394 271
394 335
394 486
394 496
395 58
395 79
395 100
395 139
395 273
395 311
395 428
395 471
395 497
396 17
396 86
396 110
396 272
396 373
396 380
396 391
396 441
396 472
397 74
397 152
397 159
397 161
397 180
397 236
397 273
397 467
397 483
398 71
398 221
398 283
398 304
398 423
398 424
398 448
398 481
398 490
399 258
399 329
399 377
399 401
399 429
399 461
399 468
399 475
399 482
400 53
400 164
400 185
400 208
400 244
400 262
400 331
400 392
400 437
401 134
401 260
401 262
401 399
401 420
401 446
401 482
401 485
401 499
402 192
402 201
402 273
402 285
402 286
402 306
402 391
402 456
402 493
403 149
403 346
403 352
403 360
403 406
403 414
403 419
403 456
403 488
404 8
404 249
404 289
404 361
404 406
404 449
404 479
404 492
404 494
405 33
405 176
405 193
405 261
405 382
405 384
405 485
405 491
405 500
406 228
406 321
406 335
406 362
406 403
406 404
406 409
406 445
406 473
407 77
407 231
407 277
407 284
407 307
407 384
407 455
407 474
407 477
408 202
408 216
408 245
408 301
408 317
408 331
408 340
408 420
408 434
409 136
409 149
409 180
409 297
409 380
409 406
409 431
409 491
409 493
410 29
410 103
410 108
410 316
410 351
410 372
410 415
410 473
410 497
411 32
411 162
411 212
411 282
411 298
411 378
411 413
411 437
411 465
411 476
412 125
412 217
412 340
412 379
412 381
412 437
412 444
412 479
412 481
412 494
413 25
413 179
413 211
413 319
413 332
413 338
413 353
413 411
413 415
413 499
414 29
414 43
414 72
414 101
414 240
414 289
414 330
414 388
414 403
414 453
415 165
415 311
415 383
415 410
415 413
415 416
415 443
415 468
415 481
415 490
416 124
416 132
416 201
416 326
416 345
416 349
416 415
416 425
416 462
416 479
417 49
417 54
417 83
417 94
417 200
417 269
417 452
417 481
417 487
417 496
418 34
418 184
418 197
418 323
418 339
418 370
418 477
418 483
418 487
418 495
419 40
419 99
419 207
419 260
419 274
419 304
419 317
419 403
419 424
419 457
420 247
420 300
420 329
420 334
420 365
420 389
420 401
420 408
420 445
420 464
421 39
421 92
421 105
421 141
421 212
421 364
421 439
421 444
421 479
421 484
422 8
422 142
422 191
422 220
422 423
422 425
422 426
422 474
422 492
422 495
423 26
423 196
423 201
423 205
423 213
423 251
423 353
423 398
423 422
423 463
424 39
424 87
424 192
424 367
424 398
424 419
424 429
424 442
424 473
424 498
425 33
425 155
425 235
425 309
425 356
425 392
425 416
425 422
425 450
425 463
426 14
426 71
426 154
426 181
426 231
426 264
426 359
426 422
426 432
426 451
426 470
427 3
427 24
427 72
427 84
427 91
427 129
427 199
427 265
427 273
427 393
427 492
428 15
428 56
428 127
428 283
428 293
428 362
428 395
428 445
428 454
428 494
428 498
429 66
429 77
429 112
429 128
429 174
429 246
429 342
429 399
429 424
429 475
429 492
430 95
430 252
430 300
430 330
430 334
430 339
430 357
430 431
430 471
430 485
430 495
431 86
431 137
431 181
431 200
431 280
431 311
431 371
431 409
431 430
431 489
431 496
432 24
432 80
432 107
432 156
432 184
432 229
432 320
432 354
432 381
432 426
432 485
433 178
433 210
433 224
433 227
433 231
433 279
433 447
433 451
433 463
433 465
433 496
434 43
434 173
434 182
434 242
434 289
434 294
434 324
434 325
434 388
434 408
434 467
435 58
435 118
435 154
435 205
435 292
435 365
435 368
435 370
435 475
435 488
435 496
436 81
436 85
436 100
436 176
436 207
436 269
436 290
436 310
436 368
436 371
436 487
437 16
437 130
437 214
437 218
437 349
437 400
437 411
437 412
437 444
437 453
437 490
438 21
438 74
438 139
438 215
438 252
438 302
438 373
438 461
438 465
438 479
438 495
439 15
439 60
439 121
439 127
439 163
439 255
439 344
439 358
439 371
439 421
439 494
440 138
440 229
440 271
440 302
440 322
440 362
440 371
440 448
440 451
440 471
440 488
441 63
441 68
441 88
441 112
441 113
441 251
441 293
441 396
441 444
441 459
441 483
441 493
442 8
442 44
442 49
442 56
442 191
442 197
442 270
442 341
442 343
442 424
442 447
442 467
443 156
443 197
443 265
443 275
443 295
443 298
443 342
443 415
443 452
443 481
443 496
443 497
444 33
444 46
444 61
444 69
444 91
444 150
444 388
444 412
444 421
444 437
444 441
444 481
445 27
445 135
445 204
445 234
445 269
445 308
445 327
445 355
445 366
445 406
445 420
445 428
446 34
446 129
446 162
446 206
446 224
446 230
446 298
446 309
446 364
446 401
446 450
446 473
447 81
447 92
447 181
447 198
447 252
447 288
447 351
447 381
447 433
447 442
447 451
447 499
448 70
448 111
448 206
448 228
448 233
448 315
448 331
448 388
448 398
448 440
448 464
448 482
449 118
449 299
449 333
449 343
449 347
449 368
449 369
449 375
449 378
449 404
449 473
449 499
450 119
450 133
450 142
450 167
450 183
450 184
450 254
450 266
450 352
450 425
450 446
450 467
451 63
451 68
451 118
451 134
451 212
451 289
451 327
451 349
451 426
451 433
451 440
451 447
452 14
452 48
452 305
452 323
452 357
452 417
452 443
452 455
452 459
452 470
452 476
452 480
453 117
453 160
453 162
453 196
453 203
453 301
453 308
453 361
453 414
453 437
453 479
453 483
454 77
454 115
454 125
454 145
454 198
454 215
454 255
454 274
454 285
454 296
454 355
454 428
454 494
455 6
455 20
455 47
455 135
455 190
455 265
455 266
455 322
455 334
455 407
455 452
455 478
455 488
456 12
456 51
456 78
456 107
456 193
456 211
456 269
456 387
456 402
456 403
456 457
456 493
456 498
457 45
457 115
457 326
457 347
457 366
457 375
457 378
457 419
457 456
457 459
457 483
457 487
457 497
458 65
458 82
458 156
458 174
458 231
458 259
458 267
458 317
458 358
458 463
458 477
458 482
458 498
459 40
459 195
459 204
459 294
459 345
459 350
459 358
459 375
459 383
459 441
459 452
459 457
459 472
460 86
460 100
460 111
460 139
460 187
460 195
460 198
460 199
460 247
460 282
460 293
460 368
460 465
461 36
461 93
461 102
461 109
461 157
461 210
461 324
461 333
461 359
461 369
461 384
461 399
461 438
462 2
462 11
462 115
462 176
462 248
462 336
462 342
462 345
462 367
462 376
462 378
462 416
462 464
463 12
463 183
463 250
463 335
463 367
463 368
463 423
463 425
463 433
463 458
463 466
463 475
463 479
464 34
464 50
464 88
464 155
464 158
464 195
464 293
464 319
464 332
464 345
464 387
464 420
464 448
464 462
465 22
465 146
465 177
465 307
465 311
465 313
465 329
465 350
465 390
465 411
465 433
465 438
465 460
465 499
466 10
466 43
466 121
466 191
466 215
466 283
466 293
466 294
466 297
466 337
466 357
466 366
466 389
466 463
467 21
467 42
467 178
467 202
467 220
467 266
467 392
467 397
467 434
467 442
467 450
467 482
467 488
467 490
468 74
468 93
468 130
468 175
468 189
468 201
468 240
468 386
468 399
468 415
468 470
468 480
468 482
468 487
469 10
469 35
469 153
469 182
469 183
469 209
469 211
469 288
469 297
469 332
469 338
469 483
469 486
469 489
470 36
470 116
470 132
470 146
470 248
470 352
470 359
470 387
470 426
470 452
470 468
470 480
470 490
470 498
471 101
471 141
471 171
471 179
471 209
471 213
471 257
471 291
471 395
471 430
471 440
471 472
471 480
471 482
472 2
472 18
472 83
472 84
472 104
472 155
472 189
472 208
472 222
472 234
472 284
472 396
472 459
472 471
473 23
473 37
473 98
473 228
473 261
473 373
473 382
473 393
473 406
473 410
473 424
473 446
473 449
473 492
473 493
474 44
474 51
474 57
474 78
474 87
474 96
474 261
474 277
474 314
474 323
474 324
474 335
474 363
474 407
474 422
474 497
475 17
475 106
475 156
475 217
475 336
475 339
475 374
475 393
475 399
475 429
475 435
475 463
475 486
475 497
475 500
476 103
476 111
476 140
476 141
476 149
476 173
476 175
476 182
476 199
476 202
476 344
476 379
476 411
476 452
476 483
477 45
477 48
477 74
477 164
477 188
477 189
477 200
477 365
477 407
477 418
477 458
477 484
477 491
477 497
477 498
478 50
478 180
478 203
478 246
478 249
478 288
478 298
478 307
478 309
478 318
478 340
478 362
478 378
478 455
478 488
479 62
479 119
479 124
479 146
479 251
479 404
479 412
479 416
479 421
479 438
479 453
479 463
479 491
479 493
479 500
480 28
480 98
480 140
480 172
480 304
480 320
480 333
480 349
480 374
480 383
480 452
480 468
480 470
480 471
480 493
481 95
481 127
481 163
481 167
481 177
481 325
481 348
481 356
481 391
481 398
481 412
481 415
481 417
481 443
481 444
481 486
482 71
482 106
482 175
482 233
482 292
482 327
482 341
482 351
482 399
482 401
482 448
482 458
482 467
482 468
482 471
482 483
483 140
483 200
483 219
483 220
483 225
483 255
483 271
483 378
483 397
483 418
483 441
483 453
483 457
483 469
483 476
483 482
484 124
484 148
484 170
484 188
484 216
484 239
484 258
484 292
484 295
484 328
484 361
484 381
484 421
484 477
484 499
484 500
485 18
485 19
485 36
485 108
485 138
485 153
485 159
485 192
485 232
485 255
485 324
485 387
485 401
485 405
485 430
485 432
485 488
486 7
486 8
486 53
486 60
486 120
486 168
486 237
486 299
486 316
486 358
486 384
486 394
486 469
486 475
486 481
486 494
486 500
487 39
487 105
487 175
487 223
487 246
487 261
487 263
487 279
487 285
487 315
487 334
487 337
487 417
487 418
487 436
487 457
487 468
488 4
488 14
488 55
488 84
488 172
488 177
488 233
488 279
488 330
488 370
488 403
488 435
488 440
488 455
488 467
488 478
488 485
489 4
489 16
489 20
489 30
489 65
489 69
489 70
489 168
489 210
489 283
489 286
489 336
489 341
489 344
489 378
489 431
489 469
490 93
490 117
490 136
490 151
490 187
490 203
490 235
490 241
490 286
490 307
490 321
490 334
490 398
490 415
490 437
490 467
490 470
490 493
491 42
491 47
491 150
491 183
491 213
491 216
491 233
491 256
491 305
491 319
491 341
491 386
491 388
491 391
491 405
491 409
491 477
491 479
492 20
492 28
492 37
492 78
492 114
492 160
492 166
492 167
492 174
492 208
492 309
492 342
492 348
492 365
492 404
492 422
492 427
492 429
492 473
493 58
493 82
493 114
493 133
493 217
493 235
493 260
493 287
493 320
493 402
493 409
493 441
493 456
493 473
493 479
493 480
493 490
493 496
493 497
494 26
494 38
494 41
494 54
494 138
494 147
494 210
494 291
494 320
494 343
494 355
494 365
494 404
494 412
494 428
494 439
494 454
494 486
494 499
495 1
495 11
495 32
495 40
495 42
495 60
495 65
495 109
495 216
495 237
495 257
495 258
495 272
495 312
495 313
495 418
495 422
495 430
495 438
496 15
496 44
496 50
496 99
496 122
496 153
496 164
496 186
496 211
496 212
496 230
496 318
496 372
496 394
496 417
496 431
496 433
496 435
496 443
496 493
497 6
497 46
497 47
497 76
497 118
497 145
497 174
497 235
497 284
497 328
497 379
497 382
497 395
497 410
497 443
497 457
497 474
497 475
497 477
497 493
498 63
498 64
498 70
498 92
498 178
498 187
498 226
498 242
498 255
498 264
498 297
498 341
498 354
498 366
498 424
498 428
498 456
498 458
498 470
498 477
498 500
499 20
499 27
499 96
499 120
499 124
499 143
499 181
499 186
499 276
499 321
499 345
499 359
499 370
499 373
499 401
499 413
499 447
499 449
499 465
499 484
499 494
500 11
500 44
500 111
500 113
500 220
500 244
500 255
500 258
500 273
500 320
500 323
500 329
500 364
500 377
500 390
500 405
500 475
500 479
500 484
500 486
500 498
