1 5
2 36
3 9
4 23
5 29
6 38
7 12
8 1
9 20
10 35
11 15
12 17
13 10
14 13
15 29
16 1
17 40
18 47
19 16
20 2
21 3
22 25
23 17
24 44
25 8
26 45
27 6
28 7
29 33
30 36
31 4
32 33
33 14
34 37
35 44
36 40
37 5
38 17
39 21
40 10
41 25
42 17
43 27
44 13
45 16
46 11
47 39
48 34
49 2
50 46
51 14
52 41
53 2
54 32
55 18
56 47
57 45
58 42
59 8
60 18
61 36
62 9
63 18
64 29
65 21
66 21
67 29
68 29
69 11
70 7
71 3
72 14
73 33
74 33
75 15
76 36
77 2
78 21
79 16
80 35
81 12
82 45
83 29
84 43
85 28
86 19
87 23
88 24
89 28
90 26
91 20
92 26
93 39
94 46
95 14
96 47
97 31
98 42
99 21
100 24
101 44
102 5
103 5
104 44
105 18
106 26
107 28
108 25
109 40
110 21
111 14
112 42
113 47
114 43
115 43
116 13
117 11
118 40
119 17
120 22
121 36
122 15
123 45
124 15
125 13
126 7
127 26
128 32
129 13
130 16
131 32
132 27
133 2
134 36
135 31
136 21
137 33
138 36
139 31
140 4
141 33
142 28
143 10
144 16
145 8
146 34
147 46
148 45
149 32
150 1
151 24
152 2
153 34
154 11
155 38
156 21
157 42
158 35
159 41
160 37
161 43
162 42
163 39
164 36
165 12
166 22
167 40
168 4
169 41
170 30
171 4
172 20
173 7
174 1
175 3
176 43
177 12
178 32
179 36
180 22
181 25
182 19
183 9
184 29
185 17
186 34
187 16
188 30
189 24
190 29
191 38
192 20
193 46
194 30
195 19
196 9
197 34
198 22
199 2
200 10
201 7
202 11
203 38
204 41
205 33
206 44
207 2
208 47
209 29
210 3
211 37
212 47
213 21
214 32
215 46
216 19
217 33
218 27
219 37
220 36
221 6
222 35
223 19
224 23
225 17
226 30
227 36
228 9
229 30
230 35
231 11
232 25
233 35
234 47
235 6
236 28
237 10
238 41
239 28
240 20
241 15
242 35
243 21
244 34
245 18
246 19
247 36
248 8
249 47
250 18
251 39
252 11
253 22
254 4
255 19
256 24
257 29
258 43
259 8
260 39
261 30
262 30
263 34
264 5
265 31
266 17
267 31
268 25
269 43
270 26
271 27
272 44
273 3
274 25
275 12
276 41
277 37
278 18
279 31
280 18
281 17
282 11
283 17
284 15
285 23
286 10
287 6
288 6
289 38
290 31
291 26
292 7
293 16
294 3
295 35
296 16
297 26
298 15
299 33
300 21
301 43
302 1
303 2
304 33
305 34
306 19
307 47
308 26
309 36
310 23
311 44
312 32
313 32
314 23
315 20
316 34
317 33
318 14
319 34
320 2
321 47
322 17
323 36
324 43
325 44
326 11
327 23
328 47
329 6
330 47
331 34
332 28
333 15
334 28
335 10
336 43
337 19
338 18
339 17
340 7
341 27
342 35
343 32
344 32
345 33
346 14
347 35
348 21
349 22
350 26
351 15
352 17
353 34
354 35
355 2
356 43
357 7
358 17
359 7
360 19
361 28
362 43
363 35
364 33
365 28
366 4
367 8
368 1
369 18
370 25
371 22
372 1
373 38
374 34
375 18
376 7
377 31
378 19
379 1
380 27
381 47
382 10
383 21
384 7
385 15
386 7
387 8
388 33
389 33
390 1
391 29
392 6
393 20
394 10
395 36
396 2
397 16
398 36
399 47
400 34
401 23
402 32
403 17
404 4
405 27
406 8
407 47
408 3
409 34
410 33
411 33
412 21
413 2
414 17
415 43
416 1
417 7
418 17
419 7
420 27
421 25
422 11
423 1
424 3
425 16
426 34
427 36
428 30
429 21
430 44
431 2
432 1
433 28
434 33
435 25
436 25
437 34
438 1
439 2
440 32
441 7
442 2
443 47
444 33
445 29
446 29
447 23
448 34
449 36
450 23
451 23
452 15
453 17
454 15
455 36
456 16
457 17
458 19
459 1
460 26
461 47
462 29
463 17
464 19
465 21
466 16
467 32
468 35
469 33
470 7
471 21
472 2
473 21
474 15
475 2
476 47
477 29
478 29
479 32
480 2
481 47
482 29
483 1
484 43
485 21
486 32
487 34
488 36
489 17
490 19
491 19
492 34
493 47
494 29
495 17
496 2
497 1
498 17
499 36
500 1
