1 38
2 36
3 30
4 1
5 13
6 12
7 7
8 38
9 38
10 37
11 38
12 39
13 12
14 12
15 14
16 8
17 37
18 36
19 47
20 14
21 31
22 28
23 29
24 15
25 21
26 31
27 47
28 11
29 5
30 32
31 16
32 30
33 45
34 17
35 11
36 35
37 15
38 10
39 17
40 16
41 16
42 2
43 1
44 14
45 48
46 21
47 21
48 13
49 39
50 8
51 13
52 25
53 47
54 20
55 35
56 11
57 48
58 3
59 40
60 29
61 24
62 42
63 21
64 41
65 14
66 15
67 21
68 48
69 31
70 1
71 32
72 40
73 10
74 14
75 16
76 12
77 38
78 49
79 2
80 24
81 20
82 32
83 47
84 36
85 26
86 32
87 10
88 49
89 5
90 12
91 17
92 24
93 23
94 48
95 18
96 25
97 20
98 24
99 45
100 35
101 32
102 4
103 17
104 46
105 29
106 14
107 16
108 21
109 20
110 21
111 49
112 47
113 31
114 8
115 48
116 46
117 35
118 20
119 15
120 7
121 41
122 44
123 18
124 27
125 18
126 29
127 30
128 26
129 33
130 38
131 8
132 10
133 23
134 29
135 12
136 15
137 13
138 48
139 38
140 21
141 2
142 29
143 19
144 47
145 4
146 8
147 17
148 5
149 16
150 25
151 37
152 18
153 35
154 47
155 39
156 17
157 11
158 19
159 37
160 20
161 6
162 19
163 21
164 37
165 16
166 21
167 10
168 33
169 8
170 30
171 14
172 15
173 4
174 16
175 19
176 36
177 20
178 30
179 43
180 10
181 32
182 10
183 34
184 14
185 17
186 45
187 8
188 28
189 30
190 47
191 41
192 10
193 44
194 30
195 16
196 15
197 44
198 39
199 44
200 10
201 12
202 24
203 4
204 30
205 20
206 9
207 38
208 7
209 8
210 42
211 19
212 47
213 3
214 41
215 16
216 42
217 47
218 12
219 34
220 16
221 28
222 20
223 21
224 42
225 41
226 22
227 36
228 27
229 37
230 23
231 36
232 5
233 32
234 10
235 16
236 42
237 5
238 39
239 2
240 20
241 16
242 35
243 46
244 7
245 39
246 2
247 45
248 3
249 36
250 2
251 37
252 35
253 17
254 13
255 14
256 37
257 10
258 46
259 47
260 22
261 36
262 15
263 33
264 29
265 47
266 15
267 6
268 47
269 4
270 40
271 36
272 35
273 23
274 10
275 9
276 2
277 12
278 31
279 25
280 46
281 15
282 18
283 33
284 6
285 1
286 12
287 17
288 18
289 42
290 12
291 34
292 20
293 17
294 6
295 21
296 40
297 12
298 11
299 48
300 10
301 40
302 17
303 16
304 47
305 15
306 24
307 30
308 4
309 12
310 49
311 8
312 36
313 25
314 18
315 48
316 41
317 6
318 7
319 19
320 37
321 16
322 21
323 10
324 24
325 31
326 8
327 33
328 23
329 2
330 5
331 44
332 48
333 10
334 6
335 21
336 5
337 6
338 10
339 24
340 14
341 14
342 16
343 26
344 5
345 16
346 1
347 12
348 9
349 19
350 29
351 16
352 6
353 3
354 39
355 26
356 18
357 35
358 28
359 34
360 4
361 2
362 27
363 28
364 30
365 5
366 32
367 29
368 5
369 36
370 18
371 38
372 14
373 16
374 26
375 38
376 22
377 7
378 17
379 38
380 17
381 1
382 29
383 5
384 42
385 3
386 15
387 18
388 38
389 6
390 4
391 20
392 43
393 48
394 43
395 16
396 36
397 6
398 14
399 44
400 8
401 17
402 29
403 5
404 29
405 38
406 17
407 21
408 36
409 13
410 19
411 7
412 5
413 11
414 18
415 11
416 6
417 12
418 10
419 10
420 47
421 38
422 41
423 19
424 36
425 45
426 38
427 21
428 14
429 10
430 22
431 48
432 17
433 5
434 15
435 34
436 10
437 15
438 36
439 24
440 30
441 18
442 9
443 14
444 27
445 30
446 29
447 49
448 9
449 1
450 13
451 42
452 25
453 49
454 18
455 38
456 10
457 19
458 38
459 33
460 45
461 15
462 22
463 6
464 41
465 5
466 25
467 39
468 8
469 38
470 4
471 10
472 27
473 31
474 16
475 21
476 9
477 11
478 14
479 17
480 26
481 12
482 23
483 10
484 43
485 43
486 23
487 47
488 1
489 24
490 42
491 21
492 29
493 24
494 47
495 8
496 17
497 15
498 17
499 18
500 32
