1 29
2 19
3 8
4 38
5 28
6 47
7 38
8 28
9 11
10 18
11 28
12 43
13 10
14 4
15 35
16 6
17 17
18 35
19 29
20 8
21 18
22 47
23 37
24 37
25 11
26 46
27 6
28 5
29 50
30 32
31 1
32 6
33 12
34 25
35 6
36 27
37 43
38 14
39 49
40 30
41 27
42 49
43 38
44 37
45 18
46 11
47 5
48 21
49 39
50 17
51 17
52 42
53 34
54 46
55 27
56 52
57 1
58 32
59 11
60 11
61 28
62 32
63 1
64 13
65 2
66 38
67 11
68 17
69 36
70 18
71 44
72 21
73 36
74 50
75 31
76 41
77 18
78 42
79 47
80 20
81 47
82 1
83 46
84 28
85 4
86 51
87 17
88 9
89 22
90 28
91 4
92 25
93 31
94 49
95 11
96 23
97 14
98 9
99 34
100 19
101 45
102 17
103 36
104 7
105 30
106 52
107 20
108 9
109 6
110 33
111 4
112 47
113 28
114 28
115 49
116 5
117 37
118 17
119 8
120 10
121 35
122 35
123 52
124 51
125 1
126 46
127 35
128 2
129 37
130 39
131 35
132 29
133 20
134 15
135 33
136 23
137 2
138 20
139 10
140 45
141 25
142 40
143 19
144 3
145 39
146 48
147 51
148 26
149 25
150 11
151 41
152 7
153 42
154 23
155 47
156 40
157 43
158 47
159 52
160 47
161 4
162 35
163 49
164 4
165 2
166 50
167 18
168 12
169 14
170 28
171 3
172 21
173 32
174 18
175 24
176 38
177 36
178 19
179 11
180 31
181 21
182 10
183 34
184 20
185 28
186 44
187 18
188 35
189 49
190 28
191 5
192 44
193 13
194 47
195 37
196 19
197 7
198 26
199 49
200 40
201 35
202 11
203 38
204 39
205 52
206 42
207 35
208 13
209 17
210 28
211 8
212 14
213 7
214 39
215 22
216 34
217 40
218 50
219 37
220 20
221 3
222 20
223 31
224 29
225 47
226 13
227 17
228 48
229 34
230 20
231 42
232 11
233 31
234 52
235 13
236 45
237 30
238 24
239 39
240 2
241 28
242 17
243 40
244 32
245 47
246 44
247 3
248 45
249 43
250 8
251 4
252 19
253 27
254 13
255 35
256 18
257 22
258 1
259 9
260 35
261 28
262 42
263 43
264 11
265 51
266 25
267 52
268 31
269 4
270 42
271 52
272 52
273 4
274 33
275 23
276 26
277 17
278 19
279 7
280 19
281 15
282 22
283 35
284 47
285 9
286 24
287 41
288 4
289 35
290 41
291 15
292 16
293 6
294 28
295 22
296 24
297 30
298 10
299 12
300 16
301 39
302 41
303 49
304 26
305 47
306 45
307 15
308 48
309 31
310 4
311 37
312 11
313 45
314 40
315 1
316 50
317 48
318 14
319 45
320 52
321 29
322 3
323 39
324 52
325 49
326 39
327 30
328 3
329 15
330 35
331 52
332 12
333 26
334 15
335 3
336 13
337 23
338 25
339 36
340 33
341 28
342 49
343 23
344 12
345 9
346 12
347 13
348 52
349 52
350 3
351 34
352 51
353 20
354 21
355 11
356 1
357 19
358 16
359 23
360 37
361 36
362 34
363 40
364 45
365 35
366 4
367 11
368 33
369 11
370 20
371 44
372 23
373 9
374 8
375 3
376 18
377 11
378 7
379 33
380 19
381 3
382 8
383 46
384 38
385 39
386 27
387 52
388 16
389 26
390 24
391 11
392 25
393 2
394 19
395 47
396 12
397 16
398 48
399 25
400 39
401 17
402 1
403 37
404 31
405 40
406 48
407 35
408 14
409 45
410 19
411 27
412 35
413 17
414 20
415 39
416 38
417 50
418 44
419 16
420 35
421 38
422 49
423 14
424 35
425 4
426 23
427 10
428 5
429 1
430 35
431 25
432 45
433 47
434 10
435 44
436 23
437 36
438 44
439 28
440 36
441 44
442 5
443 11
444 8
445 34
446 47
447 36
448 34
449 9
450 16
451 18
452 40
453 39
454 10
455 45
456 49
457 20
458 35
459 49
460 5
461 19
462 8
463 16
464 37
465 36
466 3
467 37
468 52
469 3
470 3
471 3
472 52
473 49
474 37
475 47
476 4
477 34
478 1
479 16
480 38
481 17
482 39
483 52
484 4
485 3
486 52
487 18
488 11
489 52
490 34
491 47
492 11
493 37
494 17
495 39
496 35
497 1
498 20
499 3
500 49
